      2	6
      1	11
      1	46
      1	91
      1	121
      1	162
      2	182
      2	222
      1	235
      1	331
      1	346
      1	380
      1	505
      1	515
      3	538
      1	558
      1	593
      3	664
      1	679
      2	707
      5	740
      1	763
      1	779
      1	813
      2	865
      1	880
      1	926
      1	944
      1	952
      1	959
      1	960
      1	982
      2	994
      1	1000
      1	1070
      1	1079
      1	1142
      1	1160
      1	1163
      1	1173
      2	1219
      2	1232
      1	1387
      1	1508
      1	1544
      1	1556
      2	1616
      1	1645
      1	1669
      1	1673
      1	1683
      1	1782
      1	1792
      1	1798
      2	1813
      1	1818
      4	1857
      2	1908
      1	1918
      1	1955
      1	1977
      2	1998
      1	2056
      1	2077
      3	2087
      1	2325
      1	2375
      1	2470
      1	2471
      2	2475
      1	2609
      1	2613
      1	2615
      1	2775
      5	2819
      1	2849
      1	2872
      1	2898
      3	3004
      2	3013
      4	3014
      1	3026
      1	3083
      1	3101
      1	3102
      1	3109
      2	3124
      1	3208
      1	3212
      3	3227
      2	3307
      1	3330
      3	3351
      2	3379
      1	3466
      4	3583
      1	3594
      1	3648
      1	3666
      2	3732
      1	3765
      1	3823
      1	3925
      1	3935
      2	3967
      1	4043
      1	4113
      1	4173
      2	4238
      4	4318
      1	4327
      1	4337
      1	4376
      1	4388
      1	4468
      1	4581
      1	4621
      3	4640
      1	4681
      1	4730
      3	4780
      1	4930
      1	4944
      1	4967
      1	4982
      2	4993
      2	5137
      7	5161
      1	5291
      1	5346
      1	5408
      1	5473
      1	5483
      1	5505
      1	5541
      2	5598
      1	5622
      1	5637
      1	5686
      1	5726
      2	5731
      1	5736
      1	5766
      1	5807
      1	5823
      2	5852
      2	5854
      5	5887
      1	5888
      1	5959
      1	6031
      2	6196
      1	6274
      1	6293
      1	6346
      3	6359
      1	6361
      1	6494
      1	6551
      1	6614
      1	6671
      2	6691
      1	6710
      1	6746
      1	6748
      1	6778
      1	6828
      2	6956
     10	6961
      1	6964
      1	6980
      1	6981
      3	7113
      1	7199
      1	7214
      1	7224
      1	7250
      1	7403
      1	7457
      2	7502
      1	7505
      1	7520
      1	7544
      1	7702
      1	7778
      1	7793
      1	7817
      1	7825
      1	7869
      3	8011
      1	8031
      1	8061
      1	8096
      1	8105
      1	8161
      1	8172
      1	8281
      1	8312
      1	8365
      1	8370
      2	8508
      1	8516
      1	8560
      1	8632
      1	8672
      1	8736
      1	8754
      2	8760
      1	8847
      2	8859
      1	8896
      1	8956
      1	9020
      1	9028
      2	9121
      1	9143
      2	9148
      1	9158
      1	9204
      1	9234
      1	9239
      2	9304
      1	9317
      1	9337
      2	9354
      1	9418
      1	9445
      1	9498
      2	9582
      1	9585
      1	9610
      2	9653
      1	9805
      4	9900
      1	9911
      1	9921
      1	10026
      6	10030
      1	10044
      1	10069
      1	10118
      1	10198
      1	10216
      1	10327
      1	10520
      1	10576
      1	10659
      1	10673
      1	10717
      3	10724
      7	10744
      1	10759
      1	10860
      1	10875
     13	10950
      2	11082
      1	11143
      1	11146
      2	11230
      2	11272
      1	11298
      1	11307
      1	11380
      1	11382
      1	11402
      1	11437
      2	11439
      1	11490
      1	11525
      5	11584
      1	11623
      1	11655
      1	11736
      1	11749
      1	11759
      2	11837
      1	11887
      1	11893
      3	11904
      2	11964
      1	12016
      1	12043
      1	12052
      1	12058
      3	12059
      1	12186
      1	12188
      1	12204
      1	12208
      3	12253
      3	12346
      1	12397
      2	12408
      1	12435
      1	12455
      1	12711
      1	12755
      1	12757
      1	12767
      1	12804
      1	12862
      1	12922
      6	12948
      1	12956
      2	13008
      1	13012
      2	13074
      1	13252
      1	13274
      1	13300
      1	13335
      1	13339
      1	13369
      1	13371
      3	13390
      2	13414
      1	13416
      1	13446
      1	13453
      2	13457
      3	13461
      1	13525
      2	13595
      1	13695
      1	13880
      1	13927
      1	13954
      5	14053
      1	14105
      2	14229
      1	14256
      2	14287
      2	14326
      1	14335
      1	14356
      1	14392
      1	14401
      1	14421
      1	14433
      1	14457
      2	14524
      2	14540
      1	14553
      1	14589
      2	14768
      1	14821
      3	14837
      1	14864
      1	14876
      1	14908
      1	14912
      1	14935
      1	14986
      1	15035
      1	15039
      1	15050
      1	15070
      3	15208
      1	15234
      1	15282
      1	15285
      1	15310
      2	15461
      1	15492
      1	15516
      1	15724
      1	15725
      1	15740
      3	15747
      1	15754
      1	15773
      6	15778
      1	15816
      1	15923
      5	15939
      2	15985
      2	16007
      3	16017
      1	16047
      1	16148
      1	16178
      1	16248
      2	16276
      1	16360
      1	16400
      1	16412
      1	16414
      1	16442
      1	16532
      2	16545
      1	16608
      3	16620
      1	16637
      3	16649
      1	16738
      6	16862
      1	16880
      1	16887
      1	16896
      1	16902
      2	17048
      5	17062
      1	17064
      2	17105
      1	17115
      1	17212
      1	17225
      1	17231
      5	17282
      2	17333
      1	17338
      1	17341
      1	17371
      1	17420
      1	17426
      2	17434
      1	17540
      1	17565
      1	17632
      1	17676
      1	17773
      2	17879
      1	17912
      2	17918
      1	17934
      1	17942
      2	17968
      5	17975
      3	17989
      3	17990
      2	18179
      1	18180
      1	18185
      1	18221
      1	18341
     16	18348
      1	18353
      2	18377
      2	18408
      6	18444
      1	18504
      1	18542
      1	18589
      2	18590
      1	18698
      1	18770
      2	18778
      1	18787
      1	18792
      1	18825
      1	19066
      1	19127
      1	19150
      3	19305
      1	19345
      1	19364
      2	19425
      1	19440
      1	19472
      1	19527
      1	19580
      1	19710
      5	19744
      1	19745
      1	19749
      2	19761
      1	19770
      1	19848
      1	19854
      2	19904
      1	19923
      1	19928
      1	19939
      1	19941
      1	19970
      1	19975
      2	19976
      1	20012
      1	20031
      1	20033
      1	20188
      2	20222
      1	20226
      1	20260
      2	20268
      1	20280
      1	20326
      1	20375
      2	20487
      2	20589
      1	20595
      1	20599
      1	20674
      1	20747
      1	20750
      1	20827
      4	20865
      1	20871
      1	20978
      1	21034
      1	21082
      2	21089
      1	21125
      1	21201
      8	21256
      2	21285
      1	21303
      2	21378
      1	21399
      1	21428
      1	21466
      1	21513
      1	21595
      1	21652
      2	21722
      1	21814
      1	21822
      4	21915
      1	21919
      1	21952
      1	21981
      1	22010
      1	22164
      1	22207
      1	22253
      1	22294
      1	22417
      2	22481
      3	22495
      2	22547
      1	22556
      4	22576
      1	22590
      1	22625
      2	22675
      1	22682
      1	22715
      1	22744
      1	22749
      1	22775
      1	22960
      1	22963
      1	22970
      1	23013
      1	23019
      1	23023
      2	23033
      1	23095
      2	23114
      1	23168
      1	23184
      1	23191
      1	23216
      3	23219
     10	23288
      5	23309
      1	23455
      1	23456
      1	23479
      1	23575
      2	23577
      2	23653
      1	23673
      1	23736
      1	23857
      1	24013
      1	24023
      1	24038
      1	24052
      1	24088
      1	24125
      2	24265
      2	24305
      1	24334
      9	24345
      1	24352
      1	24363
      2	24366
      2	24469
      3	24506
      1	24525
      1	24670
      1	24703
      1	24767
      1	24800
      1	24807
      1	24817
      1	24888
      2	24947
      3	24961
      2	25054
      1	25062
      1	25234
      1	25242
      8	25358
      1	25379
      1	25450
      1	25454
      1	25481
      1	25488
      1	25514
      1	25517
      1	25538
      1	25573
      1	25575
      1	25595
      1	25597
      7	25660
      2	25689
      4	25730
      2	25774
      2	25781
      1	25810
      1	25871
      2	25899
      1	25900
      3	25960
      1	26028
      1	26037
      1	26060
      1	26097
      1	26111
      2	26114
      4	26135
      1	26158
      1	26162
      1	26202
      4	26207
      1	26235
      1	26242
      1	26249
      1	26264
      2	26268
      2	26286
      3	26290
      1	26309
      1	26368
      1	26458
      1	26503
      1	26625
      1	26666
      1	26685
      1	26703
      1	26718
      1	26772
      1	26777
      1	26874
      1	26959
      1	27039
      1	27097
      1	27155
      1	27171
      1	27323
      9	27350
      2	27384
      1	27395
      2	27409
      1	27413
      1	27414
      3	27446
      2	27485
      1	27495
      1	27501
      1	27659
      1	27670
      1	27695
      1	27709
      2	27726
      1	27729
      1	27830
      2	27867
      1	27873
      1	27937
      3	27944
      1	27948
      1	27975
      1	28007
      1	28012
      1	28082
      1	28257
      1	28365
      1	28389
      1	28408
      1	28427
      2	28430
      1	28490
      1	28520
      1	28589
      1	28615
      1	28631
      1	28664
      1	28675
      2	28688
      1	28784
      3	28817
      3	28821
      1	28885
      1	28906
      1	28908
      1	28960
      3	29011
      2	29048
      1	29077
      1	29224
      1	29325
      2	29431
      1	29442
      1	29524
      2	29596
      1	29601
      2	29612
      1	29638
      5	29753
      1	29772
      1	29781
      1	29794
      3	29807
      1	29826
      1	29855
      3	29875
      2	29880
      1	30040
      1	30055
      1	30066
      1	30081
      1	30151
      1	30167
      1	30204
      1	30332
      1	30363
      1	30390
      1	30422
      2	30427
      8	30443
      1	30527
      1	30534
      1	30565
      1	30590
      1	30613
      1	30737
      2	30782
      1	30866
      5	30957
      2	31011
      1	31050
      1	31088
      1	31090
      1	31153
      2	31360
      5	31395
      2	31435
      1	31447
      1	31550
      1	31557
      2	31613
      1	31623
      1	31634
      1	31644
      1	31764
      1	31958
      2	31983
      1	32012
      1	32113
      1	32120
      1	32129
      1	32193
      1	32206
      1	32260
      1	32279
      1	32296
      1	32386
      1	32456
      1	32520
      2	32598
      1	32647
      2	32687
      1	32802
      1	32813
      1	32863
      1	32871
      1	32970
      1	33143
      1	33145
      1	33226
      2	33272
      1	33306
      1	33461
      3	33484
      1	33565
      2	33597
      1	33603
      2	33638
      1	33668
      1	33680
      1	33682
      3	33718
      1	33768
      1	33821
      2	33917
      1	33992
      1	34081
      1	34109
      1	34110
      1	34190
      1	34218
      1	34264
      1	34288
      1	34405
      1	34416
      1	34462
      2	34479
      1	34536
      1	34576
      1	34608
      1	34670
      3	34708
      1	34721
      1	34773
      1	34775
      5	34776
      1	34818
      1	34830
      1	34846
      1	34847
      2	34848
      1	34876
      1	34974
      1	34990
      2	35067
      3	35152
      2	35187
      1	35267
      2	35275
      1	35308
      1	35354
      1	35384
      1	35419
      1	35516
      2	35545
      2	35591
      1	35601
      1	35638
      2	35647
      1	35649
      1	35659
      4	35667
      1	35717
      3	35814
      1	35820
      1	35851
      6	35897
      1	35976
      1	35981
      1	35985
      1	36007
      1	36163
      1	36230
      1	36390
      1	36402
      2	36559
      1	36566
      1	36572
      2	36658
      1	36667
      1	36671
      1	36743
      1	36810
      1	36812
      1	36870
      1	36883
      1	36906
      1	36984
      2	36989
      3	37016
      1	37061
      1	37072
      1	37090
      1	37127
      1	37185
      3	37271
      1	37276
      2	37308
      1	37351
      1	37408
      2	37464
      8	37474
      1	37478
      1	37479
      7	37570
      1	37579
      1	37598
      2	37608
      4	37670
      3	37691
      1	37746
      1	37777
      1	37795
      2	37814
      2	37883
      1	38023
      1	38084
      1	38099
      1	38139
      1	38155
      1	38163
      1	38181
      1	38184
      4	38224
      1	38311
      2	38346
      1	38380
      1	38381
      1	38398
      5	38439
      5	38447
      1	38479
      3	38480
      3	38520
      2	38549
      1	38582
      1	38605
      2	38631
      1	38659
      2	38713
      1	38719
      1	38761
      1	38781
      4	38839
      2	38909
      2	38993
      1	39010
      1	39043
      1	39075
      1	39086
     13	39157
      1	39159
      3	39187
      1	39191
      1	39199
      1	39234
      1	39285
      1	39379
      2	39471
      1	39509
      1	39574
      1	39619
      2	39631
      1	39697
      1	39698
      1	39785
      1	39843
      1	39870
      1	40063
      1	40143
      1	40170
      2	40204
      1	40252
      1	40395
      1	40424
      3	40453
      1	40479
      1	40545
      1	40575
      1	40583
      1	40605
      2	40617
      1	40635
      1	40674
      2	40675
      1	40689
      1	40712
      2	40733
      1	40738
      1	40816
      3	40821
      1	40828
      1	40830
      1	40836
      1	40845
      1	40907
      1	41022
      3	41027
      1	41047
      1	41059
      1	41080
      2	41124
      3	41185
      1	41188
      1	41262
      1	41377
      1	41396
      1	41443
      1	41494
      3	41582
      1	41592
      4	41600
      1	41656
      1	41791
      1	41794
      1	41804
      1	41836
      1	41965
      1	42010
      1	42034
      1	42086
      1	42181
      1	42185
      1	42206
      1	42207
      1	42248
      1	42297
      1	42388
      1	42389
      2	42398
      1	42418
      1	42560
      1	42578
      1	42593
      1	42687
      1	42735
      1	42863
      1	42959
      1	42991
      1	43033
      1	43055
      1	43068
      1	43090
      9	43336
      2	43380
      1	43478
      1	43501
      1	43757
      2	43763
      1	43767
      2	43832
      1	43873
      1	44024
      3	44112
      1	44141
      1	44228
      3	44252
      1	44315
      1	44324
      3	44329
      1	44381
      1	44446
      1	44489
      2	44493
      1	44528
      1	44533
      1	44564
      1	44572
      3	44617
      1	44667
      1	44725
      1	44748
      1	44843
      1	44907
      1	44929
      1	44932
      1	45015
      1	45040
      1	45043
      1	45059
      1	45127
      1	45215
      2	45219
      1	45285
      1	45324
      1	45373
      2	45383
      1	45407
      1	45425
      2	45457
      1	45464
      1	45547
      1	45561
      1	45594
      2	45678
      1	45708
      1	45733
      1	45794
      1	45847
      2	45949
      1	46005
      2	46006
      1	46096
      1	46102
      1	46113
      2	46125
      2	46154
      1	46184
      1	46191
      1	46225
      1	46258
      1	46267
      1	46278
      1	46417
      1	46418
      1	46428
      3	46663
      1	46664
      2	46733
      1	46743
      1	46851
      1	46856
      7	46950
      3	47073
      1	47076
      1	47082
      1	47163
      1	47164
      2	47260
      1	47286
      2	47291
      1	47303
      2	47311
      1	47351
      1	47465
      4	47486
      1	47584
      2	47650
      1	47672
      1	47744
      1	47754
      1	47855
      4	47905
      2	47910
      2	47943
      1	47962
      1	48053
      1	48203
      1	48235
      2	48367
      2	48412
      1	48523
      1	48695
      1	48729
      1	48834
      1	48859
      2	48921
      2	48989
      1	49073
      1	49134
      1	49145
      1	49267
      1	49346
      2	49457
      1	49536
      1	49586
      1	49607
      2	49627
      1	49693
      1	49698
      1	49726
      2	49755
      1	49780
      1	49814
      2	49823
      1	49966
      1	49970
      1	49976
      1	50170
      2	50352
      1	50366
      1	50377
      1	50389
      1	50401
      1	50485
      2	50497
      1	50537
      1	50560
      1	50645
      1	50728
      1	50795
      1	50862
      3	50880
      1	50900
      1	50940
      1	50975
      3	51042
      1	51065
      1	51071
      3	51074
      1	51124
      2	51272
      1	51326
      1	51336
      1	51385
      1	51494
      1	51567
      1	51611
      1	51631
      1	51823
      1	51888
      1	51890
      1	51898
      4	51920
      1	51948
      1	51961
      2	52020
      1	52092
      1	52121
      1	52181
      1	52239
      2	52344
      2	52370
      2	52400
      2	52414
      2	52415
      1	52452
      1	52459
      1	52477
      1	52505
      1	52506
      5	52613
      1	52616
      1	52620
      1	52667
      1	52673
      1	52735
      1	52739
      1	52801
      2	52848
      1	52851
      1	52898
      1	53000
      1	53014
      1	53052
      1	53129
      4	53156
      1	53192
      1	53195
      2	53245
      1	53338
      3	53349
      1	53381
      1	53400
      2	53401
      1	53414
      1	53420
      1	53488
      1	53494
      1	53498
      1	53514
      2	53584
      1	53623
      1	53651
      1	53657
      1	53676
      1	53696
      1	53707
      1	53746
      1	53799
      1	53947
      1	53965
      1	53983
      1	53996
      1	54001
      1	54232
      2	54395
      1	54470
      1	54529
      1	54558
      1	54576
      1	54608
      1	54729
      2	54745
      1	54811
      2	54859
      2	54885
      1	54897
      8	54950
      4	54999
      1	55172
      2	55198
      1	55217
      1	55238
      1	55305
      1	55402
      8	55441
      9	55460
      2	55496
      6	55565
      1	55567
      3	55587
      1	55607
      1	55935
      1	56006
      1	56014
      1	56027
      1	56028
      1	56133
      2	56188
      1	56371
      3	56434
      1	56448
      1	56473
      1	56549
      1	56569
      3	56621
      1	56663
      2	56672
      1	56681
      1	56693
      1	56706
      3	56771
      1	56806
      2	56810
      1	56847
      1	56855
      1	56940
      2	56975
      1	57078
      1	57087
      1	57092
      1	57133
      5	57144
      1	57211
      1	57278
      4	57279
      1	57328
      5	57332
      4	57388
      1	57514
      1	57525
      1	57566
      1	57600
      1	57630
      1	57688
      1	57719
      1	57740
      1	57791
      2	57896
      2	57940
      1	57951
      5	57965
      1	58119
      1	58155
      1	58180
      1	58196
      1	58208
      1	58216
      1	58222
      2	58244
      1	58349
      1	58352
      1	58406
      1	58548
      1	58679
      1	58687
      3	58722
      1	58729
      1	58735
      1	58746
      1	58807
      1	58812
      3	58887
      1	58899
      1	58953
      1	59001
      1	59062
      2	59107
      2	59113
      1	59134
     15	59178
      1	59209
      1	59333
      1	59369
      1	59434
      4	59466
      1	59529
      1	59535
      2	59571
      1	59590
      1	59630
      1	59643
      1	59675
      1	59727
      2	59973
      1	59983
      1	60054
      2	60153
      1	60156
      1	60232
      1	60278
      1	60297
      1	60312
      2	60390
      1	60456
      3	60496
      1	60505
      1	60581
      2	60585
      1	60596
      1	60631
      3	60669
      1	60675
      6	60774
      1	60959
      2	61091
      1	61171
      1	61191
      3	61230
      2	61268
      1	61280
      1	61330
      1	61374
      1	61383
      8	61489
      1	61501
      1	61595
      3	61602
      2	61649
      1	61660
      1	61787
      1	61829
      1	61999
      2	62004
      1	62013
      1	62030
      1	62036
      2	62053
      2	62063
      2	62084
      1	62095
      1	62180
      1	62195
      1	62217
      2	62223
      1	62339
      1	62340
      1	62357
      1	62432
      1	62485
      2	62532
      1	62534
      1	62543
      2	62575
      1	62577
      1	62593
      1	62607
      3	62650
      2	62846
      1	62890
      2	62965
      2	63050
      1	63097
      1	63147
      1	63258
      1	63360
      1	63363
      1	63398
      2	63409
      3	63410
      2	63414
      1	63481
      1	63611
      3	63665
      1	63676
      9	63743
      1	63807
      1	63824
      2	63830
      1	63839
      1	63855
      1	63881
      1	63912
      1	63986
      1	64000
      2	64081
      1	64084
      1	64091
      1	64105
      1	64120
      1	64229
      1	64334
      1	64382
      5	64402
      1	64454
      1	64485
      1	64581
      2	64637
      2	64657
      1	64829
      1	64920
      1	65158
      1	65235
      1	65258
      1	65286
      1	65304
      4	65334
      1	65338
      4	65408
      1	65413
      1	65447
