      2	5
      6	11
      1	56
      2	61
      1	74
      1	76
      2	91
      1	113
      1	152
      1	158
      2	162
      1	165
      1	178
      1	179
      2	200
      1	208
      2	222
      1	233
      2	236
      1	303
      1	313
      1	324
      1	333
      1	336
      1	340
      1	347
      1	422
      1	428
      1	431
      2	488
      5	505
      1	515
      1	520
      2	531
      7	538
      6	590
      1	702
      1	719
      1	721
      1	754
      1	770
      1	798
      1	813
      1	824
      1	850
      1	865
      1	894
      1	931
      1	938
      1	946
      1	998
      3	1015
      2	1023
      1	1026
      1	1033
      7	1073
      1	1111
      4	1158
      2	1170
      1	1180
      2	1190
      1	1193
      2	1194
      1	1229
      1	1232
      1	1248
      1	1330
      1	1336
      1	1361
      1	1387
      2	1449
      1	1472
      2	1477
      1	1480
      1	1505
      7	1508
      2	1537
      1	1553
      1	1556
      1	1588
      2	1595
      4	1656
      1	1683
      1	1720
      4	1777
      1	1813
      2	1830
      1	1844
      3	1857
      1	1873
      2	1882
      1	1883
      1	1908
      2	1911
      1	1942
      1	1943
      2	1950
      1	1981
      2	1983
      1	1991
      2	2015
      2	2031
      3	2041
      4	2095
      1	2142
      1	2163
      1	2164
      1	2238
      1	2251
      1	2253
      1	2254
      7	2349
      1	2417
      1	2422
      1	2457
      1	2470
      1	2474
      2	2475
      2	2504
      1	2593
      1	2594
      1	2613
      1	2657
      1	2667
      2	2683
      1	2687
      4	2688
      1	2733
      1	2740
      1	2806
      1	2819
      4	2849
      1	2872
      1	2902
      1	2910
      1	2917
      1	2973
      1	2976
      1	2979
      1	3013
      7	3014
      1	3057
      1	3101
      1	3110
      2	3114
      1	3147
      5	3212
      1	3228
      2	3242
      1	3281
      1	3284
      2	3302
      2	3307
      1	3322
      6	3351
      2	3364
      3	3402
      1	3410
      1	3417
      1	3495
      1	3589
      1	3602
      1	3621
      1	3672
      1	3675
      1	3695
      2	3715
      2	3722
      2	3732
      1	3745
      1	3758
      1	3763
      1	3826
      1	3864
      1	3932
      1	3962
      1	3964
      1	4025
      1	4026
      4	4040
      2	4070
      2	4076
      3	4109
      2	4113
      1	4121
      1	4211
      1	4216
      1	4275
      1	4291
      2	4292
      2	4293
      1	4299
      3	4318
      1	4370
      2	4404
      2	4436
      2	4442
      1	4447
      1	4456
      3	4524
      1	4527
      1	4552
      1	4581
      1	4616
      1	4619
      1	4621
      1	4649
      1	4652
      1	4668
      1	4678
      1	4732
      1	4735
      1	4780
      3	4787
      1	4808
      1	4815
      4	4848
      1	4856
      1	4888
      1	4917
      1	4931
      2	4944
      1	4950
      1	4956
      1	4957
      2	4959
      5	4969
      1	4993
      1	5007
      2	5026
      1	5059
      1	5069
      2	5109
      1	5132
      1	5135
      1	5137
      1	5140
      1	5166
      1	5187
      1	5261
      1	5264
      1	5271
      2	5291
      2	5303
      1	5325
      1	5366
      1	5389
      1	5390
      1	5400
      2	5424
      1	5452
      3	5472
      1	5476
      1	5505
      1	5588
      1	5643
      1	5671
      2	5674
      1	5682
      1	5690
      1	5709
      1	5713
      1	5731
      1	5736
      1	5810
      1	5813
      1	5853
      1	5888
      1	5892
      2	5893
      1	5915
      1	5918
      1	5921
      1	5955
      1	6031
      5	6035
      1	6054
      1	6099
      1	6124
      1	6126
      1	6128
      2	6148
      5	6156
      2	6177
      1	6183
      3	6197
      1	6207
      1	6210
      1	6219
      1	6229
      1	6275
      1	6302
      1	6318
      1	6334
      1	6336
      1	6358
      1	6359
      1	6502
      1	6510
      1	6555
      2	6568
      2	6586
      1	6614
      4	6622
      2	6633
      1	6647
      1	6655
      1	6677
      3	6689
      1	6745
      1	6748
      2	6750
      5	6836
      1	6887
      1	6914
      1	6915
      1	6924
      1	6933
      1	6934
      1	6945
      1	6947
      1	6971
      1	6993
      1	7041
      1	7108
      1	7109
      1	7114
      1	7115
      4	7120
      1	7152
      1	7198
      1	7208
      1	7221
      1	7224
      1	7245
      2	7281
      2	7300
      1	7313
      1	7356
      1	7391
      4	7396
      1	7403
      2	7440
      2	7457
      1	7481
      1	7490
      1	7513
      1	7529
      1	7544
      1	7548
      1	7720
      1	7747
      2	7815
      4	7817
      5	7829
      3	7842
      1	7881
      1	7910
      1	7955
      1	7970
      1	8013
      1	8031
      1	8076
      1	8221
      6	8246
      1	8256
      1	8264
      2	8287
      1	8312
      1	8346
      3	8390
      1	8416
      1	8432
      1	8461
      1	8495
      1	8574
      2	8589
      1	8599
      1	8617
      5	8657
      1	8658
      1	8659
      1	8667
      1	8705
      1	8707
      1	8710
      3	8715
      1	8736
      2	8739
      6	8754
      3	8760
      1	8803
      1	8853
      1	8876
      3	8888
      2	8922
      1	8944
      1	8977
      1	9024
      1	9032
      3	9057
      1	9099
      1	9115
      1	9142
      3	9148
      1	9155
      1	9182
      5	9212
      2	9234
      1	9236
      2	9240
      1	9248
      1	9317
      1	9324
      2	9393
      1	9490
      2	9562
      9	9610
      1	9618
      1	9656
      3	9667
      1	9700
      1	9709
      1	9735
      1	9794
      1	9797
      1	9805
      1	9871
      1	9888
      2	9900
      1	9922
      2	9924
      1	9936
      1	9937
      1	9950
      1	9999
      1	10022
      1	10023
      1	10026
      1	10032
      1	10050
      1	10084
      1	10174
      1	10188
      1	10194
      1	10223
      1	10280
      1	10314
      2	10327
      1	10428
      2	10453
      3	10454
      3	10490
      1	10504
      1	10533
      1	10537
      1	10578
      1	10589
      1	10612
      2	10654
      1	10724
      1	10737
      1	10749
      1	10809
      1	10813
      1	10814
      1	10845
      1	10859
      1	10889
      2	10893
      1	10895
      3	10919
      1	10950
      1	10954
      1	10976
      9	11071
      1	11077
      4	11082
      1	11126
      1	11296
      1	11303
      2	11316
      3	11336
      1	11356
      1	11358
      1	11382
      1	11402
      1	11411
      1	11420
      1	11439
      1	11453
      5	11461
      2	11477
      1	11498
      1	11524
      1	11529
      1	11567
      5	11572
      1	11628
      2	11650
      2	11653
      1	11680
      1	11685
      1	11729
      1	11762
      1	11794
      2	11810
      2	11904
      1	11920
      1	11961
      1	11967
      1	11976
      2	12015
      1	12037
      1	12043
      1	12058
      2	12091
      1	12123
      1	12156
      1	12231
      1	12253
      1	12320
      7	12356
      1	12363
      3	12369
      1	12375
      2	12381
      4	12384
      1	12388
      3	12397
      7	12419
      2	12433
      1	12435
      1	12502
      1	12516
      1	12534
      1	12543
      1	12556
      1	12577
      3	12689
      1	12717
      1	12745
      1	12767
      1	12798
      1	12809
      1	12814
      2	12832
      1	12874
      1	12907
      1	12915
      3	12936
      1	12937
      1	12945
      2	12967
      1	13029
      1	13102
      3	13118
      2	13152
      1	13169
      1	13188
      2	13197
      1	13218
      2	13266
      4	13291
      1	13304
      2	13331
      1	13333
      1	13335
      1	13364
      1	13369
      1	13390
      1	13398
      1	13408
      4	13439
      1	13441
      1	13444
      1	13446
      1	13459
      2	13461
      1	13481
      1	13488
      1	13490
      3	13499
      3	13504
      2	13554
      1	13581
      1	13681
      1	13709
      3	13720
      1	13724
      1	13734
      1	13753
      1	13787
      2	13801
      1	13805
      2	13823
      1	13846
      1	13883
      1	13885
      2	13898
      1	13913
      1	13937
      1	13940
      2	13954
      1	13965
      1	14002
      1	14032
      1	14077
      1	14079
      1	14105
      1	14111
      1	14113
      1	14118
      2	14127
      3	14137
      1	14159
      2	14169
      2	14184
      1	14187
      1	14193
      1	14325
      1	14326
      1	14401
      1	14404
      1	14408
      1	14443
      1	14446
      1	14447
      1	14469
      1	14490
      1	14515
      1	14519
      1	14573
      2	14577
      1	14599
      1	14684
      1	14716
      1	14717
      1	14724
      1	14768
      2	14775
      1	14827
      1	14863
      4	14876
      1	14906
      1	14907
      1	14952
      1	14961
      1	14967
      3	14986
      1	14988
      1	14999
      1	15069
      2	15110
      1	15121
      1	15123
      2	15125
      1	15188
      1	15190
      1	15199
      1	15234
      1	15247
      3	15282
      2	15290
      1	15321
      1	15360
      1	15366
      1	15372
      2	15399
      6	15429
      2	15458
      3	15467
      3	15522
      1	15530
      1	15555
      1	15582
      1	15598
      1	15631
      1	15639
      1	15685
      1	15692
      1	15736
      1	15739
      4	15748
      1	15750
      1	15756
      1	15773
      1	15779
      1	15821
      1	15844
      1	15846
      1	15856
      1	15866
      1	15875
      2	15892
      1	15895
      2	15902
      2	15923
      1	15950
      1	16014
      1	16020
      1	16021
      1	16035
      1	16047
      1	16094
      5	16148
      1	16149
      2	16181
      2	16227
      1	16271
      1	16276
      1	16306
      1	16318
      1	16325
      1	16381
      1	16400
      1	16437
      1	16454
      1	16465
      1	16475
      1	16503
      2	16505
      1	16530
      1	16554
      1	16620
      1	16627
      3	16648
      2	16649
      1	16668
      1	16678
      1	16679
      1	16689
      2	16693
      1	16717
      1	16753
      1	16759
      2	16772
      1	16802
      1	16827
      1	16889
      1	16904
      1	16935
      1	16937
      2	16944
      2	16969
      1	16972
      1	16998
      1	17015
      1	17018
      4	17019
      1	17062
      1	17123
      1	17125
      1	17139
      1	17164
      1	17168
      1	17190
      1	17216
      2	17220
      1	17225
      1	17255
      1	17279
      3	17314
      1	17337
      1	17341
      1	17352
      1	17375
      1	17391
      1	17393
      3	17465
      1	17482
      1	17508
      1	17555
      1	17597
      1	17643
      1	17655
      1	17681
      3	17746
      1	17750
      1	17753
      1	17773
      1	17807
      1	17833
      6	17835
      1	17848
      1	17950
      1	17975
      1	17979
      1	17980
      1	17987
      1	18019
      1	18025
      1	18064
      1	18092
      1	18114
    150	18144
      1	18160
      1	18180
      1	18221
      1	18295
      1	18317
      6	18348
      1	18355
      1	18387
      1	18403
      1	18420
      1	18435
      4	18444
      1	18451
      1	18453
      1	18464
      2	18496
      3	18504
      2	18515
      2	18590
      1	18605
      2	18656
      2	18666
      1	18670
      5	18696
      1	18720
      1	18823
      1	18880
      1	18899
      1	18907
      1	18946
      1	18980
      1	19012
      1	19022
      1	19101
      1	19127
      2	19150
      1	19225
      2	19241
      2	19255
      1	19258
      1	19280
      1	19305
      2	19336
      1	19356
      1	19362
      1	19371
      2	19375
      3	19391
      1	19395
      1	19405
      2	19425
      2	19462
      1	19464
      2	19486
      1	19503
      1	19510
      1	19518
      5	19520
      1	19522
      1	19525
      1	19534
      3	19543
      1	19568
      1	19578
      1	19580
      1	19615
      2	19664
      2	19675
      2	19678
      1	19679
      1	19708
      1	19713
      2	19749
      1	19773
      2	19779
      3	19783
      1	19785
      1	19800
      1	19802
      3	19810
      1	19831
      1	19836
      1	19854
      1	19879
      1	19897
      2	19900
      1	19921
      1	19928
      2	19960
      1	19970
      2	19991
      1	19998
      1	20001
      1	20015
      1	20028
      1	20032
      1	20036
      2	20071
      2	20179
      1	20189
      2	20204
      2	20212
      1	20226
      1	20249
      1	20250
      1	20326
      2	20370
      1	20375
      2	20398
      1	20458
      4	20487
      1	20498
      2	20504
      2	20506
      1	20533
      1	20609
      3	20649
      1	20671
      2	20682
      1	20687
      3	20690
      5	20720
      1	20748
      1	20752
      1	20802
      1	20821
      4	20826
      3	20865
      1	20885
      1	20926
      1	21022
      1	21066
      1	21082
      2	21096
      1	21118
      1	21162
      2	21188
      1	21221
      2	21237
      2	21256
      1	21268
      1	21271
      1	21280
      3	21285
      1	21291
      1	21295
      1	21321
      1	21344
      1	21373
      3	21380
      1	21428
      1	21463
      1	21472
      1	21485
      1	21507
      2	21508
      1	21512
      2	21524
      1	21552
      1	21563
      1	21573
      3	21605
      1	21626
      1	21643
      1	21664
      1	21667
      1	21681
      1	21684
      1	21686
      1	21732
      1	21812
      1	21822
      1	21823
      1	21826
      2	21838
      1	21842
      2	21858
      1	21882
      2	21895
      1	21939
      2	21942
      1	21944
      1	21961
      3	21988
      1	22031
      2	22140
      1	22148
      1	22175
      1	22177
      1	22194
      2	22220
      2	22230
      2	22232
      1	22292
      1	22300
      1	22305
      1	22306
      1	22322
      2	22329
      5	22330
      2	22334
      1	22352
      1	22400
      2	22420
      1	22441
      1	22459
      1	22486
      2	22491
      1	22513
      1	22526
      1	22545
      1	22563
      1	22589
      1	22626
      1	22633
      1	22644
      1	22646
      2	22682
      1	22697
      1	22713
      2	22724
      1	22727
      1	22738
      1	22751
      1	22771
      1	22786
      1	22812
      1	22851
      1	22862
      1	22867
      1	22905
      3	22970
      1	22983
      1	23013
      1	23023
      1	23030
      1	23052
      6	23105
      2	23184
      1	23209
      1	23245
      1	23275
      2	23307
      1	23309
      1	23343
      1	23394
      1	23446
      4	23456
      1	23459
      1	23476
      2	23483
      1	23490
      2	23521
      3	23566
      1	23594
      2	23596
      1	23650
      1	23742
      1	23749
      1	23772
      2	23824
      2	23852
      1	23879
      1	23940
      1	23959
      1	23972
      3	23973
      2	23988
      1	24000
      2	24013
      4	24038
      1	24061
      1	24063
      1	24065
      1	24087
      1	24092
      1	24123
      1	24157
      1	24174
      1	24187
      3	24274
      1	24290
      2	24334
      1	24339
      2	24345
      1	24363
      1	24367
      1	24395
      1	24431
      1	24456
      1	24540
      5	24563
      1	24582
      1	24596
      1	24642
      1	24645
      1	24708
      1	24742
      1	24743
      1	24764
      2	24794
      1	24800
      1	24895
      1	24917
      1	24957
      2	24961
      1	24990
      1	25004
      1	25024
      1	25054
      1	25197
      1	25211
      1	25226
      1	25247
      1	25309
      1	25359
      1	25375
      1	25444
      1	25448
      3	25527
      2	25540
      1	25552
      2	25553
      1	25556
      1	25571
      1	25579
      1	25600
      1	25626
      1	25628
      2	25630
      1	25647
      2	25656
      2	25663
      1	25689
      1	25721
      1	25725
      1	25788
      1	25815
      1	25820
      1	25857
      2	25869
      1	25871
      1	25894
      1	25921
      1	25959
      3	25960
      3	25996
      1	26001
      1	26005
      2	26014
      7	26135
      1	26139
      1	26140
      3	26182
      1	26207
      1	26214
      1	26236
      1	26263
      1	26286
      1	26290
      1	26359
      1	26364
      1	26427
      1	26447
      2	26472
      1	26503
      1	26533
      2	26603
      1	26611
      2	26625
      2	26630
      2	26666
      1	26772
      2	26777
      1	26791
      1	26814
      1	26857
      1	26887
      1	26910
      2	26912
      2	26913
      1	26921
      1	26947
      1	26968
      1	26994
      1	27018
      2	27069
      1	27076
      1	27127
      1	27148
      1	27154
      1	27193
      1	27216
      1	27250
      2	27257
      1	27275
      1	27276
      1	27312
      1	27338
      1	27340
      2	27395
      1	27432
      1	27435
      1	27443
      1	27485
      1	27509
      2	27519
      1	27525
      1	27544
      1	27659
      1	27726
      1	27764
      1	27814
      1	27822
      2	27834
      1	27847
      1	27853
      3	27873
      1	27892
      2	27924
      4	27944
      1	27954
      1	27957
      1	27968
      5	28025
      1	28070
      1	28074
      1	28128
      2	28144
      2	28169
      1	28197
      1	28199
      1	28219
      1	28234
      2	28278
      3	28308
      2	28395
      1	28477
      2	28488
      3	28518
      1	28532
      1	28536
      1	28557
      2	28584
      1	28623
      1	28630
      1	28670
      1	28679
      1	28741
      1	28779
      1	28799
      1	28824
      1	28834
      1	28839
      2	28894
      4	28960
      1	28963
      1	28979
      1	28981
      1	29011
      1	29023
      1	29027
      2	29085
      1	29097
      1	29106
      2	29116
      1	29155
      1	29164
      1	29166
      1	29175
      1	29193
      1	29195
      1	29213
      1	29224
      2	29246
      2	29257
      2	29353
      1	29383
      1	29438
      1	29496
      1	29514
      1	29535
      1	29575
      1	29588
      5	29612
      9	29726
      1	29772
      2	29812
      1	29816
      5	29826
      1	29846
      1	29852
      1	29879
      1	29880
      3	29925
      1	29945
      4	29948
      1	29988
      1	29992
      1	29994
      1	30018
      1	30048
      1	30055
      2	30075
      1	30081
      2	30096
      2	30104
      1	30133
      1	30151
      1	30154
      4	30167
      1	30225
      1	30250
      1	30280
      1	30284
      1	30334
      1	30345
      1	30346
      1	30363
      4	30390
      2	30427
      1	30443
      1	30450
      1	30458
      1	30494
      1	30500
      1	30509
      1	30512
      1	30515
      2	30522
      1	30547
      2	30562
      1	30737
      5	30776
      1	30780
      1	30857
      4	30877
      1	30886
      3	30956
      1	30964
      1	30995
      1	31007
      1	31032
      1	31037
      1	31045
      2	31049
      1	31076
      1	31088
      1	31111
      1	31116
      1	31210
      1	31224
      1	31247
      1	31249
      1	31277
      1	31354
      1	31374
      1	31393
      1	31397
      1	31411
      1	31432
      1	31465
      1	31480
      1	31495
      1	31526
      1	31538
      1	31543
      2	31550
      1	31588
      1	31608
      3	31691
      1	31713
      1	31741
      1	31751
      1	31789
      1	31800
      1	31810
      1	31831
      1	31916
      2	31962
      1	31966
      1	31977
      1	31981
      1	32004
      1	32021
      2	32074
      1	32111
      1	32194
      1	32214
      2	32235
      1	32241
      4	32257
      1	32358
      1	32405
      1	32439
      1	32446
      1	32455
      2	32465
      2	32523
      1	32538
      1	32547
      1	32593
      1	32621
      1	32640
      1	32646
      4	32650
      1	32653
      3	32657
      1	32672
      1	32688
      1	32722
      1	32754
      1	32761
      1	32815
      3	32863
      3	32876
      1	32877
      1	32903
      1	32907
      1	32937
      2	32969
      1	32994
      1	33033
      1	33044
      6	33069
      1	33097
      1	33115
      1	33135
      2	33154
      2	33188
      3	33270
      2	33292
      1	33306
      1	33335
      1	33356
      1	33416
      2	33455
      2	33465
      1	33479
      1	33484
      1	33499
      1	33500
      1	33523
      2	33537
      1	33597
      1	33651
      1	33666
      1	33682
      4	33687
      2	33700
      1	33705
      1	33721
      1	33768
      2	33779
      1	33801
      1	33821
      1	33830
      1	33846
      2	33885
      2	33893
      2	33932
      1	33942
      3	33971
      1	33999
      2	34005
      1	34010
      1	34062
      1	34083
      3	34089
      1	34090
      1	34123
      1	34144
      1	34165
      1	34169
      1	34264
      1	34271
      1	34303
      3	34333
      1	34334
      2	34345
      1	34359
      1	34371
      1	34412
      3	34414
      1	34421
      1	34462
      1	34545
      1	34550
      1	34590
      1	34608
      1	34670
      1	34679
      1	34689
      1	34699
      2	34708
      3	34721
      1	34738
      1	34743
      1	34746
      1	34773
      1	34775
      2	34805
      1	34846
      1	34876
      1	34883
      1	34898
      1	34901
      1	34973
      2	34975
      1	34984
     11	34990
      2	35002
      1	35008
      1	35055
      2	35056
      1	35072
      2	35119
      1	35197
      1	35198
      1	35230
      1	35263
      1	35273
      1	35275
      1	35295
      1	35314
      1	35328
      1	35344
      2	35374
      1	35476
      1	35495
      1	35527
      3	35545
      1	35570
      1	35576
      1	35591
      1	35601
      1	35625
      1	35644
      1	35702
      3	35708
      1	35709
      2	35712
      8	35748
      1	35791
      3	35814
      4	35818
      2	35882
      1	35946
      1	35978
      1	35981
      1	36041
      2	36112
      1	36147
      8	36150
      1	36186
      4	36215
      1	36229
      1	36231
      1	36257
      1	36262
      2	36276
      2	36293
      1	36301
      1	36341
      1	36379
      2	36405
      1	36428
      1	36437
      1	36476
      1	36549
      1	36602
      1	36604
      1	36628
      1	36663
      1	36690
      1	36713
      1	36718
      2	36787
      2	36814
      1	36837
      1	36840
      1	36863
      1	36878
      2	36904
      2	36935
      1	36993
      1	37000
      1	37019
      1	37035
      2	37052
      1	37062
      1	37070
      1	37074
      1	37090
      1	37127
      1	37229
      1	37237
      1	37238
      1	37240
      1	37252
      1	37292
      2	37324
      1	37363
      1	37367
      1	37444
      5	37474
      1	37487
      1	37511
      1	37535
      1	37539
      2	37565
      1	37566
      2	37575
      1	37596
      1	37606
      2	37625
      1	37662
      1	37667
      1	37679
      2	37682
      1	37691
      1	37719
      1	37725
      1	37746
      1	37752
      1	37760
      1	37805
      2	37820
      1	37872
      1	37888
      1	37895
      1	37904
      1	37919
      1	37943
      1	37963
      1	37997
      1	37998
      2	38005
      1	38007
      1	38008
      1	38023
      1	38050
      2	38058
      1	38131
      1	38134
      2	38152
      1	38153
      1	38164
      1	38184
      1	38201
      2	38236
      2	38269
      1	38291
      1	38309
      1	38315
     10	38322
      2	38333
      1	38398
      1	38403
      2	38412
      2	38439
      1	38440
      1	38444
      1	38446
      6	38447
      1	38456
      1	38471
      1	38493
      1	38542
      1	38544
      1	38582
      1	38631
      3	38642
      1	38652
      3	38676
      1	38687
      1	38712
      1	38713
      1	38716
      1	38738
      1	38746
      1	38756
      1	38761
      1	38787
      1	38800
      2	38822
      1	38848
      2	38852
      5	38863
      1	38888
      2	38925
      1	38938
      3	38939
      1	39043
      2	39059
      2	39072
      1	39127
      1	39175
      1	39184
      1	39203
      1	39230
      2	39234
      1	39239
      1	39241
      1	39243
      1	39250
      1	39254
      2	39265
      1	39294
      1	39319
      1	39330
      1	39390
      1	39466
      1	39500
      1	39565
      1	39571
      1	39598
      1	39619
      4	39628
      1	39646
      1	39648
      1	39708
      2	39734
      1	39737
      1	39766
      1	39771
      1	39804
      1	39807
      1	39810
      1	39868
      1	39887
      1	39996
      1	40010
      1	40022
      3	40031
      2	40038
      1	40063
      1	40065
      1	40079
      1	40129
      1	40152
      1	40170
      1	40179
      1	40199
      1	40209
      1	40246
      1	40317
      2	40319
      1	40329
      1	40330
      1	40354
      1	40358
      1	40401
      1	40424
      1	40432
      1	40479
      2	40502
      1	40505
      1	40507
      2	40517
      2	40542
      9	40551
      1	40552
      2	40556
      1	40580
      1	40583
      1	40629
      2	40693
      1	40707
      1	40711
      1	40727
      2	40796
      1	40811
      1	40817
      1	40874
      3	40893
      1	40902
      1	40950
      2	41022
      2	41023
      1	41041
      2	41043
      1	41053
      1	41059
      1	41087
      1	41159
      1	41185
      2	41269
      1	41333
      1	41430
      2	41448
      2	41544
      1	41558
      1	41572
      2	41577
      3	41669
      1	41671
      1	41699
      1	41738
      1	41785
      1	41801
      1	41894
      1	41940
      1	41983
      3	41985
      1	42010
      1	42045
      1	42069
      1	42077
      1	42128
      1	42144
      1	42177
      2	42201
      2	42217
      1	42231
      2	42248
      5	42277
      1	42297
      1	42302
      1	42321
      2	42322
      1	42334
      1	42338
      1	42346
      1	42366
      1	42372
      1	42391
      1	42404
      1	42434
      1	42444
      1	42446
      2	42554
      2	42636
      1	42669
      1	42677
      2	42689
      1	42748
      4	42797
      1	42848
      1	42866
      1	42888
      4	42919
      2	42957
      3	42969
      2	42997
      2	43111
      2	43169
      1	43171
      1	43175
      1	43179
      1	43225
      1	43227
      1	43228
      1	43237
      1	43277
      2	43322
      4	43326
      1	43332
      1	43367
      4	43419
      1	43490
      1	43501
      1	43504
      2	43506
      1	43531
      1	43536
      2	43606
      1	43626
      1	43629
      1	43645
      1	43729
      2	43730
      1	43734
      2	43763
      2	43771
      1	43819
      1	43822
      1	43845
      1	43890
      1	43894
      2	43957
      2	43958
      1	43977
      1	43979
      1	44011
      1	44016
      1	44024
      2	44039
      2	44105
      2	44117
      5	44141
      1	44169
      1	44182
      1	44185
     28	44228
      1	44254
      1	44261
      1	44321
      2	44322
      1	44324
      1	44339
      1	44389
      2	44434
      1	44438
      2	44480
      1	44487
      1	44489
      1	44528
      2	44536
      1	44676
      1	44677
      1	44716
      1	44724
      1	44728
      1	44792
      1	44802
      1	44832
      1	44911
      1	44912
      1	44915
      2	44948
      1	44980
      1	45001
      1	45004
      2	45005
      1	45015
      1	45043
      2	45059
      1	45106
      2	45219
      2	45251
      1	45278
      1	45291
      1	45332
      2	45358
      3	45425
      1	45427
      1	45450
      4	45456
      1	45517
      2	45527
      1	45534
      2	45541
      7	45570
      4	45587
      2	45590
      2	45611
      1	45696
      1	45710
      1	45713
      1	45781
      1	45821
      1	45847
      1	45856
      1	45913
      1	45998
      1	46005
      1	46012
      2	46019
      3	46048
      1	46058
      2	46069
      1	46090
      1	46091
      1	46100
      1	46123
      1	46125
      1	46134
      1	46147
      1	46154
      1	46184
      1	46197
      1	46207
      1	46233
      1	46234
      1	46260
      2	46285
      2	46301
      1	46315
      1	46385
      1	46402
      1	46430
      1	46457
      1	46550
      1	46607
      1	46652
      1	46662
      1	46692
      1	46724
      3	46733
      1	46743
      1	46767
      1	46773
      1	46783
      1	46793
      1	46824
      1	46827
      1	46856
      2	46857
      2	46858
      1	46902
      1	46925
      1	46928
      2	46932
      3	46959
      1	46965
      1	46986
      1	47001
      1	47011
      1	47052
      1	47053
      1	47137
      1	47139
      1	47167
      1	47181
      1	47184
      1	47204
      2	47226
      1	47268
      1	47294
      1	47307
      1	47318
      1	47348
      1	47356
      2	47376
      1	47384
      1	47431
      2	47446
      2	47447
      1	47465
      1	47492
      1	47526
      2	47538
      2	47564
      1	47611
      1	47643
      1	47670
      1	47708
      1	47715
      2	47721
      2	47741
      5	47756
      2	47769
      1	47776
      1	47796
      1	47814
      1	47863
      1	47872
      1	47938
      1	47943
      8	47952
      1	47953
      2	47985
      1	47992
      1	48013
      2	48080
      1	48097
      1	48101
      1	48112
      4	48120
      1	48123
      2	48128
      1	48144
      1	48218
      1	48265
      1	48286
      1	48290
      1	48317
      1	48327
      1	48337
      1	48353
      1	48362
      1	48367
      2	48397
      1	48401
      1	48404
      1	48412
      1	48435
      2	48462
      1	48470
      1	48475
      1	48506
      2	48526
      1	48528
      1	48540
      2	48542
      3	48544
      2	48578
      1	48618
      1	48622
      1	48623
      1	48640
      1	48658
      1	48708
      1	48714
      1	48729
      4	48749
      3	48764
      1	48834
      2	48855
      4	48870
      1	48965
      1	48995
      1	49006
      1	49034
      2	49113
      1	49145
      3	49179
      2	49201
      1	49214
      1	49216
      1	49236
      1	49251
      1	49262
      3	49267
      4	49282
      1	49301
      1	49362
      1	49382
      1	49402
      2	49444
      1	49450
      1	49454
      1	49498
      1	49512
      1	49521
      1	49539
      1	49541
      2	49598
      6	49607
      1	49629
      1	49644
      1	49650
      2	49667
      2	49671
      1	49693
      1	49698
      1	49713
      1	49715
      1	49726
      1	49735
      1	49757
      1	49764
      1	49774
      1	49795
      1	49799
      1	49823
      3	49827
      1	49831
      1	49852
      2	49855
      1	49873
      2	49903
      1	49906
      1	49929
      3	49986
      1	49991
      1	50007
      1	50015
      1	50068
      1	50070
      1	50095
      1	50124
      2	50166
      1	50176
      2	50216
      1	50227
      1	50262
      1	50269
      1	50290
      1	50316
      1	50349
      1	50377
      1	50407
      1	50465
      1	50477
      1	50484
      1	50503
      1	50537
      1	50609
      1	50611
      1	50621
      2	50643
      2	50645
      1	50717
      1	50728
      1	50777
      1	50810
      1	50811
      3	50829
      1	50856
      6	50859
      2	50872
      1	50906
      2	50910
      1	50930
      1	50955
      1	50981
      2	51024
      1	51095
      1	51107
      1	51169
      1	51270
      1	51310
      2	51354
      1	51365
      2	51369
      2	51385
      1	51394
      1	51440
      1	51452
      1	51494
      1	51504
      2	51515
      2	51539
      1	51578
      2	51593
      1	51662
      1	51677
      2	51686
      1	51697
      1	51757
      2	51766
      1	51843
      1	51890
      1	51962
      1	51994
      1	51997
      1	52030
      1	52036
      1	52058
      1	52140
      6	52181
      2	52182
      1	52266
      2	52304
      3	52308
      3	52311
      1	52337
      1	52344
      1	52360
      1	52398
      1	52417
      1	52434
      3	52445
      1	52496
      1	52501
      1	52532
      1	52552
      1	52581
      2	52596
      1	52610
      1	52633
      1	52643
      1	52655
      1	52660
      1	52690
      1	52695
      1	52715
      2	52730
      1	52734
      2	52754
      3	52797
      1	52803
      2	52811
      1	52838
      2	52851
      2	52897
      2	52981
      1	53000
      1	53054
      1	53066
      1	53068
      1	53093
      1	53145
      1	53153
      1	53167
      1	53168
      2	53188
      1	53222
      1	53224
      1	53243
      1	53249
      2	53257
      1	53312
      1	53349
      2	53364
      1	53375
      1	53385
      1	53405
      1	53406
      1	53423
      1	53466
      3	53467
      2	53476
      1	53479
      2	53488
      1	53508
      1	53550
      1	53568
      1	53580
      1	53581
      1	53583
      2	53584
      1	53596
      1	53600
      2	53636
      1	53707
      2	53746
      1	53749
      1	53757
      1	53820
      2	53832
      2	53833
      1	53865
      1	53908
      3	53965
      1	53967
      1	53971
      1	53980
      3	54102
      1	54127
      1	54134
      1	54178
      2	54182
      1	54191
      1	54209
      1	54230
      2	54267
      1	54345
      1	54356
      2	54370
      1	54395
      1	54448
      1	54474
      1	54477
      2	54494
      1	54495
      1	54506
      4	54512
      1	54580
      1	54628
      1	54655
      1	54660
      1	54667
      1	54692
      2	54731
      1	54749
      1	54777
      1	54808
      2	54877
      1	54887
      1	54908
      2	54916
      1	54981
      2	55018
      1	55068
      1	55093
      1	55168
      3	55178
      1	55199
      1	55224
      1	55238
      1	55278
      1	55292
      3	55295
      3	55305
      3	55324
      1	55362
      1	55382
      1	55383
      2	55441
      1	55444
      2	55453
      1	55460
      2	55500
      1	55565
      2	55578
      3	55608
      1	55660
      1	55664
      1	55678
      1	55735
      2	55746
      1	55798
      2	55837
      1	55875
      1	55919
      4	55998
      1	56014
      1	56055
      1	56065
      1	56122
      2	56144
      2	56165
      1	56178
      1	56271
      3	56292
      1	56310
      1	56328
      1	56338
      1	56362
      1	56399
      2	56410
      1	56425
      1	56472
      1	56552
      1	56569
      1	56706
      1	56727
      1	56730
      1	56734
      2	56751
      1	56780
      2	56806
      1	56811
      1	56837
      1	56900
      1	56943
      1	56947
      2	56954
      1	56972
      1	56990
      1	57064
      5	57074
      1	57076
     12	57133
      2	57136
     14	57144
      1	57233
      2	57241
      1	57266
      1	57289
      1	57334
      1	57349
      1	57401
      2	57409
      1	57439
      1	57470
      3	57514
      1	57525
      1	57579
      1	57650
      1	57684
      1	57688
      2	57695
      1	57719
      2	57746
      2	57752
      1	57815
      2	57868
      1	57924
      1	57951
      1	57975
      2	57978
      1	58115
      1	58116
      2	58196
      1	58221
      1	58251
      4	58281
      1	58287
      2	58303
      2	58371
      1	58406
      1	58415
      1	58419
      1	58459
      1	58462
      1	58468
      1	58482
      1	58488
      1	58491
      1	58493
      1	58554
      2	58569
      1	58578
      2	58586
      1	58604
      1	58651
      1	58679
      1	58699
      1	58729
      1	58735
      1	58745
      1	58746
      1	58780
      1	58851
      1	58913
      1	58924
      1	58950
      2	58951
      1	58968
      1	59006
      1	59091
      1	59107
      1	59113
      1	59135
      2	59140
      1	59158
      2	59178
      1	59205
      1	59206
      1	59236
      2	59297
      1	59309
      1	59369
      1	59371
      1	59421
      1	59463
      2	59466
      1	59469
      1	59471
      1	59514
      2	59535
      1	59623
      1	59629
      1	59647
      1	59715
      1	59748
      1	59755
      3	59780
      1	59810
      1	59836
      2	59867
      1	59912
      1	59950
      1	59951
      1	59979
      1	59994
      2	60023
      1	60025
      1	60054
      2	60071
      1	60155
      1	60156
      1	60220
      1	60247
      2	60276
      3	60284
      1	60309
      1	60331
      2	60357
      1	60375
      1	60378
      1	60382
      1	60427
      1	60431
      1	60454
      1	60488
      1	60531
      1	60605
      1	60620
      2	60630
      2	60631
      2	60658
      1	60696
      1	60709
      1	60745
      1	60789
      1	60861
      1	60934
      1	60935
      2	60959
      1	60969
      4	60997
      1	61002
      1	61011
      3	61021
      1	61056
      2	61074
      1	61085
      1	61131
      1	61141
      1	61153
      1	61156
      1	61180
      1	61189
      1	61211
      1	61245
      1	61250
     13	61261
      1	61280
      1	61291
      2	61300
      1	61304
      1	61355
      2	61374
      1	61376
      1	61398
      1	61402
      1	61406
      1	61445
      1	61454
      1	61520
      1	61599
      1	61717
      1	61774
      1	61779
      1	61784
      1	61817
      1	61832
      1	61854
      1	61856
      2	61877
      1	61901
      1	61934
      1	61957
      1	61961
      1	61973
      2	61997
      1	62011
      1	62026
      2	62036
      2	62042
      1	62053
      1	62070
      2	62084
      1	62098
      2	62126
      2	62145
      3	62183
      2	62225
      1	62268
      1	62313
      1	62339
      2	62343
      1	62349
      1	62372
      1	62374
      1	62414
      1	62442
      1	62471
      1	62518
      1	62534
      1	62556
      1	62570
      1	62577
      3	62579
      1	62600
      3	62607
      2	62651
      1	62663
      2	62665
      1	62701
      1	62715
      1	62719
      1	62837
      1	62847
      2	62871
      1	62890
      1	62921
      1	62937
      1	62986
      1	63002
      1	63036
      3	63057
      1	63066
      1	63078
      1	63143
      2	63145
      1	63168
      1	63173
      1	63206
      1	63210
      1	63224
      1	63250
      1	63284
      1	63337
      1	63338
      1	63381
      1	63409
      1	63421
      1	63460
      2	63464
      1	63469
      1	63480
      1	63559
      1	63579
      1	63600
      5	63606
      1	63615
      3	63641
      1	63665
      1	63679
      1	63705
      1	63709
      9	63743
      1	63776
      1	63796
      1	63825
      1	63827
      1	63853
      1	63898
      1	63974
      1	63986
      3	63997
      1	64000
      1	64002
      1	64073
      1	64101
      1	64104
      1	64105
      2	64124
      7	64129
      1	64146
      3	64161
      1	64180
      1	64185
      5	64189
      1	64216
      1	64219
      1	64237
      1	64238
      2	64291
      1	64313
      2	64314
      2	64334
      2	64375
      1	64399
      1	64402
      1	64403
      1	64411
      1	64424
      1	64441
      1	64456
      1	64474
      1	64485
      1	64520
      1	64533
      1	64552
      5	64556
      1	64583
      1	64622
      1	64632
      1	64657
      1	64668
      1	64685
      1	64717
      1	64770
      1	64780
      2	64794
      1	64815
      1	64846
      1	64853
      1	64864
      2	64908
      2	64920
      1	64937
      2	64942
      2	64970
      3	64981
      2	64991
      2	65018
      1	65040
      1	65069
      2	65081
      1	65086
      1	65114
      1	65116
      1	65156
      1	65160
      1	65179
      2	65206
      1	65258
      3	65328
      2	65334
      1	65352
      2	65408
      1	65410
      2	65414
      2	65465
      1	65477
      3	65478
      1	65522
