      1	6
      1	14
      5	22
      2	91
      1	171
      1	214
      2	239
      1	322
      3	343
      1	394
      2	428
      1	505
      1	527
      1	538
      1	581
      1	590
     13	691
      1	740
      1	749
      2	754
      1	758
      2	766
      1	833
      1	836
      1	873
      2	877
      1	912
      1	976
      1	1016
      2	1036
      1	1039
      1	1053
      2	1068
      1	1070
      1	1105
      2	1162
      1	1173
      2	1190
      3	1232
      1	1248
      1	1359
      1	1378
      1	1392
      1	1405
      2	1462
      1	1473
      1	1525
      2	1556
      1	1616
      1	1645
      1	1658
      2	1702
      1	1707
      1	1733
      1	1737
      1	1738
      1	1757
      1	1802
      3	1813
      1	1857
      1	1896
      1	1911
      1	1948
      1	1989
      1	2050
      1	2077
      8	2093
      1	2114
      1	2120
      1	2150
      2	2321
      1	2386
      1	2417
      4	2439
      3	2475
      1	2503
      1	2505
      1	2522
      1	2559
      2	2563
      1	2609
      1	2659
      1	2665
      1	2671
      1	2683
      1	2708
      1	2757
      1	2808
      9	2817
      1	2864
      1	2997
      7	3020
      1	3043
      1	3045
      2	3060
      1	3111
     75	3131
      1	3170
      1	3191
      1	3204
      1	3245
      2	3247
      6	3255
      1	3351
      5	3356
      2	3358
      2	3376
      1	3429
     20	3486
      1	3495
      1	3512
      1	3584
      1	3608
      1	3663
      3	3732
      1	3745
      1	3774
      1	3934
      1	3963
      2	4151
      1	4158
      1	4198
      2	4245
      2	4286
      2	4318
      1	4372
      1	4401
      1	4443
      1	4462
      1	4528
      1	4553
      1	4657
      1	4731
      1	4754
      1	4773
      1	4822
      1	4926
      1	4993
      1	5007
      3	5013
      5	5112
      1	5140
      1	5160
      9	5161
      2	5206
      1	5210
      2	5228
      1	5232
      1	5238
      1	5260
      4	5287
      1	5300
      1	5423
      1	5452
      2	5475
      2	5549
      2	5565
      2	5585
      1	5640
      1	5658
      1	5682
      1	5720
      5	5769
      1	5792
      2	5810
      2	5844
      1	5847
      2	5888
      2	5941
      1	5943
      1	6070
      1	6107
      3	6119
      2	6156
      2	6235
      1	6239
      1	6263
      1	6286
      1	6293
      3	6332
      1	6358
      1	6366
      2	6370
      3	6387
      2	6389
      1	6395
      1	6446
      1	6491
      4	6497
      2	6551
      1	6571
      1	6578
      2	6638
      3	6654
      1	6677
      1	6710
      2	6745
      1	6748
      1	6778
      3	6934
      1	6937
     41	6980
      1	7013
      1	7050
      1	7056
      1	7083
      2	7108
      1	7153
      1	7171
      1	7219
      1	7252
      1	7267
      1	7359
      1	7435
      1	7443
      3	7459
      5	7466
      1	7490
      1	7505
      1	7552
      3	7649
      5	7651
      1	7706
      2	7734
      1	7804
      3	7842
      2	8054
      1	8067
      1	8074
      1	8085
      1	8093
      1	8096
      1	8097
      1	8139
      2	8141
      1	8150
      1	8154
      1	8279
      2	8297
      1	8366
      2	8381
      1	8473
      2	8525
      3	8560
      1	8642
      3	8647
      1	8677
      3	8698
      2	8733
      7	8736
      4	8760
      1	8763
      2	8801
      1	8936
      1	8944
      4	9002
      1	9011
      1	9028
      4	9162
      1	9311
      3	9347
      2	9383
      2	9386
      2	9412
      2	9485
      1	9493
      1	9543
      1	9563
      2	9610
      1	9652
      1	9683
      2	9705
      1	9735
      1	9787
      1	9790
     11	9797
      1	9861
      1	9876
      2	9896
      3	9900
      1	9938
      1	9949
      3	10009
      4	10022
      3	10030
      2	10097
      3	10175
      1	10213
      1	10241
      1	10280
      1	10334
      3	10348
      1	10354
      2	10427
      1	10449
      1	10490
      1	10491
      1	10558
      2	10581
      1	10591
      2	10662
      1	10732
      1	10793
      1	10891
      1	10950
      3	10977
      3	10978
      1	11058
      3	11059
      1	11067
      1	11231
      2	11251
      1	11297
      1	11382
      1	11404
      1	11458
      2	11459
      1	11501
      2	11524
      1	11608
      9	11611
      1	11634
      2	11701
      1	11718
      1	11803
      2	11831
      1	11879
      2	11880
      1	11897
      2	11990
      1	12083
      1	12084
      1	12128
      1	12161
      4	12170
      1	12242
      1	12280
      1	12308
      1	12341
      5	12397
      8	12505
      1	12509
      1	12615
      2	12650
      1	12667
      3	12704
      2	12708
      1	12745
      2	12798
      1	12804
      1	12814
      1	12818
      1	12826
     55	12866
      1	12936
      1	12948
      1	12975
      1	12997
      1	13009
     14	13083
      2	13088
      1	13096
      1	13172
      4	13238
      2	13291
      1	13327
      3	13387
      6	13388
      1	13414
      1	13418
      1	13440
      6	13481
      4	13490
      1	13661
      1	13679
      1	13699
      1	13709
      1	13734
      2	13738
      1	13765
      1	13772
      1	13805
      1	13886
      1	14054
      1	14153
      2	14171
      1	14190
      1	14191
      1	14198
      1	14214
      1	14289
      1	14376
      1	14386
      9	14392
      3	14430
      2	14435
      1	14444
      1	14478
      1	14488
      1	14490
      1	14514
      1	14628
      1	14656
      1	14675
      1	14693
      1	14740
      3	14863
      1	14901
      2	14921
      1	14947
      1	14978
      1	15001
      3	15027
      1	15064
      3	15088
      2	15106
      1	15110
      1	15144
      2	15188
      4	15199
      1	15222
      2	15276
      2	15282
      1	15299
      1	15302
      1	15304
      1	15355
      1	15449
      1	15467
      1	15504
      1	15514
      2	15516
      1	15548
      1	15561
      2	15587
      1	15604
      1	15605
      1	15642
      1	15772
      1	15816
      2	15856
      1	15929
      1	15979
      1	16021
      1	16070
      1	16102
      1	16124
      4	16143
      4	16153
      1	16174
      1	16200
      1	16203
      1	16226
      1	16230
      2	16276
      1	16430
      1	16465
      2	16472
      6	16503
      1	16684
      1	16711
      2	16723
      1	16801
      2	16835
      1	16890
      1	16896
      1	16935
      2	16937
      1	16976
      2	17005
      1	17067
      1	17089
      1	17109
      1	17146
      1	17187
      1	17216
      1	17220
      2	17255
      2	17265
      1	17270
      6	17271
      1	17305
      1	17311
      1	17316
      1	17339
      1	17346
      1	17349
     29	17352
      1	17472
      1	17474
      3	17498
      1	17510
      1	17580
      1	17587
      3	17613
      1	17615
      1	17621
      1	17655
      3	17738
      2	17773
      1	17781
      1	17816
      1	17824
      2	17880
      3	17934
      2	18024
      2	18025
      2	18046
      1	18065
      1	18106
      1	18109
      1	18165
      1	18170
      1	18174
      1	18178
      1	18195
      1	18228
      1	18241
      1	18264
      1	18338
      1	18357
      1	18362
      2	18387
      2	18417
      1	18420
      2	18504
      1	18507
      1	18550
      3	18590
      1	18638
      1	18668
      2	18670
      2	18691
      9	18696
      1	18706
      4	18735
      1	18899
      1	18902
      4	18962
      2	18992
      1	19074
      3	19134
      1	19190
      2	19301
      1	19339
      1	19343
      2	19370
      1	19402
      1	19524
      1	19579
      1	19616
      3	19620
      3	19664
      1	19720
      1	19744
      1	19745
      1	19775
      1	19785
      4	19879
      6	19904
      5	19911
      1	19947
      1	19956
      1	20024
      1	20028
      1	20036
      1	20072
      2	20081
      1	20152
      1	20172
      1	20212
      1	20222
      1	20260
      1	20287
      1	20345
      2	20401
      1	20483
      1	20528
      1	20655
      1	20718
      2	20743
      1	20788
      1	20802
      1	20803
      1	20812
      3	20865
      1	20988
      1	21015
      1	21062
      1	21095
      1	21201
      3	21204
      1	21251
      1	21264
      1	21285
      1	21291
      2	21293
      1	21295
     64	21342
      3	21428
      1	21432
      1	21459
      1	21513
      1	21533
      2	21544
      1	21607
      1	21677
      2	21733
      1	21872
      5	21926
     14	21931
      1	21950
      1	21989
      3	22039
      1	22128
      1	22134
      1	22144
      1	22148
      1	22164
      1	22194
      1	22286
      1	22296
      1	22304
      1	22330
      1	22383
      2	22389
      1	22408
      1	22423
      1	22479
      2	22515
      1	22516
      3	22624
      2	22713
      2	22771
      1	22859
      1	22870
      1	22874
      1	22902
      1	22917
      1	22954
      5	22980
      1	22983
      1	23002
      1	23013
      1	23062
      1	23101
      2	23105
      1	23114
      1	23136
      1	23174
      2	23183
      1	23188
      1	23192
      1	23245
      1	23307
      1	23343
      1	23437
      1	23555
      5	23560
      1	23566
      3	23577
      1	23578
      1	23596
      1	23622
      3	23720
      1	23767
      1	23780
      1	23790
      3	23799
      1	23808
      6	23809
      2	23828
      2	23843
      1	23899
      1	23922
      7	23976
      3	23988
      1	24042
      1	24049
      1	24089
      1	24218
      4	24221
      1	24265
      1	24333
      1	24334
      1	24337
      1	24376
      1	24394
      2	24412
      1	24429
      3	24465
      4	24513
      1	24583
      1	24672
      4	24698
      4	24703
      1	24741
      1	24794
      1	24800
      1	24801
      2	24818
      1	24860
      2	24957
      1	24994
      1	25004
      4	25024
      1	25096
      1	25129
      1	25133
      1	25145
      1	25152
      1	25161
      1	25202
      1	25278
      1	25291
      1	25419
      8	25445
      1	25511
      2	25517
      1	25536
      1	25538
      5	25563
      2	25565
      2	25575
      1	25647
      1	25663
      1	25803
      1	25825
      1	25834
      1	25871
      1	25876
      1	25967
      4	26002
      1	26013
      1	26097
      1	26202
      1	26227
      1	26244
      3	26286
      3	26290
      1	26329
      1	26349
      3	26359
      1	26420
      1	26446
      1	26451
      1	26472
      2	26516
      3	26544
      3	26652
      1	26666
      2	26777
      6	27039
      1	27052
      2	27070
      1	27078
      1	27131
      1	27231
      1	27232
      1	27286
      1	27388
      1	27404
      1	27478
      9	27485
      1	27603
      1	27607
      1	27680
      3	27708
      1	27752
      1	27775
      2	27797
      1	27830
      2	27954
      3	28017
      1	28035
      1	28047
      2	28084
      1	28196
      1	28230
      1	28250
      2	28270
      1	28302
      3	28308
      1	28310
      1	28327
      1	28365
      4	28419
      1	28435
      1	28438
      1	28523
      1	28538
      2	28569
      1	28624
      1	28637
      1	28639
      1	28643
      1	28720
      1	28729
      2	28731
      1	28750
      1	28788
      3	28802
      1	28822
      1	28861
      1	28883
      1	28885
      1	28889
      1	28903
      1	28957
      2	28960
      1	29045
      1	29099
      1	29153
      2	29193
      1	29202
      1	29207
     16	29224
      7	29257
      1	29342
      1	29364
      1	29417
      2	29450
      2	29462
      1	29469
      1	29484
      1	29496
      1	29515
      1	29612
      1	29696
      1	29717
      1	29735
      1	29807
      1	29874
      1	29880
      1	29893
      1	29933
      1	29936
      2	29948
      1	29995
      1	30018
     14	30045
      1	30058
      4	30119
      2	30133
      1	30149
      1	30153
      1	30154
      1	30332
     19	30360
      1	30401
      1	30402
      3	30427
      3	30443
      1	30450
      1	30456
      1	30462
      1	30476
      3	30570
      2	30601
      1	30629
      2	30708
      1	30716
     14	30727
      2	30764
      3	30776
      1	30798
      1	30811
      1	30816
      4	30824
      1	30867
      1	30882
      2	30923
      1	30954
      4	30956
      1	30977
      4	31050
      1	31078
      2	31094
      3	31098
      1	31104
      1	31175
      1	31231
      2	31247
     20	31249
      2	31256
      2	31261
      1	31373
      3	31397
      5	31404
      1	31455
      1	31456
      1	31474
      4	31477
      6	31557
      3	31608
      1	31633
      1	31636
      1	31842
      1	31964
      1	32004
      1	32032
      2	32091
      1	32193
      1	32226
      2	32235
      1	32260
      4	32270
      1	32308
      1	32383
      8	32426
      3	32478
      1	32541
      1	32573
      1	32574
      7	32621
      1	32657
      3	32675
      1	32696
      1	32701
      1	32705
      1	32746
      1	32767
      6	32831
      1	32865
      1	32950
      7	32981
      1	33030
      1	33032
      3	33061
      1	33097
      1	33181
      2	33277
      4	33292
      1	33411
      1	33412
      1	33499
      2	33500
      2	33513
      1	33523
      1	33550
      1	33570
      1	33640
      1	33674
      2	33685
      1	33700
      1	33738
      1	33748
      1	33779
      1	33929
      4	33971
      1	34018
      1	34034
      1	34110
      1	34158
      1	34210
      1	34241
      1	34264
      1	34324
      2	34357
      1	34393
      1	34550
      1	34580
      3	34601
      1	34680
      1	34708
      6	34723
      2	34728
      1	34795
      2	34797
      1	34806
      1	34830
      1	34846
      1	34883
      1	34884
      2	34885
      4	34909
      1	34965
      1	34990
      2	35014
      1	35025
      1	35100
      1	35193
      1	35207
      1	35208
      1	35237
      1	35269
      4	35313
      2	35330
      1	35348
     10	35360
      1	35382
      6	35387
      1	35435
      1	35447
      1	35475
      1	35501
      2	35545
      1	35556
      1	35614
      1	35647
      1	35684
      2	35708
      3	35717
      1	35748
      2	35802
      2	35814
      1	35836
      9	35862
      1	35878
     13	35882
      1	35946
      1	35949
      1	35950
      1	35966
      1	35982
      1	36028
      2	36044
      6	36056
      1	36146
      2	36163
      1	36186
      1	36247
      1	36293
      2	36295
      1	36438
      1	36441
      1	36450
      1	36499
      3	36500
      2	36566
      1	36628
      1	36631
      1	36664
      2	36674
      1	36690
      1	36713
      2	36715
      2	36754
      1	36780
      1	36796
      1	36803
      1	37024
      1	37034
      1	37052
      1	37111
      2	37129
      5	37149
      1	37156
      1	37226
      3	37260
      2	37316
      1	37322
      1	37350
      1	37359
      1	37367
      1	37420
      1	37454
      1	37464
      6	37474
      2	37541
      3	37553
      1	37594
      1	37597
      1	37634
      5	37709
      1	37743
      1	37751
      1	37784
      1	37788
      1	37810
      1	37814
      2	37846
      1	37892
      1	37908
      1	37913
      1	37927
      1	37997
      1	37998
      3	38120
      1	38134
      2	38164
      2	38188
      2	38243
      4	38271
      1	38309
      1	38313
      1	38343
      1	38381
      1	38403
     11	38439
      1	38447
      1	38468
     14	38480
      1	38498
      1	38557
      1	38665
      1	38704
     17	38756
      2	38807
      1	38846
      1	38848
      1	38874
      1	38888
      1	38920
      4	38938
      1	38977
      1	38983
      1	39025
      1	39101
      2	39156
      1	39172
      4	39184
      1	39191
      3	39193
      1	39233
      1	39243
      1	39249
      2	39302
      2	39325
      1	39384
      1	39408
      2	39419
      1	39427
      1	39432
      1	39443
      1	39458
      1	39476
      2	39489
      2	39494
      2	39524
      1	39589
      1	39624
      1	39675
      1	39756
      1	39785
      1	39868
      2	39875
      3	39897
      3	39996
      3	40031
     12	40063
      8	40093
      2	40170
      2	40210
      1	40211
      1	40223
      1	40252
      1	40298
      1	40318
      1	40368
      3	40387
      1	40395
      1	40437
      1	40527
      1	40575
      2	40583
      1	40640
      1	40652
      6	40738
      1	40788
     19	40830
      1	40855
      3	40920
      1	40944
      1	40978
      1	41032
      1	41070
      1	41202
      1	41216
      1	41245
      3	41315
      4	41394
      1	41421
      1	41427
      1	41482
      1	41492
      1	41533
      1	41547
      5	41582
      4	41600
      1	41619
      1	41653
      1	41656
      2	41658
      2	41669
      3	41723
      1	41753
     33	41771
      3	41849
      1	41941
      1	41980
      1	42041
      1	42051
      1	42069
      1	42108
      1	42144
      1	42175
      2	42201
      1	42235
      1	42274
      3	42279
      2	42284
     12	42322
      4	42372
      1	42399
      2	42500
      1	42517
      1	42526
      2	42597
      2	42651
      1	42674
      4	42689
      1	42846
      2	42851
      1	42855
      1	42942
      1	42953
      1	42982
      1	43047
      1	43055
      1	43072
      1	43081
      2	43207
      2	43212
      1	43225
      1	43261
      1	43289
      1	43294
      1	43336
      2	43458
      1	43469
      1	43552
      1	43564
      1	43609
      1	43611
      1	43648
      1	43689
      2	43715
      2	43763
      1	43764
      1	43777
      1	43789
      2	43829
      1	43832
      1	43852
      1	43856
      1	43873
      1	43874
      1	43987
      2	44074
      1	44114
      1	44124
      1	44166
      1	44180
      2	44182
      1	44193
      1	44215
      1	44271
      1	44321
      1	44324
      1	44355
      1	44489
      1	44596
      2	44617
      1	44844
      2	44856
      1	44878
      1	44882
      8	44896
      1	44914
      1	44961
      1	45018
      1	45088
      1	45100
      1	45210
      4	45219
      7	45248
      1	45284
      1	45396
      2	45422
      4	45425
      1	45427
      1	45496
      1	45611
      1	45758
      1	45774
      1	45775
      2	45778
      1	45796
      2	45823
      1	45824
      2	45841
     14	45847
      1	45888
      1	45893
      1	45921
      1	45943
      2	45949
      1	45958
      1	45998
      2	46073
      1	46101
      1	46113
      1	46114
      1	46125
      2	46126
      1	46207
      1	46259
     19	46261
     15	46285
      5	46301
      1	46329
      1	46397
      1	46499
      1	46505
      1	46530
      1	46574
      2	46595
      1	46646
      2	46656
      1	46664
      1	46680
      1	46705
      1	46725
      1	46740
      1	46753
      1	46766
      1	46776
      2	46796
      1	46799
      1	46828
      2	46919
      1	46962
      1	47041
      1	47048
      2	47086
      1	47099
      1	47101
      1	47134
      1	47135
      2	47226
      1	47278
      1	47296
      1	47307
     12	47311
      2	47472
      4	47527
      1	47584
      1	47611
      2	47634
      1	47721
      2	47762
      6	47770
      1	47875
      1	47882
      1	47899
      1	47920
      1	47931
      1	47938
      2	47988
      2	48000
      1	48011
      1	48033
      2	48064
      1	48096
      1	48134
      1	48216
      1	48265
      1	48329
      1	48359
      1	48589
      2	48708
      1	48721
      1	48827
      2	48870
      2	48924
      1	48965
      1	48989
      1	48993
      1	49004
      2	49107
      2	49142
      5	49176
      2	49196
      1	49201
      1	49232
     18	49361
      1	49541
      3	49586
      3	49598
      2	49605
      1	49753
      1	49773
      2	49789
      1	49831
      2	49844
      1	49893
      2	49922
      1	50031
      3	50100
      1	50181
      1	50188
      1	50314
      7	50340
      1	50372
      4	50413
      1	50457
      2	50468
      1	50481
      1	50485
      1	50497
      1	50508
      1	50515
      1	50537
      1	50559
      2	50564
      1	50565
      1	50607
      5	50660
      2	50680
      3	50703
      1	50760
      1	50777
      1	50810
      1	50872
      1	50910
      1	50915
      1	51021
      1	51046
      1	51061
      3	51063
      1	51099
      1	51115
      1	51198
      1	51201
      1	51210
      1	51307
      3	51354
      1	51406
      1	51440
      1	51576
      1	51591
      2	51631
      1	51671
      1	51672
      1	51757
      2	51792
      1	51823
      2	51835
      2	51900
      3	52007
      1	52025
      4	52054
      1	52116
      3	52181
      2	52358
      1	52398
      2	52401
      1	52414
      2	52422
      1	52439
      1	52483
      1	52563
      1	52602
      1	52610
      1	52613
      1	52660
      1	52739
      4	52794
      1	52908
      1	52918
      1	52971
      1	52985
      1	53065
      2	53169
      4	53176
     10	53195
      1	53196
      1	53329
      1	53346
      5	53358
      1	53375
      1	53401
      2	53402
      1	53420
      1	53423
      2	53436
      2	53489
      9	53502
      1	53515
      1	53521
      1	53556
      2	53567
      5	53596
      1	53648
      1	53649
      1	53651
      1	53707
      1	53710
      2	53770
      1	53807
      2	53820
      1	53960
      4	53997
      1	54013
      2	54014
      2	54148
      1	54183
      1	54184
      2	54240
      1	54244
      1	54245
      1	54248
      1	54300
      1	54312
      1	54406
      3	54422
      5	54430
      1	54449
      1	54459
      5	54508
      1	54528
      2	54669
      1	54672
      2	54692
      2	54745
      1	54785
      1	54811
      2	54813
      1	54834
      1	54887
      4	54916
      1	54946
      1	54960
      2	54972
      3	55018
      1	55030
      1	55165
      1	55217
      1	55229
      2	55242
      1	55303
      2	55355
      1	55359
      1	55362
      1	55365
      1	55382
      1	55418
      2	55477
      1	55483
      1	55528
      5	55587
      1	55615
      2	55635
      1	55640
      1	55661
      2	55705
      1	55732
      1	55763
      7	55818
      1	55836
      1	55861
      1	55864
      1	55879
      1	55899
      1	55908
      1	55919
      1	55950
      1	55975
      1	55997
      1	56028
      4	56034
      1	56038
      1	56039
      1	56055
      1	56056
      1	56084
      2	56091
      2	56147
      1	56160
      1	56205
      1	56230
      1	56281
      1	56350
      1	56360
      1	56396
      1	56423
      2	56437
      5	56442
      1	56574
      4	56693
      1	56791
      1	56829
      1	56838
      2	56855
      1	56874
      1	56903
      2	56905
      1	56917
      1	56965
      1	57005
      1	57025
      1	57074
      1	57119
     48	57133
     10	57144
      1	57154
      1	57178
      1	57194
      1	57218
      2	57241
      1	57271
      1	57294
      5	57332
      1	57346
      4	57374
      4	57395
      1	57410
      7	57489
      2	57494
      1	57496
      1	57514
      1	57520
      1	57524
      2	57564
     16	57566
      7	57599
      1	57688
      1	57750
      1	57777
      1	57828
      1	57831
      1	57855
      1	57910
      1	57911
      1	57965
      1	57983
      1	58025
      1	58111
      1	58208
      1	58216
      1	58222
      1	58223
      2	58297
      1	58335
      1	58414
      3	58477
      1	58521
      2	58527
      1	58616
      1	58621
      1	58651
      1	58670
      1	58750
      1	58778
      1	58805
      3	58812
      1	58862
      2	58880
      2	58950
      3	59089
      1	59111
      4	59140
      1	59304
      1	59332
      2	59504
      7	59512
      4	59559
      1	59567
      1	59607
      3	59688
      1	59699
      1	59854
      1	59867
      1	59935
      2	59939
      1	60015
      1	60053
      1	60058
      1	60117
     16	60210
      1	60215
      2	60224
      6	60295
      1	60343
      1	60344
      1	60376
      1	60396
      1	60487
      1	60497
      4	60501
      1	60565
      1	60660
      3	60682
      1	60730
      1	60745
      1	60750
      3	60842
      1	60847
      1	60880
      2	60890
     31	60909
      2	60959
      1	60966
      2	60975
      1	60994
      7	60995
      2	61011
      1	61092
      3	61116
      1	61125
      2	61141
      1	61217
      2	61236
      1	61261
      1	61267
      1	61335
      3	61390
      1	61398
      2	61501
      1	61531
      2	61602
      2	61683
      3	61760
      1	61773
      1	61832
      1	61849
      1	61968
      1	62042
      1	62051
      1	62063
      6	62098
      7	62099
      3	62157
      1	62179
      1	62189
      2	62290
      3	62311
      1	62319
      1	62400
      1	62525
     18	62534
      4	62579
      1	62582
      1	62588
      3	62610
      2	62629
      1	62645
      2	62654
      2	62715
      1	62726
      1	62736
      1	62801
      1	62803
      1	62846
      1	62862
      1	62899
      1	62916
      1	63002
      1	63031
      2	63097
      3	63114
      4	63124
      1	63147
      4	63248
      1	63276
      1	63291
     14	63338
      6	63363
      1	63409
      1	63414
      1	63450
      2	63480
      1	63509
      1	63549
      1	63660
      4	63665
      1	63710
      4	63789
      1	64043
      1	64068
      1	64084
      1	64180
      1	64205
      1	64233
      2	64242
      1	64277
      2	64278
      3	64375
      1	64411
      2	64444
      1	64485
      1	64515
      1	64546
      1	64557
      4	64579
      1	64699
      1	64750
      1	64876
      1	64883
      2	64896
      1	64900
      1	64920
      1	64932
      1	64951
      3	65049
      2	65051
      1	65078
      1	65138
      2	65156
      1	65181
      1	65195
      7	65214
      1	65232
      2	65234
      1	65245
      5	65258
      1	65315
      1	65408
      1	65423
      2	65477
      1	65493
