      3	11
      1	12
      1	22
      3	29
      3	41
      9	45
      1	56
      7	67
      1	71
      2	77
      1	86
      1	88
      9	91
      1	94
      1	99
     45	162
     20	175
      1	188
      1	195
      1	222
      2	223
      9	259
      1	268
      1	297
      2	303
      4	322
      1	331
      1	334
      1	336
      1	351
      3	366
      2	367
      1	380
      2	392
      1	399
      1	416
      1	422
      1	425
      5	426
      1	428
      1	433
      1	436
      1	437
      1	464
      1	476
      1	494
      5	505
      1	512
      2	515
      4	531
      7	538
      2	550
      1	555
      1	558
      2	567
      1	569
      2	574
      1	577
      4	584
      5	590
      2	593
      2	599
      1	607
      1	633
      1	646
      1	649
     14	664
      2	667
      2	702
      1	704
      5	712
      2	721
      1	722
      1	725
      1	731
      1	743
      1	749
      1	754
      1	756
      6	758
      1	766
      9	767
      2	770
     17	779
      1	782
      1	786
      1	793
      3	797
      1	816
      4	823
      2	841
      3	851
     12	865
      1	873
     10	880
      1	894
      2	912
      1	926
      2	938
      2	960
      1	965
      1	974
      4	977
      2	984
      1	1010
      3	1016
      1	1038
      1	1046
      1	1068
     10	1070
      1	1073
      1	1079
      2	1085
      1	1092
      1	1103
      1	1104
      1	1106
      1	1111
      1	1138
      1	1142
      1	1144
      2	1154
      1	1167
      1	1172
      4	1173
      1	1175
      1	1180
      1	1183
      1	1184
      1	1185
      7	1190
      3	1193
      4	1230
     11	1232
      3	1248
      1	1254
      7	1261
      4	1267
      1	1285
      1	1288
      1	1317
      1	1330
      2	1358
     11	1361
      1	1366
      8	1387
      3	1391
      2	1398
      2	1402
      5	1405
      1	1421
      1	1441
      1	1456
      1	1471
      3	1475
      8	1497
      2	1504
     18	1508
      1	1511
      4	1514
      3	1518
      1	1525
     10	1532
      1	1547
      1	1552
      1	1556
      1	1557
      5	1558
      2	1565
      1	1569
      1	1570
      1	1588
      1	1595
     10	1616
      1	1638
      1	1641
      1	1642
      1	1647
      1	1649
     22	1656
      1	1658
      1	1663
      2	1673
      1	1700
      1	1702
      2	1728
      1	1740
      3	1753
      3	1762
      1	1774
      1	1777
      1	1805
      1	1813
      2	1815
      4	1818
      1	1830
      1	1833
      2	1836
      1	1848
      5	1857
      4	1866
      1	1869
      2	1872
      4	1886
      1	1887
      1	1906
      1	1908
      1	1914
      1	1928
      3	1937
      2	2015
      4	2020
      1	2029
      1	2031
      1	2036
      3	2041
      4	2051
      2	2057
      5	2074
      2	2077
      1	2079
      8	2087
     30	2090
     32	2093
      2	2095
      1	2114
      1	2124
      8	2125
     34	2131
      1	2132
      1	2151
      2	2163
      1	2170
      1	2172
      2	2182
      6	2188
      1	2213
      2	2216
      1	2219
      2	2222
      3	2225
      1	2239
      1	2263
      1	2267
      1	2302
      1	2321
      1	2338
      1	2349
      1	2372
      2	2375
      1	2376
      5	2386
      3	2388
      1	2400
      2	2402
      1	2407
     16	2417
      1	2444
      1	2449
      4	2452
      6	2457
      2	2468
      2	2471
      3	2475
      1	2490
      2	2511
      1	2516
      1	2558
      2	2562
      4	2566
      1	2595
      2	2609
      1	2613
      1	2621
      3	2629
      4	2634
      2	2638
      1	2648
      1	2662
      9	2677
      3	2683
      1	2687
      4	2688
      7	2695
      1	2700
      1	2706
      1	2722
      1	2738
      5	2743
      1	2757
      2	2766
      1	2774
      1	2778
      5	2817
      6	2819
      1	2827
      2	2836
     12	2849
      2	2866
      1	2879
      1	2925
      1	2928
      1	2940
      1	2953
      1	2976
      1	2987
      5	2992
      1	2994
      2	3003
      5	3005
      7	3014
      1	3016
      1	3017
      4	3020
      1	3026
      1	3044
      1	3052
      1	3058
      1	3063
      2	3091
      3	3093
      2	3103
      2	3114
      2	3121
      1	3165
      2	3173
      2	3198
      3	3204
      1	3212
      3	3213
      2	3219
      2	3221
      2	3227
      1	3228
      2	3236
      1	3242
      1	3243
      1	3281
      1	3293
      1	3305
      1	3311
      1	3319
      1	3322
      2	3327
      3	3328
      1	3330
      2	3336
      1	3340
     24	3351
      1	3355
      1	3371
      1	3372
      2	3374
      2	3375
      1	3376
      1	3382
      1	3406
      1	3409
      1	3434
     11	3486
      4	3493
      2	3497
      2	3509
      4	3519
      1	3538
      1	3541
      5	3552
      1	3560
      1	3595
      3	3607
      1	3608
      1	3619
      1	3636
      1	3644
      2	3652
      3	3661
      2	3671
      1	3678
      2	3685
      9	3690
      2	3691
      1	3704
      5	3708
      2	3709
      1	3723
      2	3732
      5	3737
     11	3745
      4	3750
      2	3764
      1	3773
      3	3785
      1	3799
      1	3810
      1	3817
      1	3819
      1	3824
      7	3830
      8	3842
      1	3843
      3	3850
      1	3869
      4	3872
      1	3876
      3	3881
      1	3900
      1	3927
      5	3932
      3	3935
      1	3954
      1	3956
      1	3964
      2	3995
      1	3997
      1	4001
      1	4024
      1	4027
      8	4064
      3	4070
      5	4072
      1	4096
      1	4098
      5	4106
      7	4109
      2	4113
      2	4114
      3	4123
      1	4127
      1	4138
      6	4174
      1	4191
      1	4211
      1	4223
      1	4229
      3	4238
      1	4245
      1	4256
      1	4258
      6	4286
      1	4299
      4	4306
      2	4307
      2	4308
      2	4318
      2	4334
      1	4336
      1	4368
      1	4372
      1	4376
      2	4388
      2	4391
      1	4408
      1	4409
      1	4411
      2	4423
      2	4430
      2	4442
      1	4445
      2	4447
      3	4460
      1	4462
      1	4468
      1	4469
      1	4480
      1	4488
      1	4506
      3	4523
      2	4524
      2	4528
      1	4532
      1	4546
      1	4552
      1	4557
      1	4567
      2	4581
      1	4587
      3	4604
      2	4609
      1	4617
      3	4621
      2	4625
      3	4626
      1	4634
      1	4640
      1	4645
      1	4649
      1	4650
      8	4652
      5	4664
      1	4666
      1	4695
      1	4713
      4	4732
      1	4739
      2	4744
      1	4748
      1	4754
      2	4760
      1	4764
     12	4780
      2	4790
      1	4797
      2	4801
      2	4803
      1	4804
      1	4808
      2	4812
      1	4817
      1	4841
      1	4843
     18	4848
      1	4853
      1	4856
      2	4861
      2	4869
      1	4877
      1	4881
      3	4888
      5	4917
     44	4926
      1	4928
      3	4930
      1	4935
      1	4936
      1	4941
      1	4942
      1	4950
      8	4959
      1	4965
      1	4969
      2	4976
      1	4979
      1	4993
      1	5004
      2	5023
      6	5026
      3	5028
      1	5029
      2	5030
      1	5050
      1	5059
      1	5066
      2	5069
      3	5077
      1	5109
      2	5113
      1	5116
      1	5119
      3	5122
      1	5130
      1	5133
      1	5135
      1	5163
      5	5166
      1	5174
      2	5187
      2	5208
      1	5219
      1	5222
      3	5261
      1	5282
     10	5287
      2	5300
      1	5303
      1	5320
      1	5327
      1	5343
      1	5361
      1	5396
      7	5400
      2	5402
      1	5403
      5	5408
      1	5424
      1	5427
      3	5430
      1	5436
      1	5444
      1	5445
      1	5449
      1	5457
     13	5475
      4	5476
      1	5486
     18	5510
      1	5520
      1	5533
      1	5540
      1	5541
      1	5542
      1	5546
      1	5548
      6	5565
      1	5570
      2	5598
      1	5609
      2	5613
      1	5637
      5	5640
      2	5643
      1	5696
      1	5697
      1	5699
      2	5717
      3	5720
      2	5731
      1	5744
      1	5768
      2	5770
      1	5789
      1	5810
      2	5817
      8	5819
      2	5820
     19	5823
      4	5830
      7	5836
      1	5844
      2	5846
      1	5849
      1	5853
      1	5858
      4	5874
      1	5875
     17	5876
      5	5888
      2	5893
      1	5901
      6	5905
      2	5907
      1	5946
      1	5957
      1	5967
      1	5979
     13	6012
      1	6023
      3	6031
      6	6035
      1	6041
     13	6045
      1	6064
      7	6073
      2	6076
      3	6084
      1	6095
      4	6101
      4	6117
      4	6128
      1	6148
      1	6172
      3	6175
      1	6181
      1	6191
      1	6194
      4	6197
      1	6208
      5	6226
      2	6235
      8	6239
      1	6256
     15	6275
      1	6276
      1	6281
      1	6291
      6	6293
      1	6299
      1	6328
      1	6332
      3	6336
      1	6343
      2	6353
      1	6363
      1	6366
      1	6389
      1	6393
      4	6394
      4	6396
      1	6429
      1	6449
      1	6454
      3	6494
      8	6497
      3	6512
      2	6518
      3	6534
      1	6542
      2	6558
     12	6575
      2	6583
      3	6586
      4	6596
      1	6603
      1	6612
      2	6614
     10	6622
      1	6629
      2	6635
      4	6638
      2	6645
      2	6647
      1	6651
      1	6677
      1	6691
      1	6708
      5	6717
      3	6727
      5	6731
      1	6738
      8	6746
      1	6748
      3	6753
      2	6754
      4	6767
      1	6770
      5	6777
      1	6781
      2	6789
      1	6795
      3	6805
      4	6806
      1	6812
      1	6821
      1	6854
      1	6858
      1	6898
      1	6899
      1	6912
      1	6915
      1	6920
      1	6939
      2	6941
      1	6947
      1	6949
      2	6956
      4	6959
      1	6961
      1	6968
      1	6969
      4	6971
     19	6980
      1	6993
      1	7001
      4	7002
      4	7013
      4	7015
      1	7016
      1	7032
      2	7041
      1	7042
      1	7043
      1	7059
      1	7069
      1	7071
      2	7074
      1	7075
      1	7081
      1	7086
      1	7101
      1	7109
      2	7110
      9	7113
      2	7115
      2	7144
      1	7145
      2	7152
      1	7164
      1	7165
      5	7167
      1	7170
      1	7171
      4	7186
      1	7216
      1	7224
      1	7241
      1	7244
      1	7287
      1	7289
      1	7298
      7	7300
      2	7303
      2	7312
      1	7332
      2	7356
      5	7359
      2	7369
      1	7373
      1	7377
      2	7378
      2	7380
      1	7386
     11	7403
      3	7466
      3	7485
      1	7490
      1	7505
      1	7518
      1	7544
      2	7572
      3	7579
      1	7608
      1	7612
      2	7616
      1	7631
      1	7635
      1	7638
      2	7647
      1	7649
     11	7651
      1	7656
      1	7660
      2	7688
      1	7702
      4	7707
      3	7720
      1	7725
      2	7746
      1	7774
      1	7793
      1	7801
      4	7815
      3	7817
      2	7820
      2	7834
      1	7846
      1	7858
      1	7862
      1	7871
      1	7876
     15	7881
      1	7894
      1	7938
      2	7942
      1	7948
     11	7970
      4	7981
      3	8009
     11	8011
      5	8014
     10	8016
      1	8028
      2	8036
      1	8040
      1	8051
      1	8061
      1	8062
      3	8076
      1	8101
      2	8119
      4	8141
      1	8154
     17	8172
      6	8185
     16	8201
      1	8210
      1	8223
      5	8236
      2	8254
      5	8264
      1	8273
      6	8281
      1	8287
      1	8290
      1	8299
      1	8305
      1	8310
      8	8312
      2	8313
      1	8370
      1	8376
      1	8409
      2	8469
      1	8489
      1	8497
      2	8500
      1	8508
      8	8515
      1	8516
      3	8526
      3	8560
      2	8564
      1	8587
      3	8599
      5	8617
      1	8618
     14	8639
      2	8641
      1	8642
      1	8649
      1	8652
      3	8657
      2	8672
      2	8696
      4	8700
      1	8707
     10	8736
      1	8749
      2	8754
      1	8760
      2	8764
     25	8767
      2	8772
     13	8782
      1	8798
      2	8812
      1	8826
      1	8839
      1	8843
      2	8847
      2	8853
      1	8859
      1	8873
      3	8878
      2	8891
      1	8897
      1	8906
      1	8920
      1	8930
      1	8931
      3	8944
      1	8954
      1	8955
     16	8956
      1	8974
      2	8978
     11	8983
      3	8987
      1	8999
      1	9006
      1	9009
      1	9016
      2	9032
      1	9053
      2	9056
      5	9058
      1	9059
      2	9077
      2	9080
      1	9114
      1	9115
      1	9121
      4	9133
      3	9139
      5	9143
      1	9147
      1	9152
      2	9157
      1	9162
      1	9173
      1	9174
      7	9182
      2	9188
      1	9191
      5	9211
      4	9217
      1	9220
      1	9229
      4	9234
      1	9239
      2	9240
      1	9249
      1	9281
      1	9288
      1	9301
      9	9304
      2	9307
      1	9312
     24	9317
      1	9323
      1	9324
      5	9327
      2	9336
      1	9337
     19	9345
      2	9347
      5	9359
      1	9374
      1	9380
      2	9391
      1	9411
      1	9414
      4	9424
      4	9428
      1	9435
      1	9457
      1	9462
      1	9484
      3	9486
      1	9497
      3	9498
      4	9501
      2	9502
      1	9509
      1	9510
      1	9519
      1	9538
      1	9542
      1	9543
      1	9546
      5	9556
      3	9562
      1	9564
      1	9568
      1	9610
      1	9623
      1	9632
      1	9643
      3	9653
      1	9663
      2	9684
      2	9687
      2	9705
      2	9710
      1	9713
      1	9722
      1	9730
      7	9735
      1	9758
      1	9761
      1	9771
      1	9779
      1	9780
      8	9797
      1	9806
      1	9817
     12	9824
      2	9839
      1	9853
      3	9861
      1	9867
      1	9871
      3	9883
      1	9888
     27	9900
      1	9904
      1	9911
      2	9912
      1	9915
      1	9921
      1	9933
      1	9937
      1	9985
      5	9996
      1	9999
     14	10026
      1	10030
      1	10037
      1	10041
      3	10059
      1	10064
      3	10075
      2	10077
      1	10078
      1	10082
      1	10094
      1	10097
      2	10118
      1	10121
     10	10123
      2	10124
      1	10137
      1	10158
      2	10160
      1	10174
      1	10177
      2	10213
      2	10214
      1	10223
      1	10240
      1	10241
      9	10245
      1	10274
      4	10280
      1	10281
      2	10313
      6	10314
      1	10319
      1	10324
      4	10327
      1	10337
      9	10346
      1	10363
      2	10389
      1	10393
      1	10416
      1	10422
      1	10427
      1	10443
     11	10447
      1	10456
      1	10464
      3	10476
      1	10482
      1	10483
      1	10485
      2	10487
      2	10493
      1	10505
      4	10520
      1	10528
      2	10533
      1	10545
     31	10552
      3	10555
      1	10557
      1	10563
      3	10570
      2	10576
      1	10578
      9	10610
      2	10643
      2	10659
      1	10662
      1	10667
      1	10673
      1	10680
      1	10700
      1	10705
      2	10710
      1	10718
     17	10724
      1	10732
      4	10744
      5	10759
      2	10762
      1	10771
      1	10777
      2	10791
      2	10798
      1	10810
      1	10813
      1	10820
      3	10844
      1	10847
      1	10858
     11	10875
      1	10880
      1	10901
      2	10908
      1	10919
      1	10922
      1	10927
      1	10931
      1	10934
      1	10942
      5	10950
      3	10974
      1	10976
      2	10986
      1	10987
      2	10995
      1	10996
      3	10998
      1	11010
      6	11048
      1	11052
      1	11059
      1	11067
      1	11068
     15	11071
      1	11078
      6	11082
      1	11091
      1	11126
      2	11127
      1	11144
      1	11165
      1	11169
      1	11171
      1	11189
      1	11231
      4	11237
      1	11261
      2	11272
      1	11278
      1	11289
      1	11291
      1	11292
      6	11297
      3	11307
      1	11308
      2	11312
      2	11336
      1	11337
      3	11354
      2	11378
      1	11380
      3	11385
      5	11391
      1	11394
      1	11398
      1	11402
      1	11420
      1	11433
      1	11439
      1	11472
      1	11477
      4	11490
      3	11506
      3	11524
      2	11525
      9	11535
      1	11536
      1	11546
      4	11548
      1	11569
     68	11584
      1	11602
      1	11608
      1	11610
      1	11612
      3	11623
      1	11642
      1	11654
      2	11664
      1	11682
      1	11688
      2	11701
      2	11707
      1	11729
      1	11741
      1	11750
      9	11751
      1	11755
      3	11799
      1	11800
      2	11801
      1	11802
      1	11810
      1	11820
      2	11832
      1	11837
      2	11846
      1	11887
      2	11890
      1	11904
      1	11942
      4	11951
     14	11964
      1	11965
      2	11967
      1	11986
      2	12005
      1	12006
      1	12019
      1	12029
      1	12033
      1	12042
      2	12043
      2	12049
      1	12050
      1	12088
      1	12091
      7	12098
      2	12122
      1	12147
      1	12151
      2	12155
      1	12158
      3	12163
      2	12179
      1	12185
      2	12186
      1	12189
      2	12212
      1	12226
      1	12227
      2	12236
      1	12245
      1	12253
      1	12258
      1	12271
      1	12284
      1	12288
      1	12307
      1	12317
      1	12323
      4	12334
      2	12345
      1	12350
      7	12356
      6	12375
      2	12389
      1	12394
     10	12397
      1	12405
      1	12435
      5	12450
      1	12462
      1	12477
     11	12505
      3	12523
      1	12533
      1	12534
      1	12538
      2	12543
      1	12545
      1	12573
      1	12577
     11	12597
      1	12603
      1	12613
      1	12615
      2	12622
      2	12623
      1	12627
      1	12631
      1	12667
      1	12676
     29	12684
      3	12689
      1	12696
      1	12705
      3	12708
      1	12710
      3	12728
      1	12736
      1	12743
      5	12762
      1	12771
      1	12792
      2	12804
      5	12809
      4	12814
      9	12818
      1	12824
      1	12825
      5	12826
      1	12832
      2	12845
      1	12868
      1	12887
      1	12896
      1	12933
      1	12936
      1	12942
      1	12943
      3	12945
      1	12952
      1	12974
      1	12989
      1	13001
      1	13003
      8	13008
      2	13017
      8	13024
      1	13049
      1	13053
      3	13054
      3	13064
      2	13074
      1	13075
      1	13076
      1	13113
     23	13118
      1	13120
      2	13136
      1	13148
      5	13153
      1	13169
      2	13172
      2	13179
      2	13183
      1	13184
      1	13194
      3	13196
      1	13203
      1	13221
      2	13231
      1	13238
      5	13252
     10	13273
      2	13288
      1	13291
      1	13299
      3	13300
      1	13303
      1	13304
      1	13315
      1	13319
      2	13333
      2	13335
      1	13382
      1	13387
      1	13388
      1	13399
      2	13416
      1	13439
      3	13453
     22	13481
      2	13489
      7	13490
      1	13492
      1	13532
      1	13533
      2	13534
      1	13537
      2	13545
      2	13554
      1	13562
      2	13567
      1	13570
      1	13572
      1	13581
      1	13594
      4	13595
      1	13600
      1	13601
      1	13602
      1	13611
      1	13633
      4	13653
      2	13654
      2	13662
      2	13672
      1	13673
      1	13679
      2	13682
      1	13691
      5	13695
      4	13699
      9	13712
      2	13718
      1	13723
      3	13724
      6	13734
     20	13735
      6	13737
      4	13738
      5	13745
      2	13747
      1	13749
      2	13787
      1	13790
      1	13805
      6	13806
      1	13820
      1	13846
      1	13863
      2	13883
      1	13884
      2	13898
      2	13913
      1	13914
      1	13930
      1	13940
      1	13945
      1	13953
      1	13970
      2	14029
      2	14032
      1	14053
      1	14058
      1	14074
      1	14079
      2	14111
      1	14123
      6	14127
      6	14128
      1	14141
      2	14164
      1	14166
      4	14169
      3	14177
      1	14179
      1	14187
      2	14188
      1	14209
      2	14213
      1	14226
      1	14279
      2	14287
      1	14290
      3	14293
      2	14297
      2	14305
      1	14326
      4	14332
      1	14335
      4	14343
      1	14352
      1	14371
      1	14373
      1	14375
      1	14377
      4	14384
     15	14385
      7	14392
      1	14417
      1	14443
      4	14472
      2	14476
      1	14496
      1	14505
      3	14506
      2	14509
      1	14513
      1	14538
      5	14540
      1	14543
      1	14550
      3	14562
      1	14576
      1	14587
      2	14602
      3	14606
      1	14607
      1	14619
      2	14626
      1	14628
      1	14648
      2	14666
      1	14671
      1	14675
      1	14681
      4	14688
      4	14702
      2	14720
      1	14733
      1	14740
      1	14761
      1	14768
      1	14790
      1	14793
      4	14812
      1	14821
      1	14826
      2	14883
      1	14900
      1	14913
      1	14921
      4	14923
      1	14933
      1	14938
      1	14947
      3	14950
      1	14957
      1	14967
      1	14969
      2	14986
      2	14996
      1	14999
      3	15018
      8	15029
      3	15033
      3	15047
      2	15075
      1	15083
      1	15084
      6	15088
     28	15120
      2	15121
      4	15132
      1	15144
      1	15147
      1	15151
      2	15162
      3	15183
      1	15198
      1	15217
      4	15235
      1	15248
      1	15249
      1	15251
      1	15256
      2	15260
      2	15261
      3	15271
      8	15282
      2	15290
      1	15291
      1	15295
      4	15303
      1	15304
      2	15353
     10	15355
      2	15362
      1	15372
      4	15386
      1	15396
      1	15399
      1	15408
      1	15414
      1	15430
      1	15437
     10	15458
      3	15461
      7	15498
      2	15499
      1	15505
      1	15516
      3	15535
      1	15555
      2	15558
      5	15561
      3	15566
      4	15587
      1	15590
      3	15593
      1	15601
      2	15619
      1	15621
      1	15626
      1	15631
      1	15639
      1	15650
      1	15651
      3	15661
      2	15666
      5	15679
      1	15698
      5	15702
      1	15704
      3	15724
      4	15748
      1	15756
      1	15774
      1	15782
      1	15784
      1	15789
      1	15831
      1	15836
      2	15839
      1	15856
      1	15868
      1	15872
      1	15875
      1	15889
      1	15891
      1	15892
      2	15902
      4	15923
      1	15946
      2	15950
      1	15951
      1	15952
      2	15957
      1	15959
      1	15975
      1	15977
      8	15984
      8	15985
      1	15992
      1	15993
      3	16000
      3	16004
      6	16007
      1	16021
      4	16036
      1	16039
      1	16049
      1	16053
      1	16059
      1	16064
      2	16076
      1	16089
      1	16099
      2	16108
      4	16112
      1	16144
      9	16148
      1	16153
      1	16164
      1	16171
      3	16181
     10	16188
      2	16192
      2	16193
      3	16195
      1	16201
      1	16202
      1	16211
      1	16230
      1	16241
      1	16242
      8	16276
      1	16280
      1	16297
      2	16306
      1	16312
      1	16315
      1	16345
      1	16354
      2	16359
      6	16368
      1	16373
      1	16377
      1	16383
      1	16400
      1	16412
      4	16414
      1	16432
      1	16433
      1	16435
      1	16454
      1	16472
      1	16475
      3	16479
      1	16482
      1	16501
     29	16503
      1	16505
      2	16512
      1	16524
      1	16532
      6	16554
      1	16560
      2	16561
      1	16585
      1	16594
      2	16605
      1	16614
      4	16620
      2	16628
      3	16635
      4	16648
      1	16653
      1	16672
      1	16682
      1	16691
      2	16704
      1	16715
      1	16728
      6	16738
      1	16772
      1	16787
      1	16792
      1	16794
      4	16805
      3	16814
      1	16822
      1	16834
      1	16835
      1	16845
     10	16862
      3	16863
      1	16872
      2	16887
      3	16924
      1	16938
      1	16944
      1	16955
      1	16960
      4	16968
      2	16969
      1	16976
      1	16977
      1	16984
      1	16994
      1	16997
      2	17005
      1	17009
      4	17018
      4	17019
      8	17027
      2	17038
      1	17043
      1	17055
      1	17056
     14	17062
      1	17066
      1	17074
      2	17077
      1	17088
      1	17096
      1	17105
      1	17115
      3	17164
      1	17168
      1	17183
      1	17187
      6	17206
     12	17210
      6	17214
      2	17220
     17	17225
      1	17229
      1	17232
      1	17254
      7	17259
      8	17267
      9	17271
      4	17282
      4	17293
      2	17315
      1	17323
      1	17324
      1	17327
     25	17338
      1	17341
      1	17342
      4	17349
      5	17352
      2	17368
      1	17389
      1	17393
      1	17394
      1	17409
      1	17423
      5	17424
      1	17426
      1	17439
      1	17440
      3	17454
      1	17460
      2	17463
      3	17465
      6	17474
      1	17482
      2	17489
      2	17498
      1	17527
     10	17540
      1	17572
      3	17574
      2	17586
      1	17592
      1	17599
      1	17605
      1	17608
      4	17613
      8	17616
      1	17618
      1	17624
      2	17625
      1	17652
      1	17655
      1	17656
      2	17661
      1	17668
      1	17678
      1	17681
      2	17697
      2	17699
      1	17708
      2	17715
      3	17736
      2	17743
      3	17757
      4	17773
      2	17796
      2	17801
      1	17813
      1	17817
      1	17825
      1	17833
      2	17845
      8	17864
      1	17875
      4	17879
      3	17883
      9	17895
      5	17916
      1	17940
      1	17949
      1	17955
      3	17990
      7	18003
      1	18023
      1	18054
      1	18069
      3	18076
      5	18077
      2	18081
      1	18083
      4	18100
      1	18106
      4	18109
      1	18114
      1	18133
      1	18135
      1	18142
      2	18160
      2	18176
      1	18178
      6	18179
      3	18180
      1	18186
      1	18188
      1	18206
      5	18207
      1	18219
      1	18251
      1	18278
      2	18279
      5	18312
      1	18321
      1	18333
      2	18340
     17	18348
      5	18353
      1	18354
      2	18364
      3	18387
      1	18391
      1	18392
      1	18394
      1	18402
      1	18403
      2	18406
      4	18413
      1	18419
      1	18422
      1	18433
      3	18436
      1	18442
      2	18443
      5	18444
      2	18472
      1	18496
      2	18498
      6	18504
      1	18508
      1	18511
      1	18513
      1	18518
      1	18520
      1	18521
      1	18530
      1	18542
      7	18567
      1	18572
      6	18590
      3	18613
      1	18621
      3	18633
      4	18636
      3	18656
      2	18660
      1	18679
      1	18684
      2	18691
      2	18696
      3	18710
      1	18720
      1	18723
      2	18747
      1	18749
      2	18768
      2	18770
      7	18778
      1	18780
      2	18790
      1	18792
      1	18795
      1	18811
      1	18814
      1	18823
      1	18826
      1	18827
      1	18842
      2	18843
      2	18865
      4	18885
      1	18905
      1	18907
      3	18919
      1	18935
      2	18937
      4	18939
      1	18945
      2	18962
      5	18992
      1	18993
      3	19002
      2	19016
      1	19018
      1	19026
      1	19041
      1	19053
      3	19066
      1	19078
      1	19094
      1	19101
      1	19111
      3	19113
      1	19130
      3	19138
      4	19150
      2	19173
      1	19209
      1	19212
      1	19221
      1	19223
      2	19224
      1	19241
      2	19248
      3	19251
      2	19259
      1	19269
      1	19279
      1	19285
      1	19305
      1	19319
      2	19321
      4	19339
      1	19340
      2	19355
      2	19356
      1	19361
      1	19362
      3	19366
      2	19371
      2	19372
      6	19402
      1	19420
      1	19425
      1	19431
      1	19446
      1	19452
      1	19475
      1	19485
      2	19494
      1	19503
      1	19506
      1	19510
      1	19512
      1	19524
      2	19539
      5	19549
      1	19572
      1	19578
      4	19580
      7	19582
      6	19585
      7	19588
      1	19597
      1	19601
      4	19616
      5	19622
      1	19624
      1	19633
      4	19641
      1	19649
      1	19650
      1	19659
      4	19678
      1	19685
      1	19689
      1	19690
      2	19692
      1	19721
      2	19732
      1	19743
      1	19757
      1	19763
      1	19775
      1	19779
      2	19785
      2	19788
      4	19790
      1	19794
      2	19804
      1	19816
      1	19834
      2	19853
      1	19857
      2	19859
      2	19869
      1	19879
      3	19891
      1	19892
      2	19900
      1	19903
      2	19911
      4	19912
      4	19919
      1	19944
      1	19957
      1	19960
      1	19974
     11	19976
     14	19991
      2	20003
      1	20015
      2	20023
      2	20024
      5	20028
      2	20030
      1	20034
      1	20035
      4	20049
      2	20058
      1	20084
      1	20098
      1	20118
      1	20152
      1	20156
      2	20159
      2	20160
      1	20162
      1	20172
      2	20176
      2	20191
      1	20195
      1	20205
      1	20206
      1	20208
      2	20213
      1	20222
      1	20227
      1	20236
      2	20249
      1	20260
      2	20261
      1	20264
      3	20267
     10	20268
      1	20273
      1	20279
      1	20307
      2	20318
      5	20323
      1	20324
      1	20326
      1	20347
      1	20370
      2	20382
      8	20390
      1	20405
      1	20414
      1	20419
      3	20422
      2	20439
      1	20445
      1	20452
      1	20453
      1	20482
      8	20483
      1	20506
      1	20513
      1	20515
      1	20516
      1	20528
      1	20544
      1	20545
      2	20551
      1	20573
      2	20599
      1	20602
     19	20611
      2	20612
      1	20613
      2	20625
      1	20626
      4	20658
      1	20660
      1	20671
      2	20678
      4	20682
      4	20683
      2	20729
      1	20735
      3	20768
      3	20774
      1	20784
      1	20787
      1	20788
      4	20800
      1	20805
      4	20814
      1	20821
      2	20827
      4	20837
      1	20844
      1	20855
     12	20865
      1	20871
      2	20882
      1	20883
      1	20885
      2	20887
      1	20899
      1	20910
      1	20922
      1	20924
      3	20926
      3	20955
      3	20960
      1	20965
      2	20988
      1	20994
      4	20997
      1	21001
     10	21022
      2	21034
      1	21049
      2	21050
      1	21060
      1	21062
      8	21079
      3	21082
      2	21109
      4	21124
      1	21129
      1	21144
      2	21160
      3	21164
      1	21170
     12	21180
      5	21201
      1	21204
      1	21207
      2	21213
      1	21215
      3	21221
      1	21227
      1	21255
      1	21256
      1	21271
      1	21276
      4	21285
      1	21289
      1	21293
      2	21321
      1	21337
      1	21342
      1	21346
      1	21359
      2	21378
      6	21380
      4	21393
      1	21394
      1	21413
      1	21428
      4	21464
      2	21466
      1	21467
      1	21469
      4	21483
      1	21486
      1	21488
      1	21492
      1	21493
      1	21507
      2	21532
      4	21552
      2	21553
      5	21563
      1	21571
      1	21573
      1	21588
      1	21599
      1	21602
      1	21605
      1	21606
      2	21607
      1	21621
      7	21623
      6	21628
      1	21639
      3	21647
      1	21650
      1	21664
      2	21665
      1	21671
      1	21678
      1	21681
      1	21686
      2	21691
      1	21693
      1	21713
      1	21714
      4	21724
      1	21740
      1	21754
      2	21766
      1	21799
      2	21800
      2	21814
      1	21817
     36	21822
      2	21833
      1	21839
      1	21856
      1	21859
      1	21860
      2	21864
      1	21874
      1	21882
      3	21892
      1	21909
      5	21911
      1	21915
      5	21926
      1	21942
      3	21944
      1	21957
      1	21971
      2	21989
      4	21992
      5	22010
      1	22012
      1	22026
      3	22047
      2	22055
      1	22063
      2	22065
      3	22070
      1	22098
      3	22118
      1	22128
      1	22134
     10	22164
      1	22170
      1	22171
      2	22176
      4	22188
      2	22190
      1	22194
      1	22198
     28	22204
      7	22206
      1	22219
      1	22220
      1	22221
      2	22227
      1	22230
      1	22235
      1	22264
      1	22277
      1	22287
      1	22288
      2	22290
      2	22292
      1	22298
      6	22305
      1	22309
      5	22314
      1	22329
      5	22335
     16	22336
      1	22339
     10	22365
      1	22374
      1	22381
      4	22384
      2	22386
      4	22392
      1	22402
      1	22411
      4	22417
      4	22426
      3	22441
     32	22447
      1	22466
      3	22475
      2	22481
      1	22482
      2	22495
      2	22515
      6	22516
      1	22523
      2	22532
      1	22545
      1	22548
      2	22550
      1	22554
      3	22576
      1	22588
      2	22601
      3	22607
      1	22612
      1	22624
      4	22625
      1	22631
      1	22640
      1	22643
      1	22644
      3	22646
      1	22653
      1	22658
      1	22666
      1	22670
      1	22671
      1	22679
      2	22680
      2	22689
      1	22692
      1	22694
      3	22699
      3	22700
     12	22713
      1	22716
      1	22722
      6	22743
      8	22744
      1	22792
      5	22806
      2	22812
      1	22821
      1	22823
      4	22827
      1	22862
      1	22893
      2	22899
      1	22902
      2	22903
      1	22905
      1	22910
      2	22915
      3	22926
      1	22935
      2	22938
      1	22944
      2	22957
      3	22958
      1	22961
      8	22970
      1	22973
      1	22978
      4	22980
      1	22995
      1	23000
      1	23006
      4	23013
      1	23015
     13	23029
      3	23030
      5	23033
      1	23050
      1	23074
      1	23079
      1	23092
      1	23095
      2	23100
      2	23105
      1	23114
      2	23119
      2	23134
      4	23159
      1	23166
      3	23168
      1	23176
      1	23191
      1	23195
      2	23210
      2	23218
      4	23253
      2	23266
      2	23267
      9	23278
      2	23304
      4	23311
      1	23313
      4	23333
      1	23335
      1	23350
      1	23354
      1	23360
      1	23370
      1	23381
      3	23385
      1	23395
      1	23399
      1	23403
      1	23405
      2	23410
      1	23412
      1	23418
      1	23419
      5	23435
      1	23436
      1	23440
      4	23449
      1	23453
      6	23456
      5	23463
      1	23473
      2	23483
      1	23494
      2	23511
      1	23513
     14	23526
      1	23528
      1	23536
      1	23539
      1	23543
      2	23547
      1	23560
      4	23566
      1	23572
      1	23574
     29	23577
      1	23594
      1	23596
      1	23599
      1	23606
      3	23611
      1	23626
      1	23627
     13	23653
      1	23680
      2	23683
      1	23685
      2	23692
      1	23703
      1	23737
      3	23764
      2	23772
      1	23775
      1	23808
      1	23828
      1	23851
      1	23852
      1	23861
      2	23869
      1	23879
      1	23900
      1	23918
      1	23920
      2	23923
      3	23925
      1	23947
      1	23961
      1	23978
      1	23983
      1	23988
      2	23999
      2	24002
      4	24014
      1	24026
      2	24038
      1	24044
      1	24050
      2	24054
      7	24058
      1	24068
      2	24106
      6	24111
      1	24114
      2	24116
      1	24117
      1	24136
      1	24149
      1	24157
      1	24172
      1	24182
      1	24187
      2	24227
      1	24228
      1	24230
      1	24265
      1	24271
      1	24274
      2	24279
      1	24302
      1	24324
      3	24325
      1	24331
      1	24333
      1	24334
      1	24339
      6	24345
      1	24356
      3	24367
      1	24375
      2	24376
      4	24384
      3	24394
      2	24406
     14	24412
      1	24420
      4	24432
      1	24440
      1	24458
     10	24469
      2	24472
      1	24480
      1	24486
      1	24489
      1	24492
      2	24506
      1	24511
      1	24536
      2	24567
      1	24570
      1	24572
      1	24573
      1	24574
      1	24589
      1	24610
      1	24615
      5	24656
      3	24672
      2	24685
      1	24687
      1	24695
      1	24696
      1	24722
      1	24736
      2	24741
      1	24755
      1	24757
      1	24764
      8	24794
      1	24800
      1	24801
      3	24804
      2	24806
      2	24807
     54	24817
      4	24818
      1	24825
      3	24826
      1	24829
      1	24830
      2	24837
      3	24839
      1	24852
      1	24855
      2	24860
      1	24862
     17	24931
      1	24939
      1	24941
      2	24963
      1	24976
      9	24990
      2	25024
      1	25026
      3	25046
      1	25049
      4	25054
      1	25062
      2	25085
      3	25096
      1	25099
      2	25109
      1	25113
      3	25116
      3	25125
      2	25129
      6	25133
      2	25141
      1	25144
      2	25145
      1	25152
      5	25163
      1	25173
      1	25193
      1	25195
      1	25198
      1	25226
      2	25228
      4	25233
      1	25240
      1	25272
      1	25278
      3	25311
      1	25312
      3	25324
      6	25338
      1	25339
      1	25360
      1	25364
      2	25381
      1	25395
      1	25398
      2	25419
      1	25436
      1	25439
      1	25445
      3	25455
      3	25461
      1	25480
      2	25483
      1	25489
      1	25491
      2	25502
      1	25512
      3	25515
     11	25517
      1	25519
      4	25527
      2	25533
      1	25549
      3	25553
      6	25563
      1	25576
      1	25585
      1	25590
      3	25610
     10	25620
      3	25630
      1	25640
      1	25656
      1	25659
      3	25663
      1	25666
      1	25678
     10	25689
      5	25695
      2	25700
      1	25712
      2	25714
      4	25757
      1	25760
      1	25768
      1	25774
      1	25776
      3	25781
      1	25789
      1	25801
      3	25813
      1	25819
      2	25830
      1	25834
      1	25837
      2	25838
      2	25842
      2	25869
      1	25875
      1	25880
      3	25891
     13	25899
      1	25900
      1	25939
      3	25944
      5	25960
      1	25965
      2	25974
      1	25979
      7	25985
      3	26002
      1	26003
      1	26021
      1	26027
      2	26036
      1	26037
      3	26043
      1	26045
      1	26053
      2	26060
      2	26069
      2	26075
      1	26093
     10	26111
      1	26114
      1	26125
      8	26135
      1	26146
      1	26166
      1	26177
      1	26192
      5	26202
      5	26207
      1	26211
      1	26229
      1	26238
      2	26244
      1	26246
      1	26259
      2	26260
      1	26270
      1	26279
      2	26287
     16	26290
      1	26291
      1	26327
      4	26359
      1	26364
      1	26368
      5	26382
      1	26398
      2	26414
      3	26435
      2	26456
      2	26458
      1	26460
      1	26474
      2	26497
      1	26503
      2	26508
      2	26525
      2	26533
      1	26544
      1	26549
      3	26556
      1	26562
      1	26563
      8	26564
      2	26568
      3	26583
      1	26587
      2	26597
      1	26625
      2	26630
      1	26636
      1	26640
      2	26642
      3	26644
      2	26661
      1	26685
      2	26702
      2	26703
      1	26713
      1	26726
      2	26741
      2	26748
      2	26772
     54	26777
      1	26798
      2	26805
      2	26806
      1	26821
      1	26826
     11	26828
      2	26838
      2	26840
      2	26841
      1	26842
      3	26850
     14	26857
      2	26886
      2	26887
      1	26897
      1	26899
      1	26909
      1	26912
      2	26927
      1	26928
      1	26931
      4	26940
      4	26959
      2	26964
      1	26966
      1	26992
      1	26994
      1	26996
      1	27009
      1	27011
      1	27021
      1	27024
      1	27028
      2	27038
      6	27039
      1	27043
      2	27046
      2	27052
      1	27069
      1	27084
      1	27087
      4	27105
      2	27107
      3	27117
      1	27120
      1	27125
      2	27131
      1	27148
      2	27151
      6	27155
      2	27159
      1	27173
      1	27180
      1	27192
      1	27198
      1	27228
      1	27230
      1	27231
      1	27241
      2	27257
      1	27259
      5	27263
      1	27272
      5	27286
      1	27289
      2	27297
      1	27302
      3	27323
      2	27324
      1	27350
      2	27357
      2	27361
      4	27382
      2	27401
      6	27409
      1	27411
      1	27414
      1	27418
      1	27429
      3	27432
      1	27433
      2	27443
      5	27446
      1	27469
      1	27476
      2	27481
      5	27495
      1	27503
      3	27510
      1	27518
      2	27519
     12	27524
      2	27538
      2	27544
      2	27552
      1	27554
      1	27568
      1	27579
      2	27586
      7	27598
      2	27615
      1	27617
      6	27620
      1	27622
      1	27636
      1	27665
      2	27690
      1	27708
      1	27724
      7	27728
      1	27740
      3	27744
      1	27745
      2	27752
      1	27756
      5	27773
      1	27787
      1	27790
      1	27814
      3	27828
      1	27853
      4	27854
     11	27856
      2	27862
      1	27867
      3	27873
      3	27880
      1	27883
      3	27920
      1	27938
      1	27940
      7	27944
      1	27959
      1	27960
      5	27966
      4	27991
      1	27992
      2	28002
      1	28008
      3	28012
      3	28015
      5	28017
      2	28025
      2	28051
      1	28060
      1	28068
      1	28070
      1	28089
      1	28106
      1	28107
      1	28136
      2	28140
      1	28144
      2	28156
      1	28181
      1	28203
      1	28220
      4	28231
      1	28234
      1	28241
      1	28250
      2	28256
      2	28274
      1	28279
      1	28283
      3	28293
      1	28302
      2	28303
      1	28305
      1	28321
      1	28323
      2	28324
      2	28331
      1	28335
      3	28346
      1	28349
      1	28353
      1	28358
      1	28364
      3	28365
      3	28389
      1	28396
      1	28398
      1	28405
      5	28407
      1	28426
      1	28427
     10	28438
      2	28440
      1	28451
      1	28459
      3	28463
      1	28469
      1	28478
      1	28479
      1	28482
      1	28487
      1	28489
      1	28493
      4	28495
      1	28510
      2	28521
      1	28522
      6	28523
      1	28538
      1	28552
      5	28558
      3	28581
      1	28584
      1	28601
      2	28605
      1	28609
     10	28615
      2	28621
      1	28649
      2	28651
      2	28692
      2	28716
      3	28731
      1	28762
      6	28809
      1	28817
      2	28824
      1	28839
      6	28855
      1	28861
      1	28877
      6	28879
      2	28885
      1	28906
      1	28911
      1	28952
      2	28957
      5	28960
      1	28967
      1	28974
      3	28978
      2	28995
      1	28997
      5	29002
      1	29011
      1	29025
      3	29027
      2	29046
      3	29068
      2	29091
      1	29097
      1	29101
      2	29103
      5	29110
      1	29118
      1	29133
      6	29146
      1	29164
      1	29165
      3	29168
      1	29195
      1	29197
      2	29202
      1	29213
      2	29215
      1	29221
      2	29227
      3	29246
      1	29255
     14	29257
      1	29264
      2	29266
      1	29270
      1	29289
      1	29309
      9	29311
      1	29320
      6	29323
      1	29324
      1	29357
      1	29364
      3	29374
      6	29377
      1	29381
      1	29426
      3	29446
      1	29449
      1	29455
      1	29477
      1	29481
      1	29484
      2	29499
      1	29555
      2	29558
      3	29564
      1	29566
      1	29588
      1	29592
     11	29596
      1	29601
      1	29607
      2	29614
      3	29635
      1	29642
      1	29650
      2	29657
      3	29670
      1	29677
      3	29692
      1	29713
      2	29715
      3	29718
      2	29753
      2	29772
      2	29781
      1	29790
      1	29801
      1	29808
      2	29819
      6	29826
      1	29844
      1	29848
      1	29855
      1	29876
      2	29879
      4	29888
      1	29899
      1	29917
      1	29938
      3	29945
      5	29948
      1	29958
      1	29969
      1	29988
      1	29989
      4	29994
      5	30024
      1	30032
      1	30054
      1	30055
      1	30066
      1	30071
      1	30075
      2	30081
      1	30096
      1	30102
      1	30109
      4	30119
      1	30141
      1	30143
      1	30144
      1	30159
     12	30167
      4	30177
      1	30179
      2	30206
      2	30216
      1	30248
      2	30257
      3	30272
      1	30291
      1	30298
      2	30313
      1	30316
      1	30317
      1	30319
      3	30324
      1	30329
      4	30344
      2	30352
      1	30355
     10	30360
      1	30363
      1	30388
      1	30394
      2	30395
      1	30402
      1	30406
      4	30427
      1	30433
      1	30438
      1	30440
      1	30443
      2	30447
      1	30450
      1	30458
     16	30460
      1	30462
      1	30472
      5	30474
      1	30501
      3	30505
      1	30512
      1	30522
      2	30524
      1	30527
      2	30534
      1	30544
      2	30555
      1	30556
      3	30565
      1	30571
      3	30578
      1	30580
      1	30581
      1	30591
      2	30595
      1	30600
      1	30605
      2	30611
     15	30613
      1	30620
      1	30640
      1	30659
      1	30660
      1	30661
      4	30672
      2	30686
      1	30687
      1	30710
      2	30711
      2	30718
      1	30727
      2	30733
      1	30742
      6	30754
      1	30760
      2	30769
      1	30776
      2	30778
      1	30783
      3	30801
      1	30819
      1	30820
      1	30829
      2	30857
      1	30861
      1	30867
      1	30880
      1	30895
      1	30900
      1	30912
      1	30921
      9	30922
      1	30931
      1	30934
      2	30941
      6	30946
      2	30956
      1	30957
      6	30958
      1	30964
      1	30971
      1	30981
      4	30983
      4	31000
      1	31011
      2	31022
      2	31025
      2	31032
      1	31038
      3	31049
      2	31059
      1	31061
      2	31068
      2	31078
      1	31086
      4	31088
      1	31093
      1	31103
      1	31111
     12	31119
      2	31140
      1	31152
      8	31153
      3	31156
      1	31158
      1	31164
      1	31166
      2	31178
      5	31200
      1	31212
      1	31219
      3	31238
      5	31249
      1	31250
      1	31252
      3	31256
      1	31258
      1	31265
      1	31268
      3	31271
      1	31289
      1	31321
      1	31322
      1	31328
      1	31333
      1	31340
      1	31356
      3	31360
      1	31364
      1	31377
      2	31381
     17	31395
      6	31397
      2	31404
      1	31407
      2	31423
      1	31435
      1	31437
      2	31455
      1	31474
      2	31480
      1	31484
      1	31499
      2	31511
      1	31520
      5	31535
      6	31550
      5	31557
      1	31560
      1	31564
      1	31577
      1	31581
      4	31585
      1	31588
      1	31594
      1	31602
      3	31608
      3	31613
      2	31615
      2	31626
      1	31630
      2	31642
      1	31654
      1	31658
      1	31670
      1	31674
      1	31693
      3	31703
      3	31706
      1	31712
      4	31728
      1	31774
      2	31787
      1	31789
      1	31790
      1	31806
      2	31812
      1	31823
      2	31833
      1	31837
      2	31842
      2	31848
      1	31859
      3	31860
      3	31873
      1	31896
      1	31903
      1	31904
      1	31918
      1	31929
      3	31943
      1	31945
      1	31958
      3	31962
      4	31982
      6	32004
      7	32032
      2	32046
      1	32087
      1	32100
      1	32103
      3	32114
      4	32117
      1	32127
      1	32128
      1	32137
      2	32147
      3	32148
      1	32154
      1	32193
      2	32194
      5	32204
      1	32205
      1	32206
     11	32224
      4	32249
      1	32257
      1	32261
      1	32265
      1	32279
      2	32309
      1	32326
     19	32345
      1	32372
      1	32383
      1	32386
      2	32390
      4	32404
      6	32405
      1	32415
      4	32426
      5	32431
      7	32439
      1	32456
      1	32461
      1	32483
      5	32515
      1	32517
      2	32520
      1	32538
      1	32544
      2	32547
      2	32551
      1	32568
      2	32574
      5	32583
      1	32585
      1	32597
      1	32604
      2	32611
      1	32620
      2	32621
      1	32643
      1	32648
     24	32657
      2	32660
      4	32662
      1	32671
      4	32674
      1	32675
      3	32678
      5	32689
      1	32702
      1	32704
      6	32709
      3	32714
      1	32717
      2	32718
      1	32731
      4	32735
      1	32747
      1	32748
      4	32754
      2	32767
      1	32770
      1	32784
      3	32809
      2	32810
      3	32814
      1	32831
      1	32851
      8	32857
      9	32863
      4	32871
      2	32876
      1	32886
      1	32889
      2	32899
      2	32900
      1	32903
      1	32909
      2	32912
      4	32916
      1	32934
      1	32953
      4	32967
      1	32969
      1	32995
      3	33027
      2	33045
      1	33057
      2	33061
      1	33064
      1	33069
      6	33074
      2	33124
      1	33129
      1	33134
      2	33137
      3	33143
      1	33171
      2	33194
      1	33196
      1	33202
      2	33210
      2	33211
      2	33219
      1	33220
      1	33224
      3	33226
      2	33253
      3	33260
      2	33272
      1	33281
      2	33291
     24	33292
      2	33306
      1	33311
      2	33313
      2	33317
      1	33318
      1	33328
      3	33337
      4	33354
      1	33356
      1	33369
      2	33375
      1	33378
      1	33387
      1	33400
      1	33406
      1	33410
      1	33433
      8	33454
      2	33456
     12	33458
      1	33460
      1	33462
      1	33469
      1	33475
      1	33476
      2	33484
      1	33485
      2	33486
      1	33493
      1	33495
      4	33500
      1	33502
      2	33511
      1	33514
      1	33516
      3	33527
      2	33549
      1	33555
      1	33565
      1	33584
      1	33599
      1	33611
      3	33630
      3	33651
      5	33662
      2	33674
      1	33675
      1	33676
      1	33685
      2	33687
      1	33692
      1	33693
      1	33705
      1	33708
      1	33713
      1	33721
      1	33724
      1	33736
      5	33738
      1	33739
      1	33757
      2	33763
      1	33767
      1	33768
      1	33779
      1	33799
      1	33808
      1	33810
      1	33814
      1	33831
      1	33845
      1	33874
      2	33879
      1	33881
      1	33887
      1	33894
      1	33895
     10	33917
      2	33921
      2	33932
      2	33957
      1	33971
      2	33972
      3	33982
      1	33991
     13	33992
      1	33995
      3	34010
      1	34029
      1	34032
      6	34035
      1	34042
      1	34060
      1	34062
      1	34063
      2	34084
      3	34090
      2	34105
      3	34110
      1	34129
      8	34133
      2	34158
      1	34159
      2	34165
      2	34170
      1	34205
      2	34210
      4	34218
      4	34219
      2	34225
      1	34228
      2	34234
      8	34241
      1	34279
      1	34286
      4	34294
      3	34303
      2	34326
      1	34332
      1	34335
      2	34340
      1	34341
      1	34358
      1	34369
      1	34371
      7	34374
      1	34380
      3	34388
      5	34392
      1	34401
      1	34405
      1	34426
      1	34428
      5	34440
      1	34443
     25	34452
      1	34453
      8	34457
      2	34460
     10	34479
      2	34495
      1	34511
      1	34513
      4	34521
      1	34526
      2	34536
      2	34538
      1	34543
      2	34550
      1	34576
      2	34579
      1	34589
      1	34599
      5	34608
      2	34627
      1	34633
      1	34645
      1	34674
      1	34676
      3	34689
      1	34692
      1	34698
      4	34708
      3	34721
      3	34723
      2	34737
      1	34746
      1	34750
      3	34763
      1	34770
      5	34773
      1	34804
      2	34805
      3	34813
      5	34817
      1	34825
      1	34827
      4	34836
      1	34846
      1	34848
      1	34853
      4	34865
      2	34898
      4	34905
      1	34917
      1	34921
      2	34922
      1	34927
      2	34945
      1	34949
      2	34953
      1	34974
      2	34977
      4	34981
      1	34987
     21	34990
      2	35005
      3	35008
      1	35009
      3	35021
      1	35037
      2	35055
      3	35056
      1	35062
      3	35067
     11	35086
      2	35114
      1	35166
      1	35169
      2	35170
      1	35193
      1	35207
      2	35212
      7	35223
      1	35233
      2	35235
     11	35237
      1	35250
      1	35258
      2	35263
      4	35264
      1	35284
      2	35298
      2	35318
      1	35327
      1	35332
      1	35337
      3	35370
      1	35376
      1	35379
      1	35384
      1	35385
      2	35391
      5	35416
      1	35420
      1	35432
      1	35440
      1	35451
      1	35462
      2	35471
      1	35484
      1	35496
      1	35498
      1	35514
      2	35518
      1	35528
     11	35545
      2	35577
     27	35591
      2	35601
      1	35605
      4	35613
      2	35622
      1	35635
      1	35644
      1	35650
      2	35659
      4	35667
      2	35690
      1	35696
      1	35697
      2	35708
      4	35717
      1	35737
      1	35741
      1	35762
      3	35779
      1	35797
      1	35818
      1	35824
      1	35829
      1	35831
      1	35834
      1	35835
      6	35836
      1	35842
      2	35844
      2	35852
      1	35854
      2	35856
      2	35867
      3	35886
      1	35900
      1	35916
      1	35918
      1	35968
      2	35978
      1	35999
      1	36003
      4	36018
      5	36028
      1	36029
      4	36030
      2	36032
      1	36038
      4	36048
      2	36056
      2	36062
      2	36071
      1	36076
      1	36077
      6	36084
      1	36089
      3	36090
      1	36105
      2	36111
      2	36117
      1	36129
      2	36147
      1	36161
      1	36184
      4	36188
      1	36202
      1	36231
      2	36239
      2	36243
      4	36247
      2	36252
      2	36256
      1	36267
      1	36276
      1	36296
      1	36301
      1	36304
      1	36318
      1	36327
      2	36337
      1	36345
      4	36368
      1	36381
      1	36383
      1	36414
      2	36427
      1	36437
      7	36438
      1	36450
      1	36468
      1	36477
      1	36479
      1	36494
      3	36495
      1	36525
      2	36529
      1	36534
      2	36549
      1	36553
      4	36559
      8	36566
      7	36587
     10	36600
      1	36623
      2	36638
      1	36640
      1	36655
      1	36656
      1	36658
      2	36659
      5	36674
      2	36676
      1	36688
      3	36690
      1	36700
      1	36711
      1	36713
      6	36719
      1	36731
      2	36734
      2	36744
      3	36747
      1	36759
      1	36764
      5	36775
      1	36779
      1	36784
      1	36796
      2	36810
      5	36812
      2	36831
      5	36838
      1	36852
      1	36859
      1	36860
      1	36870
      4	36896
      1	36907
      1	36933
      2	36935
      6	36951
      2	36960
      1	36967
     10	36973
      1	36979
      2	36982
      6	37006
      1	37017
      1	37023
      1	37030
      1	37033
      2	37042
      4	37051
      1	37052
      5	37062
      1	37072
      1	37079
      4	37111
      1	37118
      1	37119
      1	37123
      3	37124
     23	37127
      7	37149
      1	37157
      1	37188
      1	37190
      1	37202
      1	37205
      1	37212
      1	37225
      1	37236
      1	37247
      1	37253
      1	37271
      1	37275
      1	37276
      1	37284
      2	37285
      3	37305
      9	37308
      1	37311
      3	37312
      1	37319
      3	37321
      2	37333
      2	37348
     12	37355
      4	37358
      1	37359
      1	37367
      1	37368
      3	37381
      3	37382
      2	37387
      1	37392
      3	37393
      1	37414
      2	37416
      1	37427
      1	37428
      1	37445
      1	37471
      3	37479
      2	37490
      2	37493
      1	37497
      2	37499
      3	37504
      2	37542
      1	37550
      4	37552
      1	37562
      1	37566
      2	37608
      1	37609
      1	37617
      1	37634
     15	37640
      9	37672
      2	37700
      8	37709
      1	37715
      1	37723
      1	37727
      2	37734
     11	37743
      2	37758
      2	37760
      2	37768
      1	37773
      1	37788
      4	37795
      3	37800
      1	37804
      1	37836
      1	37838
      5	37856
      1	37869
      1	37870
      1	37871
      1	37882
      1	37885
      3	37892
      1	37900
      4	37904
      7	37906
      1	37909
      1	37916
      1	37922
      1	37930
      6	37961
      2	37966
      1	37976
      5	37980
      1	37993
      2	37997
      2	38007
      1	38013
      1	38033
      4	38045
      2	38047
      1	38050
      1	38052
      1	38058
      1	38098
      1	38120
      1	38125
      2	38139
      1	38152
      4	38153
      1	38160
      2	38163
      1	38164
      4	38171
      3	38181
      1	38184
      3	38204
      1	38213
      2	38221
      5	38224
      1	38227
      1	38232
      1	38236
      6	38238
      1	38259
      1	38265
      6	38269
      1	38272
      1	38284
      1	38285
      1	38305
      1	38307
      7	38311
      2	38315
      1	38331
      1	38333
      1	38351
      3	38367
      1	38389
      2	38392
      2	38395
      2	38401
      2	38403
      1	38408
      1	38412
      4	38413
      1	38417
      7	38439
      4	38447
      1	38468
      1	38479
     16	38480
      7	38520
      7	38544
      1	38547
      1	38557
      2	38582
      5	38592
      1	38610
      1	38611
      1	38625
      1	38627
      1	38631
      4	38642
      3	38652
      1	38659
      1	38662
      9	38665
      1	38673
      2	38681
      2	38687
      1	38689
      1	38692
      2	38712
      2	38714
      1	38715
      4	38716
      1	38719
      1	38736
      2	38737
      1	38738
      1	38747
      4	38756
      2	38764
      1	38765
      2	38804
      1	38822
      1	38830
      6	38839
      1	38860
      1	38872
      6	38874
      1	38888
      2	38897
      2	38902
      2	38909
      5	38916
      1	38920
      1	38922
      2	38926
      1	38927
      1	38939
      1	38950
      1	38958
      2	38992
      3	38997
      3	39000
      1	39002
      1	39005
      5	39032
      2	39035
      1	39044
      3	39049
      1	39071
      5	39072
      4	39075
      1	39079
      1	39116
      1	39119
      1	39126
      2	39157
     12	39159
      4	39176
      1	39178
      3	39184
      1	39187
      1	39196
      2	39200
      1	39206
      4	39213
      1	39219
      1	39234
      6	39237
      1	39246
      1	39248
      1	39251
      2	39254
      1	39262
      2	39265
      1	39267
      1	39275
      1	39295
      1	39296
      1	39305
      2	39337
      2	39350
      1	39357
      1	39365
      1	39377
      5	39379
      1	39390
      1	39403
      1	39416
      1	39420
      1	39432
      6	39440
      1	39443
      2	39451
      1	39453
      2	39460
      4	39465
      1	39476
      1	39484
      3	39501
      1	39513
      6	39515
      4	39521
      2	39524
      1	39533
      1	39589
      3	39594
      1	39598
      3	39638
      2	39655
      1	39673
      1	39714
      2	39720
      2	39727
      1	39730
      1	39751
      2	39770
      1	39771
      2	39795
     38	39807
      4	39809
      1	39812
      4	39827
      6	39843
      3	39856
      2	39868
      2	39881
      1	39899
      3	39917
      1	39920
      1	39977
      2	39978
      1	40009
      1	40014
      4	40025
      3	40038
      1	40050
      2	40054
     12	40063
      1	40067
      2	40068
      2	40080
      1	40082
      3	40093
      2	40100
      1	40101
      1	40104
      1	40105
      2	40107
      1	40130
      5	40132
      2	40163
      1	40170
      1	40179
      2	40182
      2	40184
      2	40186
      2	40209
      2	40210
      1	40215
      1	40220
      1	40223
      1	40224
      1	40244
      1	40246
      3	40252
      1	40268
      3	40269
      2	40284
      1	40286
      1	40297
      2	40324
      1	40330
      4	40340
      1	40376
      1	40377
      1	40382
      4	40387
      1	40394
      2	40395
      1	40408
      3	40412
      1	40426
      4	40439
      1	40450
      1	40460
      1	40490
      1	40501
      2	40510
     10	40527
      1	40537
      1	40540
      2	40544
      1	40550
      1	40551
      2	40556
      1	40562
      1	40566
      4	40574
      1	40619
      1	40626
      1	40630
      1	40637
      1	40641
      3	40659
      5	40661
      2	40667
      1	40693
      3	40702
      2	40711
      1	40712
      1	40725
      1	40732
      3	40733
      1	40740
      1	40757
      1	40758
      1	40766
     12	40770
      7	40779
      1	40781
      1	40788
      1	40792
      1	40811
      1	40816
      2	40817
      2	40830
      2	40839
      6	40841
      3	40845
      1	40855
      1	40871
      1	40879
      1	40899
      2	40901
      1	40907
      2	40933
      1	40972
      1	40990
      2	41002
      4	41021
      3	41032
      1	41034
      1	41047
      3	41051
      1	41053
      1	41070
      1	41084
      1	41086
      1	41087
      1	41102
      2	41119
      2	41121
      2	41122
      1	41138
      1	41141
      1	41148
      3	41159
     10	41185
      5	41186
      1	41188
      1	41190
      9	41198
      4	41202
      2	41213
      2	41226
      2	41234
      1	41242
      2	41266
      1	41278
      2	41284
      1	41306
      1	41315
      1	41325
      2	41329
     13	41333
      6	41355
      2	41363
      3	41377
      1	41394
      1	41396
      1	41399
      3	41405
      1	41412
      3	41421
      1	41427
      2	41455
      1	41493
      1	41496
      4	41515
      4	41533
      1	41537
      3	41561
      2	41570
     16	41582
      3	41588
      2	41592
      1	41600
      4	41603
      1	41606
      1	41619
      1	41621
      2	41630
      4	41640
      1	41641
      1	41654
      1	41657
     13	41669
      1	41692
      1	41696
      2	41701
      1	41702
      1	41726
      1	41738
      4	41748
      2	41756
      7	41760
      3	41770
      1	41771
      2	41791
      4	41801
      1	41813
      2	41838
      2	41848
      1	41853
      1	41876
      1	41882
      1	41888
      1	41894
      1	41909
      1	41912
      8	41922
      2	41927
      2	41928
      2	41930
      1	41963
      1	41970
      1	41977
      1	41983
      1	41985
      1	42002
      1	42003
      1	42008
      1	42010
      3	42016
      1	42021
      5	42027
      2	42046
      2	42055
      1	42095
      1	42106
      1	42108
      1	42112
      1	42120
      1	42124
      4	42136
      2	42144
      2	42155
      1	42181
      1	42207
      3	42211
      1	42242
      1	42247
      1	42251
      4	42261
      1	42265
      1	42275
      4	42277
      2	42281
      1	42322
      4	42329
      3	42333
      1	42334
      3	42346
      1	42368
      5	42369
      8	42372
      1	42376
      1	42390
      1	42393
      1	42394
      2	42404
      4	42408
      1	42414
     10	42419
      3	42425
      1	42464
      1	42475
      2	42497
      1	42517
      2	42519
      2	42536
      2	42547
      4	42555
      5	42562
      2	42569
      1	42571
      1	42576
      1	42594
      1	42595
      1	42597
      1	42628
      1	42631
      1	42645
      3	42649
      1	42669
      1	42672
      3	42679
      6	42686
      1	42689
      3	42691
      6	42699
      1	42701
      3	42703
      1	42707
      1	42715
     12	42723
      1	42726
      1	42735
      1	42744
      2	42748
      1	42752
      1	42758
      2	42764
      2	42767
      6	42787
      2	42788
      8	42797
      1	42798
      2	42810
      2	42830
      1	42842
      1	42848
      3	42855
      2	42863
      1	42868
      1	42878
      1	42884
      5	42914
      1	42932
      1	42944
      1	42949
      1	42957
      1	42962
      1	42996
      1	43019
      1	43024
      2	43026
      1	43037
      1	43047
      2	43050
      3	43053
      2	43055
      1	43066
      3	43080
      2	43090
      1	43095
      1	43098
      1	43106
      1	43120
      5	43148
      3	43149
      1	43154
      1	43157
      1	43160
      3	43169
      1	43196
      7	43204
      2	43213
      1	43225
      1	43230
      2	43234
      1	43238
      3	43247
      1	43267
      1	43270
      2	43277
      4	43289
      2	43337
      1	43343
      1	43381
      3	43395
     10	43397
      1	43401
      4	43417
      2	43429
      1	43432
      1	43436
      1	43438
      1	43443
      2	43447
      5	43461
      5	43463
      1	43478
      2	43506
      5	43513
      7	43518
      7	43531
      1	43538
      1	43603
      1	43609
      1	43620
      1	43627
      5	43632
      1	43644
      2	43645
      3	43653
      1	43656
      3	43669
      1	43673
      4	43693
      3	43700
      1	43707
      9	43714
      1	43740
      1	43757
      3	43763
      1	43780
      1	43782
      1	43810
      4	43811
      2	43821
     31	43832
      1	43836
      2	43857
      1	43873
      1	43878
      6	43895
      3	43897
      1	43927
      1	43931
      1	43932
      5	43933
      3	43953
      1	43967
     26	43977
      1	43982
      1	43985
      1	43995
      3	43996
      4	44016
      1	44018
      2	44019
      1	44049
      1	44063
     12	44078
      1	44081
     10	44094
      1	44107
      3	44112
      7	44117
      1	44123
      3	44137
      4	44141
      4	44150
      1	44197
      1	44211
      4	44228
      1	44252
      1	44275
      2	44287
      1	44297
      1	44298
      2	44311
      1	44315
      2	44324
     11	44329
      1	44338
      1	44345
      4	44356
      1	44374
      1	44380
      2	44389
      1	44392
      1	44407
      5	44410
      1	44415
      1	44429
      1	44442
      2	44446
      4	44453
      6	44459
      1	44467
      1	44478
      1	44479
      2	44481
      7	44489
      2	44506
      1	44570
      1	44572
      1	44575
      1	44576
      3	44579
      1	44583
      2	44594
      3	44615
      1	44617
      1	44657
     17	44666
      5	44683
      1	44696
      1	44701
      2	44703
      4	44716
      1	44721
      4	44722
      2	44724
      1	44725
      1	44735
      9	44752
      1	44759
      1	44764
      3	44770
      2	44777
      1	44792
      2	44807
      1	44817
      2	44820
      1	44828
     15	44833
      4	44843
      4	44872
      1	44874
      3	44878
      2	44881
      1	44884
      1	44891
      5	44896
     12	44907
      5	44909
      2	44911
      4	44912
      2	44923
      1	44927
      2	44929
      1	44938
      1	44939
      2	44947
      1	44951
     14	44959
      5	44961
      2	44966
      3	44968
      1	44976
      1	44989
      1	44990
      1	44994
      2	45018
      1	45022
      1	45040
      1	45043
      1	45044
      1	45056
      4	45059
      1	45127
      3	45135
      1	45148
      1	45152
      1	45156
      1	45179
      3	45184
      2	45227
      2	45241
      2	45265
      1	45289
      1	45298
      1	45299
      1	45308
      2	45322
      3	45324
      1	45331
      2	45333
      1	45339
      3	45368
      6	45383
      1	45425
      1	45449
      2	45450
      2	45455
      5	45457
     12	45464
      8	45465
     14	45466
      2	45485
      3	45504
      3	45506
      1	45526
      1	45529
      1	45534
      2	45547
      1	45563
      1	45566
      7	45570
      2	45596
      1	45603
      2	45611
      1	45660
      1	45664
      1	45679
      2	45683
      2	45700
      2	45706
      1	45713
      1	45715
      1	45738
      2	45748
      1	45758
      2	45778
      2	45786
      1	45794
      2	45797
      1	45801
      4	45808
      1	45821
      1	45826
      2	45834
      1	45836
     10	45847
      2	45875
      1	45884
      1	45891
      1	45893
      1	45901
      2	45906
      3	45913
      4	45943
      1	45944
      1	45955
      1	45958
      1	45965
      2	45986
      1	45998
      1	46005
      1	46006
      2	46008
      6	46019
      4	46048
      1	46057
      1	46075
      5	46091
      1	46123
      3	46145
      2	46150
      3	46168
      1	46174
      1	46185
      1	46210
      2	46234
      1	46246
      2	46248
      5	46261
      1	46267
      3	46274
      3	46282
      2	46290
      2	46301
      2	46302
      1	46308
      2	46315
      4	46329
      1	46347
      3	46349
      1	46352
      2	46372
      1	46375
      2	46380
      1	46396
      3	46402
      1	46405
      5	46408
      8	46417
      1	46418
      2	46428
      1	46430
      1	46437
      1	46449
      1	46478
      1	46479
      6	46499
      2	46530
      6	46554
      1	46558
      1	46570
      1	46576
      1	46586
      3	46595
      2	46605
      2	46606
      1	46627
      3	46645
      4	46652
      7	46656
      1	46662
      2	46663
      1	46664
      1	46667
      1	46676
     10	46680
      1	46692
      1	46698
      1	46701
      1	46703
      1	46706
      2	46713
      4	46721
     10	46724
      1	46733
     11	46734
      2	46741
      3	46766
      2	46776
      1	46780
      1	46787
      3	46793
      1	46827
      1	46832
      1	46834
      1	46840
      2	46849
      1	46850
      1	46853
      2	46868
     34	46884
      1	46894
      1	46901
      7	46921
      1	46923
      1	46924
      1	46925
      1	46928
      2	46931
      1	46955
      1	46959
      1	46975
      1	46978
      1	46979
      1	46980
      1	46994
      1	47001
      2	47006
      2	47009
      1	47012
      5	47025
      8	47038
      2	47055
      2	47073
      1	47089
      2	47101
      3	47104
      4	47105
      1	47111
      1	47127
      1	47144
      1	47149
      2	47170
      2	47193
      1	47208
      1	47213
      1	47226
      2	47248
      1	47250
      5	47260
      1	47281
      2	47293
      1	47294
      1	47295
     22	47311
      3	47312
      1	47318
      1	47324
      1	47348
      1	47351
      1	47366
      1	47373
      3	47376
      1	47380
      4	47396
      1	47421
      1	47425
      1	47429
      1	47440
      3	47447
      2	47475
     14	47486
      1	47488
      4	47497
      1	47502
      1	47508
      1	47524
      1	47529
      1	47547
      2	47564
      2	47579
      1	47597
      1	47599
      1	47610
      1	47622
      1	47632
      1	47634
      2	47648
      1	47652
      4	47662
      1	47666
      1	47692
      1	47696
      1	47697
      1	47698
      1	47713
      3	47721
      3	47730
      1	47753
      1	47756
      2	47769
      1	47771
      1	47789
      2	47791
      1	47812
     30	47858
      2	47873
      2	47883
      3	47894
      1	47899
      5	47905
      3	47911
      3	47952
      1	47962
      4	47975
      1	47994
      2	47995
      1	48004
      2	48011
      1	48013
      1	48026
      1	48040
      2	48047
      4	48064
      9	48065
      2	48077
      1	48080
      1	48086
      1	48104
      1	48115
      4	48127
     14	48128
      1	48168
      1	48185
      4	48198
      1	48212
      4	48216
      3	48242
      1	48251
      1	48279
      1	48319
      1	48320
      1	48327
      1	48331
      2	48336
      1	48353
      3	48354
      1	48359
      1	48362
      1	48367
      1	48368
      1	48369
      1	48390
      1	48400
      1	48414
      1	48434
      3	48449
      1	48462
      4	48473
      1	48484
      1	48487
      2	48506
      1	48538
      1	48550
      1	48553
      1	48570
      5	48577
      4	48578
      1	48579
      1	48599
      5	48607
      1	48630
      1	48639
      1	48658
      1	48692
      1	48698
      2	48708
      1	48712
      4	48746
      2	48760
      2	48776
      1	48791
      1	48794
      2	48808
      1	48810
      2	48822
      1	48839
      1	48844
      6	48847
      1	48850
      1	48858
      4	48870
      3	48884
      2	48887
      3	48924
      1	48943
      1	48948
      1	48974
      1	48982
      2	48983
      1	48989
      9	48995
      1	49007
      1	49012
      5	49014
      2	49071
     14	49073
      2	49080
      2	49104
      5	49107
      1	49108
      4	49113
      1	49115
      1	49120
      1	49128
      5	49131
      1	49134
      3	49142
      1	49155
      1	49162
      1	49179
      4	49180
      1	49188
      2	49191
      5	49200
      1	49206
      1	49209
      1	49214
      1	49231
      1	49232
      1	49248
      1	49267
      1	49329
      2	49330
      2	49332
      1	49342
      2	49346
      3	49358
     17	49361
      8	49362
      1	49377
      1	49387
      3	49398
      1	49402
      2	49457
      4	49458
      1	49481
      1	49483
      2	49491
      2	49493
      1	49501
      1	49512
      1	49523
      1	49532
      4	49549
      1	49550
      4	49556
      4	49560
      1	49567
      2	49582
      1	49588
      1	49594
      1	49595
      4	49598
      3	49600
      1	49619
      1	49623
      1	49625
      1	49629
      1	49632
      2	49650
      1	49657
      1	49664
      2	49676
      1	49720
      1	49727
      1	49752
      1	49753
      1	49758
      4	49773
      1	49785
      1	49788
      1	49799
      4	49804
      1	49814
      1	49815
      1	49827
      2	49828
      1	49837
      9	49844
      1	49854
      1	49855
      1	49877
      5	49884
      4	49897
     10	49922
      2	49926
      2	49929
      1	49933
      1	49965
      6	49966
      1	49993
      1	49998
      2	50001
      2	50015
      2	50023
      2	50049
      1	50070
      2	50075
      2	50087
      1	50091
      1	50095
      1	50139
      1	50155
      2	50190
      1	50206
      2	50209
      1	50227
      2	50269
      2	50323
      8	50366
      2	50378
      1	50389
      2	50394
      1	50409
      2	50413
      1	50416
      1	50419
      2	50429
      2	50438
      1	50445
      1	50463
      1	50465
      1	50474
      2	50499
      4	50508
      1	50511
     11	50537
      1	50539
      1	50544
      5	50550
      2	50557
      2	50564
      1	50565
      1	50572
      2	50574
      2	50584
      1	50597
      1	50602
      1	50607
      1	50645
      4	50648
      1	50653
     19	50660
      2	50670
      1	50685
      4	50686
      4	50691
      2	50692
      1	50702
      1	50717
      1	50738
      2	50747
      2	50768
      6	50771
      1	50776
      1	50784
      4	50798
      2	50810
      2	50811
      1	50831
      1	50834
      1	50847
      1	50859
      1	50862
      1	50874
      3	50901
      2	50915
      1	50920
      1	50926
      1	50927
      1	50936
      3	50940
      1	50953
      8	50955
      1	50975
      1	50997
      2	51028
      1	51035
      1	51037
      2	51042
      8	51044
      1	51047
      1	51050
      1	51052
      6	51065
      1	51073
      1	51078
      5	51093
      1	51095
      1	51101
     11	51113
      1	51116
      2	51120
      1	51125
      2	51144
      1	51151
      1	51165
      1	51169
      2	51172
      1	51173
      1	51184
      1	51196
      1	51198
      2	51205
      1	51206
      1	51237
      1	51243
      1	51263
      1	51305
      1	51306
      1	51321
      4	51325
      1	51326
      4	51334
      3	51354
      2	51383
      2	51386
     11	51392
      6	51394
      1	51395
      1	51419
      4	51434
      4	51474
      4	51475
      1	51478
      3	51493
      1	51539
      2	51548
      2	51549
      1	51555
      1	51565
      1	51574
      1	51587
      1	51593
      1	51599
      1	51606
      2	51612
      3	51644
      5	51645
      8	51669
      4	51676
      6	51686
      1	51696
      1	51707
      2	51708
      1	51710
      2	51716
      2	51720
      1	51739
      2	51740
      1	51745
      2	51757
      1	51770
      4	51771
      1	51773
      1	51783
      1	51795
      1	51806
      1	51808
      2	51810
      4	51813
     14	51822
      2	51823
      1	51830
      1	51835
      2	51855
      2	51863
      1	51872
      1	51888
      2	51890
      1	51900
     18	51920
      4	51949
      1	51958
     29	51959
      1	51979
      2	52013
      1	52024
      8	52029
      1	52043
      2	52044
      1	52054
      2	52067
      2	52092
      3	52100
      2	52112
      1	52114
      7	52121
      1	52140
      3	52154
      1	52159
      2	52164
      1	52167
      1	52178
      3	52181
      6	52224
      1	52232
      1	52243
      1	52249
      1	52256
      1	52265
      1	52273
      1	52276
      1	52305
      1	52322
      6	52323
      5	52344
      3	52347
      1	52365
     15	52370
      4	52398
      2	52400
      1	52405
      3	52409
      5	52414
      1	52415
      2	52425
      3	52434
      2	52445
      2	52457
      3	52459
      1	52477
      1	52481
      1	52483
      1	52484
      2	52485
      3	52522
      1	52524
      3	52532
      3	52534
      1	52542
      1	52551
      5	52563
     15	52564
      1	52575
      1	52603
      3	52610
      1	52620
      5	52635
      5	52641
      1	52683
      1	52685
      2	52735
      1	52739
      2	52746
      1	52763
      1	52767
      1	52787
      3	52792
      9	52794
      5	52801
      1	52838
      2	52851
      1	52856
      2	52860
      1	52898
      2	52914
      2	52918
      2	52920
      3	52928
     10	52954
      1	52968
      1	52974
      2	52991
      1	53000
      1	53004
      1	53009
      1	53014
      1	53015
      1	53046
      1	53051
      2	53053
      1	53054
      2	53063
      1	53076
      8	53085
      1	53091
      1	53093
      1	53121
      1	53125
      1	53130
      1	53145
      7	53147
      3	53160
      3	53167
      1	53195
      6	53205
      1	53209
      1	53211
      4	53222
      4	53243
      4	53249
      4	53276
      1	53282
      1	53300
      1	53305
      1	53317
      3	53324
      1	53338
      3	53349
     18	53357
      1	53358
      1	53360
      4	53368
      1	53379
      2	53384
     10	53401
      1	53420
      5	53423
      1	53427
      1	53436
      2	53450
      3	53476
      1	53477
     18	53479
      1	53487
      1	53498
      4	53502
      2	53511
      4	53517
      4	53521
      3	53524
      6	53550
      1	53554
      1	53557
      1	53578
     11	53583
      5	53584
      1	53591
      1	53595
      4	53596
      1	53598
      1	53614
      1	53624
      1	53649
      1	53651
      6	53660
      5	53661
      4	53666
      3	53671
      1	53675
      1	53689
      3	53692
      1	53696
      3	53701
      2	53738
      3	53743
      1	53748
      1	53767
      1	53790
      1	53792
      1	53794
      1	53798
      2	53802
      1	53831
      2	53837
      1	53846
      1	53855
      1	53865
      4	53883
      1	53898
      2	53907
      2	53908
      1	53918
      5	53925
      2	53942
      3	53943
      1	53944
      5	53946
      1	53947
      1	53965
      1	53967
      5	53971
      2	53990
      2	53996
      1	54000
      1	54005
      1	54015
      1	54043
      4	54058
      1	54073
      1	54086
      1	54094
      1	54101
      8	54102
      1	54132
      1	54134
      1	54135
      2	54136
      5	54146
      3	54150
      1	54165
      3	54178
      2	54179
      1	54182
     10	54183
      4	54184
      1	54186
      1	54205
      1	54206
      1	54210
      1	54227
      2	54240
      3	54245
      1	54249
      1	54251
      1	54270
      9	54272
      2	54293
      1	54307
      1	54320
      1	54331
      1	54344
      8	54345
      3	54356
      2	54357
      1	54366
      1	54369
      1	54370
      1	54381
      1	54388
      1	54394
      3	54395
      1	54398
      2	54401
      3	54407
     19	54430
      3	54446
      1	54449
      1	54459
      2	54460
      2	54473
      2	54479
      2	54507
      1	54508
      1	54520
      1	54523
      2	54525
      1	54531
      2	54546
      1	54560
      1	54574
      1	54583
      2	54592
      1	54594
      4	54595
      5	54601
      1	54605
      2	54608
      1	54613
      1	54622
      1	54654
      1	54658
      1	54666
      4	54676
      1	54683
      2	54692
      1	54699
      1	54720
      3	54722
      1	54733
      2	54743
      4	54745
      1	54752
      2	54756
      1	54759
      1	54766
      2	54770
      1	54777
      1	54778
      1	54786
      1	54803
      1	54804
      1	54807
      1	54810
      1	54834
      1	54842
      5	54855
      1	54858
      1	54859
      3	54877
      1	54888
      8	54889
      1	54892
      1	54894
      2	54902
      1	54906
      1	54908
      1	54916
      1	54930
      1	54950
      4	54960
      2	54967
      1	54968
      1	54972
      2	54980
      2	54992
      3	54995
      2	55023
      2	55093
      4	55118
      1	55120
      2	55135
      1	55143
      1	55195
      2	55207
      2	55210
     17	55217
      1	55224
      3	55231
      5	55237
     16	55238
      1	55251
      1	55268
      8	55275
      4	55278
      1	55279
      1	55285
      1	55287
      2	55292
      1	55299
      1	55301
      2	55302
      1	55324
      3	55396
      6	55398
      1	55401
      1	55408
      1	55410
      3	55418
      1	55421
      4	55440
      7	55444
      1	55459
     19	55460
      4	55466
      1	55484
      3	55496
      1	55497
      1	55500
      1	55502
      1	55521
      1	55528
      1	55547
      5	55565
      1	55567
      1	55584
     16	55587
      1	55607
      2	55608
      1	55615
      1	55619
      1	55645
      1	55650
      2	55660
      1	55663
     10	55674
      3	55676
      4	55682
      1	55685
      4	55693
      4	55698
      1	55716
      1	55734
      2	55746
      1	55771
      2	55776
      3	55814
      5	55818
      6	55821
      1	55844
      2	55847
      2	55849
      3	55861
      2	55870
      1	55883
      3	55894
      2	55907
      1	55908
      3	55919
      8	55920
      4	55944
      1	55946
      1	55962
      3	55979
      2	55998
      1	56002
      1	56006
      1	56015
     19	56027
      2	56028
      6	56052
      1	56067
      3	56084
      2	56090
      1	56091
      7	56113
      1	56127
      5	56133
      1	56146
      2	56147
     10	56187
      3	56190
      1	56198
      3	56201
      1	56203
      2	56214
      1	56219
      3	56239
      1	56245
      3	56264
     22	56266
      4	56271
      1	56281
      1	56291
      4	56310
      1	56323
      1	56334
      2	56350
      1	56356
      1	56365
      4	56371
      1	56382
      1	56385
      2	56386
      1	56395
      1	56399
      2	56404
      3	56418
      1	56429
      2	56430
     27	56434
      1	56442
      1	56452
      1	56486
      1	56524
      6	56533
      1	56553
      1	56569
      3	56583
      2	56590
      2	56604
      6	56614
      1	56619
      2	56621
      1	56657
      1	56664
      1	56668
      2	56693
      2	56697
      1	56701
      3	56706
      1	56718
      1	56734
      1	56743
      4	56751
      2	56762
      1	56765
      5	56791
      1	56797
      1	56803
     11	56807
      1	56813
      1	56814
      1	56846
      1	56847
      3	56855
      1	56872
      1	56874
      1	56889
      1	56902
      2	56903
      1	56911
      3	56921
      1	56927
      1	56938
      2	56940
      1	56947
      1	56952
      1	56956
      1	56959
      1	56961
      1	56981
      1	57025
      1	57047
      2	57064
      2	57074
      1	57086
      4	57114
      2	57119
      1	57120
      1	57128
      6	57133
      1	57136
      7	57144
      2	57162
      8	57170
      1	57179
      1	57212
      1	57218
      1	57219
      2	57226
      1	57258
      1	57261
      1	57264
      1	57298
      1	57331
     20	57332
      2	57341
      3	57346
      9	57349
      1	57359
      3	57361
      1	57370
      1	57375
      1	57379
      1	57380
      1	57383
      2	57389
      1	57394
      2	57396
      1	57397
      4	57419
      5	57420
      1	57434
     18	57449
      1	57459
      1	57464
      1	57466
      1	57475
      1	57476
      3	57480
     13	57489
      1	57494
      1	57496
      1	57499
      1	57503
      2	57512
      3	57513
      3	57514
      1	57516
      5	57525
      1	57527
      2	57528
      3	57541
      1	57547
      1	57551
      4	57557
      1	57562
     12	57566
      1	57574
      1	57593
      1	57601
      3	57608
      2	57609
      1	57621
      4	57622
      2	57630
      3	57635
      2	57640
      2	57650
      1	57654
      2	57675
      1	57679
      1	57682
      2	57684
      4	57688
      1	57714
      3	57720
      1	57721
      1	57746
      4	57749
      2	57751
      2	57757
      1	57759
      5	57764
      2	57767
      4	57786
      3	57791
      3	57823
     11	57836
      3	57843
      1	57896
      1	57899
      1	57917
      3	57922
      1	57950
      7	57951
      1	57954
      8	57981
      1	57983
      4	57994
      1	58002
      2	58003
      1	58006
      1	58012
      3	58053
      1	58074
      1	58087
      1	58104
      4	58109
      1	58111
      1	58118
      2	58119
      6	58128
      2	58133
      8	58155
      1	58160
     15	58180
      1	58208
      1	58212
      4	58216
      1	58217
      1	58219
      1	58223
      2	58224
      1	58240
      4	58248
      1	58251
      1	58260
      2	58281
      1	58294
      3	58297
      1	58303
      1	58313
      1	58349
      1	58351
      1	58358
      1	58370
      1	58371
      1	58408
      3	58416
      1	58427
      1	58434
      1	58440
      3	58459
      7	58466
      4	58471
      1	58472
      1	58476
      3	58477
      1	58483
      1	58488
      1	58502
      2	58505
     16	58506
      2	58521
      1	58523
      1	58527
      4	58528
      1	58533
      1	58543
      4	58545
      1	58555
      6	58569
      2	58575
      1	58582
      2	58587
      1	58589
      2	58594
      1	58602
      2	58622
      2	58623
      2	58635
      1	58644
      1	58647
      1	58654
      4	58679
      2	58712
      3	58731
      3	58735
      7	58750
      2	58766
      5	58768
      1	58778
      1	58783
      1	58786
      6	58805
      1	58808
      2	58814
      2	58815
      1	58829
      1	58857
      2	58860
      1	58872
     21	58887
      1	58895
      1	58897
      2	58908
      2	58914
      5	58953
      5	58960
      1	58963
      3	58968
      4	58996
      1	58997
      5	59001
      1	59003
      1	59006
      3	59010
      1	59011
      1	59015
      1	59017
      1	59032
      1	59043
      2	59048
      2	59049
      1	59059
      1	59062
      2	59064
      1	59075
      1	59094
      5	59096
      1	59106
      6	59107
      1	59115
      1	59117
      2	59120
      2	59126
      1	59131
      1	59139
      1	59145
      1	59158
      1	59178
      1	59180
      1	59188
      1	59195
      1	59201
      1	59208
      3	59210
      1	59212
      2	59231
      1	59236
      1	59250
      2	59255
      1	59261
      1	59281
      2	59287
      3	59293
      1	59294
      3	59304
      1	59320
      4	59327
      1	59332
      1	59352
      2	59421
      1	59425
      2	59440
      1	59457
      3	59463
      1	59466
      1	59482
      1	59496
      1	59515
      1	59517
      1	59518
      3	59522
      1	59525
      1	59559
      3	59561
      6	59571
      1	59575
      2	59582
      3	59590
      1	59597
      1	59599
      2	59608
      1	59622
      1	59647
      3	59659
      2	59672
      3	59687
      2	59688
     26	59715
     10	59720
      1	59723
      5	59726
      1	59733
      1	59744
      2	59748
      1	59755
     14	59758
      1	59759
      2	59775
      1	59848
      4	59854
      3	59858
      1	59864
      2	59875
      5	59878
      1	59896
      2	59906
      1	59921
      2	59941
      1	59947
      2	59967
      2	59982
      1	59983
      1	59988
      8	59989
      4	60000
      4	60002
      1	60015
      2	60020
      3	60023
      1	60024
      1	60049
      2	60054
      1	60069
      3	60100
      1	60117
      4	60120
      5	60123
      1	60131
      3	60148
      3	60156
      1	60172
      1	60179
      1	60181
      2	60202
      2	60205
      4	60208
      2	60210
      6	60249
      1	60266
      1	60268
      2	60269
      2	60278
     11	60284
      4	60287
     10	60312
      2	60335
      5	60344
      6	60352
      2	60367
      1	60374
      1	60378
      3	60382
      1	60384
      1	60387
      1	60389
      2	60390
      1	60409
      4	60416
      1	60427
      1	60428
      1	60448
      1	60454
      1	60456
      5	60462
      6	60499
     10	60501
      1	60505
      1	60517
      1	60521
      1	60527
     10	60557
      1	60563
      1	60570
      2	60572
      2	60580
      2	60596
      1	60601
      2	60605
      1	60630
      4	60631
      2	60640
      1	60652
      8	60653
      1	60658
      2	60660
      1	60661
      1	60669
      1	60670
      1	60671
      1	60675
      1	60687
      1	60689
      5	60693
      1	60712
      1	60724
      1	60734
      1	60738
      3	60745
      1	60750
      1	60772
      1	60773
      4	60793
      3	60796
      1	60797
      1	60799
      1	60813
      2	60846
      5	60847
      1	60862
      1	60868
      2	60880
      4	60882
      2	60900
      6	60909
      1	60910
      4	60914
      1	60922
      1	60923
      1	60926
      1	60931
      1	60939
      1	60946
      3	60966
      3	60975
      3	60982
      2	60983
      1	60984
      1	60997
      1	61011
      1	61014
      3	61018
      3	61019
      1	61044
      1	61053
      7	61054
      1	61057
      1	61059
      1	61063
      7	61064
      5	61075
      2	61085
      1	61089
      1	61105
      1	61110
      1	61116
      2	61121
      1	61124
      2	61131
      6	61140
      2	61141
     12	61152
      1	61157
      1	61158
      6	61191
      1	61203
      2	61216
     22	61230
      1	61234
      3	61254
     33	61261
      1	61268
      2	61272
      1	61275
     11	61277
      1	61280
      3	61282
      5	61300
      2	61304
      4	61310
      2	61311
      7	61330
      3	61332
      1	61336
      1	61340
      1	61350
      2	61362
      1	61366
      1	61367
      4	61374
      1	61375
      1	61388
      1	61436
      5	61445
      1	61451
      2	61454
      2	61464
      2	61466
      1	61477
      2	61492
      1	61504
      1	61541
      1	61549
      4	61568
      1	61591
      1	61595
      2	61632
      1	61635
      3	61638
      2	61641
      2	61655
      3	61668
      2	61699
      4	61702
      1	61711
      2	61727
      4	61734
      2	61746
      1	61752
      1	61759
      3	61764
      1	61772
      1	61775
      1	61782
      9	61787
      1	61796
      1	61813
      2	61818
      3	61829
      5	61832
      1	61838
      1	61843
      1	61849
      1	61855
      1	61867
      5	61869
      1	61875
      1	61884
      1	61891
      2	61897
      1	61912
      2	61928
      1	61943
      1	61973
      1	61999
      1	62004
      4	62013
      1	62018
      1	62019
      1	62021
      1	62023
      2	62024
      3	62034
      2	62041
      2	62051
      3	62053
      3	62067
      1	62070
      1	62084
      1	62092
      6	62095
      6	62098
      4	62099
      1	62108
      2	62114
      1	62129
      1	62135
      1	62144
      2	62159
      1	62160
      1	62176
      3	62178
      2	62180
      3	62183
     13	62189
      2	62193
      1	62194
      1	62208
      9	62236
      1	62242
      1	62252
      2	62266
      1	62268
      1	62290
      2	62296
      3	62311
      1	62316
      1	62339
      1	62356
      3	62364
      1	62372
      1	62374
      1	62384
      2	62427
      1	62428
      1	62442
      1	62446
      1	62454
      5	62463
      1	62492
      1	62494
      3	62495
      2	62532
      1	62533
      9	62534
      1	62537
      1	62543
      1	62575
      1	62582
      1	62592
      1	62593
      1	62600
      1	62613
      2	62615
      4	62629
      1	62631
      1	62640
      1	62643
      1	62650
      2	62654
      1	62656
     11	62664
      2	62703
      2	62707
      3	62711
      1	62757
      1	62761
      3	62771
      1	62780
      1	62792
      1	62803
      5	62808
      2	62812
      1	62813
      1	62837
      1	62839
      1	62841
      4	62846
      1	62859
      1	62867
      1	62880
      2	62899
      1	62903
      3	62927
      1	62930
      6	62942
      2	62947
      2	62948
      1	62965
      3	62967
      7	63002
      2	63013
      1	63022
      1	63024
      2	63027
      3	63041
      6	63050
      2	63060
      2	63072
      4	63073
      3	63077
      5	63097
      1	63101
      1	63107
      1	63112
      1	63124
      1	63130
      3	63134
      1	63143
      2	63145
      1	63147
      1	63155
      1	63165
      1	63178
      1	63197
      1	63221
      1	63235
      2	63242
      1	63244
      8	63248
      1	63258
      1	63264
      1	63293
      1	63312
      1	63327
      1	63337
      8	63338
     11	63363
      9	63368
      3	63372
      1	63376
      2	63381
      6	63382
      9	63409
      1	63411
     16	63421
      1	63426
      5	63432
      2	63433
      1	63434
      1	63458
      1	63476
      4	63480
      4	63484
      1	63486
      1	63509
      1	63514
      1	63550
      1	63559
      1	63560
      1	63569
      2	63579
      1	63596
      1	63609
      1	63610
      3	63611
      1	63614
      1	63615
      1	63631
      2	63635
      1	63641
      2	63642
      1	63649
      1	63656
      2	63665
      1	63676
      2	63679
      4	63693
      3	63696
     10	63710
      1	63712
      2	63737
     26	63743
      1	63776
      3	63791
      1	63792
      2	63798
     29	63807
      1	63810
      1	63827
      1	63866
      8	63872
      1	63880
      2	63881
      1	63882
      2	63884
      1	63889
      5	63898
      2	63918
      1	63925
      1	63942
      5	63950
      1	63956
      2	63961
      1	63982
      4	63984
      2	63985
     26	63987
      3	64017
      4	64020
      5	64032
      1	64043
      1	64056
      4	64068
      1	64071
      2	64080
      1	64081
      5	64094
      2	64120
      2	64126
      1	64129
      2	64136
      3	64146
      1	64149
      1	64165
      1	64189
      3	64196
      1	64198
      1	64209
      2	64221
      2	64239
      2	64259
      1	64261
      2	64268
      3	64269
      1	64278
      3	64286
      1	64298
      1	64307
      1	64314
      5	64316
      1	64324
      3	64325
      7	64339
      1	64360
      1	64384
      2	64411
      2	64412
      1	64424
      1	64425
      1	64432
      1	64434
      1	64442
      4	64446
      3	64447
      1	64448
      1	64456
      2	64470
      5	64473
      1	64474
      2	64485
      8	64504
      1	64512
      1	64528
     17	64530
      1	64542
      1	64544
      6	64552
      4	64557
      1	64581
      1	64582
      1	64583
      2	64603
      1	64625
     18	64637
      3	64657
      1	64665
      1	64700
      4	64721
      2	64738
      2	64752
      1	64766
      1	64774
      1	64837
      1	64838
      1	64884
      2	64896
      1	64907
      4	64908
      1	64942
      3	64952
      1	64980
      1	64991
      1	64996
      1	64998
      1	65004
      1	65009
      3	65014
      3	65042
      1	65046
      1	65048
      2	65049
      1	65060
      5	65062
      1	65066
      2	65072
      1	65073
      5	65080
      1	65081
      4	65110
      3	65121
      1	65133
      8	65137
      6	65138
      5	65149
      1	65169
      1	65174
      2	65176
      1	65184
      1	65186
      1	65195
      3	65209
      1	65221
      1	65232
      1	65234
      1	65242
      4	65249
      1	65258
      1	65263
      1	65278
      2	65281
      2	65285
      1	65296
      3	65304
      1	65319
      1	65322
      1	65328
      2	65334
      1	65353
      3	65372
      5	65381
      1	65386
      8	65401
      1	65402
     22	65408
      6	65414
      1	65418
      1	65436
      2	65443
      1	65449
      1	65460
      3	65462
      1	65467
      2	65480
      1	65516
      1	65518
      1	65528
