      1	11
      3	29
      4	45
      1	75
      3	77
      1	97
      1	172
      1	322
      1	336
      1	363
      1	366
      1	378
      3	428
      1	436
      1	440
      2	512
      1	537
      9	538
      2	541
      1	550
      1	593
      4	599
      2	664
      1	708
      2	758
      7	779
      2	782
      1	837
      3	865
      2	880
      2	981
      1	1016
      1	1184
      2	1248
      2	1261
      1	1434
      1	1508
      2	1532
      1	1552
      2	1556
      1	1588
      4	1616
     11	1645
      1	1656
      2	1662
      1	1795
      2	1818
      1	1911
      3	2020
      4	2057
      1	2065
      1	2077
      1	2148
      1	2171
      1	2253
      1	2302
      1	2471
      1	2474
      2	2475
      1	2529
      4	2629
      1	2677
      1	2683
      1	2695
      1	2724
      1	2817
      2	2934
      2	2989
      2	3005
      1	3068
      1	3114
      1	3121
      1	3126
      1	3173
      1	3221
      1	3227
      1	3231
      4	3243
      1	3376
      1	3434
      1	3486
      3	3552
      2	3583
      1	3607
      1	3644
      1	3648
      1	3690
      1	3699
      1	3709
      1	3732
      1	3737
      5	3745
      1	3750
      1	3794
      1	3810
      3	3842
      1	3932
      1	3977
      1	4001
      2	4061
      4	4064
      2	4072
      2	4106
      7	4109
      1	4209
      2	4238
      2	4286
      1	4293
      2	4296
      1	4307
      2	4308
      1	4326
      1	4358
      1	4368
      2	4379
      2	4388
      1	4417
      2	4423
      1	4424
      1	4505
      1	4583
      1	4604
      1	4625
      2	4649
      1	4652
      2	4664
      1	4766
      7	4780
      1	4790
      3	4907
      1	4926
      1	4950
      1	4963
      1	4976
      1	4993
      1	5023
      3	5026
      1	5102
      1	5116
      1	5130
      1	5133
      1	5161
      1	5208
      1	5219
      3	5222
      2	5242
      1	5253
      2	5287
      1	5332
      1	5337
      1	5361
      1	5389
      3	5452
      1	5457
      2	5475
      1	5510
      1	5541
      1	5542
      1	5656
      3	5731
      2	5736
      1	5778
      1	5792
      1	5817
      1	5819
     13	5823
      1	5874
      4	5876
      1	5905
      1	5933
      1	5963
      2	6012
      1	6032
      2	6045
      1	6076
      2	6095
      1	6143
      1	6175
      1	6197
      1	6198
      1	6217
      2	6226
      1	6244
      8	6275
      2	6276
      3	6293
      1	6299
      1	6304
      2	6366
      1	6368
      1	6396
      1	6423
      1	6494
      1	6498
     12	6583
      2	6635
      1	6639
      1	6669
      1	6677
      1	6691
      2	6717
      2	6767
      1	6805
      1	6860
      1	6924
      9	6980
      1	7013
      1	7015
      1	7042
     11	7141
      1	7149
      1	7182
      1	7186
      1	7218
      2	7229
      2	7403
      1	7466
      1	7512
      1	7533
      1	7649
      2	7651
      1	7702
      1	7713
      1	7735
      1	7798
      1	7825
      1	7862
      1	7912
      2	7935
      1	7948
      1	7976
      1	8011
      2	8076
      7	8172
      1	8201
      1	8239
      1	8264
      1	8338
      1	8364
      1	8384
      1	8515
      1	8516
      2	8560
      1	8567
      1	8645
      1	8658
      1	8681
      1	8782
      1	8847
      1	8954
      1	8956
      1	8964
      3	8983
      1	9020
      2	9054
      2	9058
      1	9152
      1	9167
      1	9174
      1	9182
      1	9188
      7	9189
      3	9211
      2	9232
      1	9299
      4	9317
      1	9337
      9	9345
      2	9347
      1	9391
      3	9411
      1	9435
      1	9468
      5	9483
      1	9545
      1	9554
      1	9564
      1	9610
      1	9643
      2	9713
      1	9765
      1	9793
      5	9797
      3	9824
      1	9915
      1	10026
      1	10037
      1	10062
      3	10075
      1	10077
      1	10172
      2	10216
      6	10245
      1	10275
      2	10346
      1	10365
      1	10389
      1	10557
      2	10570
      1	10576
      3	10610
      1	10612
      1	10660
      1	10673
      1	10721
      3	10724
      1	10834
      2	10875
      1	10908
      1	10914
      1	10974
      1	11088
      2	11114
      1	11169
      1	11291
      1	11297
      3	11307
      2	11385
      1	11431
      1	11490
      1	11494
      3	11524
      1	11535
     11	11584
      1	11623
      1	11702
      3	11751
      1	11801
      1	11826
      1	11856
      5	11964
      1	11967
      2	11986
      1	12005
      1	12037
      1	12049
      1	12059
      1	12113
      1	12147
      1	12159
      1	12332
      2	12356
      1	12364
      2	12375
      7	12397
      3	12443
      4	12505
      1	12507
      1	12515
      2	12545
      1	12579
      4	12597
      1	12603
      1	12667
      1	12676
      2	12684
      1	12703
      1	12708
      1	12762
      1	12805
      2	12809
      3	12814
      1	12818
      4	12826
      1	12915
     13	12952
      1	12960
      1	12970
      1	13003
      2	13017
      5	13184
      3	13238
      1	13329
      1	13388
      1	13403
      2	13414
      1	13437
      1	13455
      2	13476
      1	13481
      1	13503
      1	13532
      1	13567
      4	13595
      1	13662
      3	13699
      1	13718
      1	13723
      1	13724
      1	13737
      1	13787
      1	13839
      1	13862
      1	13891
      1	13912
      1	14080
      1	14127
      1	14128
      6	14137
      1	14163
      2	14166
      1	14188
      2	14295
      1	14319
      1	14332
      1	14352
      1	14373
      4	14385
      5	14392
      1	14408
      2	14465
      1	14538
      6	14540
      1	14565
      2	14569
      1	14606
      1	14648
      2	14720
      1	14790
      1	14793
      2	14883
      1	14923
      2	14939
      4	15029
      2	15147
      3	15188
      2	15256
      1	15271
      2	15291
      1	15334
      1	15355
      1	15479
      1	15535
      2	15558
      1	15590
      1	15593
      1	15604
      1	15646
      1	15679
      1	15702
      1	15783
      1	15816
      1	15875
      5	15891
      1	15966
      6	15984
      5	15985
      1	16007
      2	16017
      2	16108
      1	16188
      3	16250
      3	16276
      1	16317
      1	16321
      1	16367
      1	16368
      1	16377
      1	16388
      1	16418
      1	16435
      1	16470
      6	16503
      4	16554
      2	16620
      9	16628
      1	16648
      1	16728
      4	16775
      3	16806
      1	16887
      1	16934
      3	16948
      1	16968
      1	17027
      1	17072
      1	17131
      1	17210
      1	17214
     11	17225
      1	17233
      3	17267
      1	17303
      1	17331
      1	17333
      3	17338
      1	17381
      2	17393
      1	17440
      1	17498
      3	17540
      2	17560
      1	17632
      1	17771
      1	17824
      1	17864
      1	17895
      1	17989
      1	18003
      1	18069
      1	18106
      1	18142
      5	18179
      3	18219
      1	18515
      1	18518
      1	18567
      2	18590
      1	18656
      1	18677
      1	18777
      1	18842
      1	18885
      1	18905
      1	18907
      4	18992
      1	19049
      4	19113
     75	19182
      1	19223
      1	19230
      1	19268
      1	19339
      1	19355
      1	19417
      4	19582
      1	19585
      1	19588
      4	19616
      2	19622
      1	19641
      1	19825
      1	19844
      1	19897
      1	19923
      2	19976
      2	20024
      1	20034
      1	20051
      1	20084
      1	20142
      1	20143
      2	20162
      2	20206
      1	20268
      2	20287
      1	20375
      1	20390
      1	20405
      1	20480
      1	20483
      2	20513
      1	20599
      1	20647
      1	20658
      2	20678
      1	20683
      2	20766
      3	20800
      4	20814
      1	20825
      1	20830
      1	20837
      3	20882
      2	20896
      1	20965
      1	20981
      1	20992
      1	20995
      1	20997
      1	21018
      2	21022
      1	21082
      1	21134
      1	21154
      2	21180
      1	21258
      2	21276
      1	21326
      1	21393
      1	21465
      1	21472
      1	21483
      2	21492
      1	21543
      2	21563
      1	21623
      1	21641
      1	21652
      2	21665
      1	21724
      2	21791
      1	21877
      4	21911
      2	21926
      1	21939
      1	22027
      2	22070
      1	22134
      2	22188
      1	22206
      1	22227
      1	22277
      1	22287
      1	22290
      2	22336
      2	22365
      1	22384
      2	22392
      1	22417
      2	22447
      3	22595
      1	22621
      1	22626
      1	22694
      2	22841
      1	22861
      5	22902
      1	22905
      1	22910
      1	22939
      1	22944
      2	22970
      1	22977
      1	22980
      1	23013
      5	23029
      2	23033
      2	23092
      1	23094
      1	23114
      1	23146
      1	23266
      1	23311
      1	23349
      1	23385
      2	23412
      1	23435
      1	23444
      1	23449
      1	23453
      2	23463
      1	23473
      1	23509
      2	23526
      7	23577
      1	23599
      1	23606
      3	23611
      2	23653
      1	23680
      1	23719
      4	23828
      1	23853
      1	24014
      1	24058
      1	24089
      1	24097
      3	24111
      1	24114
      1	24136
      2	24169
      1	24324
      2	24338
      1	24345
      1	24376
      1	24412
      2	24469
      4	24506
      1	24560
      2	24613
      1	24637
      1	24703
      1	24743
      1	24789
     13	24817
      1	24818
      4	24839
      1	24946
      3	24990
      2	25096
      1	25129
      1	25130
      1	25163
      1	25194
      2	25228
      1	25313
      3	25338
      1	25367
      1	25398
      1	25439
      2	25457
      2	25461
      1	25482
      1	25507
      1	25533
      4	25563
      2	25654
      1	25661
      2	25689
      2	25714
      1	25724
      2	25757
      1	25763
      1	25793
      3	25813
      1	25830
      1	25837
      1	25865
      3	25880
      1	25899
      1	25900
      1	25944
      2	25985
      1	26043
      1	26045
      1	26065
      3	26111
      3	26166
      2	26240
      2	26246
      1	26290
      3	26327
      1	26416
      1	26420
      1	26435
      2	26442
      1	26556
     13	26564
      1	26602
      1	26680
      2	26685
      1	26748
      1	26772
      3	26777
      1	26818
      3	26828
      1	26857
      1	26959
      1	26973
      1	26998
      1	27039
      1	27084
      1	27169
      2	27197
      1	27247
      1	27257
      1	27263
      3	27286
      1	27299
      1	27310
      1	27324
      4	27382
      1	27440
      1	27443
      1	27481
      2	27519
      1	27528
      1	27561
      1	27572
      1	27726
      1	27731
      5	27773
      2	27828
      1	27880
      1	27944
      2	27954
      1	27995
      1	28034
      1	28052
      1	28117
      1	28141
      5	28257
      1	28283
      1	28293
      1	28323
      1	28383
      1	28438
      1	28440
      2	28463
      1	28495
      1	28521
      1	28524
      1	28556
      1	28557
      3	28605
      1	28609
      7	28615
      2	28618
      1	28655
      2	28716
      1	28809
      1	28878
      1	28879
      7	28896
      2	28929
      1	29046
      1	29103
      2	29166
      2	29168
      3	29227
      1	29309
      1	29311
      1	29363
      3	29374
      1	29376
      1	29449
      1	29506
      1	29576
      2	29592
      2	29596
      2	29657
      1	29853
      2	29888
      1	29945
      2	29988
      1	30119
      1	30151
      1	30269
      1	30298
      6	30313
      1	30340
      1	30360
      2	30388
      2	30427
      2	30443
      2	30460
      1	30521
      1	30527
      2	30554
      6	30613
      1	30659
      1	30718
      1	30726
      1	30733
      1	30769
      1	30790
      2	30801
      2	30820
      1	30861
      1	30941
      1	30980
      1	30983
      1	30986
      1	31205
      1	31212
      2	31269
      1	31347
      1	31360
      1	31455
      1	31456
      1	31474
      1	31492
      3	31535
      2	31613
      1	31615
      1	31670
      1	31712
      1	31748
      1	31757
      6	31777
      7	31787
      1	31904
      1	31949
      2	31982
      1	32037
      1	32068
      2	32114
      1	32126
      1	32137
      1	32148
      1	32204
      1	32211
      1	32279
      1	32308
      6	32345
      1	32372
      1	32377
      1	32426
      1	32504
      1	32515
      2	32574
      2	32621
      1	32631
      3	32648
      4	32657
      1	32687
      1	32689
      1	32714
      1	32724
      1	32747
      1	32767
      1	32831
      1	32857
      9	32863
      1	32899
      1	32905
      1	32909
      3	32967
      7	32968
      1	33194
      2	33217
      1	33237
      1	33250
      1	33272
      1	33291
      7	33292
      2	33317
      1	33362
      1	33364
      1	33400
      7	33499
      3	33549
      1	33584
      3	33611
      1	33651
      1	33682
      1	33698
      2	33763
      1	33810
      1	33904
      1	33951
      1	33957
      2	33971
      3	33992
      1	34010
      1	34035
      2	34063
      1	34092
      1	34105
      1	34110
      2	34123
     16	34133
      1	34170
      1	34181
      3	34190
      1	34205
      1	34234
      2	34241
      3	34303
      2	34326
      2	34393
      1	34452
      1	34453
      1	34457
      4	34479
      1	34543
      1	34550
      1	34555
      2	34579
      1	34591
      1	34599
      1	34608
     55	34617
      1	34695
      1	34708
      1	34757
      1	34773
      1	34816
      1	34822
      2	34865
      1	34905
      1	34962
      1	35008
      7	35009
      7	35021
      1	35024
      1	35037
      2	35062
      1	35063
      1	35094
      6	35190
      1	35212
      2	35223
      1	35303
      2	35379
      1	35384
      1	35432
      1	35516
      1	35520
      2	35591
      2	35613
      1	35622
      1	35644
      1	35647
      1	35708
      1	35717
      1	35723
      1	35792
      1	35821
      1	35844
      1	35852
      1	35862
      1	35886
      1	35900
      1	35978
      1	36030
      1	36090
      1	36129
      1	36147
      1	36205
      2	36252
      1	36368
      2	36371
      1	36437
      4	36438
      1	36494
      1	36495
      1	36548
      3	36559
      2	36566
      2	36581
      3	36600
      1	36606
      1	36655
      2	36674
      1	36690
      1	36721
      1	36744
      1	36750
      4	36810
      1	36831
      1	36835
      1	36896
      1	36981
      2	37006
      1	37062
      3	37111
      1	37142
      2	37149
      1	37247
      1	37271
      4	37308
      1	37311
      1	37321
      2	37414
      1	37465
      1	37531
      4	37553
      1	37634
      1	37640
      1	37651
      3	37743
      1	37758
      1	37760
      1	37795
      7	37816
      1	37869
      3	37904
      1	37921
      1	38058
      1	38099
      1	38120
      1	38153
      2	38163
      2	38171
      1	38192
      1	38206
      3	38224
      1	38381
      1	38395
      1	38403
      5	38439
      1	38468
     10	38480
      3	38520
      7	38611
      2	38640
      1	38654
      1	38665
      1	38673
      2	38712
      1	38874
      8	38893
      1	38897
      2	38902
      3	38916
      1	38926
      1	39040
      2	39049
      1	39079
      1	39127
      5	39159
      2	39176
      1	39184
      3	39234
      1	39262
      2	39484
      2	39501
      1	39524
      1	39750
      1	39807
      2	39843
      1	39851
      1	39881
      7	40063
      1	40082
      5	40093
      1	40109
      1	40130
      7	40170
      1	40252
      1	40297
      1	40343
      2	40412
      3	40537
      1	40544
      3	40661
      1	40674
      3	40733
      1	40740
      1	40766
      3	40770
      1	40843
      2	40845
      1	40914
      4	41003
      1	41021
      1	41032
      1	41114
      1	41185
      1	41333
      2	41355
      1	41361
      1	41489
      7	41582
      1	41609
      1	41657
      1	41696
      1	41760
      1	41922
      2	41983
      1	42016
      1	42027
      1	42124
      1	42144
      2	42163
      3	42207
      1	42323
      1	42329
      2	42333
      1	42355
      1	42369
      1	42372
      1	42408
      1	42501
      1	42506
      1	42517
      1	42523
      2	42530
      3	42670
      1	42672
      1	42675
      1	42679
      1	42691
      1	42703
      1	42723
      1	42820
      2	42830
      1	42842
      1	42863
      1	42959
      1	43024
      1	43061
      2	43080
      4	43148
      1	43157
      1	43192
     10	43204
      1	43213
      1	43289
      1	43346
      1	43443
      1	43447
      1	43510
      1	43528
     20	43531
      1	43646
      1	43668
      6	43669
      1	43704
      1	43714
      3	43764
      1	43832
      1	43834
      1	43876
      1	43933
      1	43953
      1	43965
      2	43996
      1	44024
      1	44049
      1	44078
      3	44094
      1	44117
      1	44120
      2	44217
      1	44227
      3	44315
      1	44318
      4	44329
      1	44338
      1	44389
      3	44410
      8	44442
      1	44489
      2	44493
      6	44666
      1	44676
      1	44716
      1	44722
      1	44727
      1	44742
      1	44743
      1	44830
      1	44833
      1	44867
      1	44878
      1	44896
      1	44897
     10	44907
      4	44909
      1	44912
      4	44959
      1	44968
      1	45018
      1	45024
      1	45093
      3	45127
      1	45160
      1	45219
      2	45308
      1	45383
      1	45435
      2	45457
      1	45460
     10	45464
      1	45536
      1	45561
      2	45570
      1	45645
      1	45660
      1	45738
      1	45756
      3	45786
      2	45794
      4	45818
      2	45847
      3	45875
      1	45916
      1	45919
      2	45943
      1	45958
      1	45998
      1	46028
      2	46075
      1	46077
      1	46100
      1	46132
      1	46136
      2	46145
      1	46168
      1	46213
      1	46245
      1	46248
      2	46261
      1	46289
      1	46356
      1	46372
      2	46417
      1	46449
      2	46479
      2	46488
      2	46499
      1	46531
      3	46554
      1	46558
      2	46595
      2	46652
      1	46656
      1	46671
      1	46711
      1	46713
      2	46769
      1	46784
      1	46788
      2	46809
      1	46845
      2	46921
      1	46931
      1	46950
      1	46975
      2	47025
      1	47027
      2	47038
      2	47197
      1	47208
      1	47256
      1	47265
      1	47291
      1	47293
      1	47302
      5	47311
      1	47314
      1	47351
      1	47396
      1	47398
      1	47447
      1	47478
      1	47602
      1	47603
      1	47631
      1	47634
      1	47697
      1	47707
      1	47748
      2	47883
      1	47897
     12	47905
      1	47964
      1	47994
      1	48037
      1	48040
      2	48064
      1	48096
      1	48099
      2	48104
      1	48128
      1	48135
      1	48216
      1	48235
      1	48247
      1	48354
      5	48513
      2	48535
      2	48544
      1	48553
      1	48607
      1	48651
      1	48695
      1	48745
      1	48746
      2	48759
      1	48760
      1	48776
      1	48777
      2	48844
      1	48874
      1	48887
      1	48924
      2	48948
      1	48993
      1	49073
      2	49107
      1	49120
      1	49128
      2	49131
      3	49180
      1	49198
      1	49232
      3	49277
      1	49305
      1	49342
      5	49362
      1	49387
      1	49481
      5	49506
      2	49560
      1	49568
      1	49627
      1	49658
      1	49693
      1	49722
      1	49753
      1	49785
      1	49788
      1	49842
      3	49844
      4	49897
      1	49916
      1	49938
      5	49966
      2	50001
      1	50023
      1	50044
      1	50070
      1	50216
      1	50231
      1	50339
      2	50366
      2	50372
      1	50388
      3	50419
      1	50468
      1	50537
      1	50550
      1	50560
      1	50584
      2	50686
      1	50718
      1	50772
      1	50794
      1	50834
      1	50895
      1	50899
      2	50955
      1	51024
      4	51028
      3	51037
      3	51065
      2	51073
      1	51078
      1	51088
      2	51100
      1	51101
      2	51113
      1	51144
      2	51196
      2	51205
      1	51206
      2	51216
      2	51263
      6	51296
      1	51325
      1	51369
      1	51392
      3	51394
      1	51411
      1	51427
      1	51434
      1	51440
      2	51475
      2	51599
      1	51795
      2	51806
      2	51822
      1	51823
      1	51830
      1	51835
      1	51837
      2	51920
      1	51958
      1	52013
      1	52054
      4	52102
      1	52140
      1	52154
      1	52166
      1	52178
      2	52181
      1	52276
      2	52323
      1	52330
      1	52331
      4	52370
      4	52398
      1	52439
      1	52496
      2	52524
      3	52563
      1	52618
      2	52635
      2	52641
      1	52715
      1	52794
      1	52801
      1	52828
      4	52856
      2	52914
      1	52928
      1	52954
      1	53014
      1	53121
      1	53130
      2	53147
      1	53148
      2	53167
      1	53310
      3	53324
      2	53344
      1	53350
      2	53401
      1	53450
      2	53479
      1	53494
      2	53502
      4	53517
      1	53524
      2	53584
      1	53657
      1	53666
      1	53730
      1	53786
     10	53846
      4	53925
      1	53947
      5	54028
      1	54086
      2	54102
      1	54136
      1	54146
      1	54171
      1	54183
      3	54245
      2	54251
      2	54312
      4	54345
      3	54395
      1	54414
      2	54422
      1	54449
      1	54460
      2	54486
      1	54493
      1	54495
      1	54507
      2	54525
      1	54641
      1	54699
      1	54739
      1	54778
      1	54787
      3	54861
      1	54866
      2	54877
      1	54885
      1	54906
      2	54916
      1	54950
      1	54961
      1	54974
      1	54992
      1	55143
      1	55172
      5	55217
      1	55282
      1	55396
      3	55398
      4	55418
      1	55444
      9	55460
      1	55466
      2	55496
      2	55527
      1	55570
      2	55587
      1	55663
      4	55674
      1	55693
      1	55733
      1	55814
      1	55818
      1	55830
      2	55861
      1	55870
      6	55872
      3	55908
      1	55920
      1	55935
      2	55979
      1	55997
     13	56027
      1	56036
      2	56052
      1	56105
      1	56125
      2	56187
      1	56190
      3	56230
      2	56264
      2	56266
      1	56274
      1	56284
      1	56316
      1	56334
      1	56348
      2	56371
      1	56410
      2	56425
      1	56431
     44	56469
      1	56533
      1	56603
      1	56608
      3	56614
      1	56718
      1	56760
      4	56797
      2	56807
      1	56900
      1	56943
      1	56992
      1	57074
      1	57128
      1	57133
      3	57144
      1	57188
      2	57349
      1	57361
      1	57375
      6	57407
      3	57419
      1	57420
      4	57449
      1	57489
      1	57557
      5	57566
      1	57574
      1	57630
      2	57635
      1	57679
      1	57695
      1	57764
      1	57817
      1	57904
      3	57922
      1	57949
      6	57951
      2	57994
      2	58006
      1	58012
      1	58109
      3	58111
      1	58133
      1	58147
      1	58168
      1	58199
      3	58240
      1	58299
      1	58358
      1	58393
      1	58447
      1	58466
      2	58472
      1	58473
      2	58616
      3	58723
      1	58750
      2	58808
      1	58813
      1	58815
      3	58887
      1	58895
      1	58947
      1	58953
      2	58968
      2	59010
      1	59049
      1	59094
      2	59107
      1	59112
      3	59134
      1	59154
      1	59180
      1	59210
      1	59231
      1	59304
      3	59308
      2	59327
      1	59463
      1	59488
      1	59522
      1	59536
      1	59571
      1	59608
      1	59688
      5	59720
     10	59726
      2	59758
      1	59787
      1	59788
      1	59858
      1	59902
      1	59926
      1	59932
      1	60000
      1	60016
      1	60049
      1	60054
      1	60056
      2	60210
      1	60287
      5	60312
      1	60344
      1	60399
      1	60409
      1	60454
      2	60499
      3	60501
      3	60538
      1	60563
      1	60581
      4	60653
      3	60675
      1	60693
      1	60738
      1	60862
      2	60882
      2	60909
      3	61011
      1	61014
      2	61054
      1	61059
      1	61064
      1	61066
      1	61091
      1	61116
      1	61140
      1	61152
      1	61191
      2	61230
      1	61231
      1	61249
      3	61261
      1	61277
      1	61298
      1	61304
      2	61310
      2	61312
      1	61325
      1	61330
      1	61367
      1	61540
      1	61612
      1	61702
      1	61787
      1	61817
      1	61829
      2	61897
      1	61987
      1	62028
      1	62030
      2	62041
      2	62063
      4	62119
      1	62126
      1	62179
      2	62183
      3	62189
      1	62217
      1	62359
      1	62446
      4	62534
      1	62543
      1	62593
      2	62664
      3	62703
      3	62711
      4	62846
      1	62939
      1	62948
      1	63022
      3	63039
      5	63050
      1	63130
      1	63156
      1	63248
      1	63267
      4	63338
     13	63363
      1	63376
      6	63409
      1	63410
      1	63607
      2	63642
      1	63649
      1	63693
      3	63696
      3	63743
      1	63792
      9	63807
      2	63850
      1	63872
      1	63882
      3	63889
      1	63902
      1	63940
      5	63987
      1	64000
      1	64002
      1	64017
      1	64070
      1	64086
      2	64094
      2	64126
      2	64129
      1	64149
      2	64153
      1	64242
      1	64261
      1	64268
      1	64286
      1	64304
      2	64316
      1	64393
      1	64424
      1	64434
      1	64485
      2	64530
      2	64539
      1	64563
      1	64593
      4	64637
      1	64649
      1	64691
      1	64699
      1	64809
      3	64832
      2	64859
      1	64896
      1	64964
      1	65011
      2	65046
      1	65066
      1	65176
      1	65198
     12	65206
      1	65221
      2	65232
      1	65238
      1	65258
      1	65263
      1	65289
      5	65334
      1	65353
      1	65381
      3	65398
      2	65418
      1	65449
      1	65502
