      1	192
      2	262
      1	277
      3	317
      2	356
      1	372
      1	425
      1	1173
      2	1209
      1	1248
      2	1249
      1	1334
      5	1588
      1	1616
      1	1937
      2	2131
      1	2132
      1	2249
      3	2271
      1	2375
      3	2506
      2	2780
      1	2864
      2	3072
      2	3131
      2	3236
      1	3490
      1	3549
      1	3627
      3	3690
      4	3745
      1	3842
      1	3933
      4	3967
      1	4046
      1	4296
      1	4377
      2	4499
      1	4675
      2	4681
      1	5081
      1	5389
      3	5457
      1	5475
      2	5550
      1	5598
      2	5662
      3	5877
      2	6013
      1	6226
      1	6275
      2	6411
      1	6534
      2	6626
      1	6649
      3	6947
      1	6980
      1	7015
      1	7191
      2	7199
      1	7332
      1	7424
      1	7805
      1	7953
      1	7981
      1	8034
      1	8076
      2	8119
      1	8462
      1	8522
      1	9119
      1	9307
      1	9391
      1	9748
      1	9898
      1	10104
      2	10118
      1	10262
      1	10314
      5	10482
      1	10497
      1	10563
      2	10586
      2	10660
      1	10752
      1	10848
      1	10996
      1	11211
      1	11228
      1	11232
      1	11385
      1	11464
      1	11490
      1	11751
      1	11891
      1	11979
      1	12351
      1	12467
      2	12814
      1	12989
      1	13292
      3	13500
      1	13613
      1	13724
      1	13738
      3	13805
      1	14167
      2	14335
      1	14364
      1	14622
      1	14876
      1	14969
      1	15067
      1	15259
      2	15287
      1	15292
      1	15491
      2	15605
      1	15691
      1	15767
      1	15925
      2	15985
      1	16188
      2	16412
      1	16456
      1	16594
      2	16689
      1	16704
      1	16718
      2	16845
      1	16957
      1	16960
      1	17018
      1	17459
      6	17773
      1	17896
      1	17971
      2	17978
      3	17989
      1	18025
      1	18081
      1	18305
      7	18348
      1	18352
      1	18505
      1	18518
      1	18521
      2	18778
      1	18881
      1	18919
      1	19198
      1	19204
      1	19233
      1	19305
      2	19503
      1	19622
      3	19696
      1	19800
      1	19952
      1	20226
      1	20249
      1	20333
      1	20450
      1	20480
      1	20565
      1	20700
      2	20720
      1	20805
      1	21288
      2	21431
      4	21533
      1	21734
      1	21926
      2	22007
      1	22033
      1	22118
      1	22217
      2	22336
      1	22970
      1	23199
      1	23351
      1	23955
      1	24033
      2	24165
      3	24284
      1	24341
      1	24345
      1	24707
      1	24802
      3	24827
      1	24862
      1	25141
      2	25267
      1	25455
      1	25586
      3	25732
      1	25891
      1	25954
      1	26250
      1	26435
      9	26564
      1	26612
      1	26615
      2	26682
      1	26685
      4	26703
      1	26818
      1	26948
      1	27155
      1	27167
      1	27227
      1	27357
      1	27474
      2	27531
      1	27532
      1	27622
      1	27717
      1	27903
      5	28012
      1	28086
      1	28204
      1	28278
      2	28283
      1	28438
      7	28624
      5	28655
      1	28809
      1	28889
      1	28952
      3	28960
      1	29002
      1	29061
      1	29338
      3	29339
      1	29341
      1	29356
      1	29396
      1	29551
      1	29561
      1	29686
      1	29696
      1	29701
      1	29753
      1	30315
      3	30402
      1	30440
      1	30530
      1	30534
      2	30554
      1	30770
      1	31098
      1	31156
      1	31193
      2	31585
      1	31744
      1	31785
      1	31787
      1	31825
      1	31826
      1	32022
      1	32040
      2	32114
      1	32266
      1	32497
      1	32614
      1	32634
      2	32657
      1	32702
      1	33097
      1	33354
      1	33410
      1	33630
      1	33715
      1	33735
      1	33738
      2	33953
      1	33971
      3	33992
      1	34134
      1	34317
      6	34326
      1	34357
      1	34369
      1	34443
      1	34627
      1	35052
      2	35087
      1	35183
      1	35203
      1	35384
      1	35387
      4	35392
      1	35401
      1	35722
      1	35856
      1	35865
      1	35908
      2	36044
      1	36053
      1	36240
      1	36286
      5	36423
      1	36571
      1	36705
      1	36787
      1	37030
      1	37308
      1	37355
      1	37387
      6	37400
      1	37640
      1	37699
      1	37867
      3	37883
      1	38195
      3	38311
      2	38419
      1	38665
      1	38861
      1	38926
      1	39012
      6	39263
      1	39297
      2	39451
      2	39485
      1	39615
      1	39621
      1	39721
      2	39739
      1	39780
      3	39834
      1	39895
      3	39960
      1	40210
      2	40291
      1	40309
      1	40395
      2	40614
      1	40705
      2	40830
      1	41142
      1	41266
      1	41329
      1	41333
      1	41490
      2	41540
      1	41582
      1	41657
      1	41701
      5	41883
      1	41973
      1	42168
      2	42372
      1	42419
      1	42500
      1	42672
      1	42684
      1	42745
      1	42840
      1	42846
      1	43007
      1	43013
      1	43039
      2	43065
      1	43068
      1	43080
      1	43160
      1	43180
      1	43234
      2	43417
      6	43558
      1	43647
      2	43818
      1	43889
      1	43989
      1	44040
      1	44429
      1	44572
      1	44615
      1	44807
      1	44972
      1	44975
      2	45043
      1	45103
      1	45393
      1	45550
      1	45551
      1	45576
      2	45593
      1	45673
      1	45772
      1	45836
      1	46103
      1	46120
      1	46174
      1	46388
      2	46389
      1	46488
      1	46583
      1	46589
      1	46672
      1	46680
      1	46724
      3	46743
      1	46819
      1	46853
      1	47038
      1	47050
      2	47104
      1	47123
      1	47127
      1	47287
      1	47400
      1	47486
      8	47584
      1	47597
      1	47634
      1	47992
      1	48096
      1	48198
      2	48291
      1	48461
      1	48544
      1	48649
      2	48655
      1	48847
      1	48996
      1	49107
      1	49180
      1	49267
      1	49269
      1	49854
      1	50206
      1	50369
      1	50544
      2	50812
      1	50834
      1	50936
      2	51113
      1	51242
      1	51294
      1	51441
      1	51614
      3	51639
      2	51676
      3	51827
      6	52181
      1	52205
      1	52492
      4	52796
      2	52798
      1	52912
      1	52968
      1	53053
      2	53167
      1	53423
      2	53511
      1	53584
      1	53648
      2	53854
      1	53925
      1	53947
      1	53951
      1	54028
      4	54150
      1	54316
      2	54369
      1	54370
      1	54400
      1	54446
      1	54480
      1	54691
      1	54725
      3	54791
      1	55032
      1	55073
      1	55135
      1	55207
      1	55239
      3	55418
      1	55425
      2	55490
      1	55544
      1	55818
      1	56023
      1	56034
      1	56091
      1	56186
      1	56201
      1	56504
      1	56568
      1	56607
      2	56693
      1	56706
      1	56805
      1	56814
      1	56886
      6	57170
      2	57332
      1	57552
      1	57566
      1	57698
      1	57730
      1	57849
      2	57951
      1	58154
      1	58488
      1	58503
      1	58566
      1	58577
      1	58750
      1	59188
      1	59549
      4	59577
      1	59659
      1	59720
      1	60085
      1	60389
      1	60501
      4	60653
      1	60682
      1	60975
      1	61057
      1	61168
      1	61196
      1	61266
      2	61528
      1	62051
      2	62062
      1	62311
      1	62380
      1	62534
      1	62589
      1	62664
      2	63024
      1	63194
      1	63296
      1	63306
     12	63368
      1	63423
      1	63427
      1	63461
      1	63509
      1	63656
      1	63733
      1	63751
      1	63764
      2	63846
      1	63884
      1	63916
      1	64001
      1	64074
      2	64196
      1	64268
      1	64304
      1	64485
      1	64504
      1	64509
      1	64520
      1	64743
     11	64884
      1	64951
      2	65286
      1	65353
      1	65401
      1	65418
