      1	66
      3	162
      1	378
      1	384
      1	453
      1	723
      1	779
      4	865
      1	1232
      1	1480
      1	1496
      1	1537
      2	1548
      1	1553
      1	1579
      1	1645
      1	1689
      9	1940
     13	2164
      1	2245
      1	2490
      1	2589
      1	2600
     40	2640
      1	3044
      2	3058
      1	3103
      2	3204
      3	3284
      1	3322
      1	3458
      1	3549
      1	3630
      1	3689
      1	4152
      4	4221
      1	4286
      3	4292
      2	4334
      1	4434
      1	5059
      1	5109
      1	5369
      2	5530
      4	5748
      1	5892
      1	6002
      1	6012
      1	6129
      1	6175
      1	6350
      1	6457
      1	6654
      1	6750
      1	6762
      1	6961
      2	6980
      1	7054
      2	7295
      1	7347
      1	7579
      1	7718
      2	7892
      1	7925
      1	8315
      1	8353
      1	8390
      2	8445
      1	8519
      1	8659
      1	8695
      3	9121
      1	9138
      1	9186
      1	9334
      1	9457
      1	9824
      1	9922
      1	9950
      1	9985
      1	10031
      2	10174
      1	10266
      1	10281
      4	10320
      1	10391
      5	10413
      1	10453
      1	10528
      1	10600
      2	10738
      2	11126
      1	11241
      1	11330
      1	11509
      1	11529
      1	11589
      1	11666
      1	11871
      1	12029
      1	12125
      1	12149
      1	12301
      1	12342
      1	12404
      1	12488
      1	12751
      1	12976
      1	13185
      1	13210
      1	13292
      2	13304
      1	13322
      1	13574
      1	13633
      2	13825
      1	13880
      1	13966
      3	14292
      1	14293
      1	14316
      1	14361
      1	14373
      1	14396
      1	14450
      1	14535
      1	14580
      1	15086
      1	15088
      6	15266
      4	15345
      1	15362
      1	15580
      1	15631
      1	15702
      2	16437
      5	16454
      1	16554
      1	16638
      1	16721
      2	16762
      1	16787
      1	16862
      2	16920
      3	16931
      1	16944
      1	17107
      1	17214
      1	17338
      1	17450
      2	17753
      1	17812
      1	17878
      1	17964
      2	18278
      1	18348
      1	18934
      1	19301
      1	19423
      1	19441
      1	19546
      1	19622
      1	19842
      1	19886
      2	20032
      1	20085
      1	20162
      1	20267
      1	20280
      1	20288
      1	20320
      1	20370
      1	20419
      1	20516
      1	20870
      1	20882
      1	20883
      1	20891
      2	21017
      1	21109
      4	21326
      1	21518
      1	21651
      1	21802
      1	21809
      1	21901
      1	21944
      1	22164
      1	22188
      3	22192
      1	22600
      2	22657
      2	22937
      2	22948
      1	23036
      1	23114
      1	23168
      1	23235
      1	23339
      2	23501
      1	23611
      2	23895
      2	24037
      1	24121
      2	24166
      2	24331
      1	24412
      4	24589
      2	24622
      2	24625
      1	24649
      2	24705
      1	24894
      1	24991
      1	25024
      1	25232
      1	25240
      2	25259
      3	25463
      2	25525
      2	25551
      1	25647
      2	25663
      1	25671
      1	25898
      4	25942
      1	26108
      1	26111
      4	26174
      1	26287
      1	26306
      1	26693
      3	26714
      1	26770
      1	26777
      1	26860
      1	26862
      1	26892
      4	27052
      1	27082
      3	27142
      2	27150
      1	27257
      1	27294
      1	27339
      1	27439
      1	27747
      1	28013
      1	28405
      1	28463
      1	28489
      1	28493
      1	28809
      1	28818
      1	28990
      1	29024
      1	29050
      1	29078
      1	29226
      1	29245
      4	29265
      1	29326
      1	29575
      1	29760
      1	29823
      2	29912
      1	30097
      1	30104
      1	30119
      1	30125
      2	30131
      1	30394
      3	30720
      1	30817
      5	30950
      1	31557
      2	31578
      1	31653
     11	31971
      2	31996
      1	32175
      3	32345
      5	32425
      9	32687
      1	32825
      1	32864
      1	32974
      1	33175
      1	33201
      1	33499
      1	33566
      2	33868
      1	33889
      1	34090
      2	34160
      1	34188
      1	34374
      1	34439
      1	34574
      2	35254
      1	35475
      8	35731
      2	35758
      1	36039
      1	36073
      1	36222
      1	36249
      1	36261
      1	36329
      9	36651
      1	36713
      1	36893
      1	36977
      1	37190
      3	37205
      1	37307
      1	37321
      1	37544
      1	37598
      1	37610
      2	37900
      1	37933
      1	37963
      1	38005
      1	38185
      1	38582
      3	38925
      2	38943
      1	39109
      1	39239
      1	39365
      1	39379
      1	39525
      1	39561
      1	39727
      1	39770
      1	39977
      1	40193
      1	40481
     40	40606
      1	40706
      1	40810
      5	40864
      2	41133
      5	41185
      1	41577
      1	41582
      1	41848
      1	41882
      1	41923
      1	42217
      2	42224
      6	42251
      1	42479
      1	42657
      1	42661
      1	42808
      2	42845
      2	43125
      2	43130
      1	43503
      1	43730
      1	43906
      1	43931
      2	43989
      1	44021
      1	44046
      4	44120
      2	44153
      1	44360
      3	44409
      1	44493
      3	44657
      3	44724
      1	44968
      1	45100
      1	45317
      1	45324
      1	45358
      2	45359
      1	45449
      2	45620
      1	45815
      2	45847
      1	45920
      2	46239
      3	46263
      1	46303
      1	46503
      1	46848
      1	46899
      1	47159
      2	47164
      2	47212
      3	47351
      1	47622
      1	47748
      1	47931
      5	48153
      1	48266
      1	48276
      3	48326
      2	48402
      1	48462
      1	48579
      1	49080
      1	49200
      1	49430
      1	49551
      4	49758
      1	49770
      1	49968
      1	50027
      1	50541
      5	51047
      1	51128
      1	51315
      1	51354
      1	51509
      1	51899
      1	52000
      1	52145
      1	52186
      1	52300
      3	52304
      2	52472
      1	52498
      4	52564
      2	52635
      1	52807
      1	52966
      1	53001
      2	53082
      1	53151
      1	53168
      1	53357
      3	53405
      1	53470
      1	53502
      1	53538
      1	53933
      2	54103
      1	54285
      1	54345
      1	54459
      1	54782
     26	54894
      1	54979
      1	55158
      1	55179
      9	55196
      5	55578
      9	55609
      3	55767
      1	55814
      2	55895
      1	55914
      1	56035
      2	56052
      2	56292
      1	56816
      1	56839
      2	56907
      1	56932
      1	56990
      2	56995
      1	57002
     14	57595
      1	57735
      1	57737
      1	58009
      2	58028
      1	58076
      1	58347
      1	58413
      1	58470
      1	58521
      1	58677
      1	58783
      1	58790
      1	58798
      1	58812
      1	58879
      1	58887
      1	59001
      1	59105
      1	59118
      1	59235
      3	59286
      1	59445
      1	59571
      1	59659
      1	59691
      7	59737
      1	59818
      3	60002
      1	60029
      2	60120
      1	60204
      1	60364
      1	60798
      1	60872
      1	61101
      1	61132
      1	61148
      1	61207
      1	61230
      2	61249
      2	61251
      3	61300
      1	61396
      2	61486
      1	61667
      2	61991
      2	62006
      1	62067
      1	62238
      1	62270
      1	62336
      3	62412
      1	62428
      1	62444
      1	62489
      1	62631
      1	62664
      1	62796
      1	62830
      2	62957
      2	62967
      1	63020
      1	63032
      2	63273
      1	63338
      1	63363
      1	63859
      1	64117
      1	64244
      7	64637
      1	64829
      1	65032
      1	65137
      1	65256
