      1	45
      1	77
      1	335
      1	384
      1	416
      1	432
      3	531
      1	550
      1	697
      1	708
      1	722
      1	754
      2	758
      2	779
      1	797
      1	813
     11	865
      1	880
      1	901
      1	1065
      1	1112
      1	1182
      1	1229
      1	1371
      2	1497
      3	1532
      3	1558
      1	1616
      1	1656
      1	1782
      1	1812
      1	1872
      1	1890
      1	1937
      1	2087
      1	2093
      2	2169
      1	2188
      1	2312
      1	2398
      1	2417
      1	2549
      1	2613
      2	2743
      3	2817
      2	2844
      1	2855
      2	2907
      1	3004
      1	3005
      1	3028
      2	3102
      1	3213
      2	3243
      1	3307
      1	3321
      1	3351
      1	3486
      1	3493
      1	3577
      1	3632
      2	3661
      6	3690
      2	3737
      2	3745
      1	3750
      1	3830
      2	3872
      1	3995
      2	4062
      1	4224
      2	4233
      1	4286
      1	4307
      1	4308
      1	4334
      1	4345
      1	4379
      1	4388
      1	4421
      1	4581
      3	4664
      1	4760
      1	4804
      4	4926
      1	4943
      1	4944
      1	4976
      1	5160
      4	5161
      1	5208
      1	5219
      1	5222
      1	5287
      1	5444
      1	5449
      2	5475
      1	5497
      2	5510
      1	5540
      2	5562
      1	5594
      1	5658
      2	5697
      1	5751
      1	5768
      1	5769
      2	5819
      1	5820
      2	5876
      1	5905
      4	6012
      1	6045
      1	6072
      1	6151
      1	6156
      1	6172
      1	6183
      1	6289
      1	6293
      1	6389
      1	6494
      1	6534
      5	6575
      1	6700
      1	6717
      1	6745
      1	6896
      1	6898
      1	6915
      2	6980
      1	7002
      1	7075
      1	7113
      1	7189
      1	7203
      1	7252
      1	7271
      1	7300
      1	7359
      1	7364
      2	7403
      1	7497
      2	7572
      2	7573
      1	7713
      1	7772
      1	7778
      3	7970
      1	8011
      1	8016
      6	8121
      1	8264
      5	8281
      1	8357
      2	8365
      1	8433
      1	8508
      1	8532
      1	8554
      2	8599
      3	8622
      1	8639
      1	8659
      1	8731
      1	8736
      1	8853
      2	8983
      1	8991
      1	9116
      1	9155
      1	9218
      1	9234
      2	9240
      1	9327
      1	9337
      2	9345
      1	9411
      1	9414
      1	9439
      2	9793
      1	9824
      3	9900
      1	9965
      6	9986
      1	10346
      3	10447
      1	10570
      2	10610
      1	10643
      3	10724
      1	10732
      1	10762
      1	10863
      1	10864
      1	10928
      1	10942
      1	10950
      1	11086
      1	11096
      1	11298
      1	11378
      1	11439
      3	11498
      1	11511
      2	11524
      3	11535
      1	11593
      1	11794
      1	11800
      1	11837
      1	11964
      1	11995
      1	12005
      1	12055
      1	12271
      1	12330
      1	12334
      1	12361
      1	12397
      2	12418
      1	12505
      1	12538
      2	12597
      3	12684
      1	12696
      2	12809
      1	12814
      1	12818
      1	12826
      3	12899
      1	12915
      1	12960
      1	13001
      2	13024
      1	13074
      1	13076
      1	13118
      1	13261
      2	13273
      1	13291
      1	13388
      1	13390
      1	13485
      2	13503
      1	13521
      1	13572
      2	13600
      1	13678
      1	13695
      1	13699
      1	13806
      1	13884
      1	13945
      1	14269
      2	14287
      1	14326
      2	14332
      1	14352
      1	14385
      1	14457
      1	14487
      1	14540
      1	14550
      1	14606
      1	14626
      1	14665
      1	14768
      1	14960
      1	15029
      1	15050
      1	15183
      1	15188
      2	15293
      1	15420
      1	15429
      1	15437
      1	15479
      2	15558
      1	15561
      1	15593
      1	15599
      1	15646
      1	15650
      2	15702
      1	15704
      3	15748
      1	15847
      1	15923
      1	15943
      1	15952
      1	15977
      4	16017
      1	16047
      1	16055
      1	16077
      1	16132
      3	16148
      1	16192
      1	16367
      3	16368
      5	16554
      1	16628
      1	16715
      1	16754
      2	16790
      1	16833
      1	16837
      4	16839
      1	16890
      1	16902
      1	16934
      1	17017
      1	17018
      1	17031
      1	17062
      1	17071
      2	17105
      1	17131
      1	17214
      1	17225
      1	17267
      1	17311
      4	17331
      4	17338
      1	17352
      1	17375
      2	17686
      1	17736
      1	17845
      2	17864
      2	17879
      1	17895
      4	17975
      1	18023
      1	18028
      4	18076
      2	18083
      1	18116
      1	18179
      2	18188
      2	18278
      1	18352
      1	18354
      8	18443
      1	18567
      1	18636
      1	18660
      1	18710
      2	18770
      1	18842
      2	18907
      1	18937
      1	18990
      1	19026
      1	19113
      1	19150
      1	19269
      2	19339
      1	19366
      1	19402
      1	19543
      2	19585
      2	19622
      1	19641
      1	19657
      1	19678
      1	19707
      1	19726
      2	19790
      1	19825
      1	19880
      1	19976
      1	20046
      1	20143
      1	20162
      1	20172
      6	20267
      4	20268
      3	20323
      1	20364
      1	20375
      1	20483
      2	20506
      1	20589
      1	20671
      1	20800
      2	20827
      1	20861
      1	20882
      2	21042
      1	21050
      1	21052
      1	21060
      1	21079
      1	21115
      3	21180
      2	21201
      1	21204
      1	21284
      1	21378
      1	21399
      1	21466
      2	21623
      1	21686
      3	21822
      1	21892
      1	21911
      1	22062
      1	22077
      2	22131
      2	22164
      1	22204
      1	22288
      1	22290
      1	22329
      1	22336
      1	22384
      3	22447
      1	22451
      1	22495
      1	22516
      1	22654
      1	22698
      1	22713
      3	22744
      1	22902
      1	22905
      1	23015
      1	23023
      1	23029
      2	23050
      1	23114
      1	23158
      1	23321
      1	23394
      1	23419
      1	23449
      1	23463
      1	23526
      4	23539
      1	23577
      1	23597
      2	23611
      1	23653
      1	23798
      2	23853
      1	23869
      1	23887
      2	23923
      1	24017
      1	24023
      1	24034
      5	24058
      1	24114
      1	24150
      1	24194
      1	24230
      1	24245
      1	24376
      1	24412
      1	24472
      1	24505
      1	24794
      2	24817
      2	24990
      1	24994
      1	25007
      1	25054
      2	25125
      1	25129
      1	25140
      1	25198
      1	25228
      4	25233
      1	25324
      1	25338
      4	25454
      4	25465
      1	25491
      5	25512
      1	25523
      1	25533
      1	25563
      2	25689
      1	25706
      1	25736
      1	25768
      1	25781
      1	25810
      2	25899
      1	26001
      2	26108
      4	26111
      1	26192
      2	26202
      1	26246
      1	26279
      1	26345
      3	26368
      2	26442
      1	26458
      1	26583
      1	26633
      1	26666
      1	26703
      1	26714
      1	26725
      5	26777
      1	26824
      1	26828
      2	27039
      1	27046
      1	27091
      1	27191
      2	27257
      2	27349
      1	27350
      1	27357
      1	27409
      2	27519
      1	27529
      1	27538
      1	27546
      1	27767
      2	27773
      1	27784
      1	27830
      1	27856
      1	27873
      1	27896
      1	28136
      1	28155
      1	28277
      2	28303
      1	28338
     13	28504
      2	28605
      5	28615
      1	28618
      1	28749
      1	28824
      1	28825
      1	28879
      1	29185
      1	29202
      1	29227
      1	29252
      1	29257
      2	29311
      4	29364
      1	29431
      1	29497
      1	29564
      1	29646
      1	29650
      1	29653
      1	29708
      1	29713
      1	29772
      1	29826
      1	30081
      3	30143
      1	30304
      1	30555
      1	30563
      1	30578
      1	30611
      1	30613
      1	30687
      1	30707
      1	30727
      1	30754
      1	30824
      1	30909
      1	30935
      1	30958
      2	30983
      1	31088
      1	31119
      1	31156
      1	31178
      1	31238
      1	31312
      1	31360
      1	31417
      1	31435
      1	31511
      2	31535
      1	31543
      2	31613
      1	31634
      1	31706
      2	31722
      1	31848
      3	31983
      1	32004
      1	32038
      1	32078
      2	32117
      4	32204
      3	32224
      3	32345
      1	32483
      1	32540
      2	32687
      1	32863
      2	32871
      1	32900
      1	33027
      2	33097
      2	33253
      2	33292
      1	33313
      2	33400
      2	33475
      1	33480
      1	33484
      1	33511
      1	33565
      1	33566
      1	33627
      1	33662
      1	33682
      1	33724
      1	33799
      1	33957
      2	33982
      1	34010
     11	34042
      1	34105
      3	34110
      1	34165
      1	34170
      1	34241
      1	34444
      1	34521
      1	34576
      1	34627
      1	34679
      2	34689
      1	34708
      1	34728
      1	34750
      3	34827
      4	34981
      1	35008
      2	35027
      1	35086
      1	35166
      1	35325
      1	35391
      1	35416
      1	35545
      1	35667
      1	35824
      1	35942
      1	35968
      1	36026
      2	36029
      2	36056
      1	36113
      1	36145
      1	36173
      1	36215
      1	36267
      1	36534
      3	36559
      1	36572
      1	36674
      3	36690
      1	36716
      2	36733
      1	36744
      1	36753
      1	36832
      1	36951
      1	36970
      1	36981
      2	37006
      1	37284
      1	37308
      1	37387
      2	37393
      1	37490
      5	37552
      1	37593
      1	37609
      1	37617
      2	37640
      1	37709
      1	37743
      1	37795
      4	37808
      1	37883
      1	37904
      1	37997
      2	38099
      1	38160
      1	38163
      1	38184
      1	38265
      1	38311
      1	38346
      1	38367
      1	38389
      1	38398
      1	38456
      2	38479
      4	38480
      1	38514
      2	38520
      1	38551
      4	38582
      2	38599
      1	38654
      1	38665
      1	38687
      1	38692
      1	38794
      2	38804
      1	38839
      1	38866
      1	38888
      2	38992
      1	39051
      1	39176
      1	39184
      2	39213
      1	39242
      1	39414
      1	39448
      3	39471
      1	39525
      1	39527
      1	39578
      2	39807
      1	39875
      1	39984
      1	40004
      1	40009
      1	40063
      1	40101
      1	40107
      1	40130
      1	40169
      1	40201
      2	40252
      1	40269
      1	40332
      1	40377
      1	40504
      3	40537
      1	40544
      1	40574
      1	40592
      2	40624
      1	40626
      1	40629
      1	40661
      1	40675
      1	40694
      2	40748
      1	40779
      1	40789
      1	40802
      1	40813
      1	41002
      1	41051
      2	41086
      2	41122
      1	41130
      3	41185
      1	41202
      1	41363
      1	41394
      1	41405
      1	41415
      1	41471
      1	41526
      2	41561
      1	41582
      1	41640
      1	41662
      1	41690
      4	41760
      1	41836
      1	41853
      1	41861
      1	41883
      1	41922
      2	42027
      2	42329
      1	42368
      1	42399
      1	42418
      2	42669
      1	42689
      1	42691
      2	42723
      1	42808
      1	42830
      1	42888
      1	42897
      1	42966
      3	43148
      1	43204
      2	43238
      1	43267
      2	43441
      1	43468
      1	43531
      1	43583
      1	43714
      1	43757
      1	43818
      3	43832
      1	43849
      1	43898
      5	43933
      2	43953
      2	43977
      1	43987
      1	44078
      1	44094
      1	44112
      1	44127
      1	44137
      1	44211
      1	44228
      7	44329
      1	44440
      1	44453
      1	44489
      1	44560
      4	44579
      1	44583
      2	44617
      1	44696
      1	44716
      1	44798
      6	44833
      1	44838
      1	44896
      1	44909
      1	44961
      1	44968
      1	45059
      1	45247
      1	45324
      1	45331
      1	45460
      2	45464
      8	45466
      1	45587
      2	45603
      1	45706
      1	45808
      1	45826
      1	45836
      1	45847
      1	45876
      1	45943
      1	46163
      1	46234
      1	46258
      2	46261
      1	46284
      2	46417
      1	46419
      1	46539
      1	46664
      1	46734
      1	46804
      7	46884
      1	46887
      1	46950
      1	47009
      1	47017
      1	47024
      2	47038
      1	47049
      1	47082
      1	47099
      2	47193
      1	47197
      1	47291
      1	47377
      1	47429
      1	47472
      2	47475
      1	47478
      5	47486
      2	47577
      1	47597
      1	47621
      1	47632
      1	47720
      1	47721
      3	47883
      1	47913
      1	47975
      2	47985
      1	48040
      1	48064
      1	48128
      1	48211
      1	48235
      1	48316
      1	48320
      1	48355
      2	48362
      1	48383
      1	48392
      1	48420
      2	48466
      1	48607
      1	48609
      1	48640
      1	48777
      1	48860
      1	48870
      1	48924
      1	49082
      1	49131
      2	49200
      1	49364
      2	49560
      2	49667
      1	49682
      1	49726
      1	49779
      2	49781
      1	49831
      2	49844
      1	49884
      1	49885
      1	49966
      6	50001
      1	50079
      1	50166
      1	50209
      2	50216
      1	50240
      2	50366
      1	50387
      1	50394
      1	50401
      3	50550
      1	50668
      1	50692
      1	50704
      1	50717
      1	50745
      1	50811
      1	50901
      1	50927
      4	50940
      2	50955
      1	51024
      2	51031
      1	51037
      1	51065
      1	51093
      1	51205
      1	51207
      1	51321
      1	51342
      5	51354
      3	51394
      2	51434
      1	51446
      1	51493
      1	51541
      1	51599
      1	51610
      1	51686
      1	51835
      1	51855
      1	51920
      1	51948
      1	51958
      1	51981
      1	52067
      1	52112
      5	52121
      3	52181
      1	52313
      3	52323
      1	52327
      1	52329
     11	52370
      1	52398
      1	52444
      1	52459
      2	52485
     18	52564
      1	52572
      1	52603
      1	52616
      1	52635
      1	52687
      1	52767
      2	52794
      1	52815
      2	52848
      1	52917
      3	52926
      1	53013
      1	53020
      1	53063
      1	53091
      1	53205
      2	53232
      1	53289
      1	53324
      1	53349
      1	53436
      2	53494
      1	53521
      1	53550
      1	53676
      1	53681
      1	53696
      1	53701
      1	53746
      1	53755
      1	53762
      1	53883
      1	53918
      2	53925
      1	54103
      1	54146
      1	54183
      1	54251
      1	54272
      1	54366
      1	54395
      1	54531
      1	54595
      1	54778
      1	54807
      1	54826
      1	54834
      1	54878
      2	54889
      2	54968
      1	54995
      1	55288
      1	55383
      1	55398
      4	55460
      1	55500
      2	55565
      2	55587
      1	55814
      1	55864
      1	55910
      1	55919
      4	56027
      2	56052
      1	56242
      1	56301
      1	56350
      1	56371
      1	56397
      1	56538
      2	56583
      2	56706
      1	56797
      1	56856
      1	56874
      1	57074
      2	57133
      1	57144
      1	57279
      1	57289
      1	57350
      1	57356
      1	57373
      2	57380
      1	57420
      1	57435
      3	57480
      1	57566
      1	57597
      1	57740
      1	57751
      2	57877
      1	57919
      1	57951
      1	58053
      1	58063
      1	58120
      2	58124
      1	58208
      1	58216
      1	58244
      1	58259
      1	58358
      1	58472
      2	58506
      2	58527
      1	58533
      1	58543
      1	58575
      1	58636
      1	58679
      1	58735
      1	58857
      2	58876
      6	58887
      1	58953
      1	58978
      1	59110
      1	59180
      1	59217
      1	59222
      2	59252
      1	59327
      1	59434
      1	59448
      2	59561
      1	59567
      2	59571
      1	59590
      1	59608
      2	59641
      1	59659
      1	59715
      7	59758
      1	59759
      1	59887
      1	59999
      1	60002
      1	60043
      1	60131
      1	60143
      1	60185
      2	60210
      1	60268
      1	60307
      1	60312
      1	60527
      1	60640
      1	60679
      1	60724
      1	60737
      2	60882
      2	60922
      1	60975
      1	60983
      1	61066
      1	61110
      1	61131
      3	61138
      1	61140
      1	61152
      1	61203
      1	61219
      7	61230
      6	61261
      1	61282
      6	61310
      1	61330
      1	61362
      1	61445
     13	61577
      1	61592
      1	61648
      4	61688
      1	61772
      1	61937
      1	62010
      3	62034
      1	62095
      1	62105
      1	62108
      1	62124
      1	62180
      1	62183
      2	62189
      3	62271
      3	62427
      1	62492
      2	62534
      1	62593
      1	62728
      2	62846
      1	62848
      1	62890
      1	62930
      3	63002
      1	63056
      1	63073
      2	63097
      1	63105
      1	63156
      2	63298
      1	63300
      9	63363
      1	63368
      1	63372
      1	63381
      1	63409
      1	63460
      2	63486
      1	63509
      1	63615
      1	63637
      1	63693
      3	63743
      1	63791
      1	63807
      1	63832
      1	63884
      6	63987
      1	64094
      3	64153
      1	64170
      1	64196
      1	64210
      1	64253
      1	64261
      1	64315
      1	64434
      1	64485
      3	64528
      1	64530
      2	64539
      1	64637
      1	64657
      1	64871
      1	64896
      3	64908
      1	65014
      1	65198
      1	65221
      1	65256
      1	65338
      1	65352
      2	65353
      3	65372
      1	65401
      3	65408
      1	65449
      1	65498
