      1	11
      1	45
      1	74
      1	91
      1	93
      1	121
      1	175
      1	505
      1	538
      1	1070
      1	1167
      1	1405
      1	1450
      1	1503
      1	1673
      1	1830
      1	1859
      1	1911
      1	2004
      1	2057
      1	2087
      2	2093
      1	2148
      1	2222
      1	2375
      1	2417
      1	2474
      1	2519
      1	2683
      6	2688
      1	2808
      1	3152
      1	3204
      1	3351
      1	3376
      1	3690
      1	3807
      1	3872
      1	4492
      1	4640
      1	4732
      3	4913
      1	4930
      1	5023
      1	5118
      1	5208
      1	5210
      2	5348
      1	5405
      1	5408
      1	5476
      1	5720
      1	5915
      1	6124
      1	6181
      1	6197
      1	6244
      1	6336
      1	6691
      1	7490
      2	7505
      4	7829
      4	7842
      1	8014
      1	8048
      1	8332
      1	8839
      1	9240
      3	9317
      1	9324
      1	9337
      1	9354
      1	9773
      2	9900
      2	10020
      1	10026
      1	10241
      1	10245
      1	10286
      2	10732
      1	10862
      5	11071
      2	11082
      1	11237
      1	11272
      1	11308
      1	11498
      1	11524
      1	11569
      1	11753
      1	12186
      1	12288
      1	12505
      1	12521
      1	12556
      1	12708
      1	12750
      1	12809
      1	12874
      1	12956
      1	13238
      1	13335
      1	13388
      2	13490
      1	13682
      3	14169
      1	14275
      2	14443
      1	14513
      1	14674
      1	14876
      1	15029
      1	15270
      1	15282
      1	15372
      2	15386
      1	15561
      1	15661
      1	15674
      1	16016
      1	16199
      1	16400
      1	16414
      1	16477
      1	16526
      1	16679
      1	16972
      2	17009
      3	17229
      1	17331
      1	17404
      2	17465
      1	17508
      1	17655
      1	17771
      1	17773
      1	17934
      2	17975
      1	18179
      1	18180
      2	18348
      1	18377
      3	18590
      3	18696
      3	18827
      1	18867
      1	19268
      1	19277
      1	19339
      1	19549
      1	19580
      1	19787
      3	19991
      2	20191
      2	20195
      1	20204
      1	20718
      1	20788
      3	21019
      2	21022
      1	21179
      1	21198
      1	21647
      1	21655
      1	21693
      1	21885
      2	21920
      1	22256
      1	22292
      1	22334
      1	22428
      2	22957
      1	22967
      1	23029
      1	23030
      1	23266
      1	23354
      1	23473
      1	23526
      1	23596
      2	23852
      1	23983
      1	23998
      1	24061
      1	24324
      1	24539
      1	24800
      1	24807
      2	24990
      1	25163
      1	25219
      1	25236
      1	25541
      1	25620
      1	25654
      1	26021
      4	26135
      1	26286
      1	26359
      1	26470
      1	26640
      1	26772
      1	26798
      3	26857
      2	27272
      1	27411
      3	27413
      1	27429
      1	27579
      2	27724
      1	28035
      1	28241
      1	28250
      1	28303
      1	28520
      1	28605
      1	29150
      2	29257
      1	29364
      1	29374
      1	29638
      1	30134
      4	30167
      1	30277
      1	30319
      1	30460
      1	30527
      1	30684
      6	31395
      3	31585
      2	31943
      1	31983
      3	32032
      1	32574
      3	32614
      1	32740
      1	32767
      4	32863
      1	33229
      1	33464
      1	33480
      1	33482
      1	33566
      1	33656
      2	33674
      1	33810
      1	33971
      2	34018
      1	34110
      1	34169
      1	34294
      1	34296
      3	34608
      3	34708
      1	34763
      1	34790
      1	34974
      1	34975
      1	35327
      1	35355
      1	35358
      1	35667
      1	35748
      1	35834
      1	35949
      1	35964
      1	35976
      1	36084
      2	36112
      1	36141
      1	36166
      1	36188
      1	36202
      1	36256
      1	36359
      2	36566
      1	36655
      1	36787
      1	36846
      1	36868
      2	37052
      1	37264
      1	37387
      2	37410
      1	37411
      1	37493
      1	37566
      1	37617
      1	38013
      3	38398
      2	38439
      2	38480
      1	38544
      1	38991
      1	39213
      6	39265
      1	39340
      1	39368
      3	39440
      1	39751
      1	39807
      1	39977
      4	40031
      2	40330
      1	40551
      3	40616
      1	40995
      2	41185
      1	41396
      1	41421
      1	41430
      1	41582
      1	41972
      1	42340
      1	42764
      1	42930
      1	43669
      1	43763
      1	43856
      1	44049
      2	44141
      1	44192
      1	44252
      1	44256
      1	44489
      1	44672
      1	44833
      1	44907
      1	45513
      1	45671
      1	45847
      3	46100
      2	46402
      1	46576
      1	46628
      1	46789
      1	46901
      1	47312
      1	47883
      1	48064
      1	48317
      1	48514
      1	48671
      1	48777
      1	49104
      1	49236
      1	49498
      1	50216
      1	50366
      1	50508
      1	50537
      4	50565
      1	50811
      1	51321
      2	51326
      1	51394
      2	51493
      1	51548
      3	51959
      6	52181
      1	52496
      2	52587
      1	52614
      1	52954
      2	53093
      1	53169
      1	53269
      1	53349
      1	53494
      2	53550
      1	53743
      1	53754
      1	53782
      1	53947
      1	53965
      1	53996
      1	54186
      1	54393
      1	54654
      2	55023
      1	55198
      1	55332
      5	55460
      1	55500
      1	55608
      1	55746
      1	55847
      1	55908
      1	55998
      1	56569
      8	56791
      1	56807
      1	56889
      1	56940
      9	57074
      1	57212
      1	57459
      1	57489
      1	57608
      1	57740
      1	57909
      1	57950
      2	58205
      1	58216
      2	58528
      1	58735
      1	58808
      1	58895
      1	59178
      2	59304
      1	59675
      1	59753
      1	59848
      1	59878
      1	59987
      2	60307
      1	60312
      1	60480
      1	60579
      1	60671
      3	61203
      1	61261
      1	61340
      1	61362
      1	61374
      1	61832
      1	61855
      3	62026
      1	62030
      1	62236
      1	62558
      1	62664
      1	63134
      1	63156
      1	63363
      1	63376
      1	63484
      6	63743
      1	63898
      1	64002
      1	64469
      1	64552
      1	64794
      1	65066
      1	65125
      1	65198
      1	65314
