      1	5
      1	28
      1	45
      1	47
      1	84
      1	90
      1	91
      1	94
      1	96
      1	97
      4	111
      2	139
      2	174
      1	188
      2	197
      1	295
      4	304
      1	322
      1	333
      2	351
      1	363
      2	372
      2	418
      1	419
      1	433
      1	468
      1	482
      1	498
      1	509
      1	515
      1	527
      2	584
      1	586
      1	608
      1	614
      1	664
      1	696
      1	722
      1	758
      1	770
      1	774
      1	779
      1	782
      1	808
      1	821
      1	865
      1	867
      1	901
      2	910
      1	920
      2	951
      1	967
      1	977
      1	982
      2	1002
      1	1010
      3	1036
      1	1039
      1	1042
      1	1068
      1	1079
      2	1103
      1	1106
      1	1119
      2	1154
      1	1162
      4	1163
      1	1169
      1	1177
      1	1184
      1	1228
      1	1235
      5	1248
      2	1253
      1	1348
      3	1449
      1	1471
      2	1477
      3	1543
      1	1570
      1	1577
      1	1586
      1	1616
      1	1629
      1	1642
      1	1645
      1	1669
      1	1681
      1	1724
      1	1728
      1	1741
      2	1780
      1	1803
      2	1813
      1	1860
      2	1872
      1	1873
      3	1913
      2	1998
      4	2065
      4	2072
      1	2076
      1	2087
      1	2149
      1	2217
      3	2219
      1	2239
      1	2245
      1	2267
      1	2338
      1	2368
      1	2371
      1	2375
      2	2386
      1	2452
      1	2471
      4	2483
      2	2506
      1	2516
      1	2540
      1	2551
      1	2566
      1	2574
      2	2644
      1	2656
      2	2659
      1	2665
      1	2684
      3	2692
      1	2695
      2	2752
      1	2774
      1	2814
      2	2817
      6	2832
      1	2834
      2	2844
      2	2858
      1	2954
      1	2973
      2	2982
      2	3020
      3	3026
      1	3058
      2	3072
      1	3144
      1	3173
      1	3243
      1	3249
      2	3253
      3	3256
      1	3267
      1	3328
      1	3336
      1	3344
      1	3359
      2	3368
      2	3376
      3	3381
      1	3400
      1	3414
      1	3427
      1	3431
      1	3479
      1	3486
      1	3521
      1	3530
      1	3533
      1	3595
      1	3596
      6	3645
      2	3661
      3	3665
      2	3690
      1	3732
      2	3750
      2	3807
      1	3812
      1	3830
      1	3835
      1	3850
      3	3876
      1	3881
      4	3906
      1	3969
      1	3995
      1	4024
      1	4027
      1	4030
      1	4071
      1	4072
      1	4075
      1	4082
      2	4106
      1	4114
      1	4147
     10	4183
      2	4211
      1	4256
      1	4286
      3	4293
      1	4301
      2	4307
      2	4308
      1	4342
      1	4379
      1	4402
      1	4424
      1	4462
      1	4470
      2	4493
      4	4505
      1	4518
      3	4522
      1	4538
      2	4552
      1	4562
      1	4604
      1	4615
      2	4629
      1	4634
      1	4649
      1	4656
      1	4673
      1	4690
      1	4733
      1	4736
      2	4750
      3	4753
      1	4764
      1	4768
      1	4780
      2	4790
      2	4845
      4	4849
      1	4861
      1	4870
      1	4882
      1	4942
      1	4943
      2	4967
      2	4983
      1	5013
      2	5021
      2	5022
      1	5044
      1	5052
      1	5077
      1	5122
      1	5133
      2	5145
      1	5161
      1	5194
      2	5218
      1	5219
      1	5260
      1	5287
      1	5327
      1	5330
      1	5334
      4	5408
      2	5467
      2	5475
      2	5503
      1	5508
      1	5510
      1	5541
      1	5565
      1	5568
      1	5618
      1	5637
      1	5640
      2	5683
      1	5726
      1	5833
      1	5844
      2	5853
      1	5874
      1	5876
      1	5923
      1	5924
      1	5942
      2	6007
      1	6020
      1	6045
      1	6055
      1	6073
      1	6077
      1	6085
      2	6095
      1	6096
      1	6101
      3	6124
      1	6127
      3	6128
      1	6188
      2	6208
      2	6226
      1	6263
      1	6289
      1	6293
      1	6298
      1	6396
      1	6423
      1	6435
      1	6452
      1	6455
      1	6497
      1	6512
      1	6530
      1	6558
      1	6596
      1	6621
      3	6651
      3	6654
      1	6677
      1	6767
      2	6805
      3	6810
      1	6854
      1	6871
      1	6906
      1	6937
      1	6955
      1	7013
      1	7015
      1	7069
      2	7075
      1	7131
      1	7145
      1	7170
      1	7186
      1	7187
      2	7193
      2	7202
      1	7218
      1	7219
    240	7221
      2	7252
      1	7272
      1	7359
      1	7413
      1	7435
      1	7449
      1	7467
      3	7471
      1	7480
      1	7486
      1	7533
      1	7567
      1	7579
      1	7608
      1	7648
      1	7684
      1	7727
      1	7733
      2	7756
      1	7772
      3	7783
      1	7795
      1	7802
      1	7840
      2	7850
      1	7868
      1	7871
      1	7872
      2	7920
      1	7935
      1	7942
      1	8023
      1	8037
      2	8061
      1	8063
      1	8073
      1	8115
      1	8118
      2	8138
      1	8150
      1	8178
      1	8197
      1	8225
      1	8227
      1	8254
      2	8260
      2	8264
      2	8276
      1	8299
      1	8383
      1	8394
      3	8481
      1	8492
      2	8496
      3	8538
      2	8550
      1	8560
      1	8567
      1	8580
      1	8642
      1	8664
      1	8740
      2	8760
      1	8775
      1	8782
      1	8799
      1	8800
      1	8830
      2	8844
      1	8853
      1	8856
      1	8924
      1	8956
      1	8983
      1	9092
      1	9095
      1	9149
      1	9152
      1	9162
      1	9165
      1	9182
      1	9191
      2	9211
      1	9218
      1	9241
      2	9307
      1	9315
      2	9345
      1	9377
      1	9388
      1	9478
      1	9498
      1	9544
      1	9564
      1	9590
      2	9697
      1	9716
      1	9721
      1	9728
      1	9730
      1	9765
      1	9793
      1	9802
      2	9811
      1	9839
      1	9851
      2	9873
      1	9996
      1	10026
      1	10052
      1	10075
      5	10077
      1	10083
      1	10090
      1	10130
      1	10202
      1	10220
      1	10321
      1	10335
      2	10359
      4	10374
      2	10401
      1	10407
      2	10409
      4	10422
      2	10462
      2	10493
      1	10566
      1	10576
      2	10589
      1	10673
      1	10710
      1	10750
      1	10752
      1	10755
      2	10759
      2	10875
      1	10893
      1	10981
      1	10987
      2	11012
      4	11032
      3	11068
      1	11071
      1	11108
      1	11119
      1	11144
      1	11154
      1	11228
      1	11261
      4	11278
      2	11298
      1	11303
      1	11364
      1	11394
      1	11521
      1	11524
      4	11535
      1	11654
      1	11736
      1	11739
      1	11741
      1	11746
      1	11784
      2	11837
      1	11839
      1	11897
      1	11898
      1	11905
      1	11921
      1	11933
      1	11935
      1	11953
      1	11970
      1	11972
      1	12007
      1	12011
      1	12049
      1	12054
      1	12061
      1	12072
      1	12079
      2	12132
      1	12155
      1	12190
      1	12255
      1	12288
      1	12397
      1	12405
      1	12410
      1	12434
      1	12450
      2	12500
      2	12505
      1	12531
      1	12545
      1	12573
      3	12613
      1	12628
      1	12696
      2	12703
      1	12708
      1	12786
      1	12838
      2	12841
      1	12863
      1	12864
      1	12885
      2	12886
      1	12970
      1	13017
      1	13023
      1	13024
      1	13026
     24	13054
      1	13055
      1	13057
      4	13083
      1	13100
      1	13114
      1	13118
      1	13153
      1	13182
      1	13184
      1	13186
      4	13188
      1	13252
      1	13288
      1	13361
      1	13382
      1	13403
      3	13418
      1	13442
      1	13476
      1	13496
      2	13520
      1	13523
      1	13554
      2	13602
      1	13643
      1	13653
      3	13672
      1	13680
      1	13683
      2	13699
      1	13721
      2	13724
      1	13738
      1	13745
      1	13749
      1	13763
      3	13783
      2	13822
      2	13890
      1	13906
      1	13912
      3	13984
      1	13992
      1	14107
      3	14111
      1	14149
      1	14203
      1	14283
      2	14290
      1	14295
      1	14344
      2	14370
      1	14392
      1	14408
      1	14441
      1	14457
      1	14486
      1	14524
      3	14537
      2	14542
      1	14569
      1	14591
      1	14597
      1	14607
      1	14637
      1	14646
      1	14665
      1	14671
      1	14677
      1	14702
      1	14723
      1	14724
      1	14763
      1	14783
      1	14813
      3	14839
      1	14882
      1	14920
      1	14938
      2	14969
      2	15029
      2	15036
      3	15070
      1	15080
      1	15090
      1	15092
      1	15104
      1	15147
      1	15172
      1	15174
      1	15183
      1	15184
      3	15236
      2	15247
      2	15271
      2	15282
      2	15286
      1	15291
      1	15298
      1	15328
      2	15335
      1	15511
      1	15530
      1	15536
      1	15558
      1	15566
      1	15589
      2	15590
      1	15592
      1	15593
      1	15595
      1	15599
      1	15604
      1	15605
      1	15656
      1	15673
      2	15677
      2	15708
      2	15734
      1	15756
      3	15856
      2	15871
      1	15872
      1	15895
      1	15909
      1	15936
      1	15975
      1	15985
      8	16007
      1	16047
      2	16076
      1	16112
      9	16153
      1	16154
      6	16161
      1	16164
      1	16170
      1	16188
      1	16231
      1	16239
      1	16255
      1	16258
      4	16269
      1	16308
      1	16312
      2	16321
      1	16354
      2	16368
      1	16388
      1	16418
      1	16430
      1	16479
      1	16486
      1	16492
      1	16522
      7	16561
      1	16610
      2	16638
      1	16696
      1	16715
      3	16719
      1	16733
      1	16751
      1	16806
      3	16833
      1	16836
      1	16868
      1	16902
      1	16930
      1	16976
      1	16994
      5	17018
      2	17027
      1	17056
      1	17058
      1	17138
      3	17168
      3	17214
      1	17225
      1	17251
      4	17267
      1	17295
      1	17311
      1	17323
      1	17333
      1	17352
      1	17379
      2	17419
      1	17427
      1	17439
      1	17454
      1	17459
      2	17495
      4	17508
      2	17510
      1	17530
      2	17560
      1	17580
      1	17621
      1	17624
      1	17641
      1	17663
      3	17709
      1	17770
      1	17864
      1	17895
      1	17920
      1	17937
      1	17950
      1	18003
      1	18030
      1	18178
      1	18274
      4	18304
      1	18340
      1	18353
      3	18361
      1	18383
      1	18418
      1	18427
      1	18505
      1	18533
      1	18540
      5	18626
      1	18661
      1	18667
      1	18669
      2	18756
      1	18757
      1	18768
      3	18776
      1	18885
      2	18919
      1	18923
      1	18937
      2	18949
      2	18980
      1	18993
      1	19016
      1	19032
      1	19065
      3	19113
      1	19165
      3	19198
      1	19292
      2	19305
      1	19319
      1	19339
      2	19340
      1	19345
      1	19354
      2	19388
      2	19402
      1	19471
      1	19491
      1	19526
      1	19534
      1	19535
      1	19536
      1	19585
      1	19616
      1	19631
      1	19661
      1	19685
      1	19695
      1	19728
      1	19735
      1	19745
      2	19788
      1	19803
      1	19816
      1	19858
      1	19861
      1	19896
      3	19897
      1	19904
      2	19911
      1	19920
      1	19929
      1	19931
      1	19933
      1	19947
      3	19967
      1	19971
      1	19992
      1	20148
      1	20162
      1	20177
      1	20195
      2	20216
      1	20261
      1	20268
      1	20280
      1	20290
      4	20291
      2	20323
      2	20326
      1	20362
      3	20364
      2	20406
      1	20426
      3	20438
      5	20450
      1	20480
      1	20515
      1	20573
      1	20599
      1	20606
      1	20611
      3	20612
      1	20671
      1	20676
     17	20682
      1	20713
      1	20762
      2	20774
      2	20779
      1	20800
      4	20802
      1	20814
      2	20825
      1	20831
      2	20896
      1	20984
      1	20997
      1	21003
      4	21044
      2	21050
      2	21120
      1	21135
      1	21157
      1	21158
      1	21200
      1	21205
      3	21276
      1	21323
      1	21407
      3	21424
      1	21465
      1	21483
      2	21499
      2	21503
      1	21570
      1	21604
      1	21619
      1	21623
      1	21630
      1	21642
      5	21643
      1	21647
      1	21665
      2	21669
      1	21708
      1	21724
      1	21739
      1	21756
      1	21759
      1	21792
      1	21805
      1	21864
      1	21873
      2	21883
      1	21897
      1	21911
      1	21926
      1	21933
      1	21970
      2	21994
      1	22007
      4	22027
      1	22039
      2	22086
      1	22094
      1	22118
      1	22134
      2	22164
      1	22188
      1	22202
      1	22207
      1	22219
      2	22227
      1	22247
      2	22280
      1	22305
      1	22355
      2	22365
      1	22370
      1	22391
      2	22392
      1	22401
      1	22427
      1	22451
      2	22481
      1	22532
      1	22557
      2	22625
      1	22631
      1	22640
      2	22665
      1	22674
      4	22694
      1	22701
      9	22719
      2	22742
      1	22745
      1	22764
      2	22776
      1	22784
      1	22803
      1	22807
      1	22813
      2	22821
      1	22841
      1	22866
      1	22899
      3	22902
      2	22913
      1	22934
      1	22944
      2	22970
      1	22973
      1	23013
      3	23023
      1	23029
      1	23033
      2	23061
      2	23072
      1	23074
      3	23092
      2	23114
      1	23137
      1	23146
      2	23166
      2	23192
      6	23199
      1	23239
      1	23250
      1	23252
      1	23258
      1	23350
      1	23379
      1	23421
      3	23435
      1	23449
      1	23468
      1	23526
      2	23577
      2	23589
      1	23594
      1	23595
      1	23599
      1	23611
      2	23643
      1	23653
      1	23713
      1	23743
      3	23757
      2	23767
      1	23782
      4	23785
      1	23788
      8	23820
      1	23843
      1	23869
      1	23899
      1	23912
      1	23922
      1	23983
      1	23997
      1	24023
      1	24054
      1	24094
      1	24098
      2	24114
      1	24127
      1	24158
      1	24162
      1	24175
      1	24176
      1	24207
      2	24219
      1	24234
      1	24244
      1	24245
      1	24246
      1	24276
      2	24279
      1	24306
      6	24333
      1	24335
      2	24338
      1	24339
      3	24376
      1	24384
      1	24388
      1	24429
      3	24434
      1	24440
      1	24458
      2	24469
      1	24495
      1	24501
      1	24533
      3	24570
      1	24596
      1	24724
      1	24755
      1	24761
      1	24770
      1	24830
      1	24864
      1	24933
      1	24981
      1	25046
      1	25058
      2	25079
      1	25141
      1	25142
      2	25148
      1	25177
      2	25197
      1	25198
      2	25240
      2	25267
      2	25287
      1	25289
      1	25293
      1	25299
      1	25317
      1	25332
      3	25347
      1	25357
      1	25367
      1	25393
      2	25421
      2	25439
      1	25448
      1	25450
      1	25515
      2	25516
      2	25523
      1	25543
      2	25584
      1	25612
      1	25619
      1	25631
      2	25640
      2	25661
      5	25667
      2	25678
      2	25680
      1	25695
      1	25774
      2	25813
      1	25816
      1	25818
      1	25830
      2	25837
      1	25875
      1	25884
      2	25891
      1	25899
      2	25957
      1	25966
      2	25972
      1	25980
      1	26013
      1	26027
      2	26053
      3	26060
      1	26069
      3	26071
      2	26075
      1	26225
      2	26246
      4	26259
      1	26260
      2	26279
      1	26289
      1	26309
      1	26371
      1	26385
      1	26387
      2	26416
      1	26434
      1	26435
      1	26444
      1	26460
      2	26470
      1	26508
      3	26517
      1	26538
      1	26555
      2	26572
      1	26583
      1	26607
      1	26655
      1	26661
      1	26748
      1	26777
      1	26803
      1	26805
      1	26806
      2	26818
      1	26867
      1	26900
      1	26940
      2	26947
      2	26959
      1	27020
      1	27039
      2	27044
      3	27069
      1	27105
      1	27163
      1	27165
      1	27181
      1	27193
      1	27221
      1	27225
      1	27231
      1	27257
      1	27263
      1	27305
      2	27323
      1	27324
      1	27333
      1	27346
      1	27351
      1	27357
      1	27374
      1	27409
      2	27429
      1	27438
      1	27448
      1	27459
      4	27519
      3	27550
      3	27554
      1	27572
      2	27596
      1	27601
      1	27668
      1	27703
      1	27711
      1	27712
      1	27731
      1	27835
      1	27856
      1	27880
      1	27949
      1	27957
      1	27958
      1	27959
      1	27990
      1	28014
      1	28015
      1	28035
      1	28077
      1	28095
      1	28104
      1	28113
      1	28114
      1	28117
      1	28118
      1	28153
      1	28244
      1	28256
      1	28257
      1	28279
      2	28284
      1	28346
      2	28365
      1	28370
      2	28440
      1	28476
      1	28522
      3	28556
      2	28557
      1	28571
      1	28581
      1	28618
      1	28632
      1	28665
      2	28672
      3	28732
      1	28762
      1	28813
      5	28824
      1	28865
      1	28913
      3	28957
      2	28974
      1	29025
      1	29044
      2	29120
      3	29146
      1	29190
      2	29202
      1	29212
      1	29228
      2	29250
      1	29262
      1	29270
      1	29285
      1	29287
      1	29294
      2	29311
      2	29351
      1	29374
      1	29375
      1	29386
      3	29408
      1	29435
      1	29456
      4	29470
      1	29484
      1	29499
      1	29504
      2	29506
      1	29513
      1	29514
      2	29538
      2	29545
      1	29565
      1	29566
      1	29597
      1	29618
      1	29624
      1	29646
      1	29694
      1	29718
      1	29725
      1	29735
      1	29753
      1	29800
      1	29819
      2	29841
      3	29849
      1	29873
      2	29877
      3	29892
      2	29949
      1	29970
      1	29978
      1	29992
      1	30016
      4	30032
      1	30093
      1	30094
      2	30095
      2	30108
      2	30119
      1	30141
      1	30165
      2	30177
      2	30242
      1	30250
      1	30272
      1	30278
      3	30282
      1	30285
      1	30313
      1	30341
      1	30360
      4	30363
      1	30367
      1	30431
      2	30505
      1	30549
      1	30554
      1	30565
      1	30578
      1	30590
      1	30601
      1	30703
      1	30704
      1	30724
      1	30751
      1	30754
      2	30760
      1	30778
      1	30788
      2	30794
      2	30801
      1	30803
      1	30857
      2	30867
      1	30930
      1	30935
      1	30944
      1	30977
      1	31001
      2	31011
      2	31020
      2	31023
      7	31025
      1	31029
      3	31050
      2	31090
      1	31095
      2	31147
      1	31150
      1	31167
      1	31234
      1	31237
      1	31242
      1	31256
      1	31265
      1	31290
      1	31296
      1	31305
      1	31351
      1	31377
      2	31397
      1	31495
      1	31516
      1	31520
      2	31531
      2	31534
      2	31535
      4	31541
      1	31549
      2	31573
      1	31577
      3	31634
      1	31642
      1	31650
      2	31667
      3	31670
      3	31688
      3	31703
      1	31728
      3	31750
      2	31766
      1	31774
      1	31917
     12	31919
      2	31961
      1	31978
      1	32003
      1	32006
      2	32019
      1	32023
      1	32060
      1	32068
      4	32083
      1	32113
      1	32124
      3	32173
      1	32210
      1	32211
      1	32224
      2	32249
      1	32270
      1	32316
      1	32327
      2	32333
      1	32348
      1	32377
      2	32378
      1	32392
      2	32405
      1	32413
      1	32451
      1	32453
      1	32466
      1	32488
      2	32518
      1	32520
      1	32533
      3	32550
      2	32633
      1	32639
      1	32646
      2	32648
      1	32671
      1	32675
      2	32684
      2	32692
      2	32702
      2	32706
      2	32716
      1	32740
      2	32749
      1	32756
      2	32762
      1	32793
      1	32809
      1	32831
      1	32877
      2	32899
      2	32912
      1	32924
      2	32931
      1	32958
      1	32972
      3	33017
      1	33027
      1	33051
      2	33100
      1	33125
      1	33153
      2	33180
      3	33209
      1	33230
      1	33242
      1	33259
      2	33291
      2	33292
      1	33313
      5	33318
      1	33321
      1	33338
      1	33356
      1	33410
      1	33433
      1	33436
      2	33446
      1	33450
      2	33454
      1	33465
      4	33495
      1	33499
      2	33514
      2	33523
      3	33536
      2	33577
      1	33578
      2	33602
      2	33619
      1	33620
      1	33628
      1	33630
      4	33651
      5	33662
      1	33692
      1	33721
      2	33775
      2	33779
      1	33803
      1	33810
      1	33817
      1	33840
      1	33866
      1	33887
      1	33957
      2	33959
      1	33972
      1	33976
      1	33991
      1	33992
      1	34055
      1	34076
      1	34080
      2	34082
      1	34083
      1	34084
      1	34117
      1	34124
      1	34129
      2	34133
      2	34148
      1	34158
      2	34162
      1	34165
      2	34190
      1	34210
      2	34236
      1	34239
      1	34241
      1	34256
      1	34259
      1	34296
      3	34335
      1	34343
      1	34391
      1	34393
      1	34479
      1	34481
      2	34528
      1	34536
      1	34550
      5	34570
      1	34591
      1	34597
      2	34610
      1	34644
      1	34647
      1	34671
      2	34692
      1	34695
      1	34702
      1	34708
      1	34714
      1	34728
      2	34786
      1	34799
      2	34806
      1	34826
      1	34833
      1	34839
      2	34884
      1	34888
      1	34905
      1	34914
      1	34919
      1	34987
      1	34994
      1	35025
      1	35106
      1	35114
      1	35122
      1	35130
      1	35152
      1	35160
      2	35168
      1	35179
      1	35197
      2	35203
      2	35212
      1	35222
      5	35223
      1	35269
      2	35273
      2	35308
      2	35327
      1	35360
      2	35392
      2	35468
      1	35508
      2	35513
      2	35516
      1	35586
      1	35606
      2	35613
      2	35635
      1	35644
      1	35710
      2	35717
      1	35723
      1	35733
      1	35750
      1	35762
      1	35786
      1	35834
      1	35839
      2	35865
      1	35886
      1	35908
      1	35992
      1	36028
      1	36092
      3	36103
      1	36106
      1	36128
      1	36141
      1	36147
      1	36247
      1	36252
      4	36395
      1	36427
      2	36430
      1	36446
      2	36450
      1	36494
      1	36509
      1	36515
      1	36519
      2	36540
      1	36542
      1	36549
      1	36559
      2	36614
      1	36627
      2	36628
      1	36630
      2	36654
      1	36674
      2	36680
      1	36702
      1	36711
      1	36716
      1	36733
      1	36744
      1	36747
      2	36753
      3	36770
      3	36777
      1	36789
      2	36810
      1	36823
      2	36836
      1	36838
      1	36894
      1	36906
      2	36909
      1	36914
      1	36943
      2	36962
      1	36991
      1	37009
      1	37064
      2	37103
      3	37111
      1	37120
      1	37175
      1	37212
      1	37223
      2	37247
      1	37263
      1	37275
      1	37308
      3	37316
      1	37324
      1	37326
      1	37329
      4	37355
      1	37368
      1	37382
      1	37387
      1	37416
      1	37493
      2	37499
      1	37503
      1	37545
      1	37553
      1	37593
      1	37598
      4	37640
      1	37652
      1	37694
      1	37695
      4	37699
      1	37712
      1	37713
      5	37716
      1	37723
      2	37724
      1	37743
      3	37744
      1	37762
      1	37793
      1	37804
      2	37808
      1	37855
      6	37902
      1	37939
      1	37973
     10	37980
      1	37994
      1	38047
      1	38094
      1	38120
      1	38143
      2	38157
      6	38162
      1	38171
      1	38195
      2	38199
      1	38221
      1	38244
      2	38251
      1	38265
      1	38269
      1	38291
      1	38293
      1	38306
      1	38333
      2	38403
      1	38448
      7	38468
      1	38480
      1	38486
      1	38520
      2	38570
      1	38652
      1	38665
      1	38667
      3	38672
      4	38677
      2	38737
      1	38761
      1	38764
      4	38794
      2	38802
      1	38814
      1	38871
      3	38874
      2	38884
      2	38921
      1	39000
      1	39025
      1	39029
      1	39045
      1	39049
      1	39050
      2	39051
      1	39061
      1	39082
      1	39084
      1	39103
      1	39106
      1	39125
      1	39176
      1	39184
      1	39234
      6	39325
      1	39357
      2	39377
      2	39387
      1	39400
      1	39414
      9	39432
      3	39450
      2	39458
      1	39460
      1	39466
      1	39471
      2	39491
      1	39515
      1	39524
      2	39527
      1	39533
      1	39562
      1	39621
      1	39622
      2	39624
      1	39629
      1	39660
      1	39670
      1	39702
      1	39714
      1	39754
      1	39801
      1	39804
      1	39816
      2	39817
      1	39827
      3	39851
      1	39856
      5	39868
      1	39881
      1	39928
      1	40014
      1	40022
      1	40048
      1	40057
      1	40063
      1	40092
      1	40132
      1	40215
      1	40249
      1	40294
      1	40297
      1	40309
      1	40353
      1	40382
      1	40453
      1	40470
      1	40488
      1	40502
      4	40519
      1	40531
      1	40537
      1	40544
      1	40559
      1	40639
      1	40656
      2	40659
      1	40697
      1	40733
      3	40735
      1	40757
      1	40767
      2	40792
      1	40802
      1	40817
      1	40845
      2	40880
      2	40883
      5	40895
      1	40929
      1	40945
      1	40995
      1	41002
      1	41021
      2	41032
      1	41048
      1	41082
      1	41094
      1	41097
      2	41099
      1	41107
      1	41108
      1	41144
      1	41174
      1	41185
      1	41209
      3	41287
      1	41290
      1	41319
      1	41355
      1	41361
      2	41363
      1	41368
      3	41393
      1	41444
      1	41504
      1	41526
      1	41529
      1	41537
      1	41540
      1	41547
      1	41611
      1	41620
      1	41632
      1	41640
      1	41694
      2	41723
      1	41733
      1	41780
      1	41811
      2	41893
      1	41918
      1	41922
      1	41963
      1	41997
      1	42003
      1	42013
      1	42016
      1	42021
      1	42051
      1	42058
      1	42067
      2	42089
      1	42154
      1	42185
      1	42193
      6	42229
      1	42237
      1	42274
      1	42295
      2	42309
      3	42346
      1	42369
      3	42458
      5	42523
      1	42530
      2	42579
      1	42608
      1	42662
      1	42672
      2	42699
      1	42732
      1	42797
      1	42815
      1	42855
      1	42862
      2	42872
      1	42878
      1	42944
      1	42962
      1	43064
      3	43065
      1	43072
      1	43091
      1	43104
      2	43149
      1	43160
      1	43214
      7	43256
      1	43271
      1	43272
      1	43285
      2	43289
      1	43300
      5	43343
      1	43389
      1	43427
      1	43429
      1	43496
      1	43510
      2	43518
      1	43527
      1	43539
      2	43567
      1	43668
      1	43691
      1	43729
      1	43733
      1	43756
      1	43764
      1	43791
      1	43842
      1	43882
      1	43895
      1	43897
      2	43900
      1	43917
      3	43953
      1	43959
      1	43966
      1	44010
      1	44030
      2	44065
      1	44094
      1	44112
      1	44117
      1	44124
      1	44195
      1	44210
      1	44247
      1	44260
      2	44264
      1	44304
      1	44316
      1	44329
      1	44332
      2	44346
      1	44355
      1	44356
     10	44370
      1	44396
      1	44397
      2	44410
      2	44450
      1	44515
      1	44570
      1	44615
      1	44637
      2	44752
      1	44773
      1	44807
      1	44838
      1	44851
      3	44896
      2	44904
      1	44909
      1	44918
      1	44924
      2	44939
      1	44968
      2	44989
      1	45032
      1	45069
      1	45083
      1	45086
      1	45109
      1	45152
      1	45158
      3	45159
      1	45166
      3	45294
      1	45360
      2	45412
      1	45419
      1	45457
      2	45464
      1	45542
      1	45550
      2	45664
      1	45671
      1	45694
      1	45737
      2	45748
      1	45756
      3	45765
      1	45778
      3	45786
      1	45818
      2	45819
      1	45872
      1	45875
      1	45906
      4	45943
      2	45958
      1	45990
      2	46008
      1	46075
      1	46099
     14	46113
      1	46117
      1	46163
      1	46173
      1	46240
      3	46248
      1	46261
      1	46267
      1	46344
      1	46372
      1	46398
      1	46402
      1	46412
      1	46456
      1	46479
      1	46485
      1	46488
      1	46496
      1	46499
      1	46526
      1	46554
      2	46561
      1	46652
      2	46667
      1	46721
      3	46769
      1	46805
      1	46919
      1	46921
      1	46923
      1	46924
      2	46937
      1	46950
      1	47009
      2	47025
      1	47038
      1	47045
     12	47093
      2	47104
      2	47113
      1	47123
      1	47126
      1	47133
      3	47149
      1	47201
      1	47311
      1	47314
      2	47419
      1	47421
      1	47429
      2	47478
      3	47526
      1	47556
      1	47557
      1	47561
      1	47599
      1	47640
      1	47657
      1	47729
      1	47791
      1	47853
      2	47895
      2	47905
      1	47911
      2	47913
      1	47982
      1	47998
      1	48011
      4	48056
      1	48066
      1	48125
      1	48127
      1	48189
      1	48208
      1	48212
      5	48223
      1	48245
      1	48253
      3	48274
      1	48289
      1	48292
      1	48320
      1	48322
      1	48368
      1	48458
      1	48459
      1	48473
      1	48511
      1	48535
      1	48553
      1	48578
      1	48592
      1	48602
      3	48604
      1	48630
      1	48638
      1	48695
      1	48698
      1	48746
      6	48766
      1	48776
      1	48813
      1	48844
      1	48860
     33	48870
      2	48874
      1	48882
      1	48884
      1	48902
      1	48995
      1	48996
      2	49018
      1	49033
      1	49044
      1	49059
      1	49097
      1	49112
      1	49114
      1	49116
      1	49118
      1	49160
      1	49162
      1	49267
      3	49272
      1	49283
      1	49342
      2	49346
      1	49349
      1	49362
      2	49371
      2	49375
      1	49425
      2	49433
      2	49435
      1	49484
      1	49491
      2	49495
      3	49517
      2	49528
      1	49582
      1	49640
      4	49709
      3	49746
      1	49757
      1	49764
      1	49779
      1	49788
      1	49838
      1	49844
      1	49873
      1	49884
      1	49998
      1	50039
      1	50044
      1	50070
      2	50072
      1	50079
      1	50096
      1	50161
      1	50169
      1	50176
      1	50181
      1	50184
      2	50187
      1	50209
      1	50272
      1	50278
      1	50312
      2	50339
      1	50349
      2	50407
      6	50448
      1	50480
      2	50510
      2	50537
      6	50544
      2	50584
      4	50607
      1	50613
      2	50619
      1	50682
      1	50721
      6	50760
      1	50773
      2	50777
      2	50778
      1	50811
      1	50818
      1	50849
      2	50850
      1	50861
      1	50900
      1	50901
      1	50927
      1	50951
      2	50962
      1	51001
      1	51020
      1	51027
      1	51089
      1	51115
      1	51147
      3	51151
      3	51198
      1	51206
     15	51207
      1	51221
      1	51254
      1	51291
      1	51325
      1	51353
      3	51354
      2	51387
      1	51392
      1	51419
      1	51429
      2	51475
      1	51493
      1	51510
      1	51548
      1	51583
      1	51599
      1	51624
      1	51644
      1	51645
      1	51669
      2	51720
      1	51723
      1	51777
      1	51780
      2	51795
      1	51812
      3	51822
      2	51823
      1	51872
      1	51881
      1	51929
      1	51950
      1	51979
      2	51989
      1	52024
      1	52032
      1	52121
      1	52141
      1	52208
      1	52242
      1	52281
      3	52311
      1	52323
      1	52326
      2	52333
      2	52353
      1	52370
      1	52382
      2	52404
      1	52414
      1	52416
      1	52421
      1	52425
      1	52436
      1	52454
      2	52496
      1	52511
      7	52540
      1	52563
      7	52584
      1	52594
      1	52597
      1	52603
      1	52618
      3	52620
      1	52623
      4	52626
      1	52658
      1	52671
      1	52747
      1	52748
      1	52782
      1	52794
      1	52796
      3	52858
      1	52873
      1	52907
      1	52912
      1	52954
      1	53040
      1	53051
      1	53065
      1	53243
      1	53244
      1	53264
      1	53290
      3	53317
      1	53324
      1	53363
      1	53368
      1	53395
      1	53401
      1	53404
      1	53459
      1	53472
      3	53480
      1	53524
      1	53539
      1	53570
      2	53571
      2	53632
      2	53649
      4	53651
      2	53657
      1	53696
      1	53745
      2	53754
      1	53873
      3	53889
      1	53915
      2	53947
     17	53949
      1	53957
      1	53966
      1	54058
      1	54075
      2	54136
      1	54137
      2	54150
      2	54183
      1	54200
      1	54206
      1	54210
      1	54245
      1	54249
      1	54251
      1	54270
      1	54272
      1	54296
      1	54321
      1	54345
      4	54356
      2	54362
      3	54386
      4	54400
      2	54414
      3	54425
      1	54452
      1	54481
      1	54492
      2	54504
      1	54507
      1	54508
      1	54573
      1	54601
      1	54608
      1	54632
      1	54670
      1	54703
      1	54803
      1	54889
      2	54916
      1	54932
      1	54934
      1	54941
      1	54968
      1	55008
      1	55042
      1	55077
      1	55137
      1	55145
      1	55190
      1	55205
      1	55207
      6	55217
      2	55237
      1	55289
      1	55302
      1	55307
      1	55398
      1	55437
     14	55460
      1	55520
      1	55527
      2	55558
      1	55587
      1	55640
      2	55645
      1	55649
      1	55663
      2	55763
      2	55766
      2	55818
      1	55902
      2	55970
      1	55998
      1	56008
      1	56025
      2	56027
      1	56052
      1	56091
      1	56099
      2	56118
      2	56130
      2	56153
      1	56171
      1	56190
      1	56232
      1	56237
      1	56242
      1	56266
      1	56287
      1	56292
      1	56309
      1	56323
      1	56350
      1	56366
      3	56372
      1	56431
      4	56441
      1	56453
      1	56463
      2	56502
      1	56583
      4	56612
      1	56617
      1	56638
      1	56706
      1	56715
      2	56718
      1	56731
      1	56733
      1	56734
      1	56743
      2	56749
      1	56767
      2	56807
      1	56902
      1	56920
      1	56921
      1	56976
      2	57047
      3	57171
      2	57215
      1	57239
      1	57248
      1	57297
      7	57310
      6	57332
      1	57349
      3	57350
      1	57356
      2	57379
      2	57394
      1	57507
      1	57514
      1	57522
      1	57564
      2	57566
      2	57608
      2	57630
      1	57638
      1	57640
      3	57666
      1	57681
      1	57742
      1	57749
      6	57751
      1	57757
      1	57797
      1	57804
      1	57819
      4	57821
      1	57831
      1	57850
      1	57887
      1	57897
      1	57922
      2	57941
      1	57974
      1	57981
      1	57985
      1	57994
      1	58041
      1	58088
      1	58128
      1	58137
      1	58150
      1	58155
      1	58159
      1	58168
      1	58186
      1	58212
      1	58216
      1	58260
      1	58313
      1	58328
      1	58342
      1	58347
      1	58372
      1	58410
      2	58432
      1	58466
      2	58510
      1	58524
      3	58533
      1	58545
      1	58578
      1	58616
      1	58622
      1	58631
      1	58674
      1	58713
      3	58720
      1	58774
      1	58781
      2	58791
      1	58799
      1	58852
      1	58916
      1	58952
      1	58964
      1	58966
      1	58978
      1	59010
      1	59075
      1	59094
      2	59112
      1	59118
      1	59148
      2	59191
      1	59210
      2	59231
      1	59238
      2	59302
      2	59330
      1	59332
      2	59336
      2	59338
      1	59352
      1	59364
      1	59395
      3	59418
      3	59435
      1	59483
      7	59484
      1	59504
      1	59536
      1	59573
      1	59579
      1	59658
      1	59715
      2	59726
      1	59744
      2	59762
      2	59787
      1	59788
      2	59795
      1	59799
      1	59834
      1	59873
      1	59919
      3	59947
      1	59951
      4	59979
      1	59997
      1	60016
      3	60023
      1	60083
      1	60115
      1	60142
      6	60208
      3	60210
      1	60236
      1	60312
      2	60315
      2	60334
      4	60336
      1	60360
      1	60372
      1	60380
      1	60389
      1	60454
      2	60460
      1	60465
      1	60474
      1	60493
      1	60499
      1	60525
      1	60538
      3	60572
      4	60615
      7	60653
      1	60716
      5	60738
      1	60743
      1	60747
      5	60762
      1	60837
      2	60839
      2	60868
      2	60880
      1	60882
      2	60887
      1	60890
      1	60907
      1	60911
      3	60932
      3	60983
      1	61018
      1	61034
      1	61064
      1	61113
      3	61115
      1	61121
      1	61168
      1	61169
      1	61196
      1	61234
      2	61247
      1	61249
      3	61254
      1	61268
      2	61312
      2	61315
      1	61340
      2	61360
      1	61369
      1	61440
      1	61477
      1	61507
      1	61521
      2	61554
      1	61566
      1	61584
      2	61592
      1	61594
      1	61648
      1	61667
      1	61697
      1	61698
      1	61705
      1	61707
      1	61714
      2	61740
      1	61772
      1	61787
      2	61810
      4	61817
      1	61835
      1	61866
      1	61927
      2	61931
      1	61943
      1	62010
      1	62028
      2	62030
      1	62040
      5	62051
      1	62056
      1	62073
      1	62099
      3	62106
      1	62108
      1	62119
      3	62129
      1	62145
      1	62164
     14	62183
      3	62217
      1	62243
      2	62290
      1	62293
      1	62296
      2	62311
      1	62394
      1	62414
      2	62441
      1	62446
      1	62510
      2	62532
      1	62586
      1	62637
      3	62654
      1	62659
      2	62673
      1	62689
      1	62711
      2	62766
      1	62803
      1	62819
      1	62826
      1	62846
      1	62848
      2	62874
      1	62907
      1	62924
      1	62925
      2	62942
      1	62947
      1	62955
      1	62961
      1	63021
      1	63031
      2	63047
      2	63058
      9	63073
      1	63088
      1	63105
      1	63107
      9	63140
      1	63147
      1	63154
      1	63177
      1	63178
      1	63181
      1	63198
      2	63200
      1	63213
      1	63224
      1	63229
      1	63277
      3	63278
      1	63310
      1	63318
      1	63340
      2	63343
      1	63376
      1	63377
      4	63409
      1	63413
      3	63418
     14	63421
      2	63426
      1	63430
      1	63456
      1	63481
      1	63497
      1	63514
      1	63564
      2	63615
      1	63651
      2	63660
      2	63676
      1	63690
      1	63692
      1	63696
      1	63701
      1	63707
      1	63712
      1	63737
      1	63759
      1	63798
      1	63806
      1	63807
      1	63832
      1	63862
      1	63864
      3	63889
      1	63908
      1	63912
      1	63918
      1	63932
      2	63938
      6	63973
      5	63980
      1	63985
      1	64004
      1	64138
      1	64180
      1	64215
      2	64229
      1	64251
      2	64267
      1	64268
      1	64287
      2	64321
      1	64335
      1	64342
      1	64354
      1	64396
      1	64408
      1	64432
      1	64465
      1	64469
      1	64470
      1	64496
      2	64530
      1	64557
      1	64563
      2	64568
      1	64589
      1	64598
      2	64637
      2	64674
      1	64677
      1	64717
      1	64728
      3	64745
      1	64863
      1	64881
      1	64950
      2	64951
      1	65023
      1	65029
      1	65051
      3	65053
      1	65066
      1	65079
      1	65088
      1	65116
      1	65123
      6	65220
      1	65221
      1	65223
      1	65239
      2	65242
      1	65249
      1	65261
      1	65263
      1	65291
      1	65302
      3	65306
      1	65353
      1	65372
      1	65373
      1	65409
      1	65410
      1	65411
      1	65427
      1	65443
      2	65502
      2	65525
