      1	121
      2	313
      1	464
      1	739
      2	851
      1	853
      1	865
      1	926
      3	1070
      1	1182
      1	1299
      1	1418
      6	1748
      1	1837
      4	1976
      1	2249
      1	2471
      2	2475
      2	2566
      1	2683
      1	2743
      1	2989
      1	3204
      1	3236
      1	3490
      1	3552
      1	3690
      1	4322
      1	4368
      4	4443
      1	4581
      1	4675
      3	4930
      1	5023
      1	5319
      1	5923
      2	6128
      1	6576
      1	6638
      1	6980
      1	7069
      2	7431
      1	7518
      1	8011
      1	8153
      1	8642
      5	8657
      1	8677
      1	8918
      1	9234
      2	9240
      1	9705
      2	9760
      1	9886
      1	9898
      1	9900
      1	10026
      1	10374
      1	10407
      1	10533
      2	10724
      1	10811
      1	11230
      1	11800
      2	11812
      1	11893
      1	11921
      1	11964
      6	12397
      3	12505
      1	12532
      2	12705
      1	13003
      2	13712
      2	13738
      1	13771
      1	13912
      1	14111
      1	14279
      1	14392
      1	14710
      2	15107
      7	15458
      1	15595
      1	15599
      1	15605
      1	15756
      1	15966
      1	15985
      1	16077
      1	16442
      1	16620
      1	16628
      1	16866
      1	17056
      1	17062
      1	17233
      1	17267
      1	17338
      3	17489
      1	17736
      1	17896
      1	17928
      1	17975
      1	18178
     23	18348
      4	18636
      1	18662
      1	19339
      1	19524
      1	19616
      2	19664
      3	19904
      4	20323
      2	20480
     21	20611
      1	20827
      1	21532
      1	21552
      1	21892
      6	22010
      7	22426
      1	22744
      2	22812
      2	23033
      5	23114
      2	23176
      1	23219
      2	23577
     13	23594
      3	23828
      1	24220
      2	24469
      1	24639
      1	24875
      1	25338
      2	25516
      2	25573
      1	25813
      1	25894
      1	26111
      6	26290
      1	26375
      1	26703
      3	26928
      1	26968
      1	27039
      2	27173
      3	27516
      1	27519
      1	27837
      1	28204
      1	28408
      1	28520
      1	28571
      2	28665
      1	29025
      3	29619
      1	30021
      1	30352
      3	30555
      1	30687
      3	31256
      1	31407
      1	32089
      4	32863
      1	32999
      1	33143
      1	33219
      1	33292
      1	33565
      2	34219
     16	34452
      2	34479
      4	34763
      1	34773
      1	35644
      1	35659
      1	35722
      1	36240
      1	36576
      2	36630
     10	36690
      1	36703
      1	36856
      1	37247
      1	37263
      1	37350
      7	37414
      1	37465
      1	37640
      1	37997
      1	38464
      4	38480
      2	39157
      1	39213
      1	39340
      1	39780
      1	39785
      4	39807
      1	39875
      1	40063
      1	40093
      1	40340
      1	40712
      1	41124
      1	41620
      2	41669
      1	41786
      1	42464
      6	42797
      1	43832
      1	43889
      2	43982
      1	44078
      2	44389
      1	44575
      1	44721
      1	44722
      1	44786
      1	44833
      1	44896
      5	44961
      2	45457
      2	45778
      2	45847
      1	46120
      1	46261
      1	46295
      1	46300
      2	46680
      1	47101
      2	47442
      1	47448
      1	47497
      3	47654
      3	48086
      3	48128
      1	48355
      1	48607
      1	48808
      3	48834
      1	49107
      1	49387
      1	49933
      1	50369
      1	50660
      2	50910
      1	51099
      1	51183
      1	51255
      1	51392
      1	51433
      1	51493
      2	51806
      1	52205
      1	52414
      1	52794
      2	52796
      1	52890
      1	53357
      1	54229
      1	54601
      1	54691
      1	55145
      1	55345
      1	55440
      1	55550
      1	55735
      1	55879
      1	56579
      1	56740
      2	57170
      1	57419
      1	57608
      6	57654
      5	57684
      3	57750
      1	57922
      1	58208
      2	58330
      1	58723
      1	58805
      4	59003
      2	59327
      2	59748
      4	59755
      1	59758
      2	59979
      1	60210
      1	60505
      1	60734
      2	61113
      2	61120
      1	61312
      1	61445
      2	61832
      1	62010
      2	62119
      1	62534
      1	62693
      1	62761
      2	63050
      1	63072
      1	63177
      1	63338
      1	63413
      1	63561
      3	63712
      1	63826
      1	63889
      9	63921
      1	64002
      1	64305
      1	64611
      6	64657
      1	64743
      4	65280
      2	65408
      1	65462
