      8	11
      5	29
      1	41
     14	45
      1	48
      1	58
      1	64
      1	67
      7	77
      2	86
      1	89
      1	139
      1	157
      1	172
      1	175
      1	177
      2	198
      2	202
      1	223
      1	233
      1	238
      1	257
      4	259
      1	293
      1	317
      5	322
      1	332
      1	343
      1	346
      1	360
      1	363
      1	367
      1	372
      1	384
      1	426
      1	433
      1	449
      5	512
      1	515
      1	518
      1	537
      1	538
      1	546
      1	550
      1	558
      2	593
      3	599
      1	623
      1	681
      1	696
      2	704
      1	709
      3	712
      3	725
      1	755
     10	758
      1	762
      3	767
      4	770
     31	779
      2	786
      2	792
      1	798
      1	806
      2	808
      3	823
      1	845
      1	853
      1	855
     17	865
      1	867
      9	880
      1	885
      1	895
      1	902
      1	926
      1	960
      1	977
      2	982
      1	990
      1	1010
      3	1016
      1	1020
      1	1038
      1	1042
      1	1049
      1	1065
      1	1072
      1	1104
      1	1105
      1	1109
      2	1114
      1	1125
      3	1130
      1	1139
      1	1153
      1	1160
      4	1169
      2	1173
      1	1182
      1	1204
      1	1228
      4	1232
      1	1236
      2	1239
      4	1248
      1	1250
      1	1259
      9	1261
      1	1264
      1	1280
      1	1288
      1	1293
      1	1330
      1	1353
      1	1358
      1	1361
      1	1368
      1	1371
      2	1398
      2	1405
      1	1418
      1	1489
      1	1511
      1	1525
     10	1532
      1	1544
      4	1552
      1	1554
      5	1558
      1	1567
      1	1582
      1	1606
      1	1616
      1	1619
      1	1629
      1	1630
      7	1656
      1	1673
      1	1681
      1	1731
      1	1787
      1	1813
      2	1818
      2	1836
      1	1866
      1	1867
      1	1877
      3	1914
      1	1955
      1	1968
      1	1977
      1	1991
      1	2009
      1	2028
      1	2051
      2	2057
      1	2067
      3	2077
      2	2090
      1	2092
      3	2093
      4	2146
      1	2169
      2	2175
      2	2188
      1	2206
      2	2251
      1	2253
      1	2263
      1	2290
      1	2302
      2	2321
      1	2349
      2	2353
      1	2375
      1	2377
      1	2378
      1	2402
      2	2417
      3	2452
      1	2473
      2	2474
      1	2485
      1	2516
      1	2529
      1	2532
      1	2547
      1	2548
      1	2567
      1	2589
      1	2613
      1	2614
      1	2622
      2	2629
      1	2634
      1	2635
      2	2645
      1	2648
      1	2667
      1	2676
      1	2683
      3	2695
      1	2766
      1	2774
      2	2795
      1	2806
      1	2813
      1	2817
      3	2866
      1	2879
      3	2889
      1	2925
      1	2987
      1	2989
      1	2994
      1	2995
      2	3004
      1	3005
      4	3020
      3	3058
      1	3078
      1	3083
      2	3093
      2	3104
      1	3110
      1	3114
      1	3123
      1	3124
      1	3155
      2	3184
      1	3204
      2	3221
      1	3231
      1	3246
      1	3256
      2	3263
      1	3267
      1	3305
      1	3307
      3	3321
      1	3328
      3	3336
      2	3351
      1	3375
      2	3382
      1	3406
      1	3409
      1	3427
      1	3457
      2	3486
      2	3493
      2	3499
      2	3505
      1	3529
      3	3532
      1	3538
      1	3551
      1	3552
      2	3560
      2	3578
      2	3595
      1	3607
      1	3608
      1	3627
      1	3656
      5	3661
      1	3669
      2	3675
      2	3688
      8	3690
      1	3696
      1	3719
     10	3737
      8	3745
      1	3750
      1	3764
      1	3773
      5	3830
      1	3841
      3	3842
      2	3843
      1	3869
      1	3874
      1	3894
      1	3917
      5	3932
      1	3935
      1	3946
      1	3954
      1	3991
      1	3995
      1	4001
      2	4011
      1	4024
      1	4036
      1	4058
      1	4061
      6	4072
      1	4086
      5	4106
      2	4109
      1	4114
      1	4128
      1	4152
      1	4162
      1	4187
      1	4195
      1	4224
      1	4240
      1	4249
      2	4262
      1	4263
      1	4281
      5	4286
      5	4293
      1	4307
      5	4308
      1	4321
      1	4327
      1	4329
      1	4345
      2	4370
      1	4372
      1	4388
      4	4391
      1	4395
      1	4430
      2	4447
      3	4462
      1	4469
      1	4485
      1	4486
      2	4505
      1	4515
      3	4520
      1	4522
      2	4557
      1	4584
      1	4596
      2	4604
      1	4621
      2	4649
      2	4652
      6	4664
      1	4668
      1	4732
      1	4751
      4	4780
      2	4785
      1	4796
      1	4801
      1	4804
      1	4810
      3	4812
      1	4821
      1	4822
      4	4841
      1	4846
      1	4848
      1	4849
      5	4853
      2	4856
      1	4861
      1	4870
      5	4876
      1	4878
     13	4926
      1	4930
      2	4934
      4	4942
      1	4951
      3	4959
      1	4967
      2	4969
      1	5026
      1	5028
      1	5067
      1	5098
      1	5116
      1	5118
      5	5122
      2	5140
      5	5161
      1	5166
      1	5174
      1	5187
      1	5208
      1	5211
      1	5212
      2	5219
      5	5222
      1	5237
      1	5267
      1	5271
      5	5287
      1	5300
      5	5309
      1	5314
      1	5319
      2	5320
      3	5327
      2	5329
      3	5330
      1	5361
      1	5402
      2	5430
      4	5475
      1	5482
      1	5483
      1	5495
      1	5499
      1	5505
      5	5510
      1	5541
      2	5547
      8	5598
      3	5621
      1	5637
      1	5649
      2	5652
      1	5661
      2	5697
      3	5731
      2	5744
      1	5756
      1	5758
      1	5761
      1	5763
      2	5770
      1	5789
      3	5792
     12	5819
      1	5820
      2	5823
      2	5837
      1	5852
      1	5862
      5	5874
     11	5876
      1	5927
      1	5956
      1	5963
     12	6012
      2	6031
      3	6032
     16	6045
      1	6072
      1	6073
      1	6081
      1	6084
      2	6095
      2	6101
      2	6117
      2	6128
      1	6175
      1	6183
      1	6196
      1	6197
      1	6215
      1	6217
      1	6219
      4	6226
      1	6228
      1	6256
      1	6265
     14	6275
      4	6276
      2	6293
      2	6299
      1	6334
      1	6336
      4	6338
      1	6349
      1	6353
      1	6366
      3	6394
      1	6415
      1	6417
      1	6423
      1	6439
      1	6479
      1	6482
      5	6494
      1	6518
      3	6534
      1	6541
      1	6553
      1	6558
      1	6571
      2	6583
      1	6586
      3	6596
      2	6614
      1	6629
      2	6635
      2	6685
      1	6689
      3	6691
      1	6708
      2	6717
      4	6746
      1	6775
      1	6803
      1	6805
      2	6806
      3	6839
      1	6843
      1	6860
      1	6899
      1	6908
      1	6928
      1	6932
      1	6964
      4	6980
      3	7002
      1	7011
      1	7012
      2	7013
      1	7029
      2	7042
      1	7057
      1	7058
      2	7067
      2	7069
      1	7071
      1	7081
      1	7086
      1	7091
      5	7109
      3	7115
      1	7145
      3	7182
      1	7195
      3	7199
      1	7206
      4	7208
      1	7215
      1	7222
      1	7229
      1	7237
      2	7259
      1	7271
      1	7280
      1	7343
      1	7346
      1	7347
      5	7356
      1	7402
      8	7403
      1	7481
      2	7485
      1	7490
      1	7502
      1	7515
      2	7533
      5	7549
      2	7558
      1	7560
      2	7572
      6	7579
      2	7594
      1	7600
      1	7602
      2	7608
      1	7626
      2	7637
      1	7644
      1	7647
      1	7649
      4	7651
      1	7665
      1	7670
      3	7706
      2	7707
      4	7713
      1	7720
      1	7756
      1	7761
      1	7770
      2	7774
      1	7778
      2	7795
      1	7799
      1	7801
      1	7802
      1	7818
      1	7819
      2	7820
      1	7825
      1	7852
      1	7853
      1	7886
      3	7910
      1	7929
      1	7955
      4	7970
      3	7981
      1	8009
      4	8011
      4	8014
      4	8016
      1	8017
      3	8036
      1	8073
      1	8096
      2	8105
      1	8114
      1	8139
      1	8147
      1	8153
     16	8172
      5	8201
      1	8202
      1	8223
      2	8236
      1	8242
      1	8260
      1	8273
      7	8281
      1	8313
      1	8337
      1	8344
      1	8365
      3	8376
      1	8383
      1	8390
      1	8407
      2	8410
      1	8420
      1	8432
      1	8448
      1	8450
      1	8476
      1	8508
      5	8515
      1	8516
      1	8517
      1	8560
      3	8564
      1	8579
      1	8585
      3	8589
      3	8639
      2	8652
      1	8655
      1	8656
      1	8657
      1	8665
      1	8674
      1	8675
     10	8700
      2	8708
      2	8736
      1	8753
      1	8754
      2	8764
      6	8782
      1	8794
      1	8799
      1	8804
      2	8812
      1	8826
      3	8843
      1	8844
      2	8853
      1	8859
      1	8902
      1	8930
      3	8934
      1	8956
      2	8962
      1	8977
      1	8978
      5	8983
      1	8991
      1	9005
      1	9020
      1	9027
      1	9038
      1	9063
      3	9080
      2	9104
      1	9109
      2	9116
      1	9120
      1	9125
      3	9133
      4	9139
      1	9143
      1	9149
      2	9152
      1	9173
      3	9175
      3	9182
      2	9211
      1	9212
      1	9217
      1	9232
      1	9239
      2	9240
      1	9241
      2	9243
      1	9267
      1	9269
      1	9277
      1	9281
      1	9300
      4	9304
      4	9317
      2	9319
      7	9327
      8	9337
     12	9345
      1	9347
      1	9359
      1	9391
      4	9411
      1	9414
      2	9424
      1	9427
      1	9428
      2	9486
      1	9491
      3	9498
      1	9501
      1	9509
      1	9517
      1	9537
      1	9538
      1	9544
      3	9556
      3	9562
      3	9633
      1	9635
      3	9653
      1	9684
      1	9705
      2	9716
      1	9726
      1	9731
      1	9747
      1	9752
      5	9765
      2	9795
      2	9797
      2	9819
      1	9837
      2	9872
      1	9877
      1	9900
      1	9908
      1	9912
      2	9915
      9	9921
      4	9949
      1	9976
      1	9983
      1	9986
      1	9999
      1	10009
     11	10026
      1	10042
      1	10059
      1	10062
      4	10075
      1	10077
      1	10122
      1	10123
      1	10188
      2	10198
      1	10202
      1	10205
      1	10240
      1	10241
      6	10245
      1	10275
      3	10280
      1	10286
      1	10319
      1	10328
      1	10339
      1	10343
      1	10374
      2	10385
      2	10389
      1	10410
      1	10413
      5	10447
      1	10502
      2	10507
      2	10509
      1	10510
      1	10519
      1	10520
    633	10552
      1	10564
      3	10570
      1	10576
      1	10578
      1	10607
      9	10610
      3	10664
      1	10710
      2	10724
      2	10744
      7	10747
      1	10750
      3	10759
      4	10762
      1	10791
      1	10803
      1	10819
      2	10822
      7	10827
      2	10834
      1	10846
      3	10875
      1	10908
      1	10914
      1	10933
      1	10942
      2	10950
      1	10965
      2	10974
      2	10986
      5	10987
      1	11048
      6	11058
      6	11077
      1	11078
      1	11082
      1	11088
      2	11091
      5	11095
      1	11120
      3	11135
      1	11146
      1	11155
      1	11165
      2	11189
      1	11197
      1	11231
      2	11272
      1	11278
      1	11298
      1	11303
      1	11304
      7	11308
      1	11319
      1	11321
      4	11337
      1	11354
      2	11370
      2	11402
      1	11410
      1	11420
      1	11431
      1	11445
      1	11490
      1	11494
      1	11498
      4	11515
      8	11524
      1	11531
      2	11535
      1	11545
      1	11548
      1	11559
      1	11569
     10	11584
      1	11602
      1	11636
      1	11652
      1	11696
      1	11701
      1	11742
      4	11751
      1	11759
      2	11800
      1	11801
      2	11812
      1	11837
      1	11846
      1	11871
      2	11879
      2	11887
      3	11921
      9	11964
      1	11967
      1	11969
      1	11986
      1	11995
      2	11997
      2	12006
      1	12055
      1	12059
      2	12074
      1	12098
      1	12100
      2	12108
      1	12127
      1	12147
      1	12158
      2	12163
      1	12195
      1	12245
      1	12253
      1	12284
      1	12290
      2	12295
      1	12317
      1	12322
      2	12330
      5	12334
      1	12337
      1	12363
      1	12364
      1	12370
      1	12375
      1	12396
      4	12397
      1	12405
      1	12418
      1	12424
      2	12435
      1	12447
      4	12450
      1	12457
      2	12462
      1	12478
      1	12500
      1	12502
      2	12505
      1	12532
      1	12545
      1	12560
      2	12597
      6	12603
      1	12621
      3	12627
      1	12676
     21	12684
      1	12689
      1	12708
      1	12711
      1	12712
      2	12763
      1	12781
      1	12798
      1	12804
      2	12809
      3	12814
      1	12816
      1	12818
      1	12819
      3	12826
      1	12860
      1	12899
      1	12909
      1	12915
      1	12918
      3	12952
      1	12958
      3	12960
      2	12967
      1	12975
      1	12984
      1	13008
      2	13024
      3	13026
      7	13045
      1	13053
      1	13064
      1	13076
      1	13094
      3	13118
      1	13153
      1	13166
      1	13180
      1	13186
      3	13187
      1	13193
      1	13209
      1	13252
     17	13273
      1	13294
      2	13329
      2	13332
      1	13376
      1	13390
      1	13403
      1	13413
      3	13416
      1	13418
      2	13423
      1	13424
      1	13441
      2	13447
      1	13456
      3	13461
      1	13476
      1	13481
      4	13490
      2	13495
      1	13501
      2	13503
      1	13515
      1	13517
      1	13518
      1	13532
      1	13554
      1	13562
      1	13570
      1	13580
      1	13581
      2	13595
      4	13600
      1	13625
      1	13630
      1	13638
      2	13653
      3	13662
      2	13672
      2	13682
      1	13683
      2	13694
      2	13695
      2	13699
      1	13723
      9	13724
      2	13737
      3	13738
      1	13740
      1	13743
      2	13749
      1	13762
      1	13763
      2	13768
      1	13771
      1	13797
     11	13806
      1	13815
      1	13822
      1	13823
      1	13846
      1	13871
      1	13878
      1	13879
      1	13898
      1	13913
      1	13930
      1	13954
      1	14026
      1	14033
      3	14053
      1	14070
      1	14074
      1	14083
      2	14127
      1	14128
      3	14137
      1	14155
      1	14166
      2	14177
      1	14184
      1	14187
      1	14188
      3	14190
      1	14203
      3	14213
      1	14248
      2	14249
      3	14254
      1	14289
      1	14290
      2	14304
      2	14312
      2	14326
      2	14328
      1	14332
      2	14335
      2	14340
      1	14343
      2	14352
      2	14365
     17	14385
      1	14389
      1	14392
      1	14395
      1	14460
      1	14473
      1	14499
      2	14505
      1	14506
      1	14525
      1	14538
      8	14540
      1	14543
      1	14562
      1	14576
      1	14578
      1	14594
      1	14602
      3	14606
      1	14616
      3	14626
      1	14648
      1	14649
      1	14666
      1	14683
      1	14684
      1	14717
      1	14749
      5	14771
      1	14773
      1	14779
      3	14790
      1	14842
      1	14848
      1	14875
      1	14883
      3	14908
      2	14923
      1	14938
      1	14947
      1	14950
      1	14961
      1	14969
      1	14977
      1	14986
      2	15018
      1	15020
      4	15029
      4	15033
      1	15034
      1	15064
      1	15067
      1	15087
      1	15088
      1	15092
      1	15112
      1	15121
      2	15125
      1	15135
      1	15163
      5	15183
      1	15185
      1	15235
      1	15256
      1	15260
      2	15271
      1	15274
      2	15278
      1	15282
      2	15291
      1	15335
      3	15353
      2	15361
      1	15368
      1	15397
      1	15425
      1	15429
      3	15437
      1	15461
      1	15479
      1	15501
      2	15505
      1	15508
      4	15530
      2	15535
      2	15558
      1	15590
      1	15605
      1	15621
      3	15651
      1	15674
      2	15685
      1	15688
      2	15696
      3	15702
      3	15704
      1	15779
      1	15787
      3	15789
      1	15792
      1	15826
      1	15836
      1	15951
      6	15985
      1	15988
      1	15995
      1	16006
      3	16007
      1	16023
      1	16036
      1	16059
      3	16076
      1	16077
      1	16089
      1	16104
      1	16110
      1	16112
      1	16148
      3	16153
      1	16164
      7	16188
      2	16192
      1	16276
      1	16287
      1	16319
      1	16321
      3	16354
      5	16368
      1	16375
      1	16412
      1	16414
      3	16418
      2	16442
      1	16444
      1	16465
      1	16491
      5	16503
      2	16524
      1	16529
      1	16532
     17	16554
      3	16560
      2	16561
      1	16585
      1	16610
      3	16614
      1	16620
      3	16628
      1	16703
      1	16704
      1	16715
      1	16738
      1	16762
      1	16771
      1	16790
      1	16794
      1	16802
      2	16851
      3	16862
      1	16863
      4	16887
      1	16934
      1	16944
      1	16965
      1	16968
      1	17003
      1	17008
      1	17010
      2	17018
      4	17027
      1	17056
      1	17061
      1	17062
      1	17071
      1	17072
      1	17087
      1	17089
      1	17117
      1	17131
      2	17145
      1	17164
      1	17183
      2	17185
      1	17206
      1	17210
     16	17214
     15	17225
      1	17251
      2	17267
      4	17282
      1	17295
      1	17303
      1	17323
      1	17335
      1	17340
      1	17349
      1	17351
      1	17352
      2	17368
      1	17394
      1	17408
      1	17439
      1	17454
      1	17474
      1	17498
      3	17540
      2	17572
      2	17580
      2	17592
      1	17624
      1	17642
      1	17648
      1	17656
      1	17662
      2	17678
      1	17689
      1	17692
      2	17697
      1	17715
      1	17735
      4	17736
      1	17743
      1	17759
      1	17763
      1	17771
      4	17773
      1	17789
      2	17801
      1	17824
      7	17825
      1	17833
      1	17845
      2	17859
      3	17864
      2	17883
      5	17895
      1	17902
      1	17916
      2	17929
      1	17931
      3	17974
      1	17982
      2	17989
      1	17990
      1	17993
      1	18003
      1	18050
      2	18054
      3	18069
      1	18076
      1	18091
      2	18100
      1	18103
      2	18109
      1	18114
      2	18142
      2	18166
      1	18168
      1	18179
      2	18207
      2	18219
      1	18232
      2	18237
      1	18278
      1	18291
      1	18298
      1	18305
      1	18320
      1	18329
      1	18340
      1	18341
      1	18342
      2	18348
      1	18353
      2	18387
      1	18402
      3	18413
      1	18422
      1	18442
      1	18443
      1	18448
      1	18451
      2	18472
      1	18488
      1	18492
      1	18493
      1	18498
      1	18504
      1	18508
      1	18513
      2	18515
      1	18518
      2	18530
      1	18533
      1	18542
      1	18548
      3	18567
      5	18590
      1	18595
      1	18633
      3	18636
      4	18660
      1	18677
      1	18682
      1	18688
      1	18706
      1	18720
      2	18747
      3	18770
      1	18782
      1	18787
      2	18810
      2	18812
      1	18846
      1	18867
      1	18876
      2	18880
      3	18885
      1	18888
      1	18901
      1	18919
      1	18925
      5	18937
      2	18948
      1	18951
      1	18976
      1	18980
      9	18988
      1	18992
      1	18999
      1	19002
      2	19016
      4	19026
      2	19049
      1	19053
      1	19062
      1	19066
      1	19111
      2	19113
      1	19115
      2	19127
      4	19138
      1	19212
      1	19226
      1	19229
      1	19239
      2	19248
      1	19259
      1	19319
      2	19323
      1	19324
      1	19336
      3	19339
      1	19345
      1	19353
     10	19366
      1	19417
      1	19418
      1	19441
      1	19462
      1	19471
      1	19485
      1	19512
      1	19522
      1	19539
      1	19553
      1	19576
      2	19578
      1	19582
      3	19585
      1	19588
      1	19603
      1	19616
     12	19622
      2	19641
      2	19644
      1	19645
      5	19665
      2	19678
      1	19692
      1	19711
      1	19713
      1	19726
      1	19729
      1	19735
      1	19753
      1	19757
      1	19802
      1	19811
      1	19831
      2	19842
      2	19862
      1	19891
      1	19897
      1	19900
      5	19904
      1	19911
      1	19931
      1	19936
      1	19943
      9	19947
      4	19976
      9	19991
      1	20003
      1	20018
      2	20023
      1	20032
      1	20034
      1	20051
      1	20056
      1	20082
      1	20117
      1	20145
      1	20148
      4	20162
      1	20205
      1	20252
      1	20260
      2	20268
      1	20280
      1	20287
      1	20288
      1	20307
      2	20318
      1	20320
      3	20323
      1	20353
      2	20359
      7	20364
      1	20375
      1	20382
      4	20390
      1	20402
      1	20414
      1	20422
      1	20425
      1	20435
      1	20454
      1	20472
      1	20482
      6	20483
      1	20498
      1	20504
      1	20515
      1	20528
      1	20546
      1	20551
      1	20592
      4	20606
      5	20611
      1	20618
      1	20625
      2	20647
      2	20649
      2	20658
      2	20678
      1	20683
      1	20687
      1	20721
      1	20748
      4	20750
      1	20774
      1	20787
      1	20800
      1	20806
      1	20827
      1	20850
      1	20865
      1	20868
      1	20871
      2	20882
      1	20892
      2	20932
      3	20939
      1	20946
      1	20978
      3	20991
      1	20992
      2	20994
      5	20997
      3	21042
      1	21045
      1	21050
      1	21052
      3	21060
      1	21066
      3	21082
      1	21129
      1	21134
      9	21180
      1	21224
      1	21236
      1	21249
      1	21255
      1	21266
      3	21271
      3	21276
      2	21284
      1	21289
      1	21300
      1	21303
      1	21314
      1	21316
      1	21337
      1	21357
      1	21364
      2	21374
     11	21378
      1	21393
      1	21428
      2	21483
      2	21492
      1	21507
      1	21543
      1	21563
      1	21571
      1	21605
      3	21623
      2	21628
      2	21642
      1	21647
      3	21650
      1	21652
      2	21665
      1	21669
      1	21699
      1	21710
      1	21720
      1	21766
      1	21800
      1	21804
      1	21814
      2	21821
      1	21822
      1	21833
      1	21839
      1	21854
      1	21892
      1	21897
      1	21905
     11	21911
      1	21915
      1	21920
      1	21926
      2	21930
      1	21931
      1	21939
      1	21944
      1	21981
      1	21989
      2	22010
      1	22028
      1	22045
      1	22065
      1	22070
      2	22077
      1	22093
      1	22097
      1	22140
      1	22156
      2	22164
      1	22171
      1	22180
      5	22188
     12	22206
      1	22219
      1	22226
      1	22227
      1	22233
      2	22244
      1	22280
      1	22292
      1	22293
      4	22306
      1	22347
      1	22364
      1	22370
      1	22371
      1	22374
      1	22392
      1	22400
      1	22416
      4	22417
      2	22426
      1	22427
      2	22440
      1	22441
      6	22447
      3	22467
      1	22494
      1	22501
      1	22511
      1	22515
      1	22546
      1	22557
      2	22573
      1	22576
      1	22601
      1	22605
      2	22621
      1	22622
      1	22624
      6	22631
      1	22635
      1	22638
      2	22643
      1	22654
      2	22670
      3	22675
      1	22680
      1	22682
      2	22686
      1	22689
      1	22696
      1	22699
      2	22713
      2	22719
      1	22742
      1	22751
      1	22775
      1	22782
      1	22792
      1	22806
      1	22807
      1	22812
      4	22829
      1	22830
      3	22841
      1	22847
      2	22859
      1	22866
      2	22882
      6	22902
      2	22905
      5	22910
      2	22912
      1	22933
      1	22938
      4	22944
      1	22958
      5	22970
      1	22977
      3	22978
      2	22980
      2	22995
      2	23006
      2	23023
     10	23029
      3	23033
      1	23050
      1	23052
      3	23059
      3	23061
      1	23079
      1	23080
      1	23086
      6	23092
      1	23096
      3	23114
      2	23118
      1	23119
      2	23134
      2	23165
      3	23168
      1	23222
      1	23250
      1	23253
      1	23255
      1	23309
      2	23311
      2	23330
      2	23353
      1	23354
      1	23379
      1	23381
      1	23385
      1	23386
      1	23396
      6	23397
      1	23435
      1	23436
      1	23439
      4	23449
      1	23456
      3	23463
      1	23472
      1	23498
      1	23511
     15	23526
      1	23547
      2	23566
      1	23571
      5	23577
      1	23581
      5	23594
      3	23606
      5	23611
      1	23621
      1	23625
      1	23628
      2	23638
      1	23653
      1	23662
      1	23670
      1	23703
      1	23720
      2	23729
      1	23751
      2	23761
      4	23764
      1	23790
      1	23797
      1	23828
      1	23839
      2	23843
      1	23853
      1	23856
      1	23862
      1	23864
      1	23869
      1	23870
      2	23880
      1	23881
      1	23922
      1	23926
      3	23932
      1	23939
      1	23947
      1	23959
      2	23999
      1	24013
      2	24014
      2	24015
      1	24023
      1	24026
      1	24038
      2	24058
      1	24067
      1	24068
      1	24088
      1	24107
      5	24111
      3	24136
      2	24150
      2	24162
      1	24163
      1	24178
      2	24225
      1	24234
      1	24245
      1	24251
      1	24255
      1	24263
      1	24274
      3	24279
      1	24311
      1	24325
      4	24334
      1	24337
      3	24339
      1	24345
      1	24370
      5	24384
      1	24386
      4	24412
      1	24422
      1	24430
      3	24469
      1	24497
      4	24506
      2	24516
      1	24519
      2	24546
      3	24560
      1	24562
      1	24566
      2	24570
      1	24589
      1	24629
      1	24635
      1	24638
      1	24683
      1	24685
      1	24698
      1	24722
      1	24750
      1	24757
      1	24764
      2	24805
      1	24807
     14	24817
      6	24818
      2	24822
      2	24829
      3	24839
      1	24862
      1	24869
      1	24888
      1	24895
      1	24896
      2	24906
      1	24917
      1	24927
      5	24931
      1	24933
      1	24939
      1	24958
      1	25021
      1	25024
      1	25046
      1	25054
      1	25073
      1	25116
      7	25125
      2	25129
      4	25141
      6	25163
      1	25167
      1	25190
      2	25198
      1	25199
      1	25224
      2	25228
      1	25240
      3	25293
      1	25296
      5	25338
      1	25346
      1	25347
      1	25349
      1	25419
      1	25433
      1	25439
      3	25455
      1	25462
      1	25491
      2	25511
      2	25515
      1	25517
      1	25533
      2	25564
      1	25576
      1	25620
      1	25639
      2	25642
      1	25647
      1	25654
      2	25661
      1	25683
      1	25685
      8	25689
      1	25694
      7	25695
      4	25712
      3	25724
      1	25726
      1	25753
      1	25774
      1	25776
      1	25781
      2	25802
      1	25810
      2	25813
      2	25826
      1	25830
      1	25837
      1	25888
      7	25899
      2	25950
      1	25953
      1	25959
      1	25970
      1	25983
      7	25985
      1	26031
      1	26039
      3	26043
      1	26045
      1	26053
      4	26060
      1	26065
      1	26069
      1	26070
      2	26076
      1	26108
     26	26111
      1	26114
      2	26115
      3	26135
      1	26140
      1	26158
      1	26184
      1	26202
      5	26207
      2	26217
      1	26223
      2	26231
      6	26240
      2	26246
      1	26258
      2	26267
      1	26293
      1	26299
      2	26324
      1	26398
      1	26416
      1	26432
      4	26435
      1	26444
      1	26456
      2	26458
      2	26512
      1	26520
      4	26556
     13	26564
      1	26572
      6	26583
      1	26597
      2	26610
      2	26611
      1	26636
      2	26641
      3	26644
      1	26661
      2	26666
      1	26673
      1	26676
      1	26682
      2	26711
      1	26714
      1	26718
      1	26741
      4	26748
      1	26758
      1	26763
      1	26772
      1	26777
      1	26798
      3	26805
      1	26824
      1	26827
      2	26828
      3	26838
      2	26850
      6	26857
      1	26864
      2	26888
      2	26915
      2	26959
      2	26964
      3	26965
      1	27003
      1	27004
      1	27018
      1	27021
      2	27024
      4	27039
      1	27046
      3	27052
      2	27061
      1	27062
      1	27067
      1	27084
      2	27087
      2	27097
      1	27119
      2	27131
      1	27135
      2	27214
      2	27221
      1	27225
      1	27228
      1	27229
      1	27230
      1	27247
      1	27257
      6	27263
      1	27266
      1	27285
      4	27286
      2	27301
      1	27317
      1	27353
      1	27357
      3	27374
      3	27382
      1	27384
      6	27409
      2	27411
      1	27421
      1	27429
      1	27431
      1	27442
      1	27444
      1	27462
      1	27474
      1	27478
      1	27495
      4	27519
      1	27529
      1	27552
      1	27567
      2	27579
      1	27586
      1	27587
      6	27615
      1	27627
      2	27649
      1	27660
      1	27694
      1	27705
      1	27712
      1	27720
      2	27724
      1	27727
      1	27731
      4	27761
      1	27771
      9	27773
      2	27790
      3	27816
      3	27828
      3	27854
      1	27856
      2	27862
      4	27944
      1	27977
      5	27991
      2	27995
      1	27996
      1	27999
      1	28010
      1	28012
      5	28015
      2	28031
      1	28032
      2	28034
      1	28035
      1	28039
      1	28051
      3	28060
      1	28077
      1	28095
      1	28118
      1	28140
      1	28141
      1	28153
      1	28193
      1	28203
      1	28214
      1	28220
      1	28234
      1	28240
      1	28242
      2	28250
      2	28256
      1	28277
      1	28279
      1	28283
      1	28289
      2	28293
      1	28302
      3	28303
      1	28308
      1	28313
      2	28314
      1	28331
      1	28355
      1	28364
      1	28365
      1	28398
      3	28405
      1	28406
      1	28427
      1	28430
      2	28438
      8	28440
      1	28461
      2	28463
      1	28466
      2	28467
      1	28472
      1	28479
      2	28495
      1	28520
      1	28523
      3	28524
      2	28531
      1	28541
      1	28552
      1	28557
      2	28579
      1	28585
      1	28604
      1	28605
      1	28606
     20	28615
      1	28618
      1	28621
      1	28649
      2	28651
      1	28662
      2	28665
      2	28675
      1	28688
      1	28727
      3	28730
      1	28731
      1	28763
      1	28768
      1	28782
      1	28784
      2	28809
     10	28824
      1	28839
      1	28848
      1	28849
      1	28867
      2	28870
      2	28877
      5	28879
      1	28884
      2	28889
      1	28895
      1	28898
      1	28906
      1	28908
      1	28929
      1	28960
      1	28963
      1	28978
      1	28993
      1	29004
      1	29024
      1	29028
      1	29068
      1	29105
      1	29127
      1	29155
      1	29162
      1	29164
      2	29166
      2	29202
      1	29219
      1	29227
      1	29229
      1	29238
      1	29255
      1	29257
      2	29270
      1	29272
      1	29277
      1	29289
      2	29309
     14	29311
      1	29373
      4	29374
      2	29377
      1	29456
      1	29457
      2	29478
      1	29484
      1	29497
      2	29499
      3	29514
      1	29515
      1	29517
      7	29555
      1	29558
      1	29559
      1	29564
      1	29588
      1	29596
      1	29632
      1	29639
      4	29657
      2	29667
      1	29670
      2	29677
      1	29707
      1	29716
      1	29730
      1	29753
      1	29757
      1	29766
      2	29771
      2	29772
      1	29784
      1	29794
      1	29797
      2	29819
      8	29826
      1	29841
      2	29844
      1	29867
      1	29875
      1	29880
      1	29907
      1	29917
      1	29927
      1	29938
      2	29945
      1	29998
      1	30007
      1	30021
      1	30040
      1	30048
      1	30055
      1	30062
      1	30065
      1	30103
      1	30119
      1	30178
      1	30198
      1	30208
      1	30236
      1	30248
      1	30306
      1	30313
      1	30316
      2	30318
      1	30328
      1	30335
      3	30352
      9	30360
      1	30365
      1	30388
      2	30394
      1	30395
      2	30402
      1	30414
      1	30424
      1	30426
      2	30427
      1	30430
      1	30443
     11	30460
      3	30462
      1	30468
      2	30472
      1	30476
      1	30487
      1	30515
      1	30520
      1	30523
      2	30533
      1	30534
      2	30544
      1	30552
      1	30556
      1	30560
      1	30565
      2	30578
      1	30613
      2	30637
      1	30658
      2	30659
      1	30661
      1	30678
      2	30706
      1	30711
      1	30716
      1	30719
      5	30733
      4	30754
      2	30778
      1	30801
      1	30803
      1	30819
      1	30836
      2	30847
      3	30885
      1	30910
      4	30941
      1	30942
      1	30957
      4	30958
      2	30961
      1	30981
      3	30983
      2	31000
      1	31006
      2	31025
      2	31041
      1	31042
      1	31048
      1	31059
      1	31061
      1	31075
      3	31078
      1	31079
      2	31088
      2	31093
      1	31103
      1	31137
      2	31140
      1	31150
      1	31153
      1	31178
      4	31205
      1	31212
      1	31214
      4	31219
      1	31223
      2	31241
      1	31249
      1	31250
      1	31260
      1	31273
      1	31280
      2	31321
      1	31327
      3	31360
      1	31381
      1	31388
      1	31393
      4	31395
      2	31397
      1	31400
      1	31453
      1	31470
      1	31473
      1	31492
      2	31493
      1	31495
      1	31499
      1	31510
      2	31511
      1	31527
      3	31535
      1	31577
      1	31588
      4	31606
      1	31608
      3	31623
      1	31635
      1	31644
      1	31658
      1	31660
      1	31670
      1	31688
      1	31706
      1	31712
      1	31717
      1	31766
      2	31774
      2	31787
      1	31789
      1	31803
      6	31823
      1	31830
      2	31831
      1	31833
      1	31848
      1	31869
      1	31905
      1	31911
      1	31913
      2	31915
      3	31943
      2	31946
      1	31947
     22	31962
      4	31983
      1	32003
      3	32046
      2	32048
      2	32055
      1	32058
      1	32064
      1	32092
      1	32114
      2	32118
      1	32126
      1	32127
      2	32147
      2	32148
      2	32177
      1	32191
      6	32224
      1	32240
      3	32249
      1	32265
     10	32266
      1	32288
      5	32309
      1	32328
      2	32333
      2	32337
     18	32345
      1	32385
      1	32410
      1	32415
      1	32426
      1	32452
      1	32461
      1	32464
      1	32466
      1	32481
      2	32497
      7	32515
      1	32520
      1	32547
      2	32551
      1	32568
      1	32574
      1	32597
      4	32611
      1	32621
      1	32647
      1	32648
      8	32657
      6	32674
      1	32683
      2	32684
      8	32687
      2	32704
      2	32709
      2	32717
      1	32718
      1	32731
      2	32735
      1	32737
      2	32747
      1	32761
      2	32784
      2	32788
      2	32831
      1	32863
      9	32871
      1	32886
      1	32892
      1	32900
      1	32905
      1	32909
      1	32953
      2	32967
      1	33004
      1	33012
      2	33038
      1	33051
      1	33064
      4	33074
      2	33080
      1	33082
      1	33096
      3	33100
      2	33110
      1	33122
      1	33135
      1	33143
      1	33194
      1	33198
      1	33210
      2	33226
      1	33252
      2	33253
      3	33272
      1	33275
      4	33292
      1	33300
      1	33306
      1	33311
      1	33314
      1	33317
      1	33318
      3	33337
      1	33338
      1	33348
      3	33354
      1	33367
      1	33386
      2	33410
      2	33424
      1	33454
      1	33456
      1	33464
      3	33475
      1	33476
      4	33484
      2	33500
      2	33538
      1	33546
      1	33549
      1	33566
      4	33584
      1	33595
      2	33597
      2	33602
      2	33611
      1	33651
      1	33656
      4	33662
      1	33692
      1	33705
     13	33718
      1	33732
      2	33756
      1	33758
      1	33764
      1	33765
      1	33767
      2	33817
      1	33844
      1	33890
      3	33904
      1	33969
      7	33971
      2	33972
      2	33976
      2	33982
     13	33992
      4	33997
      1	33999
      1	34000
      1	34001
      1	34023
      3	34035
      3	34042
      1	34082
      1	34090
      2	34092
      1	34115
      1	34123
      4	34133
      1	34148
      6	34170
      1	34172
      1	34203
      1	34210
      3	34218
      1	34219
      9	34241
      1	34246
      1	34259
      1	34264
      1	34281
      2	34284
      1	34285
      1	34294
      6	34303
      2	34315
      1	34319
      1	34323
      1	34326
      1	34358
      2	34359
      1	34369
      1	34374
      1	34401
      2	34416
      1	34428
      1	34434
      3	34440
      3	34452
      1	34453
      2	34457
      5	34479
      1	34483
      1	34495
      3	34521
      1	34526
      1	34548
      2	34552
      1	34579
      1	34592
      1	34599
      1	34601
      3	34608
      1	34671
      1	34691
      1	34708
      1	34714
      3	34723
      1	34737
      1	34757
      2	34763
      1	34773
      1	34794
      1	34803
      1	34813
      2	34816
      1	34819
      2	34827
      1	34832
      2	34836
      1	34898
      1	34905
      1	34921
      1	34945
      2	34949
      5	34974
      7	34990
      3	34997
      1	35000
      3	35002
      1	35004
      1	35031
      1	35037
      1	35056
      1	35063
      1	35083
      2	35086
      1	35094
      1	35109
      4	35130
      1	35142
      1	35169
      1	35183
      5	35192
      1	35193
      1	35195
      2	35207
      1	35212
      4	35223
      1	35233
      1	35264
      1	35277
      1	35307
      1	35310
      1	35311
      1	35318
      2	35325
      1	35337
      1	35349
      1	35384
      5	35391
      1	35404
      2	35416
      1	35418
      1	35425
      1	35432
      3	35495
      2	35498
      1	35506
      3	35529
      2	35542
      1	35551
      4	35591
      3	35601
      4	35613
      1	35618
      1	35622
      1	35628
      1	35635
      1	35638
      1	35641
      2	35667
      1	35671
      1	35689
      3	35708
      2	35710
      1	35717
      1	35737
      1	35739
      1	35750
      1	35754
      1	35764
      1	35780
      2	35782
      2	35797
      2	35814
      1	35818
      1	35821
      2	35824
      1	35829
      1	35830
      1	35836
      1	35842
      1	35852
      2	35856
      3	35869
      2	35886
      1	35896
      1	35907
      1	35915
      1	35957
      1	35968
      1	35982
      1	35999
      2	36015
      1	36028
      1	36029
      2	36030
      1	36031
      2	36041
      2	36042
      1	36062
      1	36082
      1	36084
      1	36098
      1	36113
      1	36147
      1	36150
      4	36151
      3	36174
      4	36188
      1	36201
      2	36216
      2	36230
      2	36243
      2	36247
      1	36252
      1	36262
      1	36296
      2	36318
      1	36350
      2	36368
      1	36395
      1	36402
      4	36438
      1	36443
      1	36454
      1	36487
      1	36495
      1	36509
      1	36520
      5	36549
      4	36559
      1	36578
      4	36587
      1	36600
      1	36610
      1	36638
      1	36640
      1	36642
      2	36648
      1	36656
      6	36658
      1	36659
      1	36663
      1	36666
      2	36674
      1	36688
      1	36708
      3	36719
      1	36740
      1	36744
      1	36765
      2	36768
      1	36778
      1	36780
      1	36800
      1	36808
      2	36810
      1	36820
      4	36831
      1	36835
      1	36836
      5	36838
      1	36874
      1	36894
      2	36896
      3	36928
      1	36935
      1	36951
      1	36958
      1	36979
      1	37021
      3	37031
      1	37032
      1	37042
      2	37046
      1	37061
      3	37062
      1	37095
      1	37111
      1	37121
      3	37124
      4	37243
      3	37244
      2	37247
      1	37253
      7	37271
      1	37284
      1	37305
      1	37307
      2	37308
      1	37316
      2	37321
      1	37331
      2	37340
      3	37351
      5	37355
      2	37368
      2	37369
      5	37381
      2	37387
      1	37393
      6	37407
      1	37423
      1	37433
      1	37490
      1	37493
      1	37497
      1	37499
      1	37513
      1	37526
      1	37528
      1	37552
      1	37553
      1	37562
      1	37593
      1	37596
      2	37598
      1	37617
      1	37621
      1	37628
     16	37640
      1	37648
      1	37661
      1	37672
      1	37680
      1	37683
      1	37711
      2	37716
      1	37718
      1	37723
      4	37743
      1	37748
      1	37760
      2	37777
      1	37784
     14	37795
      1	37800
      1	37839
      1	37844
      1	37846
      1	37863
      1	37867
      5	37869
      1	37870
      2	37872
      1	37885
      1	37916
      1	37927
      1	37966
      2	37980
      1	37997
      1	38006
      1	38029
      1	38032
      2	38044
      3	38047
      2	38084
      1	38118
      2	38120
      1	38139
      2	38153
      2	38163
      2	38171
      2	38181
      1	38184
      1	38190
      1	38206
      1	38216
      5	38224
      4	38238
      1	38249
      2	38259
      1	38265
      1	38266
      2	38269
      1	38271
      3	38285
      1	38289
      4	38293
      1	38305
      4	38311
      1	38320
      2	38322
      2	38366
      1	38367
      1	38370
      1	38390
      2	38392
      1	38398
      1	38412
      1	38430
      3	38439
      1	38440
      2	38447
      1	38468
     17	38480
      5	38520
      5	38521
      1	38531
      1	38544
      4	38582
      1	38592
      1	38595
      3	38642
      2	38654
      1	38659
      1	38665
      1	38673
      1	38677
      1	38690
      1	38696
      2	38703
      1	38715
      2	38716
      1	38738
      1	38739
      1	38747
      3	38781
      6	38839
      1	38854
      1	38863
      1	38874
      1	38893
      1	38897
      1	38916
      1	38926
      1	38927
      1	38939
      1	38958
      1	39003
      2	39010
      1	39018
      1	39024
      1	39028
      1	39032
      1	39043
      4	39049
      1	39050
      1	39051
      1	39064
      1	39071
      1	39077
      1	39086
      1	39119
      1	39124
      1	39127
      2	39134
      2	39159
      4	39176
      1	39182
      1	39193
      1	39196
      1	39206
      1	39213
      1	39225
      1	39234
      1	39237
      3	39265
      2	39271
      1	39275
      3	39294
      1	39302
      2	39348
      4	39377
      4	39379
      1	39387
      1	39392
      1	39404
      2	39414
      2	39432
      1	39436
      1	39458
      4	39460
      1	39485
      1	39501
      4	39515
      2	39533
      1	39544
      1	39561
      1	39569
      1	39581
      1	39594
      1	39622
      1	39638
      2	39702
      2	39714
      1	39738
      1	39746
      1	39750
      1	39755
      3	39770
      2	39783
      1	39800
      7	39807
      2	39809
      1	39827
      3	39875
      1	39881
      1	39893
      1	39905
      2	39928
      1	39931
      1	39940
      1	39946
      1	39977
      3	39978
      1	40018
      8	40063
      3	40067
      1	40080
      3	40093
      1	40107
      1	40124
      2	40130
      1	40133
      4	40145
      1	40163
      2	40170
      1	40179
      1	40180
      1	40211
      2	40220
      1	40279
      1	40309
      1	40314
      1	40362
      1	40377
      1	40379
      2	40382
      2	40387
      2	40394
      1	40401
      1	40404
      1	40407
      1	40412
      1	40428
      1	40432
      1	40439
      1	40453
      1	40473
      1	40483
      1	40502
      1	40505
      3	40527
      1	40531
      1	40540
      1	40542
      1	40544
      1	40562
      1	40574
      1	40592
      1	40611
      1	40617
      1	40619
      2	40624
      1	40637
      1	40659
      6	40661
      1	40662
      1	40667
      1	40693
      1	40698
      1	40712
      1	40713
      1	40720
      1	40725
      2	40733
      1	40740
      2	40757
      1	40758
      2	40770
      1	40774
      2	40779
      5	40817
      1	40830
      1	40841
      2	40843
      1	40847
      1	40857
      1	40863
      1	40868
      1	40881
      1	40900
      1	40938
      2	41021
      1	41030
      1	41032
      1	41048
      1	41052
      2	41080
      5	41086
      2	41102
      2	41103
      1	41108
      1	41114
      1	41119
      1	41130
      1	41159
     12	41185
      1	41188
      1	41190
      1	41215
      1	41216
      1	41234
      1	41245
      1	41254
      1	41256
      1	41284
      1	41306
      3	41319
      2	41333
      1	41339
      4	41355
      1	41360
      6	41361
      1	41363
      1	41376
      1	41377
      1	41401
      1	41405
      2	41478
      4	41515
      1	41524
      2	41537
      2	41555
      1	41570
      1	41582
      1	41584
      1	41602
      1	41605
      2	41611
      1	41618
      1	41632
      3	41637
     10	41640
      1	41641
      1	41653
      1	41699
      1	41701
      1	41718
      1	41723
      1	41755
      3	41760
      2	41768
      1	41770
      1	41771
      2	41774
      1	41775
      1	41782
      3	41794
      1	41830
      1	41836
      1	41865
      3	41882
      1	41892
      2	41922
      2	41928
      1	41965
      1	41988
      1	41995
      1	42010
      1	42015
      3	42021
      6	42027
      2	42040
      2	42067
      1	42073
      1	42124
      1	42135
      1	42145
      1	42163
      3	42165
      1	42166
      2	42185
      1	42187
      3	42211
      1	42229
      1	42244
      3	42248
      1	42257
      1	42259
      1	42262
      1	42275
      5	42281
      2	42329
      1	42338
      2	42357
      1	42360
      1	42369
      2	42408
      1	42414
      6	42419
      2	42425
      1	42429
      1	42441
      1	42461
      1	42468
      2	42536
      1	42538
      7	42540
      1	42554
      1	42561
      1	42579
      1	42582
      2	42595
      3	42628
      1	42640
      1	42645
      1	42655
      1	42677
      2	42679
      2	42691
      1	42699
      2	42723
      1	42728
      4	42735
      2	42745
      1	42748
      1	42767
      2	42789
      1	42796
      4	42797
      1	42803
      1	42810
      1	42811
      4	42820
      1	42830
      1	42855
      1	42862
      2	42868
      2	42878
      2	42884
      1	42888
      1	42899
      5	42914
      2	42998
      1	43037
      1	43080
      1	43090
      1	43091
      1	43095
      1	43106
      1	43145
      7	43148
      1	43153
      1	43154
      1	43157
      1	43171
     14	43204
      1	43213
      2	43221
      1	43224
      1	43231
      1	43247
      1	43253
      1	43270
      2	43272
      2	43277
      1	43288
      2	43339
      1	43369
      1	43379
      1	43397
      1	43400
      2	43406
      1	43417
      1	43422
      1	43431
      1	43432
      1	43461
      1	43463
      2	43478
      1	43510
      1	43513
      2	43528
     11	43531
      1	43538
      1	43585
      1	43589
      1	43598
      1	43603
      1	43623
      1	43629
      1	43632
      1	43645
      1	43655
      3	43669
      1	43680
      1	43685
      2	43693
      2	43700
      1	43704
      1	43708
      2	43714
      1	43737
      4	43762
      2	43763
      1	43780
      1	43800
      6	43811
      1	43818
      1	43819
      9	43832
      1	43834
      1	43894
      1	43913
      4	43933
      9	43953
      1	43965
      1	43986
      3	43996
      1	44001
      1	44010
      1	44016
      1	44027
      2	44047
      1	44066
      1	44074
      2	44078
      1	44081
     11	44094
      1	44103
      2	44112
      1	44115
      5	44117
      1	44123
      1	44135
      1	44137
      1	44190
      1	44211
      1	44230
      1	44248
      1	44252
      1	44311
      1	44315
      1	44321
     24	44329
      2	44338
      1	44345
      1	44356
      4	44389
      1	44396
      1	44407
      4	44410
      2	44415
      2	44432
      1	44453
      1	44479
      2	44489
      2	44520
      2	44570
      1	44579
      1	44600
      2	44615
      1	44619
      6	44666
      1	44675
      1	44682
      2	44716
      3	44722
      1	44724
      1	44725
      2	44726
      1	44752
      2	44758
      1	44770
      1	44786
      2	44828
      3	44833
      1	44856
      1	44862
      3	44878
      2	44896
      3	44907
      1	44909
      1	44927
      1	44929
      4	44947
      2	44949
      1	44952
      2	44959
      1	44961
      2	44968
      1	44982
      2	44989
      1	44991
      3	45018
      1	45033
      1	45036
      1	45040
      1	45148
      1	45150
      2	45160
      2	45164
      1	45184
      1	45188
      2	45189
      1	45200
      2	45247
      3	45263
      1	45265
      1	45307
      1	45314
     11	45324
      1	45345
      2	45368
      1	45383
      2	45407
      2	45425
      1	45455
      9	45457
      1	45460
      9	45464
      2	45471
      2	45483
      1	45495
      4	45506
      1	45529
      1	45554
      2	45561
      1	45571
      2	45596
      1	45599
      1	45603
      1	45643
      1	45660
      1	45671
      3	45678
      2	45683
      1	45687
      1	45702
      1	45708
      1	45733
      1	45772
      1	45778
      1	45786
      1	45792
      1	45811
      2	45818
      1	45821
      1	45826
      1	45835
      1	45841
      1	45844
      8	45847
      1	45872
      3	45875
      1	45906
      1	45916
      4	45943
      1	45955
      1	45965
      3	45979
      3	45986
      1	45997
      2	45998
      1	46019
      1	46042
      1	46058
      1	46075
      1	46113
      1	46115
      2	46132
      1	46136
      4	46145
      3	46150
      3	46163
      2	46168
      1	46185
      1	46189
      1	46210
      1	46218
      1	46221
      1	46234
      1	46248
      8	46261
      2	46267
      1	46302
      2	46315
      2	46356
      1	46368
      5	46372
      1	46380
      3	46417
      1	46419
      1	46426
      1	46428
      1	46441
      1	46452
      1	46478
      1	46488
      1	46489
      8	46499
      1	46509
      1	46529
      1	46530
      5	46554
      1	46570
      1	46574
      1	46576
      9	46595
      1	46639
      5	46645
      2	46656
      1	46671
      3	46680
      3	46688
      1	46701
      7	46724
      2	46734
      1	46741
      1	46757
      1	46801
      2	46804
      2	46809
      1	46827
      1	46840
      6	46921
      1	46925
      1	46929
      1	46931
      1	46950
      1	46955
      2	46980
      1	46986
      2	47012
      1	47013
      1	47022
      1	47023
      5	47025
      1	47027
     28	47038
      1	47044
      1	47049
      2	47052
      1	47054
      1	47082
      1	47099
      3	47104
      2	47124
      1	47143
      1	47165
      1	47186
      2	47189
      2	47193
      1	47210
      1	47213
      1	47226
      3	47232
      2	47248
      2	47272
      1	47277
      1	47281
      1	47290
      3	47294
      1	47308
     11	47311
      1	47348
      1	47351
      3	47376
      2	47380
      1	47396
      1	47398
      1	47429
      2	47440
      1	47447
      5	47478
      1	47485
      1	47497
      1	47524
      1	47529
      2	47531
      1	47540
      1	47599
      1	47602
      1	47603
      1	47634
      1	47635
      1	47648
      1	47650
      1	47668
      1	47672
      5	47692
      1	47693
      1	47697
      2	47719
      2	47729
      2	47776
      1	47778
      1	47791
      1	47842
      2	47857
      1	47882
      4	47883
      1	47893
      1	47897
      7	47905
      1	47924
      1	47992
      1	47994
      1	48004
      1	48011
      2	48013
      1	48037
      6	48064
      1	48085
      1	48086
      2	48102
      1	48134
      3	48135
      1	48147
      1	48151
      1	48165
      2	48181
      3	48235
      1	48259
      1	48299
      3	48322
      1	48337
      1	48368
      2	48369
      1	48382
      2	48383
      1	48390
      1	48401
      1	48422
      1	48435
      1	48448
      1	48478
      2	48483
      2	48513
      1	48514
      1	48526
      1	48540
      1	48550
      6	48559
      5	48570
      1	48602
      3	48607
      1	48613
      1	48630
      2	48651
      1	48653
      1	48655
      1	48658
      1	48692
      1	48695
      1	48715
      3	48746
      1	48749
      1	48750
      1	48761
      2	48776
      1	48787
      1	48795
      1	48805
      1	48834
      2	48844
      1	48863
      1	48870
      1	48884
      1	48911
      1	48943
      2	48945
      1	48950
      2	48995
      1	48997
      5	49073
      1	49108
      2	49120
      1	49134
      1	49145
      1	49147
      1	49152
      4	49180
      1	49185
      6	49200
      2	49234
      3	49247
      9	49305
      2	49361
      6	49362
      1	49387
      1	49398
      2	49408
      1	49424
      2	49439
      1	49457
      1	49458
      1	49491
      1	49493
      1	49512
      1	49521
      2	49538
      1	49546
      6	49560
      2	49567
      1	49568
      1	49573
      2	49575
      1	49576
      1	49590
      1	49595
      2	49600
      1	49615
      1	49618
      1	49648
      1	49658
      1	49671
      2	49672
      3	49682
      1	49684
      1	49696
      1	49697
      1	49698
      1	49703
      5	49722
      1	49758
      1	49764
      1	49773
      1	49774
      1	49779
      1	49785
      1	49788
      1	49794
      2	49799
      1	49807
      1	49816
      1	49823
      1	49825
      5	49844
      1	49884
      1	49916
      3	49926
      1	49929
      1	49930
      2	49943
      1	49944
      2	49966
      1	50046
      1	50058
      1	50069
      1	50093
      1	50129
      1	50152
      1	50169
      1	50176
     12	50184
      1	50186
      1	50200
      3	50209
      1	50216
      1	50219
      1	50257
      1	50267
      1	50269
      1	50315
      2	50323
      5	50339
      1	50345
      1	50366
      1	50372
      1	50387
      1	50388
      6	50419
      1	50421
      1	50428
      1	50440
      1	50497
      5	50508
      1	50522
      1	50537
      3	50539
      3	50550
      2	50554
      3	50565
      2	50574
      1	50584
      1	50587
      1	50602
      3	50607
      1	50613
      2	50645
      4	50648
      1	50654
      9	50660
      2	50686
      1	50697
      3	50702
      1	50731
      1	50737
      1	50738
      1	50756
      1	50764
      1	50771
      1	50772
      2	50776
      4	50811
      1	50835
      1	50880
      2	50899
      1	50901
      2	50915
      1	50926
      2	50934
      7	50940
      1	50948
      1	50952
      3	50955
      1	50960
      3	50983
      2	51028
      2	51037
      1	51052
      3	51065
      1	51073
      1	51085
      2	51093
      1	51099
      1	51100
      2	51106
      1	51136
      3	51144
      1	51156
      2	51169
      2	51171
      1	51175
      2	51179
      1	51196
      4	51205
      2	51206
      1	51212
      2	51263
      1	51291
      4	51305
      2	51314
      3	51321
      6	51325
      1	51326
      1	51331
      3	51334
      3	51342
      1	51369
      1	51382
      1	51392
     14	51394
      3	51416
      2	51419
      2	51433
      2	51434
      5	51475
      4	51478
      5	51493
      1	51530
      1	51532
      2	51534
      1	51548
      1	51549
      1	51563
      1	51599
      1	51610
      2	51644
      1	51669
      1	51700
      2	51720
      1	51724
      1	51759
      1	51766
      1	51787
      1	51792
      1	51806
      4	51808
      2	51810
      1	51812
      4	51813
     11	51822
      1	51830
      1	51856
      1	51888
      4	51890
      7	51920
      1	51941
      2	51948
     43	52023
      1	52030
      1	52043
      1	52045
      1	52058
      1	52067
     13	52121
      1	52129
      1	52133
      2	52140
      1	52160
      1	52167
      1	52178
      8	52181
      2	52224
      1	52236
      1	52267
      1	52280
      1	52311
     12	52323
      1	52344
      1	52365
      4	52370
      1	52371
      2	52395
      1	52398
      1	52405
      1	52409
      5	52414
      1	52436
      1	52457
      1	52491
      4	52513
      1	52522
      1	52532
      1	52541
      2	52546
      2	52551
      1	52561
      2	52563
      1	52564
      2	52591
      1	52603
      1	52616
      1	52626
      3	52635
      1	52636
      1	52641
      1	52646
      1	52687
      1	52700
      1	52709
      1	52712
      1	52733
      1	52735
      1	52736
      2	52747
      1	52790
      1	52792
      3	52794
      1	52796
      1	52814
      1	52821
      1	52832
      2	52871
      1	52888
      3	52917
      1	52938
      2	52954
      1	53004
      3	53009
      1	53013
      2	53026
      1	53048
      1	53053
      1	53068
      1	53071
      1	53076
      3	53091
      1	53100
      1	53101
      1	53125
      7	53147
      1	53148
      2	53166
      3	53205
      1	53207
      8	53220
      2	53222
      1	53223
      2	53224
      2	53234
      1	53242
      5	53243
      1	53264
      2	53276
      1	53296
      1	53300
      1	53312
      1	53324
      1	53325
      1	53349
      1	53350
     15	53357
      2	53368
      2	53373
      1	53393
      1	53398
      3	53401
      3	53423
      1	53440
      1	53450
      4	53479
      1	53489
      1	53502
      1	53514
      1	53517
      1	53521
      3	53524
      1	53566
      1	53567
      5	53569
      5	53583
      4	53584
      1	53632
      1	53660
      3	53661
      1	53666
      1	53676
      3	53689
      1	53701
      3	53723
      2	53738
      3	53743
      1	53749
      1	53754
      1	53778
      1	53790
      1	53791
      1	53796
      1	53810
      1	53819
      5	53846
      1	53855
      1	53868
      3	53882
      5	53883
      1	53902
     10	53925
      2	53945
      3	53947
      1	53967
      1	53971
      1	54004
      2	54091
      1	54092
      2	54101
      1	54102
      1	54136
      3	54146
      2	54180
      3	54191
      3	54209
      2	54245
      1	54248
      3	54249
      1	54251
      3	54255
      1	54263
      3	54270
      1	54273
      2	54309
      1	54332
      7	54345
      1	54356
      1	54357
      2	54370
      1	54380
      8	54395
      1	54407
      2	54414
     10	54430
      2	54465
      3	54507
      1	54510
      1	54513
      1	54523
      1	54525
      1	54556
      1	54584
      5	54601
      1	54608
      1	54641
      1	54662
      1	54683
      1	54684
      1	54698
      1	54700
      1	54725
      3	54726
      1	54733
      1	54739
      1	54743
      2	54752
      1	54756
      4	54761
      1	54770
      3	54786
      1	54794
      1	54826
      1	54859
      1	54866
      1	54877
      1	54891
      2	54894
      1	54916
      1	54919
      6	54950
      1	54960
      5	54968
      1	54972
      2	54995
      1	55023
      1	55043
      2	55044
      1	55047
      1	55053
      1	55118
      1	55120
      1	55135
      2	55148
      1	55186
      1	55207
     18	55217
      2	55251
      1	55261
      1	55276
      1	55296
      1	55297
      1	55299
      1	55303
      1	55312
      1	55351
      1	55356
      2	55398
      1	55401
      2	55418
      1	55426
      1	55436
      1	55439
      3	55444
      5	55460
      1	55466
      8	55475
      1	55478
      1	55484
      3	55486
      1	55525
      1	55565
      1	55567
      1	55574
      1	55576
     18	55587
      2	55592
      1	55633
      1	55650
      1	55655
      1	55663
      1	55667
      1	55670
      1	55672
      4	55674
      1	55676
      1	55681
      1	55716
      1	55734
      1	55772
      1	55773
      1	55776
      3	55791
      1	55796
      1	55808
      7	55818
      1	55844
      4	55861
      1	55872
      1	55873
      1	55882
      1	55885
      1	55887
      1	55902
      2	55920
      2	55979
      1	55983
      2	55996
      2	56014
     27	56027
      1	56028
      1	56039
      5	56052
      3	56084
      2	56094
      1	56097
      1	56102
      1	56105
      4	56113
      1	56127
      1	56133
      1	56151
      1	56175
      9	56187
      3	56190
      1	56191
      2	56194
      1	56230
      1	56246
      1	56254
      2	56259
      1	56264
      2	56266
      1	56267
      1	56304
      1	56316
      1	56334
      8	56339
      2	56355
      3	56371
      1	56385
      1	56406
      1	56427
      2	56429
      1	56431
      1	56434
      1	56444
      1	56448
      1	56450
      1	56463
      1	56502
      1	56523
      1	56524
      1	56526
      1	56533
      2	56559
      1	56563
      1	56564
      1	56571
      1	56574
      1	56575
      2	56578
      2	56583
      1	56586
      1	56596
      1	56603
      2	56612
      1	56620
      1	56621
      2	56629
      1	56637
      5	56658
      1	56663
      1	56681
      3	56706
      1	56718
      3	56720
      2	56734
      5	56751
      2	56797
      1	56802
      8	56807
      1	56810
      1	56813
      1	56823
      2	56847
      1	56855
      1	56857
      1	56861
      1	56865
      1	56872
      2	56874
      1	56889
      1	56894
      2	56921
      1	56927
      1	56940
      1	56946
      2	56952
      1	56960
      1	57025
      1	57035
      1	57041
      1	57047
      3	57064
      1	57072
      1	57087
      3	57091
      2	57133
      5	57144
      1	57147
      1	57226
      2	57234
      1	57250
      1	57310
      1	57345
      1	57346
      1	57349
      1	57367
      1	57373
      2	57375
      1	57396
      7	57420
      1	57438
      1	57448
     10	57449
      1	57470
      1	57473
      1	57475
      1	57489
      1	57514
      1	57525
      2	57557
      1	57558
      2	57566
      5	57594
      2	57601
      1	57608
      2	57629
      2	57630
      6	57635
      1	57688
      1	57702
      1	57703
      1	57718
      1	57751
      1	57757
      1	57758
      1	57760
      1	57762
      3	57764
      2	57791
      1	57798
      2	57808
      3	57843
      1	57878
      2	57899
      1	57906
      2	57910
      1	57919
     11	57922
      4	57951
      1	57979
      1	57983
      6	57994
      1	57999
      1	58011
      1	58041
      2	58099
      2	58104
      2	58118
      2	58128
      2	58133
      1	58144
     10	58155
      1	58195
      1	58202
      1	58208
      2	58216
      1	58219
      2	58222
      1	58223
      1	58235
      1	58239
      2	58240
      2	58244
      1	58299
      1	58302
      2	58313
      2	58319
      1	58323
      2	58338
      1	58352
      1	58361
      1	58370
      2	58393
      1	58406
      1	58440
      2	58466
      2	58468
      1	58472
      1	58476
      2	58488
      2	58496
      1	58500
      8	58506
      1	58514
      4	58521
      1	58527
      6	58545
      1	58548
      2	58569
      1	58577
      1	58580
      1	58586
      1	58587
      1	58637
      1	58654
      1	58670
      1	58678
      1	58679
      1	58688
      4	58712
      1	58723
      2	58746
      3	58750
      4	58766
      2	58768
      1	58771
      1	58791
      2	58808
      1	58814
      3	58815
      2	58845
      1	58851
      2	58870
      1	58876
      2	58882
     36	58887
      2	58895
      4	58908
      1	58915
      1	58950
      2	58953
      8	58968
      5	59003
      2	59010
      1	59014
      1	59018
      3	59031
      2	59036
      1	59058
      1	59060
      1	59072
      3	59107
      2	59112
      1	59123
      6	59126
      1	59131
      1	59134
      1	59138
      1	59144
      7	59145
      1	59148
      1	59154
      1	59158
      2	59180
      1	59193
      1	59208
      2	59209
      2	59210
      2	59222
      1	59231
      1	59249
      2	59252
      2	59302
     17	59304
      1	59308
      1	59314
      2	59327
      1	59348
      2	59381
      1	59396
      1	59406
      3	59407
      1	59415
      4	59423
      1	59435
      1	59436
      1	59463
      1	59482
      1	59484
      1	59509
      4	59515
      1	59530
      1	59541
      1	59570
      3	59571
      1	59577
      1	59591
      1	59593
      2	59601
      2	59608
      1	59643
      2	59659
      1	59670
      1	59672
      1	59715
      5	59720
      5	59726
      1	59734
      2	59739
      1	59744
      1	59755
     17	59758
      1	59775
      1	59787
      4	59795
      2	59858
      1	59868
      1	59878
      1	59926
      1	59939
      2	59984
      1	59995
      1	60000
      2	60020
      1	60023
      1	60024
      1	60025
      1	60031
      1	60043
      1	60074
      1	60081
      1	60100
      6	60120
      1	60123
      1	60156
      1	60205
      1	60214
      1	60226
      1	60282
      5	60284
      1	60287
      1	60300
      9	60312
      1	60313
      1	60337
      3	60345
      1	60352
      1	60354
      1	60376
      2	60390
      3	60427
      1	60434
      2	60448
      1	60462
      8	60499
      5	60501
      1	60514
      2	60521
      3	60523
      3	60527
      1	60536
      1	60538
      1	60557
      1	60572
      5	60581
      1	60618
      1	60621
      1	60692
      1	60700
      2	60716
      1	60724
      1	60731
      1	60757
      2	60786
      2	60796
      1	60810
      1	60813
      3	60847
      2	60852
      2	60866
      1	60898
      1	60900
      1	60909
      1	60914
      1	60973
      3	60984
      1	61039
      2	61057
      1	61063
      4	61064
      2	61066
      2	61110
      1	61111
      1	61116
      1	61117
      2	61138
     16	61152
      3	61180
      1	61184
      9	61191
      1	61219
     13	61230
      7	61234
     23	61261
      5	61277
      1	61293
      3	61301
      2	61309
      1	61310
      1	61311
      1	61322
      2	61330
      1	61332
      2	61340
      1	61350
      2	61355
      1	61366
      1	61406
      1	61426
      2	61445
      2	61460
      1	61466
      1	61501
      1	61519
      2	61524
      2	61529
      1	61531
      2	61547
      1	61557
      1	61568
      2	61574
      1	61592
      2	61599
      3	61603
      2	61632
      1	61641
      1	61662
      1	61668
      1	61673
      1	61683
      1	61700
      1	61734
      2	61740
      2	61752
      3	61759
      1	61764
      2	61772
      2	61782
      1	61787
      1	61789
      1	61809
      1	61817
      1	61818
      3	61824
      1	61829
      1	61835
      1	61839
      3	61869
      1	61875
      1	61897
      2	61912
      1	61928
      1	61931
      1	61934
      3	61945
      1	61962
      1	61973
      3	62004
      1	62006
      1	62024
      1	62028
      1	62030
      3	62041
      1	62051
      3	62056
      5	62063
      3	62092
      1	62095
      4	62108
      1	62114
      2	62119
      1	62123
      1	62160
      2	62179
      1	62180
      7	62183
      9	62189
      1	62195
      3	62223
      1	62266
      2	62270
      2	62288
      2	62290
      1	62296
      2	62298
      1	62328
      1	62332
      1	62345
      3	62364
      1	62382
      1	62384
      1	62427
      1	62470
      1	62471
      1	62489
      1	62525
      1	62532
      3	62534
      4	62558
      1	62577
      3	62582
      2	62584
      7	62593
      1	62640
      1	62656
      1	62657
      1	62660
      4	62664
      2	62697
      1	62701
      1	62704
      2	62711
      2	62730
      1	62737
      1	62766
      2	62771
      2	62780
      1	62794
      1	62809
      1	62830
      1	62841
      2	62846
      1	62865
      1	62867
      1	62869
      1	62897
      1	62909
      1	62942
      2	62967
      8	63002
      1	63013
      1	63019
      2	63022
      1	63024
      1	63039
      1	63040
      1	63047
      4	63050
      1	63051
      2	63069
      1	63073
      1	63097
      1	63101
      1	63112
      2	63131
      3	63134
      2	63156
      2	63198
      1	63221
      1	63248
      1	63249
      1	63266
      1	63279
      3	63291
      1	63303
      1	63313
      1	63327
      1	63338
      2	63368
      6	63390
      5	63409
      1	63410
      1	63414
      1	63421
      1	63428
      1	63429
      2	63432
      1	63450
      2	63480
      1	63507
      1	63514
      4	63607
      2	63611
      1	63617
      2	63635
      3	63642
      1	63656
      1	63659
      1	63665
      1	63679
      1	63684
      1	63693
      4	63696
      1	63737
      1	63786
      1	63789
      1	63802
     22	63807
      1	63820
      5	63872
      1	63882
      3	63884
      1	63889
      1	63898
      2	63914
      2	63918
      1	63936
      1	63938
      3	63950
      1	63956
      1	63976
      1	63980
      1	63982
      1	63986
     44	63987
      1	64000
      1	64002
      1	64004
      1	64020
      1	64024
      1	64032
      1	64043
      1	64060
      4	64065
      2	64094
      2	64146
      1	64153
      1	64165
      3	64196
      1	64208
      1	64209
      1	64251
      1	64258
      1	64274
      2	64283
      4	64286
      1	64295
      4	64304
      1	64313
      2	64321
      2	64325
      1	64333
      3	64339
      1	64340
      1	64368
      2	64411
      1	64412
      1	64446
      3	64469
      5	64470
      1	64473
      2	64496
      1	64502
      1	64520
      5	64528
      8	64530
      1	64539
      1	64542
      2	64552
      3	64557
      1	64563
      1	64578
      1	64581
      1	64583
      1	64624
      9	64637
      1	64644
      1	64657
      2	64680
      1	64698
      1	64699
      1	64700
      5	64706
      1	64718
      1	64720
      1	64750
      1	64775
      1	64808
      2	64809
      1	64821
      1	64829
      1	64837
      1	64840
      1	64857
      1	64884
      1	64885
      3	64896
      2	64952
      1	64953
      1	64958
      1	64965
      1	64990
      1	65004
      2	65023
      1	65039
      1	65042
      2	65046
      1	65053
      1	65078
      1	65080
      1	65110
      1	65114
      5	65137
      1	65138
      1	65173
      1	65176
      1	65180
      1	65186
      1	65198
      2	65251
      3	65257
      1	65258
      2	65259
      1	65263
      1	65281
      1	65329
      2	65353
      1	65375
      1	65408
      1	65437
      1	65459
      1	65465
      1	65487
      1	65493
      1	65518
      1	65521
