      1	11
      1	31
      5	32
      3	62
      8	67
      1	91
      1	127
      1	162
      4	182
      1	191
      1	263
      1	268
      1	287
      1	331
      1	333
      1	395
      2	416
      1	422
      1	425
      1	499
      2	505
      1	516
      1	545
      1	569
      1	581
      3	598
      1	607
      3	648
      1	660
      2	680
      2	759
      1	773
     16	775
      1	795
      2	823
      1	830
      6	845
      2	858
      2	940
      2	967
      1	982
      1	1016
      1	1034
      1	1064
      1	1070
      1	1079
      3	1092
      1	1121
      1	1148
      1	1190
      1	1214
      3	1232
      1	1248
      3	1267
      1	1285
      7	1305
      2	1358
      1	1361
      1	1384
      7	1389
      1	1393
      1	1402
      1	1405
      2	1421
      1	1471
      1	1486
      1	1497
      5	1529
      1	1555
      1	1556
      1	1580
      1	1635
      1	1656
      7	1658
      8	1699
      1	1709
      1	1724
      1	1732
      1	1777
      2	1800
      1	1802
      2	1807
      1	1813
      1	1848
      1	1894
      7	1940
      1	1966
      1	1981
      2	1990
      1	2020
      1	2041
      1	2072
      1	2138
      1	2149
      1	2222
      1	2249
      1	2263
      2	2273
      1	2379
      1	2384
      1	2443
      1	2475
      1	2481
      1	2526
      1	2600
      4	2661
      3	2662
      2	2671
      3	2688
      1	2726
      3	2738
      2	2753
      1	2757
      2	2836
      5	2849
      1	2866
      3	2885
      1	2900
      2	2908
      2	2918
      4	2954
      1	2955
      1	2976
      2	2992
      1	3005
      1	3032
      1	3072
      2	3079
      1	3102
      1	3103
      1	3114
      1	3144
      1	3165
      1	3170
      3	3191
     15	3239
      2	3243
      2	3282
      1	3336
      2	3370
      1	3372
      5	3392
      1	3410
      1	3418
      1	3424
      1	3425
      1	3451
      2	3456
      1	3486
      1	3490
      3	3512
      1	3540
      1	3541
      6	3636
      7	3651
      1	3708
      2	3715
      1	3720
      3	3732
      1	3764
      1	3774
      1	3775
      1	3790
      1	3797
      2	3821
      2	3843
      1	3870
      1	3881
      1	3882
      1	3952
      2	3958
      1	3964
      2	3997
      1	4011
      3	4109
      1	4121
      1	4148
      2	4174
      1	4183
      1	4184
      4	4211
      1	4224
      4	4227
      1	4240
      1	4267
      2	4293
      2	4382
      4	4492
      1	4540
      1	4549
      3	4616
     12	4617
      3	4634
      3	4651
      1	4675
      1	4684
      1	4720
      1	4740
      1	4758
      1	4787
      2	4796
      4	4926
      1	4930
      4	4935
      2	4937
      2	4946
      2	4956
      7	4969
      3	4972
      2	4976
      1	4993
      1	4999
      1	5009
      2	5011
      1	5023
      1	5030
      1	5051
      1	5075
      4	5076
      1	5113
      1	5141
      4	5161
      8	5171
      1	5208
      2	5276
      1	5287
      1	5338
      2	5389
      2	5393
      1	5504
      2	5531
      1	5545
      4	5598
      1	5731
      1	5804
      1	5836
      1	5869
      2	5943
      2	5958
      3	6029
      1	6079
      2	6102
      2	6111
      1	6155
      1	6156
      1	6191
      1	6196
      2	6239
      3	6245
      3	6249
      1	6276
      4	6332
      4	6349
      2	6358
      1	6361
      1	6366
      1	6403
      1	6435
     28	6497
      1	6532
      2	6541
      1	6544
      1	6584
      3	6614
      1	6617
      1	6635
      1	6654
      1	6669
      2	6689
      1	6710
      1	6753
      1	6787
      1	6807
      2	6945
      3	6960
      1	6982
      1	7037
      2	7039
      1	7041
      1	7061
      1	7084
      4	7113
      1	7153
      5	7162
      6	7167
      1	7189
      1	7203
      2	7219
      4	7221
      1	7235
      1	7245
      1	7313
      1	7349
      1	7359
      2	7372
      2	7374
      1	7462
      1	7474
      3	7513
      1	7556
      6	7651
      2	7680
      1	7687
      1	7705
      3	7725
      1	7772
      1	7774
      1	7783
      1	7818
      1	7872
      1	7969
      1	7974
      1	8009
      4	8054
      2	8063
      1	8076
      1	8149
      2	8163
      3	8178
      1	8186
      1	8256
      2	8344
      1	8362
      2	8378
      2	8385
      1	8398
      1	8431
      1	8577
      1	8589
      1	8644
      2	8645
      2	8652
      1	8672
      2	8693
      3	8698
      1	8700
      2	8708
      2	8760
      3	8818
     53	8846
      1	8901
      1	8931
      2	8949
      1	8999
      1	9005
      5	9017
      4	9028
      1	9042
      1	9058
      1	9061
      2	9123
      2	9156
      1	9191
      1	9200
      3	9247
      1	9281
      1	9311
      1	9317
      1	9324
      1	9347
      1	9366
      1	9514
      1	9543
      2	9563
      2	9585
      2	9606
      2	9610
      1	9663
      1	9666
      1	9676
      2	9720
      3	9728
      1	9751
      1	9752
      2	9809
      2	9824
      1	9861
      1	9872
      2	9888
      1	9896
      1	9898
      3	9900
      2	9922
      1	10001
      1	10006
      2	10008
      1	10011
      2	10014
      2	10022
      2	10040
      1	10059
      4	10069
      2	10100
      1	10109
      1	10165
      1	10237
      1	10261
      4	10275
      2	10324
      1	10334
      1	10346
      2	10374
      1	10387
      1	10389
      2	10397
      1	10399
     13	10433
      1	10443
      2	10476
      2	10558
      1	10574
      4	10612
      9	10654
      1	10674
      2	10687
      1	10711
      1	10718
      4	10724
      2	10782
      2	10811
      1	10868
      1	10908
      2	10916
      5	10940
      9	10950
      1	10986
      1	11035
      1	11044
      1	11067
      1	11151
      5	11176
      1	11213
      1	11237
      1	11267
      1	11281
      1	11307
      2	11382
      3	11437
      2	11444
      1	11480
      1	11481
      1	11536
      1	11548
      2	11550
      2	11569
      4	11608
      2	11641
      2	11653
      2	11701
      1	11710
      1	11762
     15	11882
      1	11933
      1	11964
      1	11979
      1	11994
      1	12044
      2	12065
      2	12114
      3	12127
      4	12192
      1	12245
      1	12302
      2	12363
      1	12375
      2	12393
      2	12397
      1	12407
      1	12447
      3	12556
      1	12557
      1	12627
      4	12689
      2	12704
      1	12708
      6	12762
      3	12809
      1	12814
      2	12832
      1	12865
      1	12933
      5	12936
      2	12956
      1	12975
      2	12984
     10	13005
      2	13018
      1	13028
      1	13034
      1	13064
      2	13076
      2	13169
      1	13200
      1	13209
      2	13292
      2	13299
      4	13315
      1	13352
      1	13387
      1	13390
      2	13394
      2	13410
      1	13418
      1	13421
      1	13423
      2	13499
      1	13500
      1	13501
      1	13502
      1	13524
      1	13532
      1	13572
      1	13620
      1	13644
      1	13682
      1	13688
      1	13691
     13	13697
      6	13712
      4	13720
      2	13756
      7	13764
      1	13767
      3	13790
      1	13797
      1	13801
      1	13812
      1	13823
      1	13863
      2	13871
     12	13924
      1	13927
      2	13940
      2	13952
      9	13965
      2	13992
      2	14058
      2	14075
      2	14104
      1	14110
      1	14113
      1	14153
      2	14188
      1	14189
      1	14249
      3	14287
      1	14288
      1	14336
      1	14343
      1	14347
      2	14353
      1	14385
      2	14429
      2	14435
      1	14436
      2	14490
      2	14498
      2	14543
      1	14556
      1	14586
      1	14593
      2	14597
      2	14720
      1	14740
      4	14746
      1	14781
      1	14829
      1	14839
      1	14863
     14	14877
      2	14898
      1	14917
      1	14922
      2	14923
      3	14958
      1	14969
      2	14982
      1	14995
      1	14996
      1	15058
      1	15068
      1	15147
      3	15160
      1	15166
      1	15223
      2	15257
      1	15272
      1	15310
      1	15355
      1	15401
      1	15429
      1	15437
      1	15450
      1	15467
      1	15518
      3	15548
      4	15561
      1	15585
      1	15590
      1	15663
      1	15674
      1	15684
      2	15705
      1	15725
      1	15754
      2	15865
      1	15899
      1	15934
      1	15977
      1	15987
      2	16021
      1	16055
      1	16148
      1	16152
      2	16181
      1	16192
      1	16200
      3	16207
      3	16230
      1	16237
      1	16291
      2	16308
      3	16340
      2	16387
      1	16389
      1	16425
      1	16460
      2	16503
      2	16533
      1	16534
      3	16620
      1	16630
      1	16642
      1	16675
      1	16683
      1	16695
      6	16769
      2	16785
      3	16788
      1	16789
      3	16810
      1	16822
      2	16824
      1	16864
      2	16887
      2	16907
      1	16916
     16	16935
      2	16948
      1	16976
     81	17005
      1	17009
      2	17018
      1	17051
      1	17075
      2	17185
      1	17214
      1	17220
      1	17225
      1	17252
      1	17267
      1	17274
      1	17311
      1	17315
      3	17338
      2	17352
      2	17406
      1	17442
      1	17449
      1	17459
      1	17497
      1	17547
      2	17592
      1	17613
      5	17615
      1	17633
      3	17641
      2	17647
      1	17698
      1	17736
      1	17756
      2	17768
      1	17843
      1	17849
      1	17890
      1	17896
      2	17920
      3	17947
      2	17965
      2	17975
     21	17989
     11	18010
      1	18039
      1	18055
      1	18122
      1	18146
      1	18179
      1	18185
      1	18202
      1	18222
      2	18226
      2	18310
      2	18321
      1	18361
      1	18365
      1	18402
      1	18418
      3	18425
      1	18448
      3	18487
     12	18498
      1	18505
      1	18588
      3	18590
      1	18603
      1	18627
      1	18633
      1	18638
      2	18666
      2	18668
      1	18691
      1	18706
      1	18720
      1	18737
      1	18750
      1	18756
      1	18757
      1	18776
      2	18800
      1	18838
      1	18842
      1	18905
      2	18907
      2	18922
      1	18929
      1	18956
      1	18994
      3	19018
      2	19029
      2	19066
      1	19078
      1	19163
      5	19197
      1	19243
     13	19255
      1	19275
      2	19285
      1	19291
      2	19301
      1	19304
      1	19305
      1	19332
      1	19356
      1	19370
      2	19371
      5	19405
      1	19406
      1	19427
      1	19440
      2	19510
      1	19541
      2	19572
      1	19580
      1	19597
      3	19620
     15	19689
      1	19724
      2	19762
      3	19763
      1	19836
      1	19840
      1	19850
      1	19869
      1	19904
      1	19911
      3	19947
      1	19961
      2	19975
      1	20012
      3	20021
      2	20030
      1	20031
      1	20050
      8	20061
      9	20118
      3	20136
      2	20140
      2	20156
      9	20212
      1	20243
      2	20253
      2	20264
      1	20279
      3	20282
      2	20414
      1	20419
      1	20438
      2	20468
      1	20489
      2	20498
      1	20528
      6	20553
      4	20575
      2	20591
      1	20612
      1	20634
      2	20645
      7	20647
      3	20666
      7	20671
      9	20687
      1	20698
      1	20730
      2	20742
      1	20750
      1	20761
      3	20827
      2	20852
     15	20865
      2	20882
      4	20887
      1	20896
      1	20959
      2	21021
      3	21060
      1	21102
      2	21201
      3	21237
      1	21251
      1	21252
      7	21285
      1	21314
      3	21340
      2	21382
      1	21432
      1	21435
      1	21453
      4	21459
      1	21463
      2	21489
      2	21490
      1	21539
      1	21564
      2	21585
      1	21596
      1	21621
      3	21625
      1	21640
      2	21643
      1	21655
      1	21673
      7	21686
      1	21713
      1	21739
      4	21777
      1	21833
      1	21915
      1	21931
      1	21963
      2	22010
      1	22039
      1	22074
      1	22078
      1	22086
      1	22091
      1	22206
      5	22219
      1	22253
     10	22284
      2	22285
      3	22300
      1	22306
      3	22315
      1	22348
      1	22365
      2	22374
      2	22417
      2	22446
      1	22447
      3	22478
      1	22512
      1	22588
      2	22618
      1	22631
      1	22634
      1	22689
      3	22715
      1	22738
      1	22772
      4	22789
      1	22821
      1	22833
      1	22870
      3	22902
      2	22915
      2	22919
      1	22958
      2	22968
      1	23023
      1	23050
      1	23069
      1	23070
      1	23086
      4	23091
      1	23094
      1	23103
      1	23126
      1	23144
      1	23192
      2	23199
      1	23217
      2	23219
      1	23237
      1	23247
      1	23276
      1	23309
      1	23351
      1	23369
      8	23374
      1	23386
      3	23401
      1	23433
      1	23463
      2	23513
      1	23518
      2	23523
      1	23537
      1	23543
      2	23553
      5	23577
      1	23592
      1	23593
      1	23626
      1	23726
      1	23735
      3	23757
     11	23780
      2	23785
      9	23788
      1	23801
      1	23806
      1	23811
      1	23876
      1	23903
      1	23976
      1	24042
      1	24068
      1	24080
      1	24120
      1	24149
      1	24180
      1	24187
      3	24218
      1	24228
      3	24279
      1	24337
      2	24376
      1	24392
      1	24542
      1	24549
      2	24587
      3	24596
      1	24603
      2	24635
      1	24661
      2	24692
      1	24708
      1	24719
      2	24771
      1	24794
      1	24813
     13	24830
      1	24840
     13	24862
      2	24866
      2	24869
      1	24907
      1	24930
      3	24934
      1	24955
      1	24967
      2	25024
      1	25026
      2	25029
      5	25056
      2	25090
      3	25096
      1	25114
      1	25145
      1	25190
      2	25273
      2	25285
      5	25308
      4	25342
      1	25346
      2	25357
      1	25393
      1	25395
      1	25405
      2	25432
      1	25446
      1	25488
      3	25517
     18	25538
      2	25543
      6	25553
      1	25563
      1	25573
      1	25588
      1	25597
      1	25631
      2	25640
      5	25697
      3	25698
      1	25700
      1	25741
      1	25742
      1	25826
      1	25835
      1	25944
      1	25983
      1	25984
      4	26026
      1	26031
      3	26037
      2	26045
      1	26054
      1	26108
      2	26207
      1	26290
      2	26328
      5	26332
      1	26416
      1	26435
      2	26442
      2	26445
      1	26454
      1	26458
      2	26462
      1	26551
      8	26552
      1	26587
      1	26596
      1	26625
      1	26630
      2	26635
      1	26667
      1	26668
      1	26672
      1	26682
      1	26747
      1	26769
      1	26815
      1	26818
      1	26840
      4	26850
      1	26870
      1	26880
      1	26897
      6	26909
      1	26927
      1	26941
      1	27018
      1	27110
      3	27134
      1	27207
      1	27224
      1	27229
      1	27262
      1	27272
      3	27302
      5	27310
      9	27350
      1	27373
      2	27440
      1	27449
      1	27469
      3	27493
      2	27524
      1	27579
      1	27622
      1	27670
      2	27693
      1	27710
      1	27729
      1	27765
      3	27789
      1	27828
      1	27830
      4	27872
     24	27893
      1	27926
      2	27954
      1	27958
      3	28012
      1	28027
      2	28031
      2	28066
      1	28082
      2	28124
      1	28186
      1	28204
      1	28220
     16	28230
      1	28234
      1	28245
      1	28250
      1	28296
      1	28301
      1	28365
      1	28421
      2	28430
      2	28438
      2	28454
      1	28468
      3	28538
      1	28567
      9	28571
      1	28612
      3	28624
      1	28651
      2	28667
      3	28695
      1	28705
      1	28720
      1	28788
      1	28809
      2	28811
      9	28824
      2	28830
      1	28885
      2	28899
      2	28900
      1	28958
      5	28960
      2	28974
      3	28981
      1	29085
      3	29118
      1	29122
      2	29153
     12	29166
      1	29238
      2	29257
      1	29283
      1	29286
      3	29298
      2	29324
      1	29341
      6	29347
      1	29368
      1	29385
      1	29426
      4	29428
      1	29545
      1	29564
      1	29583
      2	29596
      2	29643
      1	29665
      1	29697
      1	29715
      1	29717
      7	29728
      1	29762
      4	29777
      1	29796
      1	29811
      1	29826
      2	29853
      1	29875
      1	29880
     12	29945
      1	29947
      1	29950
      1	29963
      3	30018
      1	30056
      1	30090
      1	30123
      3	30152
      1	30165
      2	30167
     14	30177
      6	30246
      1	30278
      1	30282
      3	30298
      1	30314
      1	30328
      2	30394
      5	30397
      5	30401
      1	30427
      2	30446
      3	30455
      3	30476
      4	30511
      1	30520
      1	30524
      1	30527
      1	30555
      2	30570
      1	30589
      2	30595
      1	30623
      1	30626
      1	30655
      1	30659
      4	30661
      2	30672
      3	30716
      1	30742
      1	30764
      1	30780
      1	30788
      1	30816
      1	30841
      1	30877
      2	30907
      1	30933
      1	30979
      2	31003
      1	31032
      1	31035
      2	31059
      2	31088
      3	31115
      2	31130
      1	31153
      1	31172
      1	31210
     13	31265
      2	31278
      1	31287
      1	31308
      3	31331
      1	31381
      2	31391
      1	31453
      4	31455
      2	31473
      2	31474
      1	31482
      1	31515
      1	31527
      1	31538
      1	31550
      1	31553
      1	31557
      1	31585
      3	31606
      1	31615
      1	31631
      1	31642
      1	31643
      1	31664
      1	31693
      5	31713
      1	31741
      2	31770
      1	31776
      1	31787
      1	31829
      2	31859
      2	31864
      1	31908
      2	31915
      1	31981
      1	31990
      3	32001
      5	32012
      4	32091
      1	32113
      2	32120
      3	32177
      6	32212
      1	32233
      2	32272
      1	32279
      1	32307
      1	32342
      2	32349
      1	32354
      3	32382
      1	32396
      1	32397
      2	32422
      2	32425
      1	32426
      1	32456
      1	32460
      1	32481
      4	32526
      1	32537
      1	32538
      2	32558
      1	32589
      1	32643
      2	32654
      1	32671
      5	32675
      1	32684
      2	32713
      1	32767
      3	32770
      1	32772
      2	32890
      2	32918
      1	32930
      1	32978
      6	32995
      6	33004
      1	33036
     14	33051
      2	33069
      1	33073
      1	33078
      1	33100
      2	33142
      1	33157
      5	33188
      7	33192
      5	33194
      1	33198
      1	33210
      1	33260
      5	33272
      2	33280
      1	33308
      1	33311
      1	33327
      1	33369
      2	33381
      2	33444
      1	33454
      3	33474
      1	33495
      1	33496
      1	33509
      2	33526
      1	33578
      1	33580
      2	33599
      1	33612
      3	33617
      1	33630
      1	33639
      7	33682
      1	33698
      1	33708
      3	33711
      1	33741
      1	33812
      1	33815
      1	33888
      1	33891
      1	33941
      6	33971
      1	33993
      1	33995
      1	34035
      1	34068
      2	34080
      1	34168
      1	34183
      1	34190
      3	34194
      1	34228
      6	34264
      1	34322
      1	34357
      2	34375
      1	34391
      2	34394
      1	34399
      1	34405
      4	34422
      3	34452
      1	34457
     35	34466
      1	34483
      1	34490
      2	34528
      1	34542
      2	34543
      4	34550
      1	34599
      3	34608
      1	34619
      1	34635
      1	34644
      1	34679
      8	34708
      2	34710
      1	34723
      1	34735
     12	34761
      3	34806
      2	34925
      1	34983
      2	34989
      3	35036
      2	35047
      3	35071
      1	35108
      2	35130
      1	35208
      3	35223
      1	35231
      2	35237
      2	35262
      1	35315
      1	35334
      1	35344
      2	35352
      2	35420
      4	35545
      4	35556
      2	35558
      4	35625
      4	35633
      1	35708
      1	35714
      1	35722
      5	35748
      1	35753
      1	35754
      2	35779
      2	35791
      1	35824
      1	35923
      3	35934
      1	35949
      1	35971
      2	35991
      1	36028
      1	36056
      1	36058
      1	36082
      1	36091
      1	36103
      4	36107
      1	36142
      4	36181
      2	36187
      1	36230
      1	36240
      1	36243
      2	36244
      1	36338
     25	36423
      2	36494
      2	36508
      1	36532
      1	36548
      1	36553
      6	36559
      1	36566
      1	36568
      1	36580
      6	36600
      1	36653
      1	36667
      1	36670
      1	36703
      1	36805
      1	36810
      1	36884
      2	36945
      1	36950
      2	36959
      1	36961
      3	36971
      1	36985
      2	37029
      1	37044
      7	37048
      2	37061
      5	37062
      1	37086
      1	37119
      1	37152
      1	37174
      1	37241
      1	37271
      1	37273
      5	37294
      2	37308
      1	37318
      1	37358
      1	37359
      1	37453
      2	37533
      2	37544
      1	37563
      6	37574
      4	37580
      2	37602
      2	37609
      1	37613
      1	37703
      3	37721
      2	37724
      2	37743
      1	37757
      3	37782
      1	37819
      3	37825
      1	37842
      1	37846
      2	37881
      1	37930
      1	37984
      1	37997
      1	37998
      1	38033
      3	38039
      2	38041
      1	38099
      1	38162
      1	38181
      2	38221
      1	38243
      2	38244
      4	38259
      1	38311
      1	38326
      1	38333
      2	38340
      5	38380
      1	38398
      1	38440
      5	38447
      6	38464
      1	38511
      1	38557
      2	38652
      2	38676
      1	38681
      1	38743
      1	38772
      1	38831
      2	38871
      4	38921
      2	38932
      1	38938
     16	38993
      1	39003
      7	39072
      1	39127
      1	39147
      2	39172
      1	39176
      1	39184
      1	39195
      1	39196
      1	39213
      3	39264
      1	39269
      1	39275
      5	39278
      1	39314
      2	39325
      2	39326
      1	39398
      1	39418
      1	39419
      2	39432
      1	39447
      1	39456
      1	39466
      1	39489
      1	39513
      1	39537
      2	39561
      4	39621
      2	39628
      1	39638
      3	39640
      1	39660
      1	39679
      4	39697
      1	39709
      1	39780
      2	39804
      5	39809
      1	39851
      3	39897
      1	39993
      5	40055
      1	40092
      1	40093
      1	40244
      2	40248
      5	40249
      3	40289
      1	40317
      1	40347
      1	40367
      1	40370
      1	40375
      1	40405
      2	40428
      2	40450
      1	40462
      1	40463
      1	40490
      1	40518
      1	40558
      1	40560
      3	40614
      7	40620
      1	40652
     15	40692
      3	40700
      1	40705
      2	40713
      2	40734
      1	40857
      1	40861
      1	40907
      2	40928
      2	40942
      4	40944
      2	40961
      1	41069
      2	41070
      2	41081
      9	41106
      1	41129
      1	41138
      2	41142
      1	41143
      2	41185
      6	41198
      1	41213
      1	41298
      1	41331
      1	41332
      4	41347
      1	41355
      1	41479
      1	41491
      1	41492
      2	41494
      5	41515
      3	41547
      1	41575
      1	41601
      1	41603
      2	41605
      2	41669
      4	41692
      2	41702
      3	41771
      1	41782
      8	41791
      1	41874
      1	41892
      1	41931
      1	42010
      2	42034
      1	42051
      1	42095
      6	42144
      1	42147
      4	42181
      1	42209
      3	42248
      1	42263
      3	42287
      2	42315
      4	42340
      1	42343
      3	42355
      1	42364
      1	42368
      1	42372
      3	42380
      2	42381
      2	42388
      1	42398
      1	42399
      1	42414
      2	42425
      1	42439
      2	42459
      3	42464
      1	42470
      4	42506
     14	42517
      1	42595
     12	42651
      2	42673
      1	42686
      4	42689
      1	42704
      1	42745
      1	42796
      1	42806
      1	42819
      1	42848
      5	42851
      1	42852
      4	42855
      2	42945
      1	43050
      1	43107
      3	43136
      1	43148
      1	43162
      1	43177
      3	43184
      3	43214
      1	43253
      1	43261
      2	43322
      1	43382
      1	43394
      3	43404
      3	43415
      5	43417
      1	43580
      2	43583
      1	43603
      1	43624
      1	43625
      1	43718
      1	43766
      1	43832
      1	43835
      1	43849
      1	43852
      2	43853
      1	43889
      1	43895
      1	43898
      1	43963
      3	43987
      1	44016
      2	44050
      1	44063
      1	44077
      3	44078
      2	44112
      1	44141
     11	44185
      1	44238
      1	44248
      5	44252
      1	44284
      2	44351
      1	44357
      3	44378
      2	44423
      1	44425
      4	44430
      1	44438
      1	44446
      1	44453
      1	44493
      3	44533
      1	44568
      4	44607
      1	44618
      1	44622
      4	44632
      1	44641
      4	44648
      1	44654
      4	44655
      1	44692
      1	44716
      1	44724
      3	44750
      1	44777
      2	44804
      1	44807
      2	44833
      1	44867
      8	44887
      1	44896
      1	44907
      1	44911
      1	44927
      3	44960
      3	44961
      1	44977
      5	44980
      1	44983
      2	45032
      1	45054
      3	45059
      1	45127
      1	45170
      1	45173
      2	45177
      2	45178
      3	45179
      3	45292
      1	45322
      2	45332
      1	45341
      4	45358
      1	45368
      1	45383
      2	45384
      1	45456
      5	45465
      1	45489
      1	45501
      1	45529
      2	45563
      1	45611
      2	45643
      2	45646
      3	45682
      3	45692
      2	45725
      1	45774
      3	45833
      3	45844
      1	45847
      3	45872
      2	45935
      5	45965
      1	46008
      1	46018
      1	46076
      1	46091
      1	46120
      1	46123
      5	46126
      1	46133
      1	46163
      1	46236
      1	46353
      2	46375
      1	46385
      1	46388
      1	46393
      1	46397
      1	46409
      1	46410
      1	46419
      1	46436
      1	46442
      3	46445
      1	46446
      2	46456
      2	46479
      3	46530
      6	46589
      4	46606
      1	46623
      1	46664
      2	46680
      2	46692
      3	46706
      8	46733
      1	46745
      5	46786
      3	46827
      1	46859
      1	46866
      1	46872
      7	46901
      2	46919
      2	46973
      1	47001
      1	47045
      1	47062
      1	47089
      5	47091
      6	47098
      1	47108
      1	47168
      6	47222
      3	47226
      2	47312
      3	47320
      2	47335
      4	47382
      1	47414
      1	47416
      1	47421
      2	47440
      2	47486
      1	47546
      2	47597
      1	47636
      2	47646
      1	47672
      2	47677
      2	47696
      2	47707
      2	47735
      1	47741
      1	47768
      1	47808
      1	47820
      2	47829
      2	47920
      2	47931
      1	47938
      2	47954
      1	47960
      1	47988
      5	47989
      1	48005
      1	48011
      1	48086
      1	48096
      1	48104
      2	48134
      1	48198
      1	48208
      1	48218
      1	48241
      1	48285
      1	48327
      1	48398
      1	48475
      7	48509
      1	48510
      2	48533
      2	48540
      1	48544
      1	48589
      1	48617
      2	48634
      1	48651
      1	48653
      1	48681
      2	48690
      1	48699
      3	48727
      1	48744
      1	48800
      3	48824
      1	48834
      1	48870
      1	48874
     15	48906
      1	48924
      1	48950
      1	48975
      2	48982
      5	48993
      1	49041
      1	49079
      2	49104
      2	49111
      1	49117
      1	49209
      5	49249
      2	49267
      1	49278
      4	49305
      1	49344
      2	49376
      1	49377
      2	49439
      1	49458
      1	49474
      2	49536
      2	49538
      4	49549
      1	49558
      8	49585
      1	49600
      1	49604
      2	49605
      2	49644
      1	49661
      1	49664
      1	49668
      1	49684
      1	49690
      3	49707
      1	49709
      1	49757
      1	49797
      1	49818
      1	49824
      3	49854
      4	49894
      3	49966
      1	49978
      1	50040
      1	50071
      1	50120
      1	50160
      2	50169
      1	50184
      1	50210
      3	50219
     12	50237
      1	50276
      1	50340
      1	50349
      1	50361
      1	50369
      1	50372
     27	50391
      3	50401
      1	50420
      1	50427
      1	50480
      1	50498
      1	50537
      1	50564
      2	50565
      1	50584
      1	50585
      1	50587
      5	50590
      1	50607
      1	50680
      3	50708
      1	50827
      1	50847
      9	50859
      1	50870
      1	50874
     19	50910
      1	50915
      1	50920
      1	50951
      1	51004
      2	51044
      1	51046
      2	51061
      1	51086
      1	51101
      1	51135
      1	51154
      1	51166
      1	51169
      1	51203
      1	51216
      1	51252
      2	51336
      3	51352
      2	51369
      1	51383
      2	51392
      3	51394
      1	51521
      1	51528
      1	51532
      1	51574
      1	51593
      1	51610
      2	51637
      1	51701
      1	51716
      2	51771
      7	51805
      1	51810
      1	51823
      4	51830
      5	51835
      1	51894
      4	51902
      1	51913
      1	51959
      1	51994
      3	52038
      4	52044
      1	52092
      2	52174
      4	52181
      1	52205
      4	52256
      1	52266
      1	52271
      1	52286
      1	52287
      1	52337
      1	52380
      1	52390
      1	52401
      2	52414
      3	52462
      1	52506
      1	52534
      2	52551
      1	52585
      1	52606
      1	52610
      2	52617
      1	52621
      1	52685
      2	52710
      1	52739
      1	52783
      4	52801
      2	52832
      1	52894
      1	52914
      1	52918
      1	52921
      1	52955
      7	52968
      1	53028
      2	53068
      1	53086
      1	53093
      3	53120
      1	53144
      1	53216
      1	53224
      1	53259
      1	53270
      1	53401
      1	53404
      3	53427
      1	53498
      4	53503
      1	53517
      2	53526
      1	53532
      2	53540
      1	53566
      1	53593
      3	53662
      1	53689
      1	53748
      3	53749
      1	53771
      1	53824
      1	53863
      1	53873
      1	53908
      3	53920
      3	53934
      1	53939
      2	53947
     14	53966
      2	53971
      1	53990
      2	54084
      1	54101
      1	54102
      5	54123
      1	54171
      1	54182
      3	54183
      3	54184
      1	54186
      7	54235
      2	54240
      5	54248
      1	54265
      2	54293
      2	54307
      1	54315
      5	54321
      3	54326
      2	54370
      1	54384
      2	54399
      1	54422
      1	54430
      1	54439
      1	54495
      1	54498
      1	54505
      1	54531
      1	54546
      1	54554
      1	54556
      1	54578
      4	54583
      8	54615
      1	54691
      1	54696
      3	54732
      1	54804
      1	54815
      1	54834
      1	54855
      1	54867
      8	54927
     31	54931
      1	54934
      2	54955
      1	54967
      1	54977
      1	54984
      1	55030
      1	55121
     12	55129
      1	55135
      1	55136
      1	55143
      3	55161
      1	55165
      1	55237
      1	55238
      1	55251
      1	55276
      1	55282
      3	55336
      1	55342
      2	55345
      1	55364
      1	55365
      1	55390
      2	55460
      1	55466
      1	55475
      1	55535
      1	55537
      3	55550
      2	55565
      1	55574
      1	55587
      5	55615
      2	55616
      1	55660
      1	55680
      1	55693
      3	55698
      2	55734
      1	55735
      2	55761
      1	55772
      2	55795
      1	55860
      3	55864
      1	55899
      1	55910
      5	55963
      1	56009
      1	56028
      1	56039
      1	56056
      1	56086
      1	56131
      1	56149
      1	56171
      2	56254
      1	56273
      1	56288
      2	56304
      3	56315
      1	56334
      1	56389
      8	56469
      1	56484
      1	56533
      1	56538
      4	56557
      1	56584
      1	56617
      4	56642
      1	56664
      2	56693
      2	56776
      1	56811
      5	56823
      4	56834
      1	56855
      4	56857
      2	56874
      1	56902
      1	56903
      1	56943
      1	56946
      9	56965
      2	56992
      1	56999
      3	57033
      1	57034
      1	57064
      3	57074
      1	57077
      3	57137
     12	57144
      2	57152
      1	57160
      1	57218
      1	57220
      4	57326
      1	57332
      2	57345
      1	57353
      2	57371
      1	57393
      1	57517
      1	57522
      1	57552
      6	57556
      1	57566
      1	57573
      1	57692
      2	57707
      1	57719
      1	57750
      1	57772
      1	57783
      1	57794
      2	57798
      5	57822
      1	57824
      1	57828
      1	57910
      8	57911
      1	57941
      1	57971
      1	58034
      2	58036
      1	58041
      1	58122
      1	58144
     46	58154
      1	58155
      4	58191
      3	58199
      2	58223
      1	58226
      1	58240
      1	58260
      1	58303
      2	58358
      2	58371
      1	58386
      1	58396
      1	58406
      1	58426
      3	58429
      2	58488
      1	58491
      1	58496
      5	58506
      1	58514
      2	58516
      1	58521
     15	58527
      1	58575
      3	58620
      2	58637
      1	58639
      1	58640
      3	58651
      1	58668
      1	58670
      1	58675
      1	58733
      1	58780
      7	58786
      5	58812
      9	58818
     10	58824
      3	58862
      2	58908
      1	58934
      1	58989
      1	59064
      1	59109
      1	59178
      1	59180
      1	59181
     20	59231
      7	59237
      1	59245
      1	59255
      2	59293
      4	59335
      1	59345
      1	59354
      1	59484
      2	59512
      1	59514
     23	59535
      2	59559
      3	59607
      2	59651
      1	59727
      2	59786
      5	59787
      1	59800
      2	59802
      2	59834
      2	59868
      1	59938
      1	59983
      4	60058
      1	60142
      1	60166
      1	60218
      3	60232
     10	60274
      5	60295
      1	60423
      1	60428
      3	60488
      2	60501
      1	60524
      1	60536
      1	60597
      1	60602
      2	60630
      1	60651
      1	60663
      1	60671
      1	60677
      1	60693
      1	60707
      2	60733
      2	60750
      3	60762
      1	60773
      2	60793
      2	60854
      1	60870
      1	60901
      2	60906
      1	60937
      2	61066
      1	61218
      1	61232
      4	61258
      1	61261
      1	61281
      1	61330
      1	61343
      6	61355
      2	61361
      2	61406
      1	61489
      2	61502
      2	61520
      1	61541
      1	61679
      3	61683
      1	61750
     10	61773
      6	61776
      1	61814
      2	61816
      3	61832
      1	61936
      1	61941
      1	61984
      2	62014
      1	62019
      4	62026
      1	62038
      1	62126
      1	62181
      1	62182
      1	62223
      1	62225
      1	62248
      2	62252
      1	62253
      1	62266
      1	62290
      3	62301
      2	62332
      1	62337
      6	62339
      2	62410
      1	62434
      1	62491
      1	62510
      2	62541
      1	62559
      1	62584
      8	62593
      3	62651
      6	62719
      5	62738
      1	62780
      1	62791
      1	62799
      2	62833
      2	62924
      1	62927
      1	62943
      2	62948
      1	62995
      3	63037
      4	63043
      1	63101
      1	63124
      1	63137
      5	63140
      1	63204
      1	63281
      1	63337
      1	63338
      1	63363
      3	63450
      4	63451
      1	63474
      1	63507
      2	63552
      1	63554
      2	63641
      1	63656
      1	63670
      1	63693
      1	63706
      2	63712
      1	63812
      1	63878
      1	63882
      1	63888
      1	63936
      1	63982
      1	63987
      4	64000
      1	64004
      4	64049
      1	64056
      3	64068
      1	64082
      2	64120
      8	64146
      1	64152
      1	64164
      1	64229
      1	64234
      5	64274
      6	64316
      3	64334
      1	64362
      1	64397
      2	64446
      1	64448
      1	64515
      4	64522
      9	64552
      1	64599
      1	64631
      1	64650
      1	64655
      1	64657
      1	64670
      1	64691
      1	64698
      2	64703
      1	64743
      1	64788
      1	64814
      6	64856
      1	64861
      1	64899
      1	64900
      1	64931
      1	64938
      4	64951
      2	64964
      1	64968
      1	64986
      2	64996
      5	65018
      1	65041
      3	65053
      1	65061
      1	65116
      1	65150
      1	65168
      1	65175
      1	65214
      1	65217
      1	65220
      1	65232
      1	65258
      1	65260
      1	65272
      1	65302
      1	65353
      1	65374
      1	65377
      1	65381
      1	65401
      3	65408
      1	65410
      1	65413
      2	65462
      3	65492
      2	65500
