      1	55
      6	121
      7	590
      1	1232
      2	1733
      1	1948
      3	2030
      1	2150
      1	2400
      1	2424
      1	3131
      1	3778
      1	5178
      1	6020
      1	6031
      2	6411
      2	6551
      1	6828
      1	7109
      4	7219
      1	7485
      1	7490
      1	7804
      5	7843
      1	7981
      2	8119
      2	8172
      1	9042
      1	9057
      1	9432
      1	9485
      1	9590
      1	9680
      1	10324
      3	10444
      1	10895
      1	11096
      2	11459
      2	11524
      3	11611
      1	12603
      2	14137
      1	14540
      1	15514
      3	16723
      1	16782
      2	16835
      1	17067
      2	17265
      1	18840
      1	19138
      1	19757
      1	20326
      1	20971
      1	20991
      1	21507
      1	21961
      1	22392
      1	22462
      1	22938
      2	23799
      4	23888
      1	24061
      1	25024
      1	25152
      1	25631
      1	26207
      1	26850
      1	27714
      2	28675
      1	29016
      2	29028
      1	29099
      3	29283
      1	29450
      1	30153
      2	31147
      1	31573
      1	32040
      1	32574
      1	32705
     11	32863
      1	34680
      1	34691
      2	34728
      1	34839
      3	35360
      1	35498
      3	35667
      1	36301
      1	36715
      1	36721
      1	36779
      5	37052
      1	37179
      1	37321
      4	38298
      1	38359
      2	38531
      2	39156
      2	39193
      1	40170
      1	40515
      2	40820
      1	40858
      2	41561
      1	41941
      1	42414
      1	42696
      1	42851
      2	42982
      1	43261
      6	43394
      1	43826
      1	44124
      1	44878
      1	45496
      1	46309
      1	46574
      1	46841
      1	46853
      1	47883
      1	47905
      1	48037
      1	48258
      1	48279
      1	48447
      1	49367
      1	49541
      1	49598
      1	50115
      1	50382
      1	50872
      1	51357
      2	51483
      1	51549
      2	51645
      1	51959
      1	53960
      3	54208
      1	54615
      4	54916
      1	55528
      1	55849
      1	56009
      2	56177
      1	56511
      1	57039
      1	57056
      3	57324
      1	57383
      1	57954
      1	58219
      1	58670
      5	58805
      1	58815
      1	58862
      1	59135
      1	60054
      1	61261
      5	61301
      1	61335
      1	61390
      3	61435
      1	62504
      1	63617
      1	64593
      1	64774
