      4	11
      2	22
      1	24
      1	28
     17	29
      3	41
      9	45
      3	48
      2	61
      1	67
      1	70
      6	71
      3	77
      1	84
      1	86
      2	97
      1	100
      4	111
      1	113
      3	121
      9	162
      3	175
      1	197
      1	198
      2	218
      1	222
      2	233
      1	259
      2	262
      1	307
      1	322
      1	340
      3	367
      1	376
      1	377
      2	416
      1	428
      1	429
      1	431
      1	437
      1	475
      1	496
      1	511
      1	512
      5	515
      1	524
      1	536
     17	538
      1	551
      2	558
      1	561
      3	567
      1	568
      2	579
      1	584
      1	590
      5	593
      1	596
      1	599
      2	620
      1	634
     16	664
      1	702
      2	704
      6	708
      4	712
      2	722
      2	725
      1	743
      1	753
      2	755
      6	758
     12	767
      4	770
     20	779
      2	797
      1	808
      4	813
      1	819
      3	823
      1	841
      1	845
     10	851
      2	853
     20	865
      2	867
     14	880
      1	920
      4	926
      1	935
      2	937
      2	977
      4	984
      1	1049
      1	1069
      8	1070
      2	1079
      3	1085
      1	1104
      1	1105
      1	1109
      2	1130
      1	1138
      1	1144
      1	1154
      1	1167
      2	1173
      1	1185
      1	1190
      3	1219
      1	1228
      1	1230
      3	1232
      1	1239
      8	1248
      1	1251
      1	1253
      2	1261
      1	1267
      4	1285
      1	1288
      1	1305
      2	1330
      1	1353
      4	1361
      2	1371
      2	1373
      3	1387
      1	1398
      4	1405
      1	1418
      1	1441
      1	1449
      1	1452
      1	1457
      4	1497
      1	1505
      4	1508
      4	1511
      3	1518
      1	1530
      5	1532
      2	1544
      1	1545
      2	1554
      1	1556
      5	1558
      1	1569
      1	1582
      5	1588
      1	1597
      1	1606
      2	1616
      2	1642
      3	1645
      9	1656
      2	1662
      2	1673
      1	1681
      1	1714
      1	1729
      3	1734
      8	1777
      1	1810
      1	1813
      1	1818
      1	1855
      2	1857
      2	1859
      1	1861
      1	1866
      1	1867
      2	1872
      1	1886
      2	1906
      1	1908
      2	1911
      2	1955
      5	2020
      4	2029
      1	2055
      8	2057
      5	2077
     13	2087
     22	2090
     59	2093
      1	2095
      8	2131
      1	2139
      1	2149
      1	2166
      2	2170
      1	2182
     12	2188
      1	2213
      1	2224
      3	2251
      1	2262
      1	2280
      1	2289
      5	2325
      1	2356
      1	2400
      1	2449
      2	2457
      1	2470
      1	2471
      1	2474
     15	2475
      1	2481
      1	2516
      1	2520
      1	2529
      1	2532
      1	2549
      1	2550
      3	2566
      1	2586
      1	2597
      2	2609
      3	2614
      1	2633
      2	2638
      2	2645
      1	2648
      1	2671
      1	2684
      2	2687
     10	2688
      1	2689
      1	2692
      1	2724
      1	2743
      1	2766
      2	2808
      1	2814
      3	2817
      5	2819
      1	2820
      2	2824
      2	2836
      1	2849
      1	2872
      7	2889
      2	2898
      1	2910
      6	2916
      1	2932
      1	2954
      1	2955
      1	2973
      1	2982
      2	2983
      1	2989
      1	2992
      1	2994
      1	3002
      4	3004
      3	3005
      7	3020
      1	3026
      1	3028
      1	3033
      2	3058
      1	3063
      1	3083
      2	3101
      3	3102
      1	3103
      1	3110
      3	3114
      2	3121
      1	3124
      1	3126
      1	3152
      2	3153
      1	3162
      1	3168
      3	3204
      1	3213
      3	3221
      1	3236
      3	3243
      1	3245
      3	3256
      1	3275
      1	3302
      1	3305
      2	3307
      1	3346
      9	3351
      1	3367
      1	3376
      1	3379
      2	3406
      3	3425
      5	3486
      6	3493
      2	3499
      3	3514
      1	3526
      1	3534
      5	3538
      1	3543
      1	3550
      9	3552
      1	3577
      1	3595
      1	3599
      1	3661
     15	3690
      2	3699
      1	3704
      1	3709
      2	3732
     10	3737
      6	3745
      2	3750
      2	3830
      1	3841
      1	3842
      1	3850
      1	3861
      1	3864
      1	3869
      3	3932
      1	3944
      1	3946
      2	3954
      2	3965
      2	3967
      2	3983
      2	4001
      1	4032
      2	4034
      1	4055
      5	4061
      1	4062
      2	4064
      2	4072
      1	4086
      6	4106
      1	4108
     27	4109
      1	4113
      2	4187
      1	4211
      1	4224
      1	4238
      1	4263
      1	4279
      9	4286
      2	4307
      5	4308
      1	4316
      5	4318
      1	4327
      2	4332
      3	4334
      3	4336
      5	4368
      4	4388
      2	4402
      1	4419
      3	4423
      1	4424
      2	4436
      1	4437
      7	4442
      2	4447
      3	4502
      2	4515
      3	4552
      2	4581
      2	4586
      1	4597
      1	4599
      2	4604
      1	4606
      1	4609
      1	4620
      9	4640
      2	4645
      8	4652
      7	4664
      1	4682
      1	4711
     11	4732
      1	4758
      9	4780
      5	4790
      2	4803
      2	4812
      1	4848
      1	4888
      1	4899
      1	4917
     10	4926
      7	4930
      1	4941
      1	4966
     11	4969
      1	4982
      2	5022
      3	5023
      8	5026
      2	5091
      3	5119
      8	5122
      1	5130
      1	5135
      2	5140
     15	5161
      1	5166
      2	5174
      1	5187
      1	5198
      1	5215
      8	5222
      1	5253
      4	5260
      1	5261
      1	5271
      1	5277
      5	5287
      9	5300
      1	5314
      3	5330
      3	5346
      1	5349
      1	5396
      1	5400
      1	5402
      2	5430
      1	5436
      1	5449
      3	5457
      1	5465
     14	5475
      1	5482
      1	5483
      2	5505
      2	5510
      1	5519
      5	5542
      1	5598
      2	5607
      2	5637
      3	5640
      2	5652
      2	5658
      7	5697
      1	5704
     34	5731
      1	5741
      1	5770
      1	5778
      3	5792
      2	5813
      1	5817
      2	5819
      5	5820
     11	5823
      1	5825
      1	5848
      4	5874
     14	5876
      3	5893
      1	5905
      2	5927
      2	5930
      1	5956
      1	5957
      1	5963
      2	5967
      1	5992
      1	5993
      1	5999
      3	6023
      5	6031
      2	6032
     19	6045
      1	6053
      7	6055
      1	6058
      2	6072
      3	6073
      2	6085
      1	6095
      1	6101
      1	6108
      1	6121
      1	6124
      2	6126
      6	6128
      2	6143
      2	6150
      1	6162
      5	6175
      2	6181
      3	6197
     12	6226
      2	6244
      1	6247
     10	6275
      3	6276
      1	6281
      1	6284
      1	6289
      6	6293
      3	6311
      1	6328
      1	6338
      1	6354
      3	6356
      1	6361
     26	6366
      3	6375
      5	6394
      5	6396
      2	6417
      1	6423
      1	6439
      1	6452
      1	6486
     22	6494
      1	6497
      1	6502
      1	6536
      1	6557
      6	6558
      1	6571
     25	6575
      1	6583
      8	6596
      1	6603
      2	6622
      3	6626
      1	6629
      1	6635
      2	6677
     12	6691
      2	6700
      1	6708
      1	6710
      1	6717
      2	6727
      1	6742
      1	6745
      1	6748
      1	6781
      6	6805
     17	6806
      1	6822
      1	6854
      3	6858
      2	6867
      1	6898
      2	6899
      1	6906
      1	6915
      1	6934
      1	6947
      4	6956
      3	6964
      1	6971
     22	6980
      1	7002
      2	7013
      2	7041
      1	7047
      1	7069
      1	7071
      1	7077
      3	7083
      1	7086
      1	7102
      2	7109
      8	7113
      1	7114
      1	7135
      1	7145
      5	7152
      1	7167
      2	7181
      7	7182
      2	7186
      1	7189
      1	7206
      1	7217
      2	7271
      1	7303
      1	7326
      1	7330
      1	7335
      1	7347
      1	7359
      2	7386
     27	7403
      3	7426
      1	7457
      5	7466
      1	7481
      1	7512
      1	7558
      3	7572
     13	7579
      1	7587
      1	7602
      1	7612
      1	7644
      1	7647
      1	7651
      3	7665
      1	7688
      1	7702
      3	7706
      1	7720
      1	7750
      1	7770
      1	7772
      1	7774
      2	7778
      1	7790
      2	7793
      1	7801
      1	7815
      1	7820
      1	7822
      3	7825
      1	7829
      2	7846
      1	7853
      1	7862
     12	7876
      4	7881
      1	7920
      5	7942
      1	7946
      3	7955
     10	7970
      1	7981
      2	7987
      1	8000
     10	8011
      1	8013
      2	8014
      2	8016
      1	8017
      1	8045
      4	8061
      2	8062
      1	8073
      3	8076
      1	8077
      4	8101
     14	8121
      1	8138
      1	8147
     17	8172
      2	8185
      4	8201
      1	8223
      1	8242
     22	8281
      1	8296
      1	8303
      2	8311
      3	8312
      1	8313
      1	8324
      1	8332
      2	8337
      1	8382
      3	8393
      1	8401
      1	8432
      3	8435
      1	8476
      3	8478
      2	8483
      2	8489
      2	8492
      2	8506
     15	8508
     10	8515
      1	8519
      3	8532
      1	8560
      1	8564
      2	8567
      3	8599
      1	8614
      2	8617
      4	8622
      5	8641
      1	8652
      2	8657
      1	8658
      1	8659
      1	8660
      1	8672
      1	8675
      5	8700
      1	8707
      2	8709
      1	8731
      1	8734
      6	8736
      2	8739
      7	8760
      1	8772
      1	8774
      3	8777
     36	8782
      1	8799
      1	8812
      1	8843
      1	8859
      1	8878
      3	8891
      1	8926
     11	8956
      1	8978
      1	8979
     18	8983
      2	8987
      1	8991
      1	9012
      1	9054
      2	9080
      1	9089
      2	9100
      1	9104
      4	9121
      3	9139
      6	9143
      1	9147
      2	9149
      8	9152
      2	9167
      1	9173
      1	9174
      2	9182
      3	9188
      9	9211
      1	9214
      1	9232
      2	9234
      3	9240
      1	9241
      2	9243
      1	9281
      2	9301
      6	9304
     26	9317
      5	9327
      6	9345
      3	9347
      1	9359
      1	9384
      2	9411
      1	9424
      1	9428
      1	9434
      1	9456
      1	9483
      4	9486
      5	9498
      1	9502
      1	9552
      1	9556
      3	9564
      1	9610
      1	9630
      1	9633
      3	9653
      1	9667
      1	9688
      3	9716
      1	9722
      1	9737
      2	9752
      1	9760
      2	9765
      3	9793
      1	9795
      1	9796
     14	9797
      1	9812
      2	9819
      1	9824
      3	9826
      1	9853
      1	9864
      2	9872
      3	9873
      1	9883
      1	9888
     10	9900
      2	9904
      1	9908
      4	9911
      6	9921
      1	9996
     15	10026
      1	10028
      2	10059
      1	10062
      1	10069
      5	10075
      1	10077
      1	10085
      1	10104
      1	10118
      1	10121
      2	10123
      1	10131
      1	10202
      1	10214
      6	10216
      4	10241
      1	10275
      1	10280
      2	10317
      2	10346
      1	10366
      2	10381
      1	10385
      1	10389
      1	10398
      1	10407
      1	10416
      1	10443
      4	10447
      1	10454
      4	10504
      3	10520
      6	10570
     17	10576
      1	10591
      2	10603
      1	10605
      1	10606
      1	10607
      2	10610
      2	10624
      1	10637
      1	10645
      2	10673
      1	10680
      1	10704
      2	10710
     34	10724
      5	10732
      3	10744
      6	10750
      1	10796
      1	10798
      3	10807
      2	10845
      1	10860
      1	10862
      3	10875
      3	10908
      1	10914
      1	10916
      1	10927
      4	10942
      4	10950
     10	10974
      1	10979
      2	10986
      1	10987
      1	10996
      1	11048
      1	11065
      2	11068
      1	11078
      1	11082
      2	11090
      2	11095
      2	11103
      3	11116
      1	11124
      1	11125
      1	11144
      1	11189
      9	11230
      2	11231
      1	11235
      1	11244
      1	11272
      2	11290
      2	11297
      2	11304
      1	11307
      1	11330
      3	11340
      1	11358
      1	11385
      3	11391
      1	11394
      2	11402
      1	11419
      3	11439
      1	11453
      1	11454
      6	11490
     15	11524
      1	11525
      3	11535
      1	11545
      2	11546
      2	11553
      1	11557
      1	11567
      2	11569
      5	11584
      1	11606
      1	11612
      1	11621
      3	11623
      1	11640
      1	11652
      1	11654
      1	11701
      1	11741
      4	11750
     19	11751
      3	11759
      1	11799
      1	11800
      1	11801
      1	11821
      1	11826
      1	11830
      5	11837
      1	11898
      1	11904
      2	11930
      1	11951
      2	11961
     56	11964
      2	11965
      7	11967
      1	11990
      4	12005
      1	12006
      1	12037
      3	12043
      1	12049
      2	12050
      1	12059
      1	12091
      1	12098
      2	12127
      1	12130
      1	12164
      1	12189
      1	12192
      1	12195
      1	12202
      1	12207
      1	12208
      1	12226
      1	12245
      2	12257
      1	12288
      1	12322
      5	12334
      3	12350
      3	12356
      1	12370
      1	12381
      1	12389
      3	12394
     22	12397
      2	12407
      3	12420
      3	12435
      2	12444
      5	12447
      1	12463
     17	12505
      2	12510
      1	12545
      7	12597
      1	12603
      1	12622
      1	12633
      1	12638
      1	12660
      4	12667
      2	12684
      1	12689
      1	12703
      1	12705
      3	12708
      1	12712
      2	12728
      1	12741
      1	12747
      1	12750
      1	12755
      1	12798
      4	12814
      1	12819
      4	12826
      4	12915
      2	12937
      2	12960
      2	12970
      2	12989
      3	13003
      5	13008
      4	13024
      3	13026
      2	13031
      1	13045
      1	13049
      2	13053
      6	13074
      1	13076
      1	13113
      5	13118
      2	13136
      1	13157
      1	13161
      1	13162
      1	13172
      3	13183
      1	13190
      1	13194
      2	13221
      1	13231
      1	13235
      1	13238
     10	13252
      2	13262
     21	13273
      1	13288
      2	13309
      2	13315
      1	13344
      2	13345
      3	13382
      2	13388
     10	13390
      1	13402
      1	13414
      3	13416
      1	13422
      1	13424
      1	13457
      1	13460
      1	13461
      8	13481
      1	13489
      2	13490
      1	13499
      1	13521
      1	13529
      2	13554
      1	13580
      2	13594
      8	13595
      5	13600
      3	13639
      1	13644
      1	13655
      2	13672
      2	13682
      1	13685
      1	13694
      2	13695
      3	13699
      5	13702
      1	13717
      2	13724
      1	13733
     14	13738
      1	13771
     36	13806
      1	13819
      3	13839
      2	13857
      4	13871
      1	13891
      1	13895
      1	13913
      2	13945
      1	13947
      2	13952
      3	13954
      1	13986
      1	14029
      2	14032
      4	14111
      1	14112
      1	14127
      2	14137
      1	14141
      2	14149
      1	14166
      1	14171
      1	14187
      1	14229
      1	14232
      2	14256
      1	14271
      2	14280
     14	14287
      2	14297
      3	14305
      1	14312
      2	14326
      2	14332
      3	14335
      1	14352
      1	14361
      3	14376
      2	14385
     10	14392
      1	14401
      1	14409
      1	14430
      1	14469
      1	14472
      1	14494
      1	14498
      8	14506
      3	14538
      2	14540
      1	14545
      1	14553
      1	14565
      1	14587
      1	14589
     11	14606
      1	14619
     13	14626
      1	14648
      1	14654
      1	14661
      2	14665
      1	14677
      1	14720
      1	14723
      1	14761
      3	14768
      1	14775
      2	14790
      1	14791
      1	14821
      1	14847
      1	14872
      2	14876
      1	14890
      3	14898
      1	14913
      1	14921
      1	14947
      1	14954
      5	14960
      1	14973
      2	14986
      1	14996
      3	15029
      3	15033
      1	15069
      1	15088
      1	15104
      1	15120
      1	15121
      4	15147
      2	15159
      4	15173
      1	15180
     18	15183
      2	15188
      1	15215
      3	15217
      1	15236
      1	15237
      4	15260
      2	15261
      1	15271
      3	15282
      1	15284
     16	15293
      7	15303
      1	15304
      1	15310
      2	15321
      1	15328
      3	15353
      2	15355
      3	15356
      5	15361
      2	15386
      2	15397
      2	15399
      1	15408
     13	15458
      6	15461
      1	15491
      1	15501
      1	15516
      1	15522
      3	15558
      2	15561
      2	15566
      1	15585
      1	15587
      2	15593
      2	15601
      1	15604
      1	15605
      1	15616
      1	15619
      2	15621
      1	15661
      1	15671
      4	15679
      1	15692
      1	15702
      1	15724
      3	15748
      2	15783
      6	15789
      2	15836
      1	15862
      1	15868
      1	15909
      1	15920
      1	15951
      3	15952
      6	15955
      1	15958
      3	15975
      1	15981
      5	15984
      8	15985
     24	16007
      3	16015
      2	16016
      4	16017
     13	16036
      1	16047
      1	16070
      2	16077
      1	16110
      7	16112
      1	16145
     10	16148
      1	16163
      1	16184
      2	16188
      1	16195
      3	16200
      1	16211
      2	16233
      4	16264
     11	16276
      4	16278
      2	16295
      1	16312
      1	16317
      1	16330
      3	16354
     20	16368
      1	16377
      2	16388
      3	16400
      1	16414
      1	16418
      1	16435
      6	16442
      2	16444
      1	16479
      1	16486
      1	16500
     18	16503
      1	16508
      1	16512
      1	16515
      1	16526
     13	16532
      1	16554
      1	16560
      2	16561
      1	16594
      2	16597
      5	16614
      7	16620
     14	16628
      1	16648
      1	16679
      6	16704
      9	16738
      4	16754
      1	16771
      2	16775
      3	16785
      1	16788
      1	16792
      1	16794
      1	16834
      1	16837
      4	16862
      2	16863
      1	16868
      1	16880
      7	16887
      1	16896
      1	16929
      1	16940
      2	16944
      2	16951
      3	16960
      3	16969
      1	16974
      1	16984
      3	16990
      1	17005
      1	17008
      1	17016
      3	17018
      8	17019
      4	17027
      1	17048
      1	17058
      4	17062
      5	17066
      1	17072
      1	17074
      5	17077
      2	17105
      1	17138
     16	17164
     15	17210
     19	17214
     14	17225
      3	17259
      4	17267
      1	17282
      1	17323
      4	17331
     12	17338
      1	17341
      3	17352
      1	17393
      1	17425
      2	17439
      2	17454
      3	17474
      1	17495
      2	17498
      1	17508
      1	17527
      4	17540
      1	17565
      1	17574
      3	17592
      1	17596
      1	17610
      4	17613
      3	17624
      4	17632
      1	17662
      1	17668
      1	17683
      1	17686
      3	17697
      1	17715
      3	17736
      2	17771
     15	17773
      1	17796
      2	17807
      2	17813
      2	17831
      1	17838
      3	17864
      1	17870
     16	17895
     39	17975
      1	17976
      1	17985
      5	17989
      7	17990
      4	18003
      6	18054
      2	18073
      1	18081
      1	18083
      4	18109
      1	18114
      2	18142
      1	18169
      7	18179
      1	18180
      1	18207
      1	18213
     10	18219
      1	18221
      1	18244
      4	18264
      1	18278
      1	18308
      1	18330
      2	18333
      1	18340
      1	18348
      2	18353
      1	18364
      1	18377
      6	18402
      1	18405
      4	18413
      2	18442
      1	18448
      1	18472
      1	18487
      1	18492
      1	18504
      1	18505
      1	18513
      3	18515
      1	18518
      3	18530
      2	18567
      7	18590
      1	18594
      3	18636
      6	18656
      1	18668
      1	18672
      1	18677
      1	18688
      2	18696
      1	18710
      4	18720
      1	18727
      1	18746
      3	18747
      1	18768
      8	18770
      5	18778
      2	18790
      2	18802
      1	18827
      3	18842
      1	18864
      1	18885
      3	18905
      3	18907
      2	18925
      1	18932
      3	18937
      2	18966
     12	18992
      1	18993
      1	19004
      6	19016
      1	19041
      2	19051
      1	19056
      2	19066
      1	19101
      1	19124
      1	19127
      1	19150
      1	19188
      7	19212
      1	19223
      2	19224
      2	19226
      1	19228
      2	19268
      2	19277
      8	19305
      2	19319
      1	19335
      2	19339
      1	19343
      3	19345
      2	19356
      1	19366
      1	19378
      1	19388
      1	19411
      1	19417
      1	19425
      1	19475
      1	19511
      7	19513
      1	19522
      2	19539
      1	19549
      1	19572
      1	19578
      1	19579
      1	19580
      4	19582
     10	19585
      2	19616
     31	19622
      5	19641
      1	19648
      1	19659
      1	19665
      1	19677
      5	19678
      1	19692
      1	19707
      1	19711
      1	19735
      2	19757
      2	19775
      3	19779
      1	19780
      1	19785
      1	19790
      1	19807
      1	19831
      1	19836
      1	19862
      2	19897
      3	19904
      4	19911
      1	19921
      1	19929
      1	19949
      1	19965
      1	19971
      8	19976
     10	19991
      1	20003
      1	20011
      1	20018
      2	20023
      1	20024
      2	20028
      1	20030
      1	20140
      1	20160
      7	20162
      2	20172
      1	20191
      1	20208
      3	20249
      4	20267
     36	20268
      1	20273
      1	20277
      1	20279
      1	20283
      1	20308
     17	20323
      1	20326
      1	20335
      1	20344
      1	20353
      1	20357
      1	20362
      2	20369
      2	20375
      1	20382
      2	20390
      5	20422
      3	20445
      1	20483
      2	20506
      1	20541
      1	20558
      2	20599
      3	20606
      1	20611
      1	20612
      1	20625
      1	20647
      3	20658
      5	20678
      2	20714
      1	20721
      1	20748
      1	20750
      1	20768
      1	20772
      1	20783
      5	20800
      2	20802
      1	20814
      1	20822
     16	20827
      3	20837
      1	20844
      2	20855
      2	20865
      2	20882
      1	20922
      2	20926
      1	20934
      2	20971
      2	20991
      4	20994
      7	20997
      1	21018
      9	21034
      1	21037
      1	21042
      3	21060
      1	21065
      5	21079
     11	21082
      2	21089
      1	21098
      7	21115
      1	21125
      1	21134
     11	21180
      1	21183
      4	21201
      1	21207
      1	21221
      2	21231
      2	21258
      2	21266
      1	21276
     10	21285
      2	21293
      2	21296
      1	21303
      1	21312
      1	21319
      1	21335
      2	21337
      2	21376
      4	21378
      6	21380
      4	21393
      1	21397
      1	21412
      1	21420
      1	21447
      1	21465
      3	21466
      1	21467
      2	21470
      4	21471
      7	21476
      1	21499
      3	21532
      1	21548
      2	21552
      1	21553
      1	21563
      1	21602
      1	21605
      4	21607
     15	21623
      6	21628
      1	21639
      2	21647
      1	21650
      1	21655
      1	21664
      5	21665
      1	21681
      1	21686
      3	21713
      3	21724
      1	21766
      1	21783
      1	21791
      1	21799
      3	21800
      2	21814
     11	21822
      1	21833
      2	21839
      1	21862
      1	21864
      2	21866
      4	21885
      8	21892
      1	21894
     11	21911
      1	21915
      2	21920
      3	21926
      1	21963
      1	21981
      1	21985
      5	22010
      2	22012
      2	22063
      1	22071
      1	22074
      1	22086
      1	22087
      3	22097
      5	22098
      1	22131
      5	22134
      8	22164
      5	22176
      4	22188
      1	22194
     10	22204
      6	22206
      1	22290
      2	22292
      1	22295
     12	22305
      4	22306
      2	22329
      1	22336
      1	22350
     13	22365
      1	22384
      4	22392
      2	22414
      2	22417
      1	22427
      1	22445
     21	22447
      2	22481
      3	22484
      1	22529
      1	22545
      1	22548
      1	22557
      1	22561
      2	22573
      2	22576
      4	22621
      1	22624
      1	22625
      1	22626
      5	22631
      3	22633
      2	22643
      2	22649
      2	22653
      1	22670
      3	22675
      1	22692
      1	22696
      1	22700
      7	22713
      1	22731
     11	22744
      1	22749
      1	22807
      6	22812
      3	22829
      1	22836
      1	22841
      3	22862
      1	22867
      4	22902
      3	22903
      4	22905
      1	22912
      1	22923
      1	22962
      1	22963
     20	22970
      1	22973
      1	22977
      7	22980
      1	22984
      1	23000
      2	23006
      5	23013
      1	23019
      2	23023
      9	23029
      7	23033
      2	23050
      2	23052
      1	23062
      1	23070
      1	23080
      5	23092
      1	23094
      1	23105
      2	23114
      1	23138
      2	23166
     11	23219
      1	23266
      1	23306
      2	23309
      2	23311
      2	23320
      3	23330
     14	23333
      2	23353
      1	23370
      1	23383
      2	23399
      2	23410
      1	23412
      5	23435
      5	23449
      2	23463
      1	23469
      1	23472
      3	23522
      3	23526
      3	23543
      1	23544
      2	23572
      1	23574
     18	23577
      2	23597
      2	23599
      1	23602
      2	23611
      1	23638
      1	23643
      1	23652
      5	23653
      1	23678
      1	23692
      2	23720
      1	23729
      2	23775
      1	23790
      2	23808
      4	23828
      1	23851
      1	23900
      1	23909
      1	23920
      1	23983
      1	23997
      2	23999
      2	24002
      6	24014
      1	24044
     19	24058
      1	24071
      1	24076
      3	24097
      3	24111
      1	24114
      1	24127
      6	24136
      4	24150
      4	24234
      1	24255
      1	24265
      1	24271
      1	24298
      2	24303
      7	24334
      2	24339
      1	24341
      1	24363
      1	24367
      1	24376
      3	24384
      3	24394
      1	24406
     11	24412
      3	24429
      1	24445
      1	24464
      1	24466
     22	24469
      4	24479
      1	24486
      1	24497
      1	24501
     14	24506
      1	24511
      1	24539
      1	24560
      2	24570
      1	24613
      1	24656
      1	24672
      3	24685
      1	24703
      1	24708
      1	24716
      1	24724
      2	24738
      1	24741
      1	24742
      1	24757
      3	24794
      1	24800
      2	24807
     19	24817
     10	24818
      1	24825
     32	24839
      1	24840
      1	24883
      1	24884
      3	24914
      2	24931
      1	24933
      5	24941
      1	24947
     11	24990
      2	24992
      2	25007
      2	25014
      5	25096
      2	25116
      2	25140
      1	25152
      2	25163
      2	25193
      1	25218
      1	25228
      7	25233
      1	25259
      1	25276
      1	25293
      1	25302
      1	25329
      7	25338
      1	25378
      1	25428
     12	25439
      3	25445
      1	25461
      1	25465
      2	25483
      2	25502
      2	25515
      1	25517
      4	25527
      5	25533
      2	25535
     10	25563
      2	25573
      1	25585
      1	25596
      1	25606
      3	25620
      1	25661
      1	25663
      1	25683
      2	25685
     12	25689
      1	25691
      1	25695
      3	25700
      2	25741
      1	25760
      2	25768
      1	25774
      1	25776
      1	25781
      6	25810
      1	25830
      1	25837
      2	25842
      1	25880
      1	25891
      3	25894
      1	25895
      3	25899
      1	25944
      4	25960
      1	25979
      7	25985
      2	26027
      1	26039
      4	26045
      1	26065
      1	26069
      1	26097
     17	26111
      4	26114
      1	26115
     10	26135
      1	26139
      3	26158
      1	26170
      1	26171
      1	26176
      4	26202
     10	26207
      1	26216
      1	26240
      2	26244
      2	26250
      1	26260
      1	26264
      2	26289
     14	26290
      1	26296
      1	26309
      2	26332
      1	26349
      6	26359
      6	26364
      1	26365
      3	26368
      1	26375
      2	26382
      1	26398
      3	26416
      1	26428
      1	26433
      4	26435
      1	26447
      2	26458
      3	26460
      1	26474
      1	26488
      1	26489
      1	26534
      1	26556
      4	26563
      1	26564
      1	26583
      1	26587
      2	26621
      1	26641
      3	26644
      1	26655
      2	26666
      2	26685
      4	26714
      1	26733
      3	26739
      4	26748
      1	26772
     22	26777
      1	26791
      1	26796
      1	26806
      1	26810
      1	26811
      2	26828
      7	26857
      1	26873
      1	26874
      1	26919
      1	26927
      3	26940
      1	26947
      7	26959
      1	26964
      1	26992
      1	26993
      2	26994
      1	27011
      1	27021
      2	27024
     18	27039
      4	27043
      1	27052
      1	27078
      1	27087
      1	27097
      1	27117
      2	27151
      1	27155
      2	27169
      1	27191
      1	27230
      1	27247
      7	27257
      4	27259
     11	27263
      1	27264
      1	27275
      1	27285
      8	27286
      1	27297
      1	27324
      2	27349
      1	27353
      2	27367
      1	27382
      4	27384
      2	27399
      5	27409
      1	27438
      1	27440
      3	27443
      1	27459
      1	27481
      1	27485
     11	27495
      1	27499
      1	27503
      8	27509
      2	27510
     22	27519
      1	27530
      2	27538
      1	27546
      1	27563
      1	27579
      3	27586
      2	27596
      5	27615
      2	27620
      1	27622
      1	27646
      1	27659
      1	27661
      1	27672
      1	27724
      1	27728
     14	27773
      3	27784
      1	27790
      2	27797
      2	27801
      1	27822
      1	27828
      4	27830
      1	27858
      3	27862
      5	27867
      4	27873
      3	27880
      2	27881
      1	27896
      2	27920
      3	27944
      2	27951
      2	27959
      1	27961
      1	27976
      3	27991
      5	27995
      1	27997
      1	28002
     15	28012
      1	28015
      2	28025
      4	28034
      1	28068
      2	28095
      3	28106
      3	28107
      4	28140
      1	28141
      3	28220
      1	28231
      1	28232
      2	28244
      1	28256
      1	28274
      3	28283
      2	28293
      1	28313
      2	28323
      2	28343
      1	28344
      3	28349
      1	28355
      6	28365
      1	28389
      2	28405
      5	28438
      3	28440
      3	28461
      3	28463
      2	28467
      1	28479
      4	28495
      1	28517
      4	28520
      1	28523
      1	28531
      1	28556
      2	28557
      1	28579
      1	28609
     11	28615
      3	28618
      1	28621
      1	28632
      1	28651
     10	28665
      1	28675
      1	28688
      1	28692
      1	28720
      1	28731
      1	28749
      1	28762
      1	28763
      1	28765
      1	28779
      1	28792
      1	28807
      1	28809
      1	28821
      2	28824
      2	28855
      1	28867
      1	28875
      2	28879
      2	28889
      2	28905
      1	28906
      1	28916
      1	28919
      1	28935
      1	28952
     12	28960
      3	28995
      4	29002
      1	29025
      1	29040
      1	29046
      1	29068
      1	29090
      2	29101
      1	29103
      1	29159
      1	29165
      3	29166
      1	29185
      3	29195
      5	29202
      3	29207
      1	29213
      3	29246
      1	29247
      2	29253
      3	29257
      1	29258
      1	29286
      1	29289
      1	29294
      3	29309
     31	29311
      1	29324
      1	29326
      3	29350
      2	29353
      1	29357
      1	29359
      3	29364
      2	29374
      1	29376
      2	29377
      1	29431
      1	29442
      1	29446
      4	29456
      2	29484
      1	29490
      1	29511
      1	29513
      6	29514
      1	29516
      1	29527
      2	29538
      1	29553
      1	29558
      2	29564
      1	29575
      2	29595
      4	29596
      1	29635
      2	29657
      4	29670
      1	29707
      2	29753
      2	29781
      1	29790
      1	29819
      2	29879
      8	29880
      1	29888
      2	29917
      1	29929
      2	29938
      1	29945
      2	29946
      3	29948
      3	29969
      5	29988
      1	29993
      1	30007
      2	30021
      2	30027
      1	30035
      3	30057
      1	30062
      1	30066
      1	30067
      1	30075
      1	30081
      1	30106
      7	30119
      1	30133
      1	30134
      3	30143
      4	30151
      1	30167
      2	30250
      3	30257
      2	30280
      1	30298
      1	30304
      3	30306
      4	30313
      2	30319
      1	30321
      1	30344
      1	30352
     13	30360
      2	30388
      2	30426
     17	30427
      1	30434
      7	30443
      1	30450
      6	30460
      1	30462
      1	30475
      1	30501
      1	30512
      1	30523
      3	30541
     23	30555
      1	30556
      7	30565
     13	30578
      6	30590
      1	30595
     21	30613
      1	30623
      1	30643
      1	30647
      1	30653
      1	30659
      3	30672
      1	30686
      1	30687
      1	30703
      1	30707
      1	30718
      3	30724
      1	30727
      3	30733
      1	30754
      2	30776
      2	30782
      3	30801
      3	30819
      1	30820
      1	30824
      3	30847
      1	30861
      1	30867
      5	30877
      1	30880
      2	30885
      3	30896
      1	30941
      1	30946
      3	30957
      1	30958
      1	30963
      1	30965
      1	30977
      4	30980
     12	30983
      1	30986
      3	31025
      1	31032
      2	31038
      1	31045
      1	31049
      3	31050
      3	31059
      1	31068
      1	31074
      1	31078
      1	31119
      2	31140
      2	31148
      3	31153
      1	31156
      1	31170
      3	31205
      1	31232
      1	31238
      1	31249
      1	31256
      1	31257
      1	31269
      1	31270
      1	31272
      1	31280
      1	31333
      1	31340
      5	31360
      1	31370
      1	31372
     24	31395
      4	31397
      3	31404
      1	31435
      1	31455
      1	31474
      3	31493
      1	31511
      3	31535
      4	31550
      1	31557
      2	31562
      5	31585
      1	31588
      1	31589
      1	31602
      6	31613
      2	31615
      1	31643
      3	31670
      1	31687
      1	31699
      3	31703
      1	31706
      1	31728
      1	31741
      1	31774
      2	31787
      2	31823
      2	31833
      4	31848
      1	31849
      1	31868
      1	31876
      2	31882
      2	31896
      1	31914
      2	31937
      4	31943
      1	31958
      2	31962
      8	31982
      1	31983
      2	31990
      1	32004
      1	32018
      2	32023
      1	32031
      8	32032
      2	32046
      1	32048
      1	32089
      1	32114
      1	32117
      1	32126
      1	32128
      1	32137
      2	32147
      3	32148
      1	32200
      6	32204
      1	32205
      4	32206
      6	32224
      3	32235
      4	32249
      1	32253
      1	32261
      2	32265
      1	32266
      1	32271
      2	32279
      1	32295
      4	32309
     13	32345
      1	32351
      2	32372
      1	32382
      2	32404
      2	32405
      1	32415
      1	32424
      1	32426
      2	32456
      1	32461
      2	32466
      1	32477
      1	32490
      1	32508
      1	32513
      4	32515
      1	32520
      3	32551
      2	32554
      2	32559
      1	32597
      1	32598
      1	32611
      1	32614
     10	32621
      2	32631
      1	32639
      2	32647
      6	32648
      3	32657
      3	32674
      4	32687
      1	32704
      6	32718
      1	32719
      1	32724
      1	32731
      4	32735
      1	32747
      2	32754
      1	32768
      1	32780
      2	32788
      1	32814
      1	32831
      1	32832
      1	32851
      7	32857
     20	32863
      3	32871
      1	32889
      1	32899
      2	32912
      1	32916
      1	32918
      1	32924
      1	32954
      5	32967
      2	32995
      1	33012
      1	33027
      3	33035
      1	33038
      3	33055
      2	33069
     23	33074
      3	33092
      1	33102
      1	33123
      1	33124
      6	33143
      2	33177
      3	33194
      1	33210
      1	33226
      2	33229
      4	33236
      2	33272
      2	33291
     22	33292
      1	33293
      7	33306
      2	33313
      2	33314
      2	33317
      2	33318
      1	33328
      3	33337
      1	33339
      8	33354
      1	33362
      3	33364
      1	33375
      1	33379
      3	33387
      2	33400
      1	33401
      1	33410
      2	33464
      2	33465
      4	33480
     13	33484
      2	33500
      8	33511
      1	33527
      1	33549
      1	33554
      1	33565
      1	33566
      1	33575
      1	33579
     11	33584
      2	33597
      1	33602
      5	33611
      1	33628
      3	33674
      1	33675
      5	33682
      1	33693
      1	33698
      1	33713
      4	33718
      1	33755
      1	33764
      2	33768
      3	33808
      1	33819
      1	33905
      2	33921
      1	33948
      3	33957
      3	33971
      3	33972
      1	33976
      1	33982
      7	34010
      1	34032
      4	34035
      1	34040
      4	34042
      2	34054
      2	34063
      4	34084
      3	34105
      5	34110
      6	34133
      1	34139
      6	34158
      4	34170
      6	34190
      2	34219
     18	34241
      1	34264
      2	34294
      1	34303
      4	34326
      2	34332
      1	34340
      1	34358
      1	34374
      1	34380
      1	34402
      1	34405
      1	34421
      1	34457
      1	34462
      1	34463
      1	34473
     18	34479
      3	34521
      1	34537
      2	34538
      1	34546
      4	34550
      1	34560
      1	34570
      6	34576
      1	34579
      2	34599
      2	34608
      1	34671
      1	34689
      2	34691
      1	34697
     11	34708
      1	34709
      1	34714
      6	34723
      3	34750
      4	34757
      2	34763
      6	34773
      1	34775
      1	34781
      1	34786
      1	34805
      1	34816
      1	34822
      2	34836
      1	34846
      2	34848
      3	34865
      1	34898
      2	34901
      1	34905
      2	34917
      1	34945
      1	34963
      1	34970
      1	34975
      8	34981
      3	34990
      2	35009
      2	35021
      1	35024
      1	35025
      1	35038
      1	35062
      1	35063
      1	35086
      2	35087
      2	35093
      1	35102
      1	35116
      1	35122
      1	35169
      1	35187
      3	35197
      1	35210
      5	35212
      6	35223
      1	35230
      1	35233
      1	35262
      2	35264
      3	35267
      1	35273
      1	35308
      1	35322
      1	35325
      1	35327
      8	35337
      1	35376
      1	35379
      2	35432
      1	35471
      3	35498
      1	35519
      3	35520
      1	35527
      1	35545
      1	35551
      1	35552
      1	35571
     10	35591
      1	35598
      4	35613
      8	35622
      1	35630
      1	35638
     12	35644
      5	35659
      2	35667
      3	35671
      2	35717
      1	35726
      1	35737
      1	35748
      1	35750
      1	35754
      1	35770
      1	35786
      1	35814
      2	35821
      4	35824
      2	35834
      4	35836
      4	35852
      1	35867
      1	35878
      6	35886
      1	35904
      1	35916
      2	35949
      1	35962
      1	35978
      4	35986
      1	36007
      1	36015
      2	36028
      2	36030
      3	36032
      1	36038
      1	36048
      8	36056
      4	36062
      2	36084
      2	36092
      1	36096
      1	36098
      1	36139
      1	36150
      2	36151
      1	36173
      1	36181
      3	36188
      3	36215
      4	36230
      1	36233
      3	36247
      1	36252
      1	36267
      1	36280
      1	36295
      1	36333
      5	36359
      1	36395
      2	36402
      1	36404
      4	36437
     11	36438
      1	36447
      1	36454
      1	36466
      1	36491
      5	36509
      1	36515
      1	36526
      1	36529
      1	36548
      5	36549
      9	36559
      2	36566
      2	36578
      1	36587
      4	36600
      1	36608
      1	36638
      2	36658
      5	36659
      1	36671
      2	36674
      1	36676
      1	36680
      2	36688
     16	36690
      2	36703
      6	36719
      1	36723
      3	36734
      1	36753
      1	36775
      7	36779
      3	36780
      3	36786
      5	36810
      1	36831
      1	36836
      1	36838
      1	36870
      2	36878
      1	36881
      1	36883
      1	36884
      2	36896
      1	36919
      1	36932
      1	36935
      1	36943
      1	36951
      6	36960
      2	36964
      4	36970
      2	36973
      7	36981
      6	37006
      1	37009
      2	37021
      5	37030
      2	37031
      3	37052
      1	37061
      1	37062
      1	37064
      1	37072
      5	37111
      4	37124
      3	37127
      1	37128
      1	37136
      1	37142
      7	37149
      1	37185
      9	37226
      1	37237
      1	37238
      1	37247
      1	37253
      1	37254
      1	37271
      3	37281
      2	37285
      1	37294
      2	37308
      9	37321
      2	37333
      1	37348
     20	37355
      3	37358
      2	37382
      1	37384
      3	37387
     13	37393
      3	37414
      1	37428
      1	37439
      1	37448
      1	37464
      2	37471
      2	37479
      2	37481
      3	37493
      1	37497
      2	37499
      1	37528
      1	37553
      1	37565
      2	37593
      3	37598
      7	37608
      3	37609
      8	37617
      1	37626
      7	37640
      1	37651
      3	37670
      2	37698
      1	37707
      1	37709
      1	37712
      1	37723
     11	37743
      3	37744
      1	37747
      1	37760
      1	37763
      2	37768
      1	37777
      2	37784
      4	37795
      1	37803
      1	37819
      1	37839
      3	37846
      1	37847
      3	37867
      4	37869
      3	37885
      3	37904
      1	37916
      1	37921
      2	37965
      1	37980
      1	37993
      4	37997
      5	38007
      1	38033
      1	38047
      1	38058
      1	38120
      1	38156
      1	38163
      8	38171
      2	38181
      1	38184
      1	38199
      1	38216
     14	38224
      9	38238
      1	38249
      1	38265
      1	38269
      1	38285
      1	38307
      4	38311
      2	38319
      1	38346
      3	38353
      1	38366
      1	38389
      2	38395
      9	38398
      3	38439
      1	38446
      2	38447
      3	38464
      3	38468
     26	38480
      3	38498
      2	38503
     12	38520
      1	38531
      5	38544
      1	38556
      2	38564
      1	38581
      1	38582
      1	38592
      6	38631
      1	38642
      3	38652
      2	38654
      2	38662
      7	38665
      1	38673
      4	38687
      1	38691
      7	38712
      2	38714
      1	38719
      1	38738
      1	38739
      6	38747
      3	38756
      1	38774
      2	38783
      1	38787
      1	38802
      1	38804
      3	38839
      1	38852
      1	38863
      5	38874
      1	38877
      2	38880
      4	38888
      1	38903
      1	38996
      1	38997
      1	39005
      4	39032
      3	39043
      9	39049
      2	39051
      1	39075
      3	39079
      1	39119
      5	39159
      1	39176
      3	39184
      1	39213
      1	39222
      2	39234
      1	39239
      1	39242
      3	39275
      3	39340
      3	39348
      1	39349
      3	39377
     11	39379
      1	39392
      3	39414
      1	39432
      1	39460
      1	39464
      4	39471
      1	39484
      1	39485
      1	39501
      1	39529
      1	39565
      3	39569
      1	39578
      2	39590
      1	39619
      2	39621
      2	39624
      1	39636
      3	39638
      1	39665
      2	39751
      2	39754
      1	39759
      3	39770
      1	39771
      1	39775
      2	39785
      2	39790
      3	39792
      1	39804
      5	39807
      1	39809
      2	39816
      4	39827
      1	39856
      1	39887
      1	39902
      1	39960
      2	39977
      1	39978
      1	39988
      1	40010
      1	40050
     19	40063
      1	40072
      1	40074
      1	40080
      1	40082
      7	40093
      1	40101
      1	40126
      1	40127
      1	40138
      1	40152
      7	40170
      1	40197
      2	40205
      2	40220
      2	40223
      1	40252
      4	40269
      2	40278
      1	40279
      6	40284
      1	40298
      1	40324
      4	40340
      1	40354
      1	40360
      1	40379
      5	40382
      1	40384
      6	40387
      3	40395
      1	40405
      1	40408
      2	40412
      1	40439
      1	40450
      1	40460
      1	40465
      1	40479
      2	40483
      1	40504
      3	40527
      9	40537
      2	40544
      1	40562
     15	40574
      2	40575
      1	40592
      1	40594
      1	40609
      2	40619
      1	40641
      2	40652
      5	40659
     13	40661
      1	40667
      1	40674
      2	40693
      7	40712
      1	40722
      1	40733
      2	40748
      1	40750
      7	40770
      1	40779
      1	40788
      1	40791
      4	40792
      2	40813
      8	40817
      1	40835
      1	40839
      3	40845
      1	40892
      1	40893
      1	40904
      1	40907
      2	40981
      1	41005
      1	41010
      7	41027
      2	41030
      5	41032
      1	41039
      2	41048
      1	41080
      1	41084
      1	41102
      2	41124
      7	41126
      1	41140
      1	41142
      1	41144
      1	41159
      2	41178
     31	41185
      1	41209
      1	41218
      1	41235
      1	41241
      1	41264
      1	41284
      1	41313
     10	41333
      2	41355
      1	41358
      4	41361
      5	41363
      1	41388
      1	41393
      1	41405
      1	41427
      1	41430
      1	41435
      1	41461
      4	41478
      1	41482
      2	41533
      1	41561
      2	41570
      9	41582
      2	41592
      1	41606
      2	41618
      1	41632
      1	41640
      1	41654
      2	41669
      1	41714
      1	41721
      2	41723
      1	41733
      1	41756
     17	41760
      1	41768
      2	41784
      5	41791
      1	41810
      1	41838
      1	41848
      1	41849
      1	41884
      1	41888
      1	41901
      3	41928
      1	41956
      2	41985
      3	42016
      1	42021
      1	42024
      6	42027
      2	42040
      1	42058
      3	42067
      1	42077
      1	42083
      1	42120
      4	42124
      2	42136
      1	42138
      3	42144
      1	42163
      2	42195
      4	42261
      1	42281
      1	42316
      1	42322
      1	42323
      3	42329
      2	42369
      1	42371
      2	42372
      2	42388
      2	42399
      3	42408
      5	42419
      1	42422
      1	42425
      1	42429
      3	42464
      2	42519
      3	42530
      1	42533
      1	42554
      2	42578
      1	42593
      2	42644
      1	42650
      2	42656
      1	42662
      2	42672
      1	42686
      3	42689
      1	42691
      5	42699
      2	42723
      1	42733
      2	42735
      1	42751
     15	42797
      2	42820
      1	42821
      2	42830
      1	42836
      1	42842
      1	42847
      1	42863
      1	42868
      1	42871
      1	42884
      6	42914
      2	42959
      1	42966
      1	42968
      1	42970
      1	43023
      1	43024
      1	43026
      1	43051
      3	43052
      1	43055
      3	43061
      2	43080
      1	43090
     21	43148
      2	43169
      1	43204
      1	43205
      1	43215
      1	43221
      3	43247
      2	43267
      1	43271
      4	43272
      2	43277
      2	43308
      4	43343
      1	43388
      1	43412
      1	43417
      4	43441
      1	43461
      1	43468
      1	43478
      1	43493
      1	43501
      1	43505
      2	43510
      2	43518
     16	43531
      4	43585
      6	43632
      3	43653
      1	43655
      1	43668
      4	43669
      1	43693
      2	43735
      3	43757
      5	43764
      1	43811
      3	43819
      1	43827
     14	43832
      1	43834
      1	43838
      1	43849
      1	43857
      1	43894
      1	43906
      1	43910
      1	43950
      7	43953
      1	43958
      1	43965
      1	43985
      1	44000
      1	44024
      1	44039
      3	44049
      7	44078
     13	44094
      1	44102
      3	44112
      1	44115
     13	44117
      2	44127
      4	44137
      4	44141
      1	44152
      1	44153
      1	44169
      4	44211
      6	44217
      8	44252
      1	44272
      1	44274
      5	44291
      1	44300
      1	44311
      1	44316
      1	44322
      1	44324
     19	44329
      1	44335
      1	44355
      1	44356
      1	44380
      1	44381
      2	44389
      4	44410
      1	44429
      2	44448
      3	44453
      1	44473
      7	44489
      1	44564
      5	44570
      1	44576
      1	44579
      1	44624
      1	44626
      1	44645
      9	44666
      1	44668
      1	44675
      1	44696
      1	44703
      6	44716
      3	44722
      2	44724
      4	44725
      1	44727
      3	44759
      1	44763
      2	44776
      4	44777
      6	44787
      1	44803
      1	44812
      2	44820
      2	44828
     13	44833
      2	44843
      1	44875
      1	44879
      1	44884
      1	44887
     18	44896
      2	44897
      8	44907
      4	44909
      1	44923
      6	44947
      5	44959
      2	44961
      5	44968
      2	44987
      2	44989
      1	45002
      1	45015
      9	45018
      1	45024
      1	45033
      1	45036
      4	45040
      1	45059
      1	45070
      1	45086
      2	45127
      6	45135
      1	45160
      4	45173
      1	45184
      5	45219
      3	45247
      2	45250
      2	45252
      1	45265
      3	45285
      2	45308
      1	45322
      1	45324
      1	45351
      1	45358
      1	45360
      1	45368
      5	45383
      1	45416
      2	45425
      4	45457
     25	45464
      4	45466
      2	45471
      4	45504
      1	45506
      1	45523
      1	45554
      3	45570
      1	45615
      1	45645
      1	45671
      3	45683
      4	45706
      3	45726
      5	45748
      1	45753
      1	45770
      5	45778
      1	45786
      1	45794
      1	45796
      1	45808
      3	45818
      1	45821
      2	45826
     25	45847
      5	45875
      1	45876
      2	45897
      2	45943
      1	45944
      1	45955
      1	45958
      1	45965
      1	45968
      1	45974
      1	45986
      2	45998
      1	46005
      8	46019
      2	46058
      1	46070
      3	46075
      1	46077
      2	46091
      5	46100
      1	46113
      1	46132
      1	46140
      1	46142
      1	46150
      1	46156
      4	46168
      1	46234
      1	46248
      1	46249
      1	46252
     34	46261
      2	46267
      2	46290
      1	46308
      1	46315
      6	46329
      1	46330
      1	46356
      1	46363
      2	46372
      3	46380
      1	46396
      1	46397
     10	46402
      1	46409
      1	46412
      1	46415
      2	46417
      3	46418
      1	46428
      1	46433
     27	46499
      1	46529
      1	46530
     23	46554
      2	46558
      1	46573
     17	46595
      2	46645
     10	46652
      1	46656
      1	46664
      4	46667
      5	46680
      2	46692
      2	46698
      3	46701
      2	46713
      3	46724
      2	46733
      4	46734
      1	46773
      1	46801
      2	46804
      2	46809
      1	46840
      1	46850
      1	46884
      3	46887
      1	46889
      5	46925
      1	46950
      1	46975
      4	46978
      3	47009
      1	47025
      2	47027
      4	47038
      1	47054
      2	47073
      1	47098
      1	47104
      3	47131
      2	47193
      1	47197
      1	47226
      1	47231
      1	47250
      1	47258
      5	47260
      4	47291
      2	47295
     12	47311
      8	47351
      3	47367
      1	47373
      1	47396
      1	47429
      1	47447
      1	47464
      8	47475
     16	47486
      2	47488
     11	47497
      2	47526
      1	47540
      2	47547
      1	47573
      1	47582
      8	47597
      3	47602
      1	47610
      1	47613
      4	47621
      1	47632
      2	47650
      1	47652
      2	47662
      3	47672
      4	47692
      1	47697
      1	47698
      1	47700
      1	47705
      2	47721
      1	47726
      2	47753
      1	47756
      1	47806
      1	47826
      1	47867
     17	47883
      1	47893
      1	47894
      1	47897
      5	47905
      2	47913
      1	47928
      2	47938
      1	47952
      2	47960
      1	47966
      3	47967
      2	47994
      1	47996
      1	48035
      2	48040
      1	48047
     22	48064
      3	48071
      1	48083
      4	48086
      1	48101
      1	48104
      1	48123
      3	48128
      3	48135
      5	48147
      1	48177
      2	48216
     11	48235
      1	48273
      1	48317
      3	48354
      2	48355
      1	48367
      3	48368
      4	48369
      4	48390
      1	48392
      1	48412
      1	48413
      3	48434
      1	48435
      1	48447
      1	48448
      1	48470
      1	48484
      6	48513
      4	48535
      3	48544
      1	48553
      1	48578
      1	48599
      1	48631
      5	48651
      1	48655
      2	48658
      1	48675
      1	48681
      1	48683
      1	48692
      5	48695
      2	48699
      3	48708
      1	48714
      1	48721
      2	48746
      1	48749
      1	48760
      3	48776
      3	48794
      4	48808
      1	48822
      2	48834
      1	48839
      1	48844
      1	48851
      2	48870
      1	48874
      1	48887
      2	48913
      1	48982
      1	48983
      1	49020
      2	49022
      1	49053
     18	49073
      1	49078
      2	49100
      7	49107
      2	49113
      1	49119
     10	49131
      1	49136
      1	49142
      1	49147
      1	49162
      1	49176
      3	49180
      2	49191
     22	49200
      1	49204
      1	49267
      1	49282
      1	49296
      2	49342
      3	49346
      3	49358
      8	49361
     13	49362
      1	49398
      2	49411
     13	49458
      1	49470
      2	49477
      1	49481
      1	49491
      6	49498
      1	49505
      1	49513
      1	49549
      1	49556
      6	49560
      1	49567
      1	49568
      2	49574
      1	49585
      1	49595
      2	49607
      1	49618
      3	49640
      3	49650
      2	49664
      1	49682
      2	49715
      1	49722
      2	49726
      1	49753
      1	49757
      3	49779
      2	49780
      2	49781
      3	49785
      2	49788
      2	49799
      1	49834
     11	49844
      1	49884
      2	49887
      6	49897
      1	49922
      5	49929
      2	49933
     15	49966
      1	49970
      1	49976
      2	50001
      1	50031
      1	50044
      1	50067
      2	50070
      1	50079
      2	50087
      2	50149
      1	50166
      2	50184
      1	50209
     24	50216
      1	50227
      1	50231
      1	50233
      1	50282
      1	50285
      2	50312
      2	50323
      1	50349
      4	50366
      1	50370
      1	50372
      1	50389
      3	50394
     14	50419
      2	50439
      2	50468
      1	50474
      1	50484
      1	50508
     11	50537
      6	50539
      3	50550
      1	50554
      1	50557
      5	50565
      1	50574
      1	50578
      2	50584
      4	50587
      1	50613
      1	50642
      1	50645
     18	50648
      1	50686
      1	50697
      2	50702
      1	50720
      1	50731
      1	50747
      2	50771
      5	50794
      2	50798
      1	50810
      1	50811
      1	50870
      1	50873
      1	50874
      1	50879
      1	50885
      1	50887
      1	50890
      1	50910
      1	50927
      6	50940
      1	50948
      3	50955
      1	50960
      1	50988
      3	51024
      1	51037
      1	51039
      2	51042
      4	51044
      5	51065
      1	51073
      2	51100
      1	51106
      1	51113
      1	51116
      3	51144
      1	51165
      1	51169
      2	51171
      3	51183
      1	51198
     13	51205
      1	51206
      1	51216
      1	51255
      1	51263
      1	51270
      5	51321
      6	51325
     10	51326
      2	51334
      1	51342
      9	51354
      2	51369
      1	51386
     10	51392
     16	51394
      3	51411
      2	51434
      4	51474
     11	51475
      3	51478
      2	51483
     12	51493
      1	51522
      1	51524
      1	51539
      3	51548
      1	51587
      1	51605
      4	51644
      1	51655
      1	51669
      2	51686
      3	51707
      2	51716
      5	51720
      1	51766
      3	51771
      1	51773
      1	51810
      1	51812
      3	51813
     11	51822
      2	51823
      1	51830
      1	51837
      1	51841
      2	51855
      1	51856
      6	51888
     13	51920
      2	51925
      1	51948
      7	51949
      3	51959
      1	51986
      1	51992
      1	52020
      4	52029
      2	52054
      1	52058
      5	52067
      1	52087
      1	52092
      3	52100
      4	52112
     17	52121
      1	52148
      1	52160
      1	52178
     12	52181
      2	52224
      3	52238
      2	52246
      1	52258
      1	52268
      1	52276
      1	52304
      1	52305
      1	52311
      1	52315
     23	52323
      3	52331
      8	52344
      1	52360
     17	52370
      7	52398
      1	52400
      1	52405
     14	52414
      1	52434
      1	52436
      2	52457
      1	52459
      1	52479
      1	52485
      2	52505
      1	52553
      1	52554
      4	52563
      5	52580
      3	52603
      1	52610
      2	52614
      1	52616
      1	52635
      3	52645
      3	52687
      1	52720
      1	52724
      1	52733
      1	52739
      6	52794
      3	52801
      3	52819
      1	52832
      1	52835
      5	52848
      1	52874
      1	52888
      4	52898
      5	52917
      1	52918
      1	52926
      1	52947
      1	52991
      1	53007
      1	53009
      1	53014
      1	53015
      1	53054
      1	53063
      2	53091
      1	53095
      1	53098
      1	53120
      1	53121
     11	53147
      2	53156
      1	53192
      1	53209
      4	53222
      1	53243
      1	53285
      1	53312
      6	53324
      1	53329
      3	53338
     14	53349
     14	53357
      4	53368
      1	53372
      1	53384
      2	53398
      1	53400
     11	53401
      1	53402
      2	53408
      1	53409
      2	53423
      1	53427
      2	53454
     14	53479
      4	53489
      2	53502
      2	53511
      2	53517
      1	53519
      1	53521
      4	53550
      1	53552
      1	53557
      2	53583
      3	53596
      1	53614
      3	53636
      1	53639
      2	53657
      1	53659
      4	53660
      5	53666
      2	53696
      1	53711
      2	53743
      1	53754
      1	53783
      2	53786
      3	53799
      1	53831
      3	53846
      1	53855
      2	53865
      1	53882
      1	53883
      2	53908
      1	53918
      5	53925
      2	53951
      2	53965
      1	53970
      1	53971
      1	53993
      2	53996
      1	54006
      1	54007
      1	54025
      1	54027
      2	54028
      1	54059
      1	54061
      1	54086
      4	54102
      1	54103
      1	54134
      3	54136
      4	54146
      1	54178
      1	54186
      2	54209
      1	54234
      8	54245
      1	54249
      2	54251
      1	54256
      7	54270
      3	54272
      1	54300
      2	54321
      1	54330
      3	54337
      2	54345
      6	54356
      1	54357
      4	54366
      5	54370
      7	54395
      6	54401
      4	54414
      1	54422
      1	54429
     13	54430
      1	54454
      1	54473
      1	54495
      4	54507
      3	54508
     18	54509
      1	54513
      2	54525
      2	54528
      1	54530
      2	54531
      1	54545
      1	54546
      5	54573
      1	54595
      1	54608
      1	54636
      1	54641
      1	54675
      1	54676
      1	54677
      1	54699
      2	54726
      1	54739
      2	54743
      2	54745
      3	54752
      3	54766
      1	54770
      1	54786
      1	54787
      1	54794
      1	54806
      1	54807
      1	54837
      5	54855
      1	54858
      1	54866
      3	54877
      7	54889
      2	54894
      2	54898
      4	54916
      2	54945
     19	54950
      1	54960
      6	54968
      3	54974
      2	54989
      1	54992
      1	54999
      1	55023
      1	55043
      1	55118
      1	55143
      2	55198
      1	55205
      6	55207
     34	55217
      1	55223
      2	55237
      3	55278
      1	55282
      4	55288
      2	55382
      2	55396
     12	55398
      1	55402
      3	55418
      2	55421
      1	55426
      7	55444
     20	55460
      1	55467
      1	55475
      3	55500
      1	55534
      1	55547
     27	55565
      3	55567
      1	55574
      2	55578
     28	55587
      2	55608
      2	55645
      2	55660
      2	55663
      1	55672
      7	55674
      1	55676
      1	55680
      5	55682
      1	55684
      1	55698
      1	55717
      1	55736
      1	55746
      1	55749
      1	55751
      1	55776
      1	55791
      1	55796
      1	55807
     10	55814
      9	55818
      1	55826
      2	55830
      1	55836
      1	55848
      2	55864
      1	55870
      1	55872
      1	55894
      1	55899
      5	55908
      1	55910
      1	55919
      3	55920
      1	55944
      1	55965
      4	55979
      1	56002
      1	56006
     23	56027
      3	56052
      5	56084
      1	56086
      1	56097
      2	56105
      1	56122
      1	56127
      6	56133
      1	56152
      1	56160
     26	56187
      2	56190
      1	56194
      1	56201
      1	56209
      1	56239
      1	56242
      6	56264
      2	56266
      1	56271
      1	56286
      1	56289
      2	56300
      1	56315
      1	56331
      1	56334
      4	56339
      5	56350
      6	56371
      1	56397
      3	56410
      1	56429
      1	56430
      2	56434
      1	56448
      2	56487
      1	56533
      1	56559
      2	56564
      1	56568
      3	56569
      1	56574
      5	56583
     13	56614
      1	56619
      8	56621
      1	56629
      1	56641
      1	56655
      1	56657
      1	56663
      3	56681
      1	56694
      5	56706
      3	56718
      1	56735
      1	56751
      1	56791
      1	56797
      1	56801
      2	56802
      1	56804
     19	56807
      4	56813
      1	56861
      1	56864
      4	56865
      1	56872
      1	56903
      4	56921
      4	56927
      2	56939
      2	56940
      1	56946
      1	56947
      2	56956
      1	56981
      1	56998
      2	57012
      1	57028
      2	57056
      1	57063
      2	57064
      7	57074
      2	57092
      1	57101
      1	57105
      1	57119
      1	57128
      2	57131
      3	57133
     17	57144
      1	57147
      1	57154
      3	57170
      2	57177
      1	57178
      1	57179
      2	57188
      1	57206
      2	57212
      1	57215
      2	57218
      1	57226
      1	57234
      1	57260
      1	57268
      2	57298
      1	57307
      1	57310
      6	57332
      2	57334
      6	57349
      2	57361
      2	57373
      1	57379
      2	57383
      2	57394
     15	57420
      8	57449
      2	57455
      1	57459
      2	57464
      2	57470
      1	57477
      1	57492
      1	57496
      1	57513
     11	57514
      1	57517
      8	57525
      4	57527
      5	57541
      1	57559
      6	57566
      1	57586
      4	57594
      1	57597
      1	57609
      2	57617
      5	57630
      4	57635
      1	57638
      1	57671
      1	57679
      5	57688
      1	57712
      1	57736
      3	57751
      2	57764
      1	57772
      1	57779
      1	57786
      3	57791
      3	57798
      1	57802
      3	57836
      3	57843
      1	57850
      1	57910
      1	57913
      6	57922
      1	57944
      2	57949
      7	57951
      1	57958
      1	57993
      3	57994
      2	58002
      1	58036
      1	58088
      2	58104
     12	58109
      5	58118
      3	58120
     10	58155
      1	58163
      1	58177
      1	58179
      2	58180
      1	58183
      2	58208
     10	58212
      3	58216
      1	58224
      9	58240
      1	58241
      1	58260
      1	58281
      1	58297
      1	58303
      1	58313
      1	58327
      1	58330
      1	58335
      2	58338
      1	58351
      6	58352
      3	58358
      1	58368
      1	58370
      1	58371
      1	58393
      1	58403
      1	58447
      4	58466
      2	58471
      1	58473
      3	58477
      1	58498
      2	58506
      1	58521
      2	58524
      3	58527
      2	58528
      1	58543
      5	58545
      1	58548
      1	58577
      1	58621
      1	58622
      1	58635
      2	58678
      1	58711
      5	58712
      1	58723
      1	58735
      2	58750
      1	58760
      3	58766
      1	58768
      1	58791
      3	58805
      7	58808
      1	58814
      7	58815
      1	58820
      1	58860
      7	58887
      1	58895
      3	58901
      2	58908
      1	58914
      1	58947
      2	58960
      1	58988
      1	59001
      2	59003
      3	59010
      1	59020
      1	59036
      1	59048
      1	59049
      1	59064
      1	59089
      2	59094
      4	59096
     11	59107
      3	59112
      1	59128
      1	59131
      1	59144
      2	59174
      1	59177
      4	59178
      4	59180
      2	59201
      2	59208
      9	59210
      1	59212
      4	59231
      1	59245
      1	59262
      5	59304
     10	59327
      2	59342
      1	59348
      1	59369
      1	59417
      1	59434
      2	59440
      1	59463
      2	59466
      1	59472
      1	59488
      3	59515
      1	59530
      2	59536
      1	59544
      2	59561
      1	59568
      1	59570
     11	59571
      6	59608
      3	59628
      1	59639
      4	59659
      1	59667
      1	59688
      1	59713
      3	59715
     11	59720
      1	59726
      5	59748
     28	59758
      2	59762
      1	59764
      1	59780
      5	59787
      1	59836
      2	59854
      1	59858
      1	59864
      1	59875
      1	59878
      2	59887
      1	59908
     10	59923
      1	59939
      2	59973
      1	59983
      1	59992
      1	59996
      2	60054
      1	60071
      1	60074
      4	60120
      3	60123
      2	60128
      4	60131
      1	60139
      1	60148
      4	60156
      2	60179
      1	60185
      1	60202
      1	60207
      3	60210
      1	60214
      1	60244
      1	60259
      1	60282
      6	60284
      2	60287
      3	60297
     15	60312
      1	60331
      1	60332
      1	60333
      1	60334
      2	60337
      1	60344
      5	60352
      2	60354
      1	60367
      1	60378
      2	60379
      1	60386
      2	60387
      2	60409
      1	60413
      1	60427
      3	60462
      1	60470
      1	60477
      1	60488
     10	60501
      2	60505
      2	60513
      8	60523
     12	60557
      2	60563
      1	60572
      3	60581
      2	60584
      1	60596
      1	60621
      4	60631
      3	60635
      1	60638
      1	60644
      1	60646
      1	60653
      1	60669
      1	60679
      2	60693
      1	60716
      2	60734
      2	60745
      1	60753
      1	60773
      1	60786
      2	60821
      4	60862
      3	60882
      1	60900
      4	60909
      1	60939
      1	60979
      6	60983
      1	60984
      2	60997
      1	61011
      1	61034
      1	61051
      1	61057
      4	61064
      4	61066
      4	61116
      1	61138
     17	61152
      3	61191
      1	61203
      4	61229
     30	61230
      2	61234
      1	61249
      1	61250
      1	61254
     22	61261
      1	61277
      1	61280
      1	61290
      1	61300
     11	61310
      1	61312
      1	61327
      6	61330
      2	61332
      1	61340
      1	61353
      2	61374
      1	61376
      2	61388
      1	61405
      1	61431
      7	61445
      1	61454
      2	61469
      4	61492
      2	61504
      1	61509
      1	61515
      1	61557
      1	61568
      7	61579
      3	61592
      1	61599
      1	61629
      2	61632
      3	61638
      1	61641
      1	61657
      1	61702
      1	61705
      1	61734
      3	61752
      1	61764
      8	61772
     15	61787
      1	61805
      1	61817
      2	61822
      2	61829
      6	61832
      1	61843
      2	61855
      1	61869
      1	61872
      2	61875
      2	61881
      2	61884
      1	61886
      1	61891
      2	61897
      2	61912
      3	61928
      1	61941
      2	61943
      1	61948
      1	62010
      2	62012
      1	62020
     21	62021
      2	62024
      3	62028
      1	62030
      2	62041
      3	62053
      6	62063
      2	62082
      1	62084
      2	62092
      2	62095
      2	62099
      3	62106
     28	62108
      1	62114
     12	62119
      1	62162
      1	62178
      1	62179
      1	62180
     12	62183
      6	62189
      2	62217
      1	62276
      1	62284
      1	62293
      1	62343
      2	62349
      1	62360
      1	62374
      1	62392
      1	62402
      1	62414
      3	62426
      4	62431
      1	62463
      1	62471
      1	62492
      1	62495
      1	62514
      2	62532
     12	62534
      4	62543
      1	62561
      1	62575
      1	62584
      6	62593
      1	62599
      3	62607
      4	62615
      1	62631
      1	62651
      2	62654
      1	62656
     11	62664
      1	62679
      1	62682
      2	62703
      1	62707
      1	62754
      1	62759
      1	62760
      1	62761
      1	62771
      2	62794
      6	62846
      3	62899
      1	62943
      2	62948
      1	62954
      3	62967
      1	63002
      1	63009
      2	63031
      1	63041
      1	63047
     10	63050
      2	63072
      1	63073
      2	63077
      2	63092
      3	63097
      7	63101
      1	63105
      1	63124
      1	63126
      3	63134
      1	63147
      4	63156
      1	63169
      2	63177
      1	63178
      2	63198
      2	63248
      1	63257
      1	63278
      1	63279
      2	63291
      6	63298
      2	63306
      3	63313
      1	63323
      5	63338
     35	63363
      1	63368
      1	63382
      2	63390
      1	63398
     28	63409
      4	63410
      4	63418
      8	63421
      1	63426
      1	63429
      4	63430
     12	63432
      3	63460
      2	63480
      2	63484
      1	63496
      6	63509
      1	63553
      1	63555
      2	63607
      1	63611
      1	63635
      3	63637
      1	63642
      2	63651
      1	63659
      1	63660
      3	63693
      3	63696
      1	63698
      1	63701
      1	63712
      3	63737
      5	63743
      3	63756
      3	63802
     26	63807
      1	63820
      1	63822
      4	63832
      1	63872
      6	63884
      8	63889
      2	63912
      1	63917
      3	63918
      9	63950
      1	63956
      1	63976
      1	63982
     31	63987
      1	63994
      2	64000
      2	64002
      1	64007
      1	64032
      1	64043
      1	64071
      2	64102
      1	64105
      1	64117
      2	64120
      1	64126
      3	64129
      1	64153
      1	64164
      1	64198
      1	64219
      1	64259
      1	64261
      1	64274
      1	64278
      1	64283
      2	64304
      1	64313
      2	64316
     11	64339
      2	64368
      1	64380
      7	64402
      4	64411
      1	64424
      5	64446
     10	64469
      1	64470
      6	64473
      5	64485
      4	64504
      1	64520
      8	64530
      5	64539
      4	64557
      3	64581
      1	64625
      8	64637
      1	64641
      1	64649
      1	64657
      1	64679
      1	64691
      2	64699
      1	64700
      3	64721
      2	64725
      1	64738
      2	64752
      6	64794
      1	64829
      1	64837
      2	64883
      1	64896
      1	64904
      3	64907
      1	64913
      2	64952
      1	64965
      1	64972
      1	64995
      1	65002
      1	65014
      3	65042
      2	65046
      2	65048
      6	65049
      1	65051
      1	65060
      3	65066
      3	65080
      1	65082
      1	65101
      1	65114
      1	65117
      1	65129
      3	65138
      1	65145
      1	65176
      1	65198
      1	65206
      1	65207
      1	65232
      3	65251
      5	65258
      1	65263
      1	65285
      1	65294
      1	65304
      4	65334
     17	65353
      1	65357
      1	65372
      2	65381
      1	65386
      7	65408
      4	65414
      2	65418
      1	65444
      1	65462
      1	65467
      3	65494
