      1	22
      1	41
      1	47
      4	67
      1	71
      1	75
      5	77
      1	97
     18	162
      2	175
      1	259
      2	334
      1	358
      1	367
      1	428
      1	433
      1	512
      1	528
      1	550
      2	590
      1	664
      1	702
      1	749
      1	763
      1	779
      3	797
      1	845
      1	851
      2	865
      1	880
      1	926
      1	1008
      1	1070
      1	1138
      3	1173
      2	1232
      2	1239
      2	1248
      1	1253
      1	1261
      1	1330
      2	1366
      1	1402
      1	1405
      5	1418
      1	1445
      3	1532
      1	1565
      1	1612
      2	1818
      1	1853
      1	1856
      2	1886
      1	1937
      1	1955
      2	2057
      1	2087
      8	2093
      1	2131
      1	2267
      1	2312
      1	2325
      2	2375
      1	2388
      6	2475
      1	2671
      3	2677
      2	2683
      1	2688
      2	2775
      1	2808
      1	3064
      1	3114
      2	3161
      1	3243
      1	3245
      1	3330
      2	3351
      2	3374
      1	3382
      1	3393
      1	3552
      3	3690
      1	3708
      4	3745
      8	3872
      1	3932
      1	3948
      1	4032
      5	4109
      1	4174
      1	4191
      1	4326
      1	4388
      2	4515
      2	4604
      1	4625
      1	4652
      1	4754
      1	4760
      1	4790
      1	4803
      1	4848
      1	4926
      1	4930
      1	4993
      1	5026
      1	5160
      3	5287
      1	5343
      1	5423
      1	5430
      4	5475
      1	5482
      1	5640
      1	5770
      3	5819
      6	5823
      2	5846
      1	5852
      1	5876
      1	5888
      1	5893
      1	5933
     11	6012
      1	6023
      1	6098
      3	6117
      1	6175
      1	6217
      1	6244
      1	6293
      3	6299
      1	6328
      1	6423
      7	6575
      1	6635
      1	6678
      1	6695
      1	6717
      1	6843
      1	6887
      1	6928
      1	7167
      1	7233
      1	7278
      2	7378
      1	7502
      1	7531
      3	7572
      1	7702
      3	7774
      1	7825
      1	7895
      2	7967
      2	8011
      2	8076
      1	8092
      1	8141
      1	8185
      3	8201
      1	8239
      6	8281
      1	8357
      2	8384
      1	8696
      1	8700
      1	8707
      2	8736
      2	8740
      2	8760
      1	8782
      1	8886
      1	8934
      1	8956
      1	8983
      1	9058
      2	9174
      2	9200
      1	9239
      7	9304
      1	9336
      7	9345
      1	9347
      1	9386
      1	9391
      2	9411
      1	9435
      1	9606
      1	9653
      1	9687
      1	9765
      1	9797
      1	9805
      4	9824
      1	9872
      7	9900
      1	9960
      1	10078
      1	10121
      2	10123
      1	10188
      2	10202
      3	10216
      2	10314
      1	10346
      1	10447
      2	10476
      1	10603
      3	10610
      1	10649
      1	10723
      1	10724
      1	10762
      2	10825
      1	10934
      5	10950
      1	10987
      1	11044
      1	11065
      1	11070
      1	11204
      1	11235
      1	11244
      1	11272
      3	11307
      2	11321
      1	11490
      2	11524
      1	11570
      9	11584
      2	11602
      1	11654
      1	11750
      1	11751
      1	11760
      1	11846
      2	11897
      2	11933
      1	11964
      4	11967
      1	11990
      1	12098
      1	12226
      1	12294
      2	12334
      1	12364
      1	12383
      3	12397
      2	12505
      1	12510
      1	12545
      1	12557
      2	12684
      1	12696
      2	12736
      3	12762
      3	12782
      3	12809
      1	12814
      1	12826
      1	12879
      1	13003
      1	13024
      1	13025
      1	13118
      1	13169
      1	13172
      1	13221
      1	13291
      1	13382
      2	13388
      2	13481
      1	13567
      1	13581
      1	13593
      2	13595
      1	13653
      1	13680
      1	13723
      1	13738
      1	13764
      1	13846
      1	13905
      1	13964
      1	14019
      1	14128
      4	14166
      1	14213
      1	14226
      1	14315
      1	14319
      1	14352
      1	14382
      1	14538
      1	14540
      4	14543
      1	14550
      3	14648
      4	14717
      1	14720
      1	14747
      1	14908
      1	14956
      1	15018
      2	15029
      1	15035
      2	15088
      1	15147
      3	15188
      2	15260
      1	15355
      1	15429
      1	15561
      1	15599
      1	15621
      1	15684
      1	15719
      1	15779
      1	15789
      1	15831
      1	15846
      1	15875
      3	15952
      1	15985
      2	16039
      5	16076
      1	16188
      2	16276
      1	16278
      1	16296
      2	16435
      1	16479
      2	16512
      2	16515
      2	16561
      1	16605
      1	16620
      1	16628
      1	16683
      5	16738
      1	16845
      1	16862
      1	16902
      2	16916
      1	16968
      1	16969
      2	17018
      6	17062
      1	17077
      3	17164
      3	17214
      6	17225
      1	17259
      2	17316
      1	17328
      4	17338
      3	17408
      1	17498
      1	17540
      1	17592
      1	17656
     13	17773
      1	17975
      1	17989
      1	18054
      1	18100
      1	18174
      1	18207
      1	18237
      1	18305
      1	18340
      1	18402
      3	18442
      1	18443
      6	18504
      2	18633
      1	18677
      1	18685
      2	18691
      1	18696
      1	18710
      3	18770
      1	18905
      1	19004
      1	19078
      1	19113
      1	19150
      1	19197
      1	19248
      1	19278
      1	19582
      1	19622
      2	19678
      3	19692
      1	19735
      1	19790
      1	19825
      1	19995
      1	20003
      1	20024
      2	20206
      1	20256
      2	20267
      1	20425
      1	20438
      2	20483
      1	20539
      1	20551
      1	20591
      1	20599
      1	20612
      1	20626
      1	20660
      1	20671
      3	20766
      1	20788
      1	20800
      1	20837
      1	20844
      2	20865
      1	20887
      1	20971
      2	21034
      1	21060
      1	21079
      2	21122
      2	21180
      1	21258
      8	21285
      1	21380
      6	21466
      1	21481
      1	21488
      1	21602
      1	21628
      1	21650
      1	21822
      1	21856
      3	22010
      1	22027
      2	22047
      2	22055
      2	22164
      1	22204
      5	22206
      1	22241
      1	22277
      1	22304
      1	22329
      3	22417
      5	22440
      1	22484
      3	22495
      1	22516
      3	22550
      2	22573
      1	22625
      2	22699
      1	22700
      9	22713
      2	22812
      1	22827
      1	23029
      1	23092
      3	23168
      1	23219
      2	23253
      4	23267
      1	23354
      1	23370
      1	23473
      1	23483
      1	23498
      1	23526
      1	23566
      4	23577
      1	23596
      1	23599
      1	23626
      1	23861
      1	23869
      1	23967
      1	24058
      2	24092
      1	24114
      1	24227
      1	24334
      1	24345
      2	24356
      1	24384
      1	24412
      1	24413
      1	24432
      1	24440
      1	24458
      1	24469
      1	24672
      2	24680
      1	24687
      8	24817
      1	24826
      1	24839
      1	24933
      1	24934
      1	24946
      1	24947
      1	24990
      1	25049
      2	25085
      1	25173
      2	25324
      1	25338
      4	25367
      1	25381
      1	25482
      1	25491
      1	25507
      1	25530
      1	25565
      1	25576
      2	25585
      2	25590
      4	25620
      1	25640
      1	25666
      6	25689
      1	25757
      1	25781
      1	25793
      6	25899
      1	25985
      1	26004
      2	26043
     16	26111
      1	26115
      2	26135
      3	26398
      2	26460
      1	26465
      3	26644
      1	26741
      5	26777
      2	26828
      1	26842
      1	26850
      1	26964
      3	27191
      1	27263
      1	27272
      1	27324
      1	27350
      1	27440
      3	27519
      1	27525
      1	27552
      1	27726
      1	27744
      9	27773
      1	27784
      5	27828
      1	27854
      2	27856
      1	27873
      1	27880
      2	27954
      1	27995
      1	28015
      1	28095
      2	28140
      1	28209
      1	28241
      1	28244
      1	28250
      2	28293
      1	28324
      1	28365
      1	28391
      1	28405
      1	28461
      5	28495
      1	28531
      1	28557
      1	28809
      1	28824
      1	28855
      1	28911
      1	28937
      1	28948
      1	28974
      2	29002
      1	29091
      1	29122
      1	29146
      1	29164
      2	29166
      1	29168
      2	29257
      1	29270
      1	29368
      3	29484
      1	29487
      1	29517
      3	29564
      3	29596
      1	29657
      1	29692
      2	29907
      1	29988
      2	30069
      1	30209
      2	30211
      1	30304
      1	30313
      3	30324
      1	30402
      2	30460
      2	30476
      2	30534
      3	30555
      1	30590
      1	30613
      1	30620
      1	30637
      1	30640
      1	30706
      1	30769
      2	30778
      1	30820
      2	31068
      2	31088
      1	31140
      5	31153
      1	31156
      1	31397
      1	31455
      1	31535
      1	31550
      2	31626
      1	31647
      1	31693
      1	31703
      1	31787
      1	32032
      1	32087
      1	32229
      6	32345
      1	32515
      1	32574
      1	32611
      2	32621
      1	32675
      1	32684
      1	32687
      1	32831
      1	32857
      1	32871
      1	32893
      1	32909
      2	33035
      1	33074
      1	33226
      2	33253
      4	33272
      1	33317
      2	33362
      1	33375
      1	33392
      2	33516
      2	33597
      1	33630
      2	33662
      1	33755
      1	33764
      1	33869
      1	33894
      1	33904
      1	33971
      1	33972
      1	33982
      1	33999
      1	34035
      1	34160
      1	34169
      1	34222
      1	34294
      1	34303
      1	34345
      1	34392
      1	34405
      1	34422
      1	34426
      2	34440
      1	34457
      3	34479
      1	34521
      1	34531
      1	34592
      2	34679
      1	34699
      1	34708
      1	34723
      1	34757
      1	34805
      1	34813
      1	34827
      1	34898
      2	34949
      1	34974
      1	35068
      4	35086
      1	35223
      1	35230
      1	35264
      1	35501
      1	35577
      1	35622
      2	35717
      1	35797
      2	35836
      2	35856
      6	35949
      3	36028
      3	36147
      1	36161
      1	36247
      1	36280
      1	36363
      1	36417
      1	36443
      1	36480
      1	36559
      1	36600
      2	36638
      2	36690
      1	36705
      1	36810
      1	36812
      2	36838
      1	37042
      1	37048
     10	37149
      1	37247
      1	37305
      1	37308
      1	37336
      3	37355
      1	37414
      1	37499
      1	37553
      2	37566
      2	37640
      1	37698
      2	37709
      4	37743
      1	37775
      2	37795
      1	37820
      2	37966
      1	37997
      1	38153
      1	38164
      1	38381
      5	38398
      1	38401
      1	38447
      1	38480
      2	38582
      1	38600
      2	38673
      1	38709
      1	38853
      1	38876
      2	38916
      2	38938
      1	39043
      1	39075
      1	39079
      3	39098
      1	39119
      2	39159
      1	39175
      3	39206
      1	39262
      1	39263
      4	39265
      1	39301
      6	39340
      1	39366
      3	39403
      1	39432
      1	39451
      1	39460
      1	39524
      1	39594
      1	39598
      4	39638
      1	39720
      1	39807
      1	39809
      1	40000
      3	40063
      1	40093
      1	40100
      2	40130
      1	40269
      2	40358
      1	40387
      1	40527
      1	40619
      1	40648
      2	40661
      1	40674
      1	40964
      1	41034
      1	41047
      2	41188
      1	41355
      2	41489
      1	41533
      2	41582
      1	41587
      1	41592
      8	41669
      1	41760
      1	41994
      3	42008
      1	42052
      1	42112
      1	42177
      1	42248
      1	42329
      2	42419
      2	42523
      1	42649
      2	42703
      1	42821
      3	42863
      1	42878
      2	42914
      1	42959
      8	43080
      5	43148
      1	43157
      1	43179
      1	43204
      3	43272
      1	43411
      1	43441
      2	43478
      1	43501
      2	43505
      1	43588
      1	43632
      1	43693
      9	43832
      2	43857
      1	43933
      1	43996
      1	44034
      3	44078
      1	44094
      1	44105
      2	44138
      1	44248
      1	44275
      1	44311
      1	44318
      3	44329
      1	44434
      1	44443
      3	44446
      1	44453
      3	44572
      1	44655
      7	44666
      4	44683
      2	44716
      2	44724
      1	44725
      1	44752
      1	44777
      1	44812
      3	44833
      2	44843
      1	44878
      1	44907
      1	44909
      1	45184
      2	45308
      1	45358
      2	45466
      4	45496
      1	45611
      1	45794
      1	45796
      5	45847
      3	45854
      1	45942
      1	46026
      1	46075
      1	46100
      5	46145
      2	46168
      1	46185
      1	46380
      1	46389
      5	46418
      1	46488
      3	46499
      1	46529
      2	46554
      2	46656
      2	46658
      2	46680
      1	46724
      1	46734
      2	46780
      1	46845
      1	46884
      1	46921
      1	46992
      1	47038
      1	47054
      2	47101
      1	47256
      1	47302
      4	47311
      1	47351
      1	47440
      1	47449
      1	47486
      1	47497
      1	47584
      1	47634
      1	47648
      1	47811
      2	47858
      1	47883
      1	47905
      1	47908
      2	48064
      2	48128
      1	48138
      1	48285
      2	48392
      1	48553
      1	48578
      1	48607
      1	48639
      1	48645
      1	48655
      1	48746
      1	48749
      1	48765
      3	48776
      1	48844
      1	48874
      1	48884
      3	48995
      2	49107
      1	49158
      3	49180
      1	49191
      1	49210
      4	49267
      3	49358
      2	49361
      2	49362
      1	49495
      2	49556
      1	49639
      9	49722
      1	49726
      1	49788
      1	49842
      2	49844
      2	49897
      1	49966
      1	50169
      1	50227
      2	50327
      1	50372
      2	50474
      1	50530
      1	50585
      1	50798
      1	50810
      1	50834
      1	50862
      4	50940
      1	51028
      1	51037
      6	51044
      1	51088
      1	51216
      1	51342
      1	51392
      2	51394
      1	51483
      1	51621
      1	51644
      1	51669
      1	51793
      1	51808
      1	51822
      2	51835
      2	51872
      2	51948
      1	52037
      1	52088
      4	52121
      1	52181
      1	52246
      1	52323
      1	52360
      3	52370
      1	52398
      1	52416
      1	52459
      2	52534
      1	52546
      1	52575
      1	52767
      1	52796
      1	52848
      1	52914
      1	52917
      1	52991
      1	53054
      1	53120
      1	53145
      1	53284
      1	53300
      1	53328
      2	53401
      8	53450
      4	53479
      1	53502
      1	53534
      1	53553
      1	53583
      1	53596
      1	53759
      1	53786
      1	53908
      1	53965
      2	54136
      1	54165
      2	54184
      2	54307
      2	54395
      1	54430
      1	54507
      2	54658
      5	54726
      1	54745
      2	54786
      1	54807
      1	54810
      1	54916
      1	54947
      1	54995
      2	55023
      8	55217
      1	55282
      1	55301
      1	55351
      2	55418
      1	55440
      2	55459
      5	55460
      1	55487
      1	55500
      2	55565
      1	55574
      1	55584
      1	55733
      1	55734
      2	55814
      1	55920
      1	55965
      1	55979
      4	56015
      1	56027
      3	56028
      1	56113
      1	56133
      1	56145
      1	56284
      1	56316
      3	56371
      5	56418
      1	56425
      1	56429
      1	56431
      1	56434
      1	56442
      2	56466
      3	56614
      1	56706
      1	56718
      1	56734
      1	56774
      1	56807
      1	56810
      1	56903
      1	57072
      4	57144
      1	57226
      7	57332
      3	57346
      1	57349
      1	57373
      1	57384
      1	57420
      1	57448
      4	57449
      1	57470
      1	57494
      1	57496
      2	57513
      1	57574
      1	57679
      1	57764
      8	57836
      4	57951
      1	57981
      2	58176
      1	58180
      4	58224
      1	58240
      1	58352
      1	58416
      1	58452
      5	58506
      2	58577
      2	58635
      1	58722
      8	58805
      2	58876
     21	58887
      1	58908
      1	59080
      2	59107
      1	59142
      1	59215
      1	59496
      1	59573
      1	59689
      1	59715
      1	59720
      3	59726
      2	59758
      1	59780
      1	59836
      1	59948
      1	60000
      4	60002
      1	60054
      3	60100
     11	60123
      1	60131
      1	60150
      1	60208
      2	60210
      1	60284
      1	60312
      1	60384
      2	60490
      1	60501
      1	60523
      1	60556
      1	60557
      2	60563
      5	60581
      1	60635
      1	60689
      1	60855
      2	60882
      1	60907
      2	60909
      3	60984
      1	61011
      3	61018
      5	61064
      1	61110
      1	61140
      2	61152
      2	61191
      3	61230
      3	61261
      3	61275
      2	61330
      1	61332
      1	61340
      2	61568
      2	61612
      4	61641
      1	61668
      1	61669
      2	61734
      8	61832
      2	61946
      1	62028
      3	62189
      1	62223
      1	62532
      1	62577
      1	62681
      1	62703
      1	62771
     11	63002
      1	63134
      1	63267
      1	63288
      1	63291
      2	63338
      1	63363
      1	63458
      1	63509
      4	63642
      1	63660
      1	63665
      2	63693
      3	63696
      1	63789
      2	63807
      2	63820
      2	63882
      1	63889
      1	63898
      2	63950
      1	63983
      1	63987
      1	64094
      6	64129
      2	64269
      1	64316
      3	64339
      1	64371
      1	64382
      1	64404
      2	64448
      2	64581
      5	64637
      1	64942
      1	64964
      1	65004
      1	65023
      1	65049
      1	65062
      2	65110
      1	65176
      1	65198
      1	65232
      1	65258
      2	65278
      1	65334
      1	65353
      2	65401
     10	65408
      3	65467
      2	65495
