      1	5
      8	6
      1	11
      1	12
      1	42
      1	49
      7	67
      1	76
      1	79
      1	162
      1	182
      2	195
      3	197
      2	231
      1	239
      3	248
      2	269
      1	333
      2	358
      1	426
      1	433
      2	450
      2	453
      1	462
      1	484
      2	512
      1	515
      3	531
      4	546
      5	590
      2	598
      1	600
      1	646
      2	690
      3	704
      1	710
      3	712
      1	713
      2	753
      1	766
      5	767
      3	770
      1	775
      1	837
      2	850
      1	858
      1	878
      1	881
      1	890
      1	906
      1	917
      1	941
      1	965
      4	996
      5	1010
      1	1089
      2	1091
      1	1157
      4	1163
      1	1177
      1	1184
      1	1229
      2	1232
      7	1245
      2	1264
      1	1284
      1	1285
      7	1287
      2	1288
      1	1303
      1	1317
      1	1330
      1	1348
      1	1351
      1	1357
      9	1402
      2	1421
      2	1434
      1	1471
      1	1488
      1	1502
      1	1544
      7	1556
      1	1567
      1	1579
      9	1580
      4	1616
      1	1673
      1	1683
      1	1741
      1	1772
      2	1809
      1	1815
      1	1821
      1	1832
      1	1841
     20	1857
      2	1862
      1	1866
      1	1892
      1	1898
      2	1942
      1	1948
      1	1955
      2	1964
      1	1974
      1	1985
      1	1991
      2	2006
      1	2007
      1	2029
      1	2056
      1	2069
      1	2077
      2	2120
      1	2138
      1	2150
      1	2159
      1	2163
      1	2175
      1	2186
      1	2245
      1	2281
      2	2290
      1	2302
      2	2312
      2	2334
      1	2368
      2	2398
      1	2435
      1	2470
      5	2506
      1	2521
      1	2540
      3	2589
      1	2591
      1	2593
      2	2595
      3	2600
      1	2620
      1	2684
      3	2744
      1	2761
      1	2766
      1	2802
      9	2817
      6	2819
      1	2836
      1	2839
     48	2849
      2	2885
      1	2917
      1	2926
      1	2938
      1	2949
      1	2953
      4	2961
      1	3013
      1	3014
      1	3018
      1	3037
      1	3045
      3	3061
      5	3072
      2	3079
      1	3103
      2	3104
      2	3109
      1	3119
      1	3140
      9	3142
      3	3144
      1	3166
      2	3170
      3	3190
      1	3209
      1	3221
      8	3241
      1	3255
      1	3279
      2	3293
      4	3318
      1	3320
      1	3322
      1	3332
     33	3351
      1	3356
      1	3358
      1	3381
      2	3392
      1	3427
      2	3429
      2	3433
      1	3486
      2	3499
      1	3520
      1	3534
      1	3555
      1	3607
      2	3636
      1	3639
      2	3667
      1	3685
      1	3708
      1	3732
      1	3737
      4	3761
      2	3774
      1	3803
      2	3821
      1	3824
      1	3830
      1	3842
      3	3843
     12	3850
      1	3870
      1	3880
      1	3928
      1	3931
      1	3952
      1	3991
      2	4024
      6	4046
      1	4047
      2	4060
      1	4074
      1	4099
      2	4106
      3	4109
      1	4134
      1	4138
     44	4148
      1	4165
      1	4188
      2	4211
      1	4216
      2	4245
      5	4249
      1	4254
      1	4256
      1	4267
      2	4269
      1	4286
      3	4292
      1	4293
      1	4299
      1	4316
      1	4360
      1	4383
      1	4391
     21	4406
      3	4410
      1	4436
      8	4442
      1	4540
      1	4549
      1	4581
      4	4640
      3	4664
      1	4681
      3	4730
      1	4732
      1	4744
      1	4750
      2	4762
      1	4834
      1	4848
      3	4918
      1	4921
      2	4926
      1	4928
      2	4930
      1	4934
      4	4935
      1	4950
      2	4976
      2	4977
      1	5002
      1	5013
      2	5026
      2	5031
      1	5039
      1	5043
      1	5044
      1	5053
      7	5054
      1	5056
      2	5063
      1	5076
      1	5109
      1	5112
      1	5119
      2	5130
      1	5140
      2	5154
      1	5161
      2	5166
      1	5174
      1	5178
      2	5208
      1	5220
      6	5228
      1	5237
      2	5256
      4	5287
      1	5291
      1	5322
      1	5369
      2	5373
      1	5384
      5	5389
      1	5424
      1	5433
      1	5452
      1	5475
      1	5510
      2	5530
      4	5542
      1	5568
      1	5587
      2	5598
      1	5624
      1	5632
      1	5655
      2	5697
      2	5702
      1	5719
      1	5720
     12	5726
      2	5731
      5	5748
      1	5758
      1	5772
      2	5778
      1	5786
      1	5792
      1	5809
      2	5844
      1	5851
      1	5853
      2	5875
      1	5885
      1	5892
      6	5926
      1	5956
      2	5961
      1	5972
      1	5998
      1	6011
      3	6031
      1	6038
      1	6057
      1	6076
      2	6095
      1	6096
      1	6100
      2	6102
      4	6106
      9	6116
      1	6117
      4	6119
      2	6124
      1	6144
      1	6156
      2	6175
      2	6177
      1	6183
      2	6245
      1	6285
      1	6304
      1	6330
      2	6332
      1	6338
      4	6366
      1	6394
      1	6433
      1	6461
     15	6497
      9	6499
      1	6512
      1	6518
      1	6544
      1	6551
      1	6556
      1	6592
      1	6593
      1	6602
      1	6615
     45	6647
      1	6651
      3	6659
      1	6666
      1	6705
      1	6717
      2	6745
      1	6748
      1	6770
      2	6776
      6	6794
      1	6807
      1	6816
      2	6834
      1	6837
      2	6864
      1	6877
      1	6921
      1	6923
      5	6941
      1	6949
      1	6959
      2	6980
      1	6993
      1	6995
      1	6999
      1	7045
      5	7082
      2	7121
      1	7131
      1	7135
      5	7153
      1	7189
      1	7208
      1	7235
      5	7245
      1	7272
      1	7278
      1	7289
      2	7295
      1	7309
      2	7359
      3	7372
      1	7374
      2	7377
      1	7403
      1	7407
      1	7474
      2	7503
      2	7513
      1	7552
      1	7556
      2	7595
      1	7603
      2	7639
      1	7678
      1	7690
      1	7706
      1	7723
      1	7734
      1	7746
      1	7825
      2	7907
      1	7910
      1	7913
      1	7920
      3	7946
      4	7955
      2	7987
      2	7996
      4	8007
      1	8014
      1	8051
      1	8067
     19	8071
      3	8089
      1	8093
      1	8101
      2	8103
      5	8141
      4	8156
      3	8163
      1	8172
      1	8178
      1	8201
      1	8216
      1	8223
      1	8227
      1	8239
      1	8272
      5	8301
      1	8337
      1	8366
      1	8418
      1	8423
      2	8445
      1	8495
      2	8506
      1	8507
      1	8515
      1	8519
      2	8522
      1	8537
      1	8583
      2	8634
      1	8639
      6	8658
     13	8677
      1	8718
      1	8731
      6	8736
      5	8760
      2	8761
      1	8811
      1	8847
      3	8853
      2	8966
      1	8977
      1	8983
      2	9006
      6	9017
      1	9056
      1	9096
      1	9099
      1	9143
      6	9148
      1	9159
      1	9163
      1	9200
      1	9218
      2	9228
      1	9284
      1	9294
      1	9304
      2	9317
      1	9363
      1	9374
      2	9386
      1	9408
      5	9409
      1	9412
      2	9434
      1	9440
      1	9452
      2	9509
      1	9514
      1	9516
      3	9556
      2	9609
     71	9610
      1	9618
      1	9650
      1	9658
      4	9662
      2	9705
      1	9730
      1	9734
      1	9735
      7	9737
      1	9744
      1	9765
      1	9790
      2	9795
      1	9797
      1	9804
      1	9813
      1	9824
      5	9831
      1	9839
      1	9840
      1	9877
      1	9900
      1	9926
      1	9945
      2	9949
      1	9983
      1	9984
      1	9985
      2	10009
      2	10022
      8	10026
      1	10062
      1	10070
      1	10078
      1	10084
      2	10121
      3	10122
      1	10145
      3	10158
      1	10174
      1	10216
      2	10230
      1	10245
      1	10248
      4	10255
      1	10291
      1	10296
      5	10313
     12	10314
      1	10318
      1	10327
      1	10350
      2	10365
      1	10391
      1	10431
      2	10447
      1	10453
      1	10467
      1	10505
      4	10510
      1	10524
      2	10538
      1	10540
      1	10556
      1	10659
      4	10660
      7	10662
      2	10664
      2	10686
      1	10693
      3	10707
      1	10718
      2	10724
      1	10725
      2	10738
      1	10744
      1	10765
      1	10813
      2	10820
      1	10875
      1	10915
      1	10926
      1	10931
      1	10943
      2	10950
      2	11032
      3	11049
      3	11060
      1	11070
      2	11071
      5	11082
      1	11098
      1	11105
      4	11143
      1	11241
      4	11244
      3	11260
      1	11261
      1	11280
      1	11297
      1	11298
      1	11304
      2	11307
      1	11308
     10	11313
      2	11382
      1	11408
      2	11443
      1	11445
      1	11451
      2	11458
      1	11468
      1	11506
      1	11509
      1	11532
      1	11535
      5	11550
      5	11556
      1	11559
     51	11608
      1	11616
      2	11620
      1	11623
      1	11647
      1	11732
      2	11735
      1	11743
      1	11751
      1	11770
      1	11795
      1	11799
      1	11832
      1	11843
      1	11871
      1	11880
      6	11883
      3	11905
      1	11937
      2	11951
      1	12072
      1	12114
      1	12128
      3	12161
      2	12195
      1	12207
      2	12221
      2	12231
      5	12242
      1	12252
      1	12258
      1	12278
      5	12288
      4	12350
      1	12363
      1	12367
      1	12381
      1	12382
      1	12394
      3	12396
      3	12397
      1	12437
      3	12443
      2	12462
      3	12478
      1	12488
      1	12499
      1	12509
      3	12529
      1	12543
      1	12557
      1	12583
      1	12613
      1	12627
      1	12663
      2	12682
      1	12684
      1	12689
      1	12703
      1	12708
      1	12710
      1	12722
      1	12729
      1	12771
      1	12787
      7	12809
      7	12814
      2	12842
      1	12858
      2	12886
      1	12924
      1	12936
      1	12937
      1	12943
      1	12956
      2	12963
      1	12989
      1	12997
      1	13005
     11	13012
      3	13017
      1	13018
      5	13024
      1	13025
      1	13039
      1	13064
      9	13083
      1	13090
      1	13097
      1	13114
      1	13132
      1	13139
      2	13181
      1	13210
      1	13211
      1	13231
      1	13237
      2	13244
      1	13284
      1	13293
      2	13301
      1	13304
      1	13308
      1	13327
      1	13342
      1	13364
      1	13410
      1	13439
      1	13471
      1	13480
      4	13481
      1	13490
      1	13502
      1	13503
      1	13514
      1	13555
      3	13572
      1	13600
      1	13633
      4	13679
      2	13683
      1	13698
      6	13699
      4	13720
      1	13722
      7	13734
      1	13737
      3	13739
      1	13747
      2	13756
      1	13764
      2	13787
      1	13790
      1	13797
      1	13801
      1	13805
      7	13823
      1	13825
      1	13834
      3	13886
      2	13913
      2	13924
      1	13927
      2	13937
      3	13945
      1	13983
      2	14020
      2	14040
      1	14074
      1	14076
      1	14088
      3	14092
      2	14105
      1	14128
      1	14166
      2	14169
      2	14177
      4	14190
      1	14255
      1	14275
      1	14280
      3	14292
      1	14305
      3	14308
      1	14312
      4	14321
      1	14340
      1	14349
      1	14352
      1	14373
      1	14384
      1	14401
      1	14408
      3	14435
      1	14436
      1	14446
      1	14447
      1	14475
      3	14497
      1	14513
      2	14537
      1	14540
     22	14543
      1	14580
      1	14652
      2	14654
      3	14674
      1	14677
      1	14695
      2	14720
      1	14732
      1	14733
      1	14767
      1	14775
      2	14781
      3	14869
      2	14898
      4	14908
      4	14958
      2	14967
      3	14983
      1	14992
      3	15029
      2	15035
      3	15036
      2	15039
      1	15047
      3	15089
      1	15123
      2	15132
      2	15144
      1	15147
      1	15163
      1	15175
      1	15181
      1	15184
      1	15234
      5	15257
      5	15266
      2	15271
      1	15278
      4	15345
      1	15356
      1	15358
      1	15362
      6	15374
      1	15396
      1	15402
      1	15431
     11	15492
      1	15498
      2	15536
      7	15541
      1	15548
      3	15560
      1	15561
      2	15618
      2	15622
      1	15694
      1	15701
      1	15702
      1	15710
      1	15724
      1	15791
      1	15831
      2	15847
      1	15853
      1	15882
      3	15886
      1	15892
      1	15911
      1	15993
      1	16001
      1	16017
      5	16036
      1	16097
      1	16124
      1	16129
      1	16143
      7	16148
      1	16153
      1	16170
      3	16188
      3	16200
      9	16230
      2	16237
      1	16239
      2	16262
      1	16269
      1	16276
      1	16278
      9	16308
      1	16315
      4	16317
      1	16329
      3	16348
      1	16365
      1	16368
      3	16387
      1	16391
      2	16410
      2	16439
      1	16454
      1	16465
      1	16472
      1	16493
     32	16503
      1	16505
      2	16511
      1	16547
      1	16554
      4	16561
      2	16565
      1	16570
      1	16573
      2	16594
      1	16605
      1	16609
      1	16628
      2	16689
      1	16715
      1	16723
      1	16728
      1	16750
      1	16759
      3	16769
      1	16771
      2	16775
      1	16806
      1	16824
      1	16836
      1	16851
      2	16862
      1	16875
      7	16935
     55	17005
      5	17015
      1	17020
      1	17024
      1	17027
      1	17062
      3	17064
      1	17092
      4	17109
      3	17212
      1	17225
      1	17280
      1	17282
      1	17286
      1	17295
      1	17338
      4	17352
      1	17368
      5	17375
      1	17406
      1	17427
      1	17449
      3	17451
      1	17459
      5	17465
      1	17498
      1	17514
      1	17527
      1	17612
      1	17613
      3	17615
      1	17624
      1	17652
      1	17681
      1	17709
      1	17744
      7	17753
      1	17802
      1	17843
      1	17867
      2	17879
      1	17910
      5	17927
      2	17939
     16	17947
      1	17953
      7	17955
      2	17967
      1	17975
      1	17989
      2	18092
      6	18106
      1	18112
      1	18125
      1	18130
      1	18195
      2	18219
      1	18226
      1	18236
      1	18237
      1	18239
      7	18247
      1	18278
      3	18291
      1	18361
      3	18422
      2	18434
      1	18441
      2	18498
      1	18504
      2	18511
      1	18529
      1	18575
      1	18590
      1	18593
      2	18603
      1	18604
      1	18633
      3	18643
      1	18660
      2	18665
      2	18687
      2	18688
     13	18696
      7	18711
      3	18720
      1	18748
      2	18768
      2	18773
      1	18778
      1	18790
      1	18808
      1	18857
      1	18893
      2	18919
      2	18937
      1	18992
      1	18993
    100	19013
      2	19018
      1	19024
      1	19032
      2	19091
      1	19094
      1	19120
      4	19127
      1	19130
      2	19135
      1	19169
      1	19190
      6	19224
      1	19241
      1	19247
      1	19252
      1	19253
      1	19255
      1	19268
      2	19269
      2	19310
      1	19335
      1	19339
      1	19402
      4	19425
      2	19430
      1	19432
      1	19475
      1	19496
      1	19503
      1	19526
      1	19539
      1	19545
      2	19546
      2	19553
      1	19573
      4	19580
      1	19585
      1	19624
      1	19694
      2	19695
      2	19696
      1	19743
      3	19830
      1	19831
      1	19862
      1	19886
      1	19890
      1	19891
      1	19896
      2	19912
      1	19919
      1	19943
      2	19946
      2	19971
      1	19972
      1	19989
      1	20023
      1	20025
      1	20077
      1	20084
      1	20089
      1	20098
      1	20145
      1	20148
      2	20160
      1	20191
      1	20195
      1	20196
      1	20204
      2	20227
      1	20249
      1	20274
      2	20281
      1	20282
      1	20324
      2	20347
      1	20370
      1	20390
      4	20438
      1	20440
      2	20450
      1	20483
      1	20490
      2	20506
      1	20515
      1	20516
      4	20528
      1	20549
      8	20557
      1	20583
      1	20594
      1	20602
      1	20655
      2	20671
      1	20678
      1	20693
      3	20780
      2	20821
      1	20825
      2	20827
      1	20852
      1	20853
      2	20865
      1	20871
      1	20886
      1	20887
     37	20928
      1	20984
      2	20997
      1	21017
      1	21022
      5	21031
      1	21059
      4	21095
      2	21102
      1	21125
      1	21135
      3	21147
      2	21170
      2	21180
      1	21198
      1	21212
      5	21215
      2	21248
      1	21291
      1	21341
     10	21380
      1	21424
      2	21430
      1	21444
      1	21450
      3	21471
      2	21533
      1	21544
      1	21546
      1	21612
      1	21625
      2	21654
      2	21655
      1	21666
      1	21667
      3	21669
      2	21682
      1	21684
      1	21693
      3	21767
      1	21777
      1	21792
      1	21805
      2	21812
      1	21823
      1	21861
      3	21882
      2	21915
      6	21952
      3	22033
      2	22039
      1	22040
      1	22047
      3	22060
      3	22077
      2	22091
      1	22098
      1	22099
      1	22100
      3	22118
      1	22119
      2	22217
      1	22221
      4	22230
      2	22231
      1	22250
      1	22273
      1	22290
      1	22305
     67	22330
      2	22355
      1	22361
      2	22365
      2	22366
      1	22386
      1	22392
      1	22408
      1	22409
      1	22512
      2	22571
      2	22575
      4	22582
      3	22588
      1	22591
      2	22624
      2	22643
      1	22670
      1	22677
      1	22715
      2	22719
      2	22721
      1	22728
      1	22771
      1	22772
      1	22780
      1	22782
      2	22806
      1	22834
      3	22838
      1	22867
      3	22902
      2	22919
      2	22937
      1	22950
      4	22952
      1	22975
      1	22995
      1	23011
      1	23029
      2	23061
      4	23084
      3	23086
      1	23095
      1	23098
      2	23105
      1	23113
      1	23118
      1	23142
      1	23151
      1	23158
      1	23174
      1	23176
      1	23182
      3	23192
      1	23195
      1	23202
      1	23213
      1	23217
      1	23309
      2	23320
      1	23336
      1	23342
      2	23374
      5	23379
      1	23413
      1	23440
      2	23469
      1	23473
      5	23475
      1	23494
      1	23501
      1	23511
      2	23523
      1	23532
      3	23572
      2	23577
      1	23594
      1	23606
      3	23620
     12	23643
      1	23651
      1	23670
      1	23723
      1	23728
      4	23785
      2	23828
      2	23852
      1	23869
      1	23870
      1	23874
      1	23887
      1	23899
      1	23903
      1	23912
      4	23918
      1	23932
      2	23933
      1	23946
      1	23959
      1	23996
      1	24004
      1	24026
      1	24032
      1	24058
      1	24061
      3	24067
      1	24080
      1	24130
      1	24140
      1	24158
      4	24159
      3	24205
      1	24228
      2	24229
      1	24244
      1	24251
      1	24331
      4	24343
      1	24358
      9	24376
      1	24383
      1	24407
      1	24411
      1	24412
      1	24444
      1	24458
      1	24461
      2	24469
      1	24471
      1	24492
      1	24495
      1	24522
      2	24527
      1	24548
      1	24550
      7	24555
      1	24564
      1	24637
      1	24672
      1	24705
      3	24707
      1	24712
      1	24744
      2	24755
      1	24758
      2	24771
      1	24786
      1	24789
      1	24794
      1	24817
      3	24825
      1	24826
      1	24828
      1	24881
      1	24912
      4	24923
      1	24958
      1	24990
      1	24991
     38	25024
      8	25074
     17	25096
      1	25102
      1	25129
      1	25140
      3	25141
      2	25148
      2	25154
      1	25168
      1	25173
      1	25177
      1	25229
      1	25253
      1	25255
      1	25280
      1	25285
      1	25308
      1	25334
      2	25338
      1	25347
      2	25364
      1	25367
      1	25380
      1	25393
      4	25427
      2	25449
      1	25453
      1	25475
      1	25488
      1	25495
      2	25525
      2	25538
      1	25543
      1	25553
      2	25571
      1	25596
      2	25597
      1	25610
      1	25619
      1	25620
      1	25647
      1	25658
      1	25659
      1	25661
      1	25663
      2	25714
      3	25733
      1	25775
      1	25781
      1	25798
      1	25816
      1	25826
      1	25834
      2	25854
      1	25865
      1	25873
      1	25875
      3	25899
      1	25931
      4	25942
      1	25946
      1	25956
      1	25981
      1	26002
      2	26014
      1	26026
      4	26027
      1	26043
      4	26045
      3	26051
      1	26070
      1	26108
      1	26109
      1	26114
      1	26156
      7	26174
      1	26217
      1	26226
      1	26240
      1	26243
      5	26246
      1	26287
      1	26290
      1	26311
      5	26332
      8	26414
      1	26435
      2	26512
      1	26538
      1	26550
      7	26564
      1	26615
      1	26625
      6	26628
      1	26666
      2	26713
      4	26763
      2	26772
      1	26777
      1	26791
      2	26810
      2	26850
      1	26866
      1	26873
      1	26891
      1	26900
      5	26942
      1	26959
      1	26982
      4	27009
      1	27021
      3	27043
      2	27076
      1	27110
      1	27131
      3	27142
      1	27147
      6	27171
      1	27173
      4	27197
      1	27221
      1	27228
      1	27272
      1	27292
      1	27309
      1	27317
      3	27346
      1	27347
      2	27350
      1	27357
      1	27384
      1	27439
      1	27440
      1	27474
      3	27476
      2	27478
      5	27495
      2	27519
     13	27524
      2	27526
      1	27552
      1	27606
      1	27615
      2	27642
      2	27693
      2	27716
      1	27729
      1	27753
      1	27756
      1	27758
      1	27765
      1	27773
      1	27784
      1	27789
      2	27842
      1	27847
      1	27872
      3	27873
      1	27880
      1	27944
      3	27954
      3	27991
      3	27994
      1	28013
      1	28049
      1	28054
      1	28060
      4	28071
      7	28132
      1	28157
      1	28173
      1	28191
      2	28197
      1	28236
      1	28256
      1	28296
      1	28304
      1	28306
      2	28310
      1	28339
      1	28343
      2	28351
      1	28365
      2	28385
      1	28421
      1	28438
      1	28461
      1	28468
      1	28478
      2	28486
      1	28493
      3	28538
      8	28571
      2	28578
      2	28581
      1	28596
      1	28624
      1	28632
      1	28637
      2	28645
      4	28672
      3	28691
      7	28716
      2	28750
      1	28758
      5	28759
      1	28781
      3	28824
      3	28839
      1	28847
      1	28854
      1	28859
      2	28907
      7	28960
      1	28981
      2	28986
      2	28989
      1	29040
      2	29041
      1	29044
      5	29105
      1	29106
      1	29121
      1	29132
      1	29153
      1	29168
      2	29181
      1	29184
      1	29185
      1	29193
      1	29197
      1	29202
      1	29206
      1	29212
      2	29228
      1	29246
      3	29257
      7	29265
      1	29286
      1	29287
      1	29306
      2	29324
      1	29333
      1	29347
      1	29351
      1	29367
      1	29377
      1	29380
      1	29433
      1	29470
      1	29478
      2	29499
      1	29506
      1	29513
      2	29536
      1	29538
      1	29554
      1	29590
      3	29595
      4	29618
      1	29657
      1	29696
      1	29707
      1	29714
      1	29735
      2	29749
      1	29754
      2	29760
      1	29768
      2	29777
      1	29781
      2	29826
      2	29853
      6	29880
      1	29892
      2	29958
      1	29967
      1	29988
      1	30032
      1	30035
      2	30040
      2	30045
      1	30056
      2	30075
      2	30104
      1	30126
      1	30131
      1	30141
      1	30161
      1	30165
      1	30168
      1	30202
      1	30246
      1	30261
      1	30282
      5	30285
      2	30297
      1	30306
      1	30344
      2	30355
      1	30386
      2	30394
      4	30402
      4	30427
      1	30443
      1	30476
      1	30509
      2	30511
      2	30524
      2	30539
      1	30564
      2	30570
      1	30585
      2	30613
      1	30624
      1	30626
      4	30655
      1	30682
     11	30708
      1	30714
      1	30798
      1	30816
      1	30828
      1	30848
      1	30861
      1	30878
      1	30906
      1	30912
      2	30913
      1	30921
      2	30923
      1	30935
      1	30939
      1	30941
      1	30945
      1	30957
      1	30964
      1	30997
      1	31000
      2	31035
      1	31069
      1	31075
      1	31079
      1	31098
      3	31103
      2	31137
      1	31143
     10	31161
      1	31164
      1	31175
      1	31186
      1	31198
      1	31200
      1	31226
      1	31234
      1	31238
     16	31249
      1	31273
      1	31302
      1	31308
      1	31376
      2	31387
      1	31397
      2	31404
      4	31467
      2	31474
     10	31477
      1	31492
      2	31578
      1	31615
      1	31627
      1	31633
      2	31642
      1	31644
      1	31651
      1	31653
      3	31680
      1	31704
      2	31705
      1	31716
      1	31722
      1	31743
      1	31750
      1	31756
      1	31777
      1	31778
      1	31779
      1	31787
      1	31864
      1	31870
      1	31902
      1	31904
      2	31911
      2	31915
      1	31918
      1	31943
      1	31946
      1	31990
      2	31996
      1	32021
      2	32064
      2	32067
      1	32084
      1	32114
      1	32120
      1	32154
      3	32177
      1	32180
      2	32185
      1	32198
      1	32208
      1	32219
      1	32266
      1	32270
      1	32279
      2	32334
      1	32348
      1	32360
      1	32379
      1	32383
      2	32390
      3	32413
      5	32425
      1	32426
      1	32455
      2	32483
      1	32504
      1	32518
      1	32540
      1	32560
      5	32582
      2	32601
      1	32602
      1	32614
      1	32616
      1	32620
      1	32640
      8	32648
      7	32657
     11	32675
      1	32681
      1	32684
      2	32704
      1	32706
      1	32735
      3	32749
      1	32755
      5	32770
      1	32791
     10	32794
      6	32857
      1	32890
      1	32909
      2	32914
      1	32921
      1	32923
      2	32930
      4	32940
      1	32943
      1	32960
      4	32981
      5	32988
      3	33019
      1	33022
      1	33051
      2	33064
      1	33069
      3	33073
      2	33074
      1	33109
      1	33115
      1	33131
      4	33142
      2	33172
      1	33175
      4	33194
      8	33216
      1	33250
      1	33272
      1	33292
      1	33296
      2	33303
      5	33311
      1	33317
      2	33337
      1	33345
      2	33352
      1	33368
      1	33474
      1	33495
      1	33497
      2	33502
      4	33511
      3	33538
      1	33562
      1	33580
      1	33599
      1	33602
      1	33639
     13	33658
      1	33698
      4	33700
      1	33732
      1	33733
      1	33739
      1	33777
      1	33831
      2	33841
      2	33868
      1	33888
      6	33902
      2	33904
      4	33941
     11	33971
      1	33972
      1	33976
      3	33991
      2	33992
      2	34031
      1	34080
      1	34129
      1	34160
      3	34168
      1	34181
      1	34188
      1	34203
      1	34210
      1	34260
      1	34276
      1	34278
      1	34294
      1	34318
      1	34341
      1	34357
      1	34370
      1	34375
      2	34378
      2	34382
      1	34391
      1	34393
      1	34394
      1	34401
      3	34421
      1	34438
      1	34446
      1	34447
      5	34466
      1	34479
      1	34536
     12	34542
      8	34545
      1	34548
      1	34550
      1	34599
      1	34617
      1	34644
      4	34666
      1	34684
      1	34699
      1	34702
      3	34708
      4	34710
      2	34750
      1	34761
      1	34773
      1	34776
      3	34800
      1	34843
      1	34910
      1	34921
      1	34943
      1	34945
      1	34968
     32	34973
      2	35047
      1	35056
      1	35069
      3	35071
      2	35075
      3	35081
      1	35087
      2	35091
      1	35100
      2	35119
      2	35128
      1	35130
      1	35168
      1	35169
      1	35183
      4	35193
      1	35234
      1	35254
     45	35263
      1	35303
      1	35307
      2	35319
      3	35360
      1	35381
      1	35384
      1	35395
      1	35424
      4	35501
      5	35504
      1	35511
      4	35542
      1	35563
      2	35576
      1	35590
      1	35591
      1	35598
      1	35601
      1	35644
      1	35650
      2	35666
      1	35670
      1	35700
     13	35708
      2	35717
      2	35719
      2	35748
      1	35754
      1	35762
      1	35788
      1	35805
      1	35809
      1	35826
      1	35842
      3	35851
      1	35852
      2	35869
      2	35871
      1	35923
      5	35931
      1	35935
     11	35949
      1	35982
      3	36000
      2	36028
      1	36035
      1	36040
      1	36042
      9	36053
      2	36056
      1	36070
      2	36085
      2	36112
      1	36147
      3	36178
      1	36191
      1	36199
      2	36232
      1	36243
      1	36312
      2	36325
      1	36341
      1	36368
      1	36380
      2	36381
      2	36412
      1	36421
      3	36423
      2	36462
      1	36509
      1	36547
      1	36551
      1	36559
      1	36579
      1	36600
     10	36621
      2	36631
      4	36638
      2	36644
      5	36651
      3	36655
      1	36693
      1	36703
      1	36706
     24	36734
      1	36750
      1	36754
      1	36777
      1	36780
      1	36781
      1	36783
      2	36800
      1	36803
      1	36811
      1	36814
      1	36824
      1	36893
      1	36901
      1	36910
      1	36919
      7	36935
      1	36946
      1	36959
      1	36973
      2	36982
      1	37000
      2	37005
      1	37019
      1	37058
      7	37062
      1	37068
      3	37079
      2	37132
      1	37135
      1	37139
      2	37150
      1	37167
      2	37185
      2	37193
      3	37224
      1	37256
      1	37269
      1	37271
      1	37311
      1	37331
      1	37343
      1	37348
      2	37359
      1	37423
      1	37453
      1	37478
      1	37493
      1	37498
      1	37539
      1	37565
      4	37574
      1	37593
     16	37608
     24	37625
      5	37640
      1	37651
      1	37672
      1	37730
      4	37747
      1	37775
      1	37793
      2	37819
      1	37839
      9	37841
      3	37842
      1	37853
      2	37892
      9	37904
      2	37907
      1	37943
      1	37946
      1	37976
      1	37983
      1	37994
     10	37997
      3	38013
      2	38029
      3	38039
     11	38045
      1	38065
      1	38127
      1	38146
      1	38217
      3	38243
      2	38250
      1	38263
      1	38269
      1	38311
     45	38315
      1	38340
      3	38343
      4	38345
      1	38363
      1	38390
      1	38392
      1	38398
     12	38404
      1	38447
      4	38467
      1	38468
      1	38480
      3	38483
      1	38484
      2	38496
      2	38521
      1	38547
      1	38559
      1	38592
      1	38638
      1	38653
     10	38654
      1	38677
      6	38681
      1	38702
      2	38724
      1	38730
      3	38736
      1	38743
      1	38747
      1	38756
      2	38764
      1	38765
      3	38794
      1	38807
      1	38813
      2	38814
      2	38816
      6	38830
      5	38855
     11	38860
      1	38863
      1	38870
      1	38871
      1	38878
      1	38884
      1	38886
      1	38897
     12	38938
      3	38983
      1	38993
      2	39000
      1	39049
     10	39050
      2	39069
      1	39072
      1	39073
      1	39076
      7	39079
      9	39101
      3	39130
      1	39143
      1	39144
      3	39147
      1	39206
      1	39225
      3	39232
      2	39233
      1	39239
      1	39250
      1	39265
      1	39277
      1	39296
      2	39310
      1	39314
      1	39352
      3	39365
      1	39410
      1	39427
      1	39451
      1	39460
      1	39476
      1	39548
      1	39638
      1	39660
      1	39679
      1	39697
      1	39734
    410	39753
      1	39790
      2	39804
      2	39827
      1	39843
      1	39846
      2	39887
      2	39960
      2	39969
      6	40045
      1	40056
      1	40104
      4	40110
      1	40132
      1	40149
      1	40163
      1	40170
      1	40178
      3	40184
      1	40195
      6	40211
      1	40230
      1	40235
      1	40246
      3	40247
      3	40249
      2	40270
      8	40317
      1	40338
      1	40374
      2	40387
      1	40392
      2	40395
      1	40405
      1	40412
      1	40432
      1	40481
      3	40502
      1	40523
      2	40528
      1	40537
      3	40542
      1	40592
     15	40614
      2	40640
      1	40646
      2	40651
      1	40653
      2	40674
      2	40722
      2	40734
      1	40742
      1	40770
      1	40789
      1	40810
      1	40825
      6	40830
      1	40846
      2	40848
      1	40861
      1	40876
      1	40879
      2	40884
      1	40942
      1	40944
      1	40951
      1	40959
      1	40978
      1	40991
      1	41022
      1	41068
      1	41073
      1	41076
      1	41080
      2	41093
      1	41096
      1	41108
      2	41130
      3	41142
      2	41160
      1	41163
      3	41185
      1	41198
      1	41207
      1	41216
      8	41245
      1	41247
      1	41274
      1	41329
      1	41333
      1	41355
      4	41363
      1	41376
      2	41394
      1	41421
      1	41427
      1	41435
      2	41477
      2	41490
     12	41494
      1	41515
      1	41519
      1	41547
      1	41555
      2	41566
      1	41606
      5	41607
      1	41621
      1	41626
      2	41632
      1	41665
      6	41669
      9	41690
      3	41691
      2	41692
      4	41694
      1	41700
      1	41714
      1	41742
      1	41753
      1	41775
      1	41791
      1	41804
      1	41808
      1	41832
      1	41841
      1	41842
      3	41848
      1	41851
      1	41882
      4	41892
      1	41896
      2	41952
      2	41966
      1	41973
     65	41985
      4	42026
      1	42027
      1	42034
      1	42039
      1	42040
      1	42081
      1	42169
      1	42229
      3	42244
      5	42251
      1	42297
      2	42302
      4	42314
      4	42315
      2	42355
      1	42372
      1	42380
      1	42474
      1	42534
      1	42536
      1	42578
      1	42601
      1	42614
      1	42632
      2	42644
      4	42651
      1	42657
      1	42673
     21	42686
      1	42689
      1	42699
      1	42721
      1	42739
      1	42745
      1	42757
      2	42766
      2	42767
      1	42819
      3	42845
      1	42866
      2	42872
      1	42888
      1	42914
      5	42942
      2	42996
      2	43005
      1	43041
      1	43057
      1	43073
      3	43080
      2	43125
      2	43130
      1	43165
      1	43169
      1	43179
      1	43224
      1	43247
      2	43284
      1	43328
      2	43381
      1	43383
      1	43388
      9	43417
      1	43438
      2	43476
      4	43477
     10	43506
      3	43507
      3	43518
      1	43531
      1	43560
      4	43566
      1	43616
      4	43640
      4	43641
      1	43645
      1	43704
      2	43707
      2	43714
      1	43730
      1	43760
      1	43763
      6	43832
      1	43845
      1	43861
      1	43906
      5	43914
      1	43932
      1	43977
      1	43996
      1	44020
      1	44050
      1	44104
      3	44112
      1	44132
      4	44137
      2	44144
      2	44153
      3	44185
      1	44189
      1	44195
      1	44214
      1	44215
      1	44217
      6	44248
      2	44254
      1	44263
      2	44322
      5	44346
      1	44370
      1	44410
      1	44415
      1	44430
      1	44446
      4	44517
      1	44519
      3	44536
      3	44569
      6	44572
      1	44620
      3	44631
      1	44648
      1	44655
      1	44666
      1	44696
      1	44715
      1	44741
      1	44750
     14	44818
      1	44838
      2	44856
      2	44857
      1	44897
      3	44912
      1	44920
      1	44924
      1	44928
      1	44953
      2	44960
      1	44961
      8	44980
      1	44996
      1	45001
      1	45018
      1	45098
      1	45102
      1	45105
      1	45106
      8	45127
      1	45135
      2	45162
      1	45232
      1	45245
      2	45292
      1	45368
      1	45425
     45	45450
      2	45465
      1	45489
      2	45501
      2	45508
      1	45524
      1	45526
      2	45538
      1	45562
      1	45593
      1	45602
      1	45604
      1	45615
      1	45660
      1	45665
      5	45686
      2	45750
      1	45767
      5	45772
      1	45776
      1	45778
      1	45815
      1	45820
      1	45884
      1	45930
      2	45938
      4	45942
      2	45943
      2	45951
      1	45954
      1	45974
      2	45995
      1	46016
      1	46018
      1	46033
      1	46077
      1	46081
      2	46091
      1	46095
      4	46096
      1	46102
      1	46123
      2	46124
      1	46142
      1	46150
      3	46177
      1	46184
      1	46246
      1	46255
      2	46261
      3	46264
      1	46328
      1	46334
      1	46353
      1	46354
      1	46393
      1	46397
      2	46402
      1	46436
      1	46442
      1	46443
      1	46445
      7	46456
      1	46470
      2	46484
      4	46488
      1	46492
      1	46499
      1	46505
      1	46509
      1	46530
      3	46570
      2	46573
      2	46595
      3	46626
      1	46630
      1	46656
      1	46664
      1	46679
      1	46680
      7	46705
      1	46716
      1	46724
      7	46733
      1	46757
      2	46765
      1	46783
      1	46786
      2	46803
      1	46811
      1	46901
      1	46921
      3	46948
      1	46953
      1	46960
      1	47011
      1	47025
      1	47027
      1	47038
      6	47042
      2	47060
      1	47098
      4	47113
      3	47131
      1	47163
      2	47178
      1	47185
      5	47194
      1	47204
      1	47211
      1	47231
      1	47280
      1	47287
      1	47290
      2	47295
      2	47311
      1	47323
      2	47380
      1	47463
      3	47464
      1	47486
      1	47491
      2	47492
      1	47530
      1	47552
      1	47597
      2	47613
      1	47632
      1	47640
      2	47650
      1	47680
      1	47693
      8	47707
      4	47741
      1	47759
      1	47794
      4	47829
      1	47858
      1	47875
      2	47905
      1	47913
      1	47931
      1	47939
      3	47962
      3	47970
      9	47989
      3	48000
      2	48067
      2	48091
      2	48096
      2	48097
      2	48104
      2	48134
      2	48144
      1	48174
      3	48188
      1	48189
      1	48206
      1	48250
      1	48292
      1	48326
      2	48333
      1	48360
      1	48366
      1	48376
      5	48401
      2	48402
      1	48407
      2	48440
      1	48449
      1	48511
      1	48561
      1	48562
      2	48574
      1	48579
      1	48597
      3	48619
      1	48651
      1	48666
      1	48671
      6	48675
      1	48721
      2	48746
      9	48749
      1	48754
      1	48834
      1	48863
      2	48876
      1	48887
      2	48899
      1	48921
      1	48939
      1	48940
      1	48982
      1	48983
      1	48984
      1	48989
      1	48995
      1	49012
      1	49014
      2	49016
      3	49043
      1	49059
      1	49086
      1	49108
      1	49111
      1	49131
      2	49188
      1	49256
      1	49276
     11	49298
      1	49308
      1	49312
      1	49330
      1	49344
      1	49346
      1	49371
      1	49375
      1	49383
      1	49412
      2	49439
      1	49452
      1	49485
      2	49517
      1	49536
      2	49538
      1	49560
      2	49576
      1	49585
      1	49588
      1	49605
      1	49648
      1	49684
      1	49714
      1	49732
      3	49758
      1	49768
      1	49780
     13	49781
      5	49797
      1	49799
      1	49803
      1	49811
      1	49842
      1	49844
      2	49850
      1	49884
      4	49886
      1	49907
      1	49966
      1	49970
      1	49982
      1	49999
      7	50023
      2	50026
      1	50027
      1	50037
      2	50087
      1	50088
      1	50148
      1	50166
      1	50219
      1	50229
      1	50243
      2	50261
      1	50267
      1	50283
      4	50337
      2	50351
      1	50407
      1	50428
      1	50438
      3	50484
      5	50485
      1	50495
      3	50508
      3	50515
      2	50517
      1	50522
      1	50530
      2	50584
      3	50590
      2	50619
      2	50680
      1	50681
     10	50720
      2	50728
      1	50747
      1	50761
      1	50794
      1	50799
      1	50800
      1	50810
      2	50833
      1	50873
      5	50910
      1	51007
      1	51026
      3	51047
      1	51052
      1	51065
      3	51071
      1	51099
      1	51108
      1	51113
      1	51116
      1	51168
      5	51198
      1	51210
      7	51294
      1	51305
      1	51315
      1	51321
      1	51334
      1	51336
      1	51342
      1	51358
      3	51361
      2	51365
     13	51369
      1	51389
      1	51392
      1	51394
      1	51395
      4	51409
      1	51419
      1	51422
      4	51429
      1	51433
      3	51454
      1	51472
      2	51527
      1	51553
      1	51557
      1	51593
      1	51610
      1	51631
      6	51676
      1	51774
      1	51790
      1	51819
      1	51829
      1	51830
      1	51858
      1	51883
      1	51888
      3	51917
      2	51957
     63	51973
      1	51981
      2	51983
      1	52000
      1	52013
      5	52044
      2	52049
      2	52100
      1	52112
      1	52133
      1	52150
      1	52167
      4	52181
      2	52227
      1	52268
      2	52274
      1	52284
      1	52293
      3	52304
      2	52311
     14	52344
      1	52347
      2	52350
      2	52353
      1	52405
      1	52410
      2	52439
      1	52441
      1	52452
      2	52472
      2	52549
      2	52603
      1	52606
      1	52616
      1	52631
      1	52639
      1	52673
      2	52679
      1	52695
      1	52720
      1	52748
      1	52892
      1	52908
      2	52912
      2	53001
      1	53009
      1	53023
      2	53082
      1	53101
      1	53104
      1	53116
      1	53150
      1	53152
      1	53176
      1	53232
      2	53244
      1	53245
      4	53253
      2	53317
      1	53337
      1	53338
      1	53339
      1	53340
      1	53349
      2	53357
      1	53363
      1	53401
      2	53404
      1	53423
      1	53457
      1	53459
      1	53474
      4	53477
      4	53521
      2	53569
      3	53578
      1	53589
      1	53593
      1	53624
      1	53653
      1	53660
      1	53662
      3	53684
      1	53702
      1	53705
      2	53710
      1	53711
      1	53719
      1	53767
      1	53771
      2	53777
      2	53778
      2	53782
      2	53820
      1	53840
      1	53846
      3	53854
      1	53855
      1	53882
      2	53908
      2	53966
      1	53971
      1	53977
      1	53978
      1	53998
      1	54014
      1	54015
      3	54025
      2	54037
      1	54102
      2	54105
      3	54107
      1	54123
      1	54136
      1	54148
      3	54150
      2	54155
      1	54166
     16	54183
      3	54184
      1	54224
      2	54232
     11	54235
      2	54272
      1	54275
      3	54280
      1	54295
      1	54303
      4	54345
      1	54370
      1	54386
      1	54389
      1	54393
      8	54397
      4	54399
      1	54400
      1	54416
      1	54419
      1	54425
      1	54442
      1	54449
      1	54460
      1	54474
      2	54495
      2	54521
      1	54550
      4	54554
      1	54559
      1	54570
      1	54573
      2	54585
      5	54615
      2	54626
      1	54632
      4	54666
      4	54669
      2	54674
      2	54675
      1	54703
     27	54726
      1	54743
      6	54745
      1	54788
      1	54848
      6	54861
      1	54876
      5	54889
      1	54898
      2	54911
      3	54916
      2	54927
      1	54930
      1	54931
      1	54950
      1	54968
      1	54976
      1	54982
      2	54984
      1	55043
      1	55053
      2	55085
      3	55135
      3	55143
      2	55161
      1	55199
      1	55212
      1	55251
      3	55252
      1	55268
      1	55296
      2	55337
      2	55339
      3	55342
      1	55344
      1	55362
      1	55381
      2	55401
      2	55441
      1	55450
      4	55458
      1	55466
      1	55478
      1	55495
      1	55496
      1	55521
      1	55526
      1	55528
      1	55537
      5	55541
      1	55544
      1	55549
      5	55578
      1	55587
      5	55615
      3	55669
      3	55674
     40	55676
      3	55680
      1	55705
      1	55732
      3	55761
      1	55763
      3	55767
      2	55775
      1	55791
      1	55796
      1	55802
      1	55821
      1	55839
      5	55847
      3	55873
      1	55890
      1	55899
      3	55910
      2	55914
      1	56018
      1	56027
      1	56028
      1	56050
      2	56055
      1	56056
      1	56064
      9	56066
      1	56067
      2	56074
      3	56084
      2	56113
      2	56126
      1	56133
      3	56146
      1	56152
      1	56164
      4	56179
      4	56186
      1	56189
      6	56199
      1	56200
      2	56230
      1	56246
      1	56255
      2	56279
      3	56281
      1	56316
      2	56322
      5	56334
      2	56360
      1	56381
      1	56385
      1	56399
      9	56437
      1	56469
      1	56484
      1	56504
      1	56526
      3	56553
      1	56567
      3	56573
      1	56574
      4	56575
      1	56583
      2	56612
      1	56706
      1	56710
      1	56720
      2	56776
      1	56790
      1	56807
      1	56813
      1	56874
      3	56889
      1	56907
      2	56920
      1	56927
      1	56965
      1	56972
      1	56985
      5	56990
      1	57001
      2	57023
      2	57047
      1	57066
      1	57074
      3	57077
      1	57089
      2	57093
     13	57144
      4	57162
      6	57189
      2	57211
      1	57220
      5	57232
      2	57278
      1	57295
      8	57332
      2	57341
      1	57361
      1	57370
      6	57383
      2	57388
      1	57432
      1	57466
      1	57513
      2	57524
      1	57525
      1	57537
      2	57559
      1	57566
      5	57602
      1	57622
      1	57635
      1	57666
      1	57704
      1	57714
      1	57716
      1	57724
      1	57730
      1	57735
      1	57737
      1	57740
      6	57746
     14	57777
      1	57804
      7	57818
      1	57826
      1	57843
      1	57911
      1	57919
      1	57936
      2	57997
      2	58028
      1	58036
      2	58041
      6	58042
      1	58048
      1	58069
      2	58088
      1	58097
     36	58098
      1	58104
      1	58118
      1	58166
      2	58180
      3	58205
      1	58214
      1	58223
      1	58235
      1	58262
      3	58296
      1	58303
      3	58308
      3	58335
      1	58342
      1	58347
      8	58373
      1	58400
      5	58465
      1	58468
      2	58488
      2	58495
      2	58506
      1	58516
      1	58526
      2	58528
      2	58575
      2	58591
      1	58612
      4	58620
      1	58623
      1	58631
      4	58637
      1	58668
      4	58673
      1	58727
      1	58747
      1	58750
      1	58756
      6	58767
      2	58786
      1	58799
      1	58807
      1	58815
      1	58819
      2	58820
      1	58860
      2	58882
      1	58909
      1	58913
      1	58938
      1	58958
      4	58988
      1	59017
      1	59031
      2	59037
      1	59062
      1	59069
      1	59094
      2	59101
      1	59105
      1	59107
      1	59109
     16	59112
      1	59157
      2	59165
      1	59171
      1	59173
      2	59176
      1	59187
      4	59231
      5	59245
      1	59266
      3	59286
      1	59302
      1	59335
      3	59337
      2	59368
      1	59437
      1	59484
      1	59509
      1	59520
     13	59535
      8	59559
      5	59567
      2	59571
      1	59573
      2	59601
      2	59619
      1	59626
      1	59631
      3	59655
      2	59660
      1	59691
      1	59726
      1	59744
      2	59748
      2	59759
      4	59768
      1	59780
      1	59800
      2	59833
      1	59842
      9	59858
      2	59862
      4	59865
      1	59868
      1	59878
      1	59887
      2	59899
      1	59967
      2	59981
      1	59983
      1	59995
      1	59997
      1	60031
      1	60058
      2	60120
      1	60122
      1	60145
      1	60150
      1	60172
      2	60180
      1	60181
      1	60199
      1	60210
      1	60211
      1	60220
      2	60224
      1	60238
      1	60252
      1	60263
      1	60266
      2	60270
      1	60278
      1	60284
      1	60287
      1	60295
      1	60300
      2	60306
      2	60312
      1	60366
      1	60367
      3	60378
      1	60403
      1	60430
      1	60432
      2	60435
      2	60441
      1	60454
      1	60456
      1	60462
      1	60499
      7	60501
      1	60511
      2	60523
      1	60534
      3	60580
      1	60584
      1	60613
      5	60621
      1	60669
      1	60670
      5	60675
      2	60682
      1	60689
      2	60700
      1	60712
      4	60716
      1	60737
      1	60747
      3	60750
      2	60762
      1	60792
      1	60794
      3	60841
      1	60877
      2	60880
      1	60907
      2	60909
      1	60910
      1	60915
      1	61002
      2	61034
      2	61048
      2	61064
      1	61075
      2	61080
      1	61110
      1	61131
      3	61140
      1	61143
      1	61147
      1	61152
      1	61153
     20	61168
      3	61216
      2	61226
      3	61230
      2	61234
      1	61246
      9	61261
      3	61281
      1	61312
      1	61327
      1	61331
      2	61340
      4	61360
      1	61361
      1	61367
      1	61379
      1	61396
      1	61434
      7	61449
      2	61486
      1	61504
      1	61507
      1	61509
      1	61518
      1	61541
      1	61549
      1	61579
      1	61595
      1	61599
      1	61623
      5	61632
      1	61651
      2	61664
      4	61676
      1	61690
      1	61700
      2	61750
      1	61760
      3	61773
      1	61785
      1	61813
      6	61838
      1	61846
      2	61854
      2	61878
      2	61890
      1	61895
      1	61897
      1	61928
      1	61937
      1	61950
      2	61955
      1	61969
      1	61985
      2	61991
      2	61999
      1	62001
      4	62011
      2	62026
      2	62051
      4	62052
      1	62053
      1	62063
      1	62085
      1	62090
      1	62102
      1	62120
      3	62126
      2	62129
      6	62138
      1	62161
      1	62181
      4	62183
      1	62185
      1	62195
      3	62222
      2	62230
      4	62236
      1	62238
      4	62248
      1	62267
      1	62270
      2	62271
      2	62276
      1	62284
      2	62290
      1	62343
      2	62363
      2	62395
      1	62399
      1	62414
      3	62441
      1	62460
      1	62479
      1	62500
      2	62534
      3	62591
      1	62600
      1	62605
      1	62607
      2	62641
      1	62651
      1	62657
      4	62660
      1	62664
      1	62665
      1	62686
      1	62712
      1	62713
      2	62731
      1	62738
      1	62809
      1	62848
      1	62868
      1	62872
      1	62879
      1	62894
      1	62907
      2	62927
      3	62948
      1	62965
      1	63019
      1	63027
      1	63029
      1	63032
      1	63043
      1	63072
      1	63112
      1	63119
      1	63140
      1	63175
      2	63210
      1	63216
      1	63247
      1	63250
      2	63273
      1	63275
      1	63337
      4	63338
      1	63354
      2	63363
      1	63372
      1	63382
      1	63388
      3	63423
      1	63430
      1	63432
      1	63446
      1	63449
      1	63500
      1	63540
      2	63543
      1	63549
      1	63563
      1	63565
      1	63646
      6	63663
     21	63696
      1	63712
      4	63719
      1	63734
      1	63758
      1	63804
      1	63807
      3	63815
      3	63821
      1	63832
      2	63846
      4	63889
      1	63927
      1	63980
      1	63984
      1	63987
      1	64037
      2	64043
      1	64053
      2	64056
      2	64074
      1	64102
      1	64105
      1	64131
      1	64133
      2	64146
      1	64159
      1	64196
     14	64219
     22	64231
      1	64233
      1	64239
      5	64289
      1	64325
      1	64339
      1	64342
      1	64375
      1	64382
      1	64393
      1	64425
      2	64474
      1	64490
      1	64501
      1	64522
      1	64528
      1	64529
      2	64534
     16	64539
      1	64542
      1	64549
      2	64585
      1	64589
      1	64590
      8	64599
      2	64637
      1	64657
      3	64674
      4	64723
      1	64743
      1	64751
      6	64756
      1	64769
      1	64820
      1	64832
      3	64837
      5	64860
      1	64880
      1	64881
      1	64884
      1	64888
      4	64906
      2	64908
      1	64951
      1	64965
      5	64978
      2	64996
      1	65004
      2	65018
      1	65039
      1	65041
      2	65049
      2	65071
      1	65095
      1	65106
      1	65137
      2	65176
      5	65184
      1	65209
      1	65229
      3	65232
      9	65258
      2	65277
      2	65278
      2	65304
      1	65305
      3	65319
      1	65334
      1	65378
      1	65381
      1	65397
      1	65407
      1	65412
      2	65425
      2	65462
