      1	67
      4	162
      1	322
      2	384
      1	408
      7	422
      1	538
      1	547
      3	608
      2	710
      1	721
      2	779
      1	959
      1	982
      1	1103
      3	1151
      3	1232
      2	1248
      1	1288
      1	1320
      2	1378
      1	1532
      1	1598
      1	1720
      2	1882
      1	1894
      3	2125
      4	2150
      2	2479
      1	2695
      1	2806
      2	2827
      1	2915
      5	2976
      3	3079
      1	3093
      1	3123
      2	3243
      1	3272
      1	3404
      1	3425
      1	3486
      1	3636
      2	3690
      2	3764
      3	3810
      1	3841
      1	3882
      1	4148
      1	4445
      1	4613
      1	4626
      1	4664
      1	4668
      1	4672
      1	4817
      1	4865
      1	4926
      1	5116
      1	5314
      1	5424
      2	5531
      5	5600
      5	5640
      1	5645
     10	5697
      1	5728
      2	5785
      2	5813
      1	6085
      1	6231
      1	6276
      2	6358
      1	6578
      1	6586
      1	6699
      1	6921
      1	7302
      2	7339
      2	7566
      1	7616
      1	7644
      1	7706
      1	7718
      1	7782
      1	8310
      2	8367
      2	8436
      2	8504
      2	8717
      2	8718
      1	8782
      2	8870
      1	9116
      2	9152
      1	9153
      1	9159
      1	9217
      1	9334
      1	9345
      2	9372
      1	9391
      1	9516
      1	9659
      6	9690
      1	9709
      3	9728
      1	9731
      1	10001
      2	10037
      1	10147
      1	10447
      6	10600
      1	10610
      3	10673
      1	10700
      1	10819
      2	11095
      1	11321
      1	11398
      1	11749
      1	11969
      1	12088
      1	12290
      1	12301
      1	12342
      9	12350
      1	12558
      1	12611
      1	12787
      1	13382
      3	13456
      3	13487
      1	13567
      1	13574
      3	13633
      1	13724
      8	13734
      1	13737
      1	13863
      1	13891
      2	13975
      2	13980
      1	14110
     24	14118
      1	14201
      6	14213
      2	14296
      1	14310
      9	14343
      7	14405
      2	14525
      1	14606
      1	14790
      3	14799
      1	15147
      1	15340
      3	15355
     19	15437
      1	15446
      1	15451
      1	15563
      1	15681
      2	15710
      4	15750
      1	15985
      1	16004
      1	16023
      1	16106
      2	16135
      1	16230
      1	16377
      1	16418
      1	16465
      2	16851
      1	16853
      1	16862
      1	16886
      1	17225
      1	17370
     14	17426
      1	17430
      1	17572
      3	17597
      1	17613
      9	17825
      1	17898
      1	17965
      2	18022
      3	18040
      1	18354
      1	18498
      1	18539
      1	18746
      1	18814
      1	18846
     11	18937
      1	19091
      2	19237
      4	19335
      5	19496
      1	19692
      1	19766
      1	19812
      1	20030
      2	20117
      5	20156
      2	20160
      1	20162
      1	20172
     13	20647
      1	20955
      1	20993
      1	21017
      3	21284
      1	21312
      1	21337
      1	21467
      9	21758
      3	21775
      2	21930
      1	22192
      1	22227
      3	22292
      1	22351
      3	22419
      1	22482
      1	22615
      1	22713
      8	22727
      1	22888
     11	22940
      1	22970
      1	23086
      3	23168
      1	23275
      1	23291
      1	23385
      5	23577
      1	23843
     12	24242
      7	24298
      5	24302
      1	24331
      2	24406
      1	24497
      1	24750
      1	24839
      2	24869
      2	24934
      3	24982
      5	24990
      1	25022
      5	25024
      1	25125
      1	25129
      1	25242
      1	25309
      1	25449
      1	25483
      1	25551
      4	25724
      1	26005
      2	26043
      1	26091
      1	26144
      1	26157
      2	26179
      1	26287
      1	26551
      1	26633
      2	26711
      8	26838
      1	26904
      1	27339
      2	27429
     11	27842
      1	27862
     23	27904
      1	28059
      2	28071
      1	28084
      1	28213
      1	28224
      8	28250
      8	28258
      5	28405
      1	28560
      1	28583
      1	28872
      1	28919
      1	28990
      1	29090
      1	29128
      1	29245
      2	29424
      1	29457
      1	29538
      1	30097
      1	30131
      1	30462
      1	30571
      1	30590
     10	30637
      1	30660
      2	30686
      1	30756
      1	30857
      1	30909
      1	30997
      1	31386
      1	31589
      2	31658
      1	31758
      1	31826
      5	32055
      5	32147
      2	32272
      1	32278
      1	32328
      1	32497
      4	32722
      2	32747
      3	32851
      1	32886
      2	33057
      2	33094
      2	33400
      1	33447
      2	33521
      1	33554
      1	33565
      1	33579
      1	33594
      1	33662
      2	33674
      1	33810
      1	33814
      1	34083
      1	34110
      2	34133
      1	34190
      1	34303
      2	34323
      5	34599
      1	34683
      1	34699
      1	34704
      1	34738
      4	35051
      1	35096
      1	35114
      1	35220
      1	35349
      1	35360
      2	35390
      1	35420
      1	35644
      1	35838
      1	35924
      1	35993
      2	36073
      1	36193
      1	36213
      2	36234
      5	36368
      1	36434
      7	36435
      7	36495
      1	36559
      1	36627
      1	36658
      1	36850
      7	36960
      9	37119
      1	37121
      2	37243
      1	37308
      1	37331
      1	37341
      1	37389
      1	37407
      1	37490
      1	37515
      2	37565
      2	37640
      1	37921
      2	38122
      1	38216
      2	38330
      3	38486
      1	38614
      1	38650
      4	38738
      2	38863
      3	38878
      1	38886
      2	39000
      1	39119
      1	39134
      4	39196
      7	39348
      1	39525
      1	39804
      4	39964
      1	40074
      2	40079
      2	40132
      6	40137
      1	40178
      1	40230
      1	40302
      1	40314
      2	40429
      2	40537
      9	40577
      2	40661
      1	40682
      1	40813
      6	40825
      2	40843
      1	40916
      1	40933
      1	40944
      1	41032
      1	41298
      1	41696
      1	41742
      1	41883
      3	41952
      2	41986
      1	42021
      1	42166
      1	42256
      1	42540
      1	42863
      1	43145
      1	43152
      2	43157
      1	43294
      6	43417
      2	43493
      6	43558
      3	43693
      1	43832
      1	43858
      2	44047
      1	44153
      1	44237
      2	44311
      1	44328
      2	44329
     15	44415
      2	44467
      1	44657
      1	44741
      1	44750
      1	44771
      1	44792
      3	44878
      1	45056
      3	45178
      2	45307
      2	45358
      1	45359
      1	45393
      1	45438
      1	45635
      1	45753
      2	45811
      1	45835
      4	46122
      2	46183
      2	46263
      1	46274
      3	46302
      1	46368
      1	46417
      1	46492
      1	46558
      5	46574
      1	46595
      2	46656
      2	46688
      1	46848
      1	46899
      4	46940
     12	47029
      7	47038
      1	47072
      2	47151
      2	47185
      3	47361
      1	47410
      1	47846
     11	48261
      2	48267
      1	48279
      1	48408
      1	48566
      2	48577
      1	48666
      1	48735
      1	49073
      1	49188
      8	49202
      4	49305
      1	49337
      1	49377
      2	49403
      4	49427
      1	49551
      4	49570
      1	49600
      2	49710
      3	49718
      1	49823
      1	49855
      1	49956
      3	50169
      1	50419
      2	50427
      1	50508
      1	50609
      1	50733
      1	50780
      1	50792
      1	50847
     22	50930
      2	50940
      1	50943
      2	51002
      1	51026
      1	51093
      1	51106
      1	51169
      7	51321
      4	51331
      1	51392
      2	51394
      1	51457
      1	51475
      1	51740
      1	51948
      1	51988
      4	52121
      1	52261
      1	52317
      1	52347
      1	52370
      2	52414
      1	52434
      1	52511
      1	52591
      1	52686
      1	52791
      1	52794
      1	52801
      3	52892
      1	53020
      1	53207
      1	53271
      1	53450
      1	53519
      9	53759
      2	53810
      1	53874
      1	53882
      6	54030
      1	54124
      1	54323
      1	54430
      3	54474
      2	54608
      1	54813
      1	54851
      1	55072
      5	55102
      3	55199
      1	55268
      2	55332
      1	55584
      1	55779
      1	55801
      3	55920
      3	56113
      1	56194
      1	56359
      4	56399
      3	56553
      3	56583
      1	56760
      2	56762
      2	57041
      1	57393
      1	57449
      1	57495
      1	57624
      3	57629
      1	57842
      1	57872
      5	57951
      1	57978
      1	58103
      1	58336
     60	58413
      1	58617
      2	58712
      4	58735
      1	58750
      1	58805
      9	58858
      1	59037
      1	59049
      2	59069
      2	59096
      3	59157
      1	59209
      5	59222
      2	59235
      1	59438
      2	59442
      1	59520
      1	59525
      1	59571
      1	59674
      1	59691
      7	59775
      1	59959
      1	59970
      1	60058
      1	60063
      2	60114
      1	60118
      1	60127
      9	60197
      1	60389
      1	60542
      2	60543
      2	60556
      1	60558
      1	60589
      2	60630
      5	60722
      1	60796
      2	60817
      1	61091
      6	61110
      1	61131
      1	61138
      1	61186
      4	61207
      1	61230
     23	61261
      1	61275
      1	61376
      2	61426
      1	61584
      1	61659
      1	61752
      1	61775
      1	62006
     11	62119
      1	62189
      1	62312
      1	62336
      1	62463
      1	62631
      5	62880
      1	62893
      1	62947
      1	63024
      1	63112
      1	63204
      3	63366
      2	63369
      1	63454
      9	63607
      1	63771
      1	63820
      3	63821
      1	63902
      1	63987
      2	64067
      2	64286
      3	64474
      1	64515
      1	64528
      3	64637
      1	65004
      2	65080
      1	65121
     12	65137
      1	65185
      1	65534
