      1	123
      1	162
      1	475
      1	494
      1	515
      1	593
      1	751
      4	779
      1	804
      1	809
      1	841
      6	895
      1	1079
      2	1199
      4	1288
      1	1656
      1	1662
      1	1841
      1	2002
      3	2417
      1	2431
      1	2503
      1	2634
      1	2985
      1	3143
      1	3493
      1	3607
      1	3881
      2	4106
      2	4381
      8	4436
      1	4664
      2	5046
      1	5234
      1	5731
      1	5744
      1	5874
      1	6275
      1	6455
      2	6767
      2	6778
      1	7002
      2	7332
      1	7644
      2	7661
      1	7718
      1	7820
      1	8123
      4	8435
      1	8717
      1	9139
      1	9166
      1	9301
      3	9304
      1	9327
      2	9435
      1	9498
      1	9516
      1	9527
      1	9845
      5	10610
      2	10705
      1	10872
      1	10987
      1	11321
      2	11353
      1	11491
      1	11612
      3	11888
      4	11964
      1	12088
      1	12385
      1	12397
      1	12537
      1	12751
      1	12818
      1	12952
      1	12968
      6	13008
      2	13024
      1	13026
      1	13183
      1	13579
      1	13637
      1	13695
      1	13734
      4	13806
      1	13987
      1	14026
      1	14188
      1	14611
      1	14986
      1	15252
      1	15291
      1	15318
      1	15340
      1	15420
      1	15728
      1	15915
      1	16128
      2	16219
      1	16248
      1	16368
      2	16554
      2	16703
      1	17105
      1	17450
      1	17666
      2	18567
      1	18720
      2	18825
      1	18857
      1	19092
      3	19162
      1	19316
      1	19323
      4	19455
      1	19622
      1	19976
      1	20440
      1	20837
      3	20844
      2	20917
      1	20924
      1	21046
      2	21079
      2	21235
      1	21276
      1	21319
      1	21602
      1	21694
      1	21790
      1	21920
      1	21989
      1	22009
      3	22053
      1	22097
      1	22171
      1	22180
      1	22482
      1	22615
      1	22829
      1	23179
      1	23486
      1	23526
      1	23611
      5	23671
      1	24058
      1	24139
     11	24242
      1	24331
      1	24356
      1	24478
      1	25123
      1	25163
      1	25224
      1	25307
      8	25321
      4	25444
      3	25512
      1	25551
      1	25609
      1	25714
      1	25899
      2	26043
      1	26060
      1	26075
      1	26192
      1	26287
      3	26533
      2	26572
      1	26739
      1	26777
      1	26857
      1	26919
      2	27127
      1	27156
      4	27169
      1	27339
      2	27349
      1	27411
      1	27615
      1	28015
      1	28118
      1	28332
      1	28393
      1	28410
      1	28609
      1	28683
      1	28820
      1	28990
      1	29078
      1	29140
      1	29226
      1	29260
      1	29311
      1	29322
      1	29566
      4	29671
      1	29934
      2	30097
      1	30211
      2	30218
      1	30373
      1	30374
      1	30460
      1	30560
      1	30624
      1	30754
      1	30941
      1	30980
      1	30997
      1	31178
      2	31289
      1	31419
      1	31585
      2	31842
      1	32032
      1	32045
      2	32568
      1	32674
      1	32735
      1	32866
      2	32871
      1	33038
      1	33122
      2	33253
      1	33292
      2	33303
      1	33314
      5	33354
      3	33584
      1	33611
      1	33668
      1	34010
      1	34013
      1	34030
      2	34105
      1	34457
      1	34479
      1	34526
      3	34599
      1	34786
      4	34830
      1	35182
      1	35319
      1	35492
      1	35601
      1	35650
      1	35829
      1	35834
      1	35952
      1	36028
      1	36090
      2	36105
      1	36193
      1	36305
      1	36438
      4	36443
      1	36490
      1	36593
      1	36658
      1	36850
      1	36878
      2	37006
      3	37490
      1	37760
      7	37878
      1	38139
      1	38224
      1	38305
      1	38496
      1	38665
      1	39098
      1	39243
      1	39379
      1	39472
      1	39816
      1	39875
      1	39881
      1	40063
      1	40074
      1	40224
      1	40481
      1	40721
      1	40732
      1	41185
      3	41478
      4	41768
      1	42027
      1	42040
      2	42185
      4	42329
      7	42788
      1	42800
      1	42914
      1	43066
      1	43086
      1	43221
      3	43238
      2	43616
      1	43632
      2	43811
      3	43832
      1	43923
      5	43989
      2	44027
      1	44189
      1	44329
      1	44626
      2	44666
      1	44674
      1	44702
      1	44759
      1	44930
      1	44968
      2	45104
      1	45307
      1	45360
      2	45513
      3	45526
      1	45665
      1	45847
      2	45969
      1	45979
      1	45998
      1	46075
      2	46145
      1	46210
      1	46417
      1	46517
      2	46782
      1	46921
      1	47012
      1	47193
      1	47248
      2	47486
      1	47599
      1	48510
      2	48577
      7	48609
      1	48655
      2	48669
      3	48776
      2	48864
      1	49073
      2	49131
      1	49179
      1	49387
      1	49596
      3	49713
      3	49844
      1	50550
      1	50733
      2	51042
      1	51394
      1	51434
      2	51478
      1	51635
      1	51988
      1	52092
      2	52121
      1	52169
      1	52414
      2	52498
      1	52546
      1	52623
      1	52717
      2	52920
      1	53151
      1	53222
      2	53271
      1	53401
      1	53470
      4	53521
      3	53668
      1	53865
      2	53965
      1	54100
      2	54124
      1	54183
      1	54249
      1	54345
      7	54357
      1	54601
      1	55068
      1	55199
      3	55285
      1	55292
      1	55486
      1	55541
      1	55674
      2	55822
      1	55920
      2	56027
      2	56052
      1	56084
      1	56132
      1	56342
      1	56434
      2	56556
      1	56807
      1	57420
      2	57459
      1	57612
      1	57720
      1	57735
      1	57836
      1	57983
      1	58124
      1	58347
      1	58442
      1	58466
      1	58812
      5	58829
      3	58870
      1	59417
      1	59577
      1	59659
      1	59741
      4	59762
      1	59878
      1	59970
      1	60002
      1	60123
      1	60370
      1	60409
      1	60527
      1	60589
      1	60653
      1	60693
      1	61057
      1	61101
      2	61138
      1	61203
     11	61261
      2	61277
      1	61417
      1	61787
      1	61912
      1	62226
      1	62875
     16	63078
      1	63134
      1	63178
      1	63264
      1	63449
      1	63543
      2	63807
      1	64286
      1	64295
      2	64447
      1	64563
      2	64637
      1	64652
      1	64952
      2	65137
      1	65186
      5	65206
      1	65249
