      1	11
      1	35
      3	162
      1	173
      1	384
      2	425
      2	472
      1	537
      2	599
      1	865
      1	934
      1	951
      3	1023
      1	1160
      2	1288
      1	1532
      1	1534
      1	1640
      3	1683
      1	1841
      2	2041
      2	2114
      4	2124
      1	2452
      1	2503
      1	2687
      2	2743
      1	2819
      2	2849
      1	2909
      1	2985
      2	3102
      1	3136
      1	3252
      1	3293
      1	3332
      1	3425
      2	3427
      1	3524
      1	3543
      1	3675
      1	3778
      1	4108
      1	4250
      1	4307
      1	4528
      2	4606
      2	4608
      1	4661
      1	4785
      1	4808
      1	4959
      6	4969
      5	5037
      1	5737
      1	5744
      1	6032
      1	6101
      1	6146
      2	6293
      1	6331
      1	6654
      2	6685
      1	6828
      1	6854
      1	6949
      1	6969
      1	6992
      1	7030
      3	7396
      1	7660
      1	7718
      1	8016
      1	8172
      1	8193
      2	8248
      1	8478
      1	8537
      4	8624
      1	8730
      4	8784
      1	8826
      1	8934
      3	8956
      1	8983
      1	9120
      1	9178
      1	9211
      1	9227
      1	9304
      2	9498
      1	9509
      1	9564
      1	9633
      1	9640
      1	9643
      1	9705
      1	9724
      1	9928
      1	9950
      1	10053
      1	10119
      1	10241
      1	10366
      1	10454
      1	10505
      3	10657
      2	10815
      1	10987
      1	11189
      2	11353
      3	11402
      2	11535
      3	11721
      1	12122
      1	12271
      1	12288
      1	12290
      1	12301
      6	12356
      1	12368
      3	12386
      2	12450
      1	12510
      2	12561
      1	12705
      1	12708
      1	12724
      1	12768
      1	12783
      2	12936
      1	13210
      1	13273
      2	13344
      1	13383
     10	13403
      1	13421
      1	13681
      4	13830
      1	13911
      1	13952
      4	14095
      1	14127
      1	14187
      1	14326
      1	14349
      1	14352
      1	14457
      1	14460
      1	14481
      1	14493
      1	14540
      1	14626
      1	14674
      1	15056
      1	15147
      3	15183
      1	15260
      1	15318
      2	15420
      1	15729
      1	15752
      1	15775
      3	15818
      1	16266
      1	16482
      1	16503
      1	16684
      2	16753
      1	16789
      2	17039
      1	17296
      1	17341
      1	17405
      7	17508
      1	17736
      2	17739
      2	17990
      1	18077
      1	18143
      1	18175
      1	18292
      1	18441
      1	18636
      1	18652
      4	18811
      1	19237
      2	19305
      1	19493
      2	19629
      1	19759
      1	19859
      2	19889
      1	19904
      1	20050
      1	20597
      2	20611
      1	20837
      1	21121
      1	21247
      1	21258
      1	21271
      1	21468
      1	21650
      1	21662
      1	21780
      1	21781
      1	21832
      2	22164
      1	22171
      1	22194
      1	22240
      1	22290
      1	22370
      2	22394
      1	22538
      2	22554
      1	22654
      1	22823
      1	22902
      1	22915
      1	23054
      1	23070
      1	23275
      1	23487
      1	23526
      1	23547
      1	23843
      2	23895
      5	23917
      2	24044
      2	24274
      1	24349
      2	24418
      1	24645
      1	24677
      1	24699
      1	25136
      1	25145
      1	25296
      2	25318
      1	25346
      3	25390
      1	25551
      1	25610
      1	25612
      1	25633
      1	25689
      1	25983
      3	26043
      1	26111
      2	26135
      2	26216
      2	26263
      1	26345
      1	26379
      1	26474
      1	26478
      1	26560
      1	26667
      1	26703
      1	26718
      3	26777
      1	26818
      2	26983
      1	27041
      1	27197
      1	27257
      1	27286
      3	27364
      2	27382
      2	27409
      2	27411
      1	27418
      1	27469
      1	27495
      1	27519
      1	27726
      1	27880
      1	28031
      1	28242
      2	28285
      4	28488
      1	28495
      1	28499
      1	28533
      1	28731
      1	28733
      1	28818
      1	28824
      2	28840
      1	28879
      1	28922
      1	29202
      1	29213
      1	29456
      1	29467
      1	29945
      1	30064
      1	30097
      1	30203
      1	30211
      1	30439
      1	30460
      1	30462
      1	30581
      2	30734
      2	30886
      1	30942
      1	31150
      1	31174
      1	31249
      1	31520
      1	31545
      1	31563
      1	31758
      2	31841
      4	31852
      1	31919
      1	31943
      1	32045
      1	32147
      1	32235
      1	32246
      1	32316
      2	32345
      1	32685
      1	32754
      1	33122
      4	33135
      1	33511
      1	33516
      1	33549
      1	33586
      1	33594
      1	33611
      1	33830
      1	33992
      1	34133
      1	34195
      1	34219
      1	34303
      4	34323
      1	34443
      2	34530
      1	34563
      1	34608
      1	34737
      1	34787
      1	34903
      1	35122
      2	35221
      6	35380
      1	35591
      1	35758
      1	35901
      1	36062
      1	36100
      1	36105
      2	36232
      1	36377
      1	36438
      1	36768
      1	36796
      2	36810
      1	36833
      1	36863
      7	36878
      1	36904
      3	36973
      1	36991
      2	37110
      1	37127
      1	37284
      1	37368
      2	37438
      1	37449
      1	37588
      1	37617
      1	37640
      1	37901
      1	37983
      1	38121
      1	38171
      1	38221
      2	38227
      1	38392
      1	38439
      1	38461
      1	38616
      6	38696
      2	38796
      3	38831
      2	38874
      1	39144
      1	39176
      1	39234
      1	39251
      1	39325
      1	39328
      1	39340
      2	39521
      1	39660
      1	39721
      2	39773
      1	40195
      1	40202
      2	40556
      1	40769
      1	40774
      3	41141
      4	41185
      2	41244
      1	41245
      1	41420
      1	41443
      1	41927
      1	41974
      1	42027
      1	42214
      1	42357
      2	42420
      1	42864
      1	43019
      2	43294
      2	43379
      2	43412
      1	43499
      1	43507
      6	43714
      1	43803
      1	43819
      2	43832
      4	43989
      1	44019
      1	44056
      1	44094
      1	44105
      1	44153
      1	44481
      1	44630
      1	45001
      1	45089
      1	45307
      8	45335
      1	45383
      1	45457
      1	45459
      1	45550
      1	45557
      6	45570
      1	45767
      1	45847
      4	46008
      1	46102
      1	46132
      1	46267
      2	46417
      1	46430
      3	46827
      1	46848
      1	46925
      1	46937
      1	47025
      1	47099
      1	47102
      1	47153
      1	47159
      1	47311
      1	47348
      1	47486
      1	47693
      2	47756
      1	47788
      2	48064
      1	48800
      1	48806
      1	48965
      1	49080
      1	49155
      1	49177
      1	49200
      1	49290
      1	49347
      1	49358
      1	49387
      1	49966
      1	49993
      1	50544
      1	50660
      1	50727
      1	50738
      1	50899
      1	50937
      1	51052
      1	51149
      1	51300
      3	51354
      2	51434
      4	51475
      1	51516
      1	51548
      2	51822
      1	51913
      1	51914
      1	51948
      1	52224
      1	52260
      1	52360
      2	52414
      2	52546
      1	52652
      1	52793
      1	52815
      1	53049
      1	53224
      1	53237
      1	53416
      1	53624
      1	53846
      1	53865
      1	54025
      1	54127
      1	54136
      3	54345
      1	54445
      1	54512
      1	54557
      2	54605
      1	54968
      1	55045
      1	55198
      2	55205
      2	55305
      2	55330
      2	55410
      2	55418
      1	55477
      3	55486
      1	55511
      1	55646
      1	55758
      1	55855
      1	55962
      1	56015
      1	56133
      1	56225
      1	56487
      1	56496
      4	56583
      1	56614
     10	56615
      1	56644
      1	56688
      3	56693
      1	56697
      1	57041
      1	57050
      1	57144
      4	57279
      1	57525
      1	57557
      2	57600
      1	57719
      1	57784
      1	57791
      1	57809
      1	57877
      3	58047
      1	58447
      1	58492
      4	58553
      1	58575
      1	58783
      4	58805
      5	58913
      3	59058
      1	59105
      1	59117
      1	59119
      2	59176
      5	59327
      3	59340
      1	59360
      1	59408
      1	59902
      1	60100
      3	60543
      1	60570
      1	60630
      2	60672
      1	60997
      1	61057
      1	61207
      2	61220
      1	61261
      2	61300
      1	61323
      1	61330
      1	61445
      2	61447
      1	61472
      1	61521
      1	61761
      4	62041
      1	62053
      2	62108
      1	62183
      2	62189
      1	62238
      1	62268
      1	62427
      2	62607
      1	62681
      2	62875
      1	62985
      1	63173
      1	63303
      4	63409
      1	63603
      1	63821
      1	63839
      4	63900
      1	63992
      1	64043
      1	64090
      1	64268
      1	64443
      1	64446
      1	64454
     15	64474
      1	64535
      1	64539
      1	64582
      2	64680
      1	65032
      1	65179
      1	65256
