      1	71
      1	162
      2	182
      1	218
      1	322
      1	333
      1	334
      1	343
      1	365
      1	366
      1	399
      1	453
      1	515
      1	538
      1	546
      1	581
      2	590
      1	602
      1	634
      1	740
      3	758
      1	767
      1	775
      3	779
      1	813
      1	823
      1	865
      1	873
      1	1081
      1	1139
      2	1229
      1	1232
      1	1248
      1	1261
      2	1292
      1	1405
      1	1489
      1	1493
      2	1497
      1	1683
      1	1800
      2	1802
      1	1813
      1	1820
      1	1873
      1	2009
      2	2057
      1	2088
      1	2093
      1	2103
      1	2120
      2	2170
      1	2209
      1	2342
      3	2455
      1	2474
      1	2485
      2	2593
      1	2613
      1	2820
      1	2912
      1	2977
      1	3060
      2	3126
      1	3132
      1	3166
      1	3202
      1	3210
      2	3228
      3	3236
      2	3321
      1	3328
      2	3351
      1	3430
      1	3468
      1	3558
      2	3646
      1	3651
      1	3661
      1	3671
      2	3702
      1	3708
      1	3755
      1	3810
      1	3826
      1	3849
      1	3935
      1	4001
      1	4064
      1	4113
      1	4211
      1	4233
      1	4244
      1	4415
      1	4417
      1	4423
      1	4442
      1	4486
      1	4616
      1	4640
      1	4667
      2	4785
      1	4810
      1	4937
      1	5282
      1	5332
      1	5473
      2	5558
      1	5731
      1	5733
      1	5755
      1	5766
      1	5823
      1	5888
      1	6039
      1	6060
      3	6128
      1	6156
      1	6170
      1	6197
      2	6275
      1	6423
      2	6497
      1	6502
      2	6575
      1	6621
      1	6941
      1	6959
      1	6969
      1	7002
      1	7040
      1	7177
      1	7218
      1	7397
      1	7403
      2	7517
      1	7576
      1	7601
      1	7692
      1	7774
      1	7855
      1	8036
      1	8059
      1	8281
      1	8297
      1	8399
      1	8639
      1	8652
      1	8760
      1	8782
      1	8827
      1	8853
      1	8955
      1	9011
      1	9038
      1	9073
      1	9102
      3	9132
      1	9168
      1	9191
      4	9229
      1	9269
      1	9317
      2	9327
      2	9409
      1	9461
      1	9486
      1	9693
     10	9705
      1	9877
      1	9878
      2	9886
      1	9900
      1	9999
      1	10026
      1	10028
      1	10075
      1	10205
      1	10241
      1	10314
      2	10324
      1	10346
      1	10374
      1	10416
      1	10454
      1	10464
      1	10497
      1	10520
      1	10553
      1	10578
      1	10589
      1	10657
      1	10848
      1	10960
      1	10965
      1	11244
      1	11439
      4	11443
      1	11494
      1	11535
      1	11634
      1	11654
      1	11682
      1	11760
      1	11810
      1	11837
      1	11879
      1	11898
      1	11969
      1	11982
      3	11990
      2	12058
      1	12245
      1	12253
      1	12307
      1	12334
      3	12397
      1	12400
      2	12502
      3	12627
      1	12712
      1	12717
      1	12728
      1	12778
      1	12804
      1	12925
      1	12948
      1	13004
      1	13022
      2	13054
      2	13129
      1	13133
      1	13193
      1	13294
      1	13333
      1	13349
      1	13390
      1	13423
      1	13459
      1	13481
      1	13490
      2	13595
      1	13654
      2	13695
      1	13738
      1	13743
      2	13804
      1	13805
      1	13865
      1	13871
      1	13954
      3	13992
      1	14053
      2	14081
      1	14128
      1	14177
      1	14189
      1	14289
      1	14332
      1	14923
      1	14960
      1	14969
      1	14996
      2	15033
      2	15036
      2	15125
      1	15185
      1	15271
      2	15530
      1	15561
      1	15617
      1	15641
      1	15725
      3	15789
      2	15903
      2	15925
      2	15932
      1	15985
      1	16079
      1	16134
      2	16135
      1	16141
      4	16148
      1	16181
      1	16188
      1	16199
      1	16233
      1	16362
      2	16482
      1	16529
      1	16604
      1	16620
      1	16628
      1	16728
      1	16772
      1	17015
      1	17019
      1	17135
      2	17219
      2	17225
      1	17317
      1	17338
      4	17352
      1	17356
      1	17498
      1	17507
      1	17619
      1	17715
      1	17728
      2	17807
      1	17808
      1	17887
      1	17895
      1	18028
      1	18278
      1	18554
      1	18567
      2	18660
      1	18677
      2	18770
      1	18905
      1	19150
      1	19215
      1	19319
      1	19341
      1	19353
      1	19403
      2	19410
      2	19475
      1	19744
      1	19911
      1	20117
      1	20132
      1	20268
      1	20397
      1	20610
      4	20613
      1	20618
      1	20713
      1	20779
      2	20827
      1	20949
      1	20955
      1	20965
      1	21034
      1	21082
      1	21125
      1	21180
      1	21204
      1	21243
      2	21380
      1	21563
      1	21623
      2	21628
      1	21647
      2	21652
      1	21665
      1	21710
      2	21722
      1	21777
      1	21915
      4	22010
      1	22134
      1	22244
      1	22264
      1	22336
      1	22428
      2	22451
      1	22523
      1	22525
      1	22686
      1	22713
      1	22859
      2	22980
      1	23023
      1	23134
      2	23166
      1	23266
      1	23321
      1	23354
      1	23449
      1	23456
      3	23577
      1	23594
      2	23620
      1	23808
      1	23857
      1	23923
      1	23932
      3	24181
      1	24298
      2	24333
      1	24334
      1	24527
      1	24587
      1	24698
      1	24821
      5	24942
      2	25101
      1	25125
      1	25133
      1	25163
      1	25177
      1	25338
      1	25358
      1	25360
      1	25436
      1	25447
      1	25507
      1	25516
      1	25563
      1	25602
      1	25666
      1	25711
      3	25856
      6	25871
      1	25938
      3	25960
      1	25985
      1	26115
      1	26356
      1	26597
      1	26725
      1	26777
      1	26795
      1	26849
      1	26875
      1	26947
      2	26992
      2	26993
      1	27117
      1	27248
      1	27257
      1	27325
      2	27367
      1	27474
      1	27672
      1	27854
      1	27966
      3	28012
      1	28025
      1	28084
      1	28196
      1	28209
      1	28212
      1	28440
      1	28635
      1	28879
      1	28903
      1	28936
      1	29033
      1	29060
      1	29061
      1	29164
      6	29284
      1	29287
      1	29329
      1	29422
      1	29497
      1	29510
      1	29561
      2	29596
      1	29667
      1	29686
      1	29808
      2	29865
      1	29934
      1	29946
      1	30055
      1	30153
      1	30186
      1	30209
      1	30282
      1	30311
      1	30324
      2	30356
      3	30460
      1	30461
      2	30580
      1	30595
      1	30600
      1	30659
      2	30676
      8	30710
      1	30742
      1	30751
      1	30788
      1	30883
      2	31032
      1	31078
      1	31119
      1	31140
      2	31154
      1	31249
      1	31469
      1	31473
      1	31474
      1	31562
      1	31626
      2	31722
      1	31732
      1	31853
      2	31915
      1	32040
      1	32043
      1	32070
      1	32089
      1	32235
      1	32497
      1	32515
      2	32621
      1	32646
      1	32653
      3	32677
      1	32683
      3	32750
      1	32802
      2	32810
      4	32863
      1	32871
      2	33027
      1	33087
      1	33165
      3	33194
      1	33349
      1	33465
      1	33562
      1	33569
      1	33662
      1	33664
      1	33682
      1	33721
      1	33894
      1	33972
      2	33991
      2	33992
      1	34070
      3	34133
      3	34144
      1	34207
      1	34401
      2	34452
      1	34479
      1	34496
      1	34576
      3	34708
      2	34763
      1	34836
      1	34927
      2	34933
      1	34987
      1	35004
      1	35055
      2	35094
      1	35115
      1	35420
      2	35708
      1	35737
      1	35794
      1	35836
      1	35923
      9	35937
      2	35949
      2	35978
      3	36112
      1	36295
      1	36301
      1	36346
      2	36368
      1	36465
      1	36515
      1	36534
      3	36667
      1	36690
      1	36723
      1	36742
      1	36800
      1	36855
      1	36928
      1	37016
      1	37052
      1	37087
      1	37152
      1	37174
      1	37226
      1	37324
      1	37413
      1	37453
      1	37464
      1	37465
      1	37549
      2	37586
      1	37608
      4	37640
      2	37651
      1	37679
      1	37710
      3	37763
      1	37820
      1	37885
      1	37892
      1	38090
      1	38133
      1	38146
      3	38163
      1	38216
      1	38221
      1	38238
      2	38389
      1	38441
      1	38480
      1	38520
      6	38533
      1	38636
      1	38677
      1	38681
      2	38829
      1	38939
      1	38991
      1	38993
      1	39176
      2	39213
      1	39241
      2	39325
      1	39403
      2	39432
      1	39448
      1	39465
      1	39537
      1	39561
      1	39638
      3	39795
      1	39807
      1	39868
      1	40056
      1	40063
      1	40143
      1	40163
      1	40252
      1	40362
      1	40394
      2	40411
      1	40439
      2	40450
      1	40483
      1	40556
      1	40574
      1	40616
      1	40619
      1	40640
      1	40649
      1	40666
      1	40682
      1	40736
      2	40779
      1	40828
      1	40941
      1	41093
      1	41188
      1	41235
      3	41333
      1	41361
      1	41394
      1	41582
      1	41702
      1	41774
      1	41983
      1	41986
      3	41987
      1	42010
      1	42110
      1	42144
      1	42201
      1	42419
      1	42464
      1	42489
      1	42517
      1	42595
      2	42651
      1	42677
      2	42755
      1	42758
      1	42773
      1	43260
      1	43383
      1	43397
      1	43478
      1	43526
      1	43611
      1	43863
      1	43919
      1	43932
      1	43940
      1	43965
      1	43996
      1	44078
      1	44112
      2	44117
      1	44241
      1	44399
      2	44489
      2	44575
      1	44626
      1	44633
      1	44668
      1	44687
      1	44763
      1	44806
      3	44833
      2	44907
      1	44927
      2	44961
      1	44968
      1	44972
      1	44983
      1	45044
      1	45135
      1	45145
      1	45162
      1	45425
      2	45464
      1	45623
      1	45772
      1	45833
      1	46026
      1	46123
      2	46173
      1	46184
      1	46259
      1	46282
      2	46364
      1	46488
      1	46539
      2	46551
      1	46598
      1	46623
      1	46658
      1	46680
      2	46698
      1	46743
      1	46780
      1	46921
      1	47160
      1	47208
      1	47260
      1	47265
      1	47294
      1	47311
      1	47324
      1	47384
      1	47442
      1	47692
      1	47697
      1	47851
      1	47903
      1	47994
      1	48064
      1	48279
      2	48301
      1	48360
      2	48422
      1	48578
      1	48852
      1	48870
      1	48874
      1	48903
      1	49025
      1	49128
      2	49134
      1	49158
      2	49180
      1	49387
      1	49490
      1	49501
      2	49538
      1	49582
      1	49606
      1	49722
      1	49780
      1	49938
      1	50149
      3	50200
      1	50294
      1	50377
      1	50466
      1	50473
      1	50494
      1	50544
      1	50557
      3	50645
      1	50702
      1	50717
      1	50771
      1	50781
      1	50955
      1	51064
      2	51144
      1	51175
      1	51358
      1	51430
      2	51574
      1	51582
      1	51587
      3	51822
      1	51838
      6	51959
      1	51981
      1	52118
      3	52121
      1	52175
      1	52239
      1	52246
      2	52370
      1	52397
      2	52400
      2	52409
      1	52414
      1	52421
      1	52528
      1	52532
      1	52534
      2	52564
      1	52613
      8	52660
      1	52679
      3	52707
      1	52739
      1	52801
      1	52856
      2	52985
      1	53095
      2	53146
      1	53357
      1	53363
      1	53368
      1	53401
      1	53435
      1	53494
      1	53517
      1	53519
      2	53619
      1	53624
      1	53767
      1	53902
      1	53925
      1	53962
      1	54103
      2	54205
      2	54210
      1	54224
      2	54245
      1	54280
      1	54293
      3	54345
      2	54356
      5	54395
      1	54449
      1	54472
      1	54658
      1	54700
      5	54745
      1	54785
      1	54898
      1	54929
      1	54961
      1	54967
      1	55031
      1	55073
      1	55092
      3	55217
      1	55231
      1	55237
      1	55421
      1	55564
      1	55587
      2	55674
      1	55735
      1	55749
      1	55965
      2	56027
      1	56094
      1	56105
      1	56188
      2	56195
      2	56273
      1	56390
      1	56444
      1	56557
      1	56560
      1	56583
      2	56631
      1	56720
      1	56807
      1	56846
      1	56880
      1	56952
      1	57110
      1	57133
      1	57144
      1	57187
      1	57253
      1	57349
      1	57367
      1	57449
      1	57466
      1	57594
      1	57608
      1	57622
      1	57709
      1	57750
      1	57823
      1	57922
      1	57934
      1	57950
      1	57965
      1	58025
      1	58053
      1	58104
      1	58347
      1	58358
      1	58386
      2	58488
      1	58511
      1	58566
      1	58656
      3	58731
      1	58786
      1	58816
      1	58908
      1	59134
      2	59147
      2	59333
      1	59472
      3	59659
      1	59663
      8	59720
      1	59818
      1	60000
      1	60139
      1	60156
      1	60390
      1	60428
      1	60517
      1	60565
      1	60581
      1	60584
      1	60638
      1	60652
      2	60653
      1	60724
      1	60766
      1	60796
      1	60852
      3	60915
      1	60983
      1	61064
      1	61066
      1	61116
      1	61152
      1	61191
      1	61261
      1	61402
      1	61635
      2	61787
      1	61817
      1	61941
      1	62028
      1	62041
      1	62061
      2	62082
      1	62087
      2	62131
      1	62183
      1	62189
      2	62247
      1	62252
      1	62300
      1	62469
      1	62664
      1	62730
      1	62731
      1	62766
      1	62846
      1	62865
      1	62899
      1	63077
      1	63094
      1	63278
      1	63330
      1	63338
      2	63409
      1	63422
      1	63518
      1	63528
      2	63660
      1	63665
      3	63696
      1	63807
      1	63825
      1	63877
      1	63918
      1	63940
      2	63950
      1	63982
      6	64170
      1	64259
      1	64295
      1	64307
      1	64327
      1	64339
      1	64360
      1	64369
      1	64371
      1	64473
      1	64505
      7	64529
      1	64552
      1	64582
      1	64637
      2	64657
      1	64680
      1	64856
      3	64876
      2	64942
      1	65008
      1	65182
      4	65334
      2	65374
      1	65375
      1	65408
      1	65410
      1	65518
