      1	109
      1	232
      1	283
      1	293
      1	306
      3	346
      4	377
      1	407
      2	425
      1	507
      1	538
      1	657
      1	670
      2	685
      1	743
      1	779
      1	788
      3	887
      1	931
      1	938
      1	990
      1	993
      1	1001
      1	1033
      1	1058
      3	1073
      1	1076
      1	1121
      1	1133
      1	1139
      3	1144
     12	1193
      1	1221
      1	1222
      1	1232
      1	1248
      1	1310
      1	1508
      1	1528
      1	1548
      2	1593
      1	1597
      1	1610
      2	1620
      1	1645
      1	1667
      1	1689
      1	1701
      1	1726
      1	1731
      2	1747
      1	1780
      1	1806
      1	1834
      1	1866
      2	1990
      4	2041
      1	2044
      1	2066
      1	2136
      1	2157
      1	2206
      1	2215
      1	2251
      3	2340
      1	2386
      1	2438
      1	2441
      1	2447
      8	2457
      1	2515
      1	2522
      2	2532
      1	2533
      2	2580
      1	2589
      1	2596
      1	2597
      1	2598
      1	2659
      3	2676
      1	2689
      1	2695
      1	2710
      1	2717
      1	2722
      1	2771
      1	2802
      3	2819
      1	2821
      1	2832
      1	2906
      1	2910
      1	2978
      1	2999
      4	3007
     14	3014
      2	3050
      1	3077
      2	3096
      1	3098
      1	3100
      1	3111
      1	3136
      1	3233
      5	3241
      5	3284
      1	3364
      1	3376
      1	3388
      1	3448
      1	3516
      1	3517
      5	3532
      1	3545
      2	3576
      1	3745
      1	3760
      1	3805
      1	3838
      1	3868
      1	3913
      2	3935
      1	3973
      1	3991
      1	3999
      1	4010
      3	4020
      2	4034
      1	4078
      1	4095
      1	4194
      3	4229
      1	4243
      1	4269
      1	4304
      1	4311
      1	4378
      1	4385
      1	4389
      3	4436
      1	4457
     10	4460
      1	4486
      2	4552
      1	4558
      1	4606
     15	4645
      1	4655
      1	4658
      1	4661
      1	4664
      1	4734
      1	4773
      1	4793
      1	4794
      1	4830
      1	4883
      1	4884
      1	4913
      1	4937
      2	4951
      1	4953
      7	4959
      1	4965
      1	4974
      1	5000
      1	5011
      1	5057
      1	5070
      1	5093
      1	5105
      2	5128
      1	5235
      1	5240
      2	5259
      1	5273
      1	5300
      1	5317
      1	5341
      1	5347
      1	5378
      3	5402
      1	5409
      1	5475
      1	5476
      1	5507
      1	5544
      1	5611
      1	5631
      1	5737
      1	5763
      1	5813
      1	5841
      1	5904
      2	6045
      1	6048
      1	6052
      2	6073
      1	6083
      1	6084
      1	6125
      1	6135
      6	6149
      1	6162
      2	6208
      1	6229
      1	6278
      1	6363
      1	6445
      9	6497
      1	6538
      1	6612
      4	6647
      1	6660
      1	6723
      1	6730
      1	6768
      8	6836
      1	6852
      1	6864
      1	6866
      1	6897
      1	6901
      2	6903
      1	6904
      1	6947
      2	6967
      4	6971
      1	6980
      1	7005
      1	7033
      1	7075
      2	7081
      1	7094
      1	7117
      1	7118
      1	7151
      1	7197
      1	7205
      1	7226
      2	7335
      1	7339
      2	7392
      1	7481
      1	7493
      1	7499
      1	7519
      1	7549
      1	7562
      1	7632
      1	7634
      3	7670
      1	7671
      1	7712
      2	7824
      2	7835
      1	7857
      1	7865
      1	7891
      1	7929
      1	7983
      1	8048
      1	8053
      4	8062
      1	8084
      1	8112
      2	8154
      1	8243
      2	8297
      1	8323
      1	8377
      1	8391
      1	8419
      1	8546
      1	8621
      1	8640
      4	8677
      1	8685
      1	8721
      1	8741
      1	8757
      1	8758
      2	8760
      1	8763
      1	8793
      1	8798
      1	8831
      1	8838
      1	8839
      1	8858
      1	8880
      2	8897
      1	8931
      1	8950
      1	8985
      1	8990
      1	9038
      2	9059
      1	9064
      2	9066
      1	9091
      1	9100
      1	9104
      5	9121
      3	9152
      4	9178
      1	9182
      1	9211
      1	9254
      1	9269
      1	9286
      2	9287
      1	9296
      1	9304
      3	9315
      1	9348
      1	9364
      1	9411
      2	9442
      1	9484
      1	9553
      1	9606
      1	9608
      3	9705
      1	9717
      1	9719
      1	9733
      1	9811
      1	9922
      1	9927
      1	10012
     21	10026
      1	10047
      1	10085
      1	10125
      1	10195
      1	10196
      1	10214
      1	10221
      1	10240
      2	10346
      2	10368
      1	10410
      1	10445
      1	10481
      1	10493
      1	10500
      1	10502
      5	10593
      1	10615
      1	10628
      5	10657
      1	10661
      1	10666
      1	10707
      1	10720
      6	10798
      1	10894
      2	10899
      1	10919
      8	10943
      1	10965
      1	10969
      1	10977
      1	10994
     11	10995
      1	11002
      1	11176
      1	11177
      1	11189
      1	11220
      1	11238
      1	11244
      1	11302
      1	11303
      1	11308
      2	11390
     11	11420
      2	11464
      1	11487
      2	11524
      1	11530
      1	11545
      1	11610
      1	11632
      1	11658
      1	11687
      1	11717
      1	11754
      3	11794
      1	11806
      1	11824
      1	11970
      2	12019
      1	12031
      1	12053
      1	12091
      1	12100
      1	12119
      1	12145
      1	12206
      1	12227
    134	12237
      1	12240
      5	12249
      1	12259
      1	12271
      1	12294
      1	12333
      1	12354
      1	12356
      1	12359
      2	12394
      1	12434
      2	12477
      1	12478
      1	12495
      1	12502
      2	12561
      1	12657
      2	12707
      1	12746
      3	12870
      3	12908
      1	12909
      1	12933
      1	13001
      1	13008
      1	13062
      1	13064
      2	13101
      1	13105
      9	13118
      1	13193
      1	13194
      3	13204
      2	13210
      1	13217
      1	13270
      1	13294
      1	13324
      1	13407
      1	13420
      1	13492
      1	13505
      1	13559
      1	13589
      1	13618
      2	13643
      1	13693
      1	13699
      1	13725
      1	13750
      1	13803
      3	13830
      1	13882
      1	13911
      1	14002
      1	14063
      1	14073
      1	14080
      1	14110
      1	14122
      1	14124
      1	14127
      1	14177
      1	14268
      1	14286
      1	14299
      1	14301
      1	14343
      1	14360
      2	14416
      1	14440
      1	14484
      1	14519
      1	14540
      1	14587
      5	14618
      1	14663
      1	14666
      3	14688
      1	14696
      1	14754
      2	14755
      1	14770
      1	14991
      1	15018
      1	15072
      1	15185
      1	15191
      1	15252
      1	15273
      1	15278
      1	15280
      6	15282
      1	15308
      2	15318
      6	15335
      1	15376
      1	15420
     33	15515
      1	15517
      1	15530
      2	15534
      1	15542
      1	15549
      5	15601
      1	15625
      1	15626
      1	15659
      6	15661
      1	15700
      1	15702
      1	15704
      2	15715
      2	15730
      1	15766
      1	15776
      1	15784
      1	15847
      1	15879
      1	15910
      1	15923
      1	15950
      1	15984
      1	15985
      4	16015
      1	16018
      4	16049
      1	16108
      1	16144
      2	16148
      6	16149
      1	16174
      1	16227
      1	16246
      2	16252
      3	16365
      2	16368
      1	16370
      1	16373
      1	16375
      1	16393
      1	16405
      1	16432
      4	16482
      1	16509
      1	16510
      2	16526
      1	16539
     12	16554
      2	16588
      1	16638
      3	16704
      1	16726
      3	16757
      1	16780
      1	16845
      1	16877
      1	16899
      3	16916
      2	16950
      1	16953
      1	17017
      2	17023
      1	17064
      1	17101
      1	17109
      1	17110
      1	17112
      1	17175
      1	17212
      1	17258
      5	17267
      2	17282
      1	17299
      1	17315
      1	17333
      5	17341
      1	17405
      1	17441
      1	17443
      1	17522
      1	17526
      1	17624
      1	17630
      1	17635
      1	17752
      1	17868
      1	17877
      1	17885
      1	17901
      1	17923
      1	17956
      1	17980
      1	18013
      1	18069
     14	18077
      1	18096
      1	18132
      1	18143
      1	18175
      1	18291
      1	18340
      3	18387
      2	18444
      1	18452
      2	18464
      1	18492
      1	18508
      1	18524
      1	18552
      1	18568
      1	18590
      1	18599
      1	18623
      2	18636
      1	18647
      1	18677
      2	18699
      1	18705
      1	18775
      1	18783
      4	18791
      2	18824
      2	18988
      1	18994
      1	19004
      1	19012
      2	19030
      2	19033
      1	19037
      1	19099
      2	19131
      1	19134
      1	19155
      1	19176
      1	19195
      1	19282
      2	19305
      1	19353
      2	19395
      1	19436
      2	19443
      1	19465
      1	19471
      1	19473
      1	19539
      1	19543
      1	19544
      1	19667
      1	19674
      1	19703
      1	19711
      1	19715
      1	19746
      1	19801
      1	19831
      2	19843
      1	19874
      1	19889
      1	19904
      2	19917
      1	20056
      1	20242
      3	20311
      1	20320
      1	20344
      1	20396
      1	20428
      1	20541
      1	20547
      1	20554
      1	20558
      1	20583
      1	20586
      1	20594
      1	20618
      1	20649
      5	20682
      1	20684
      1	20698
      1	20709
      1	20726
      7	20742
      1	20772
      1	20866
      1	20878
      1	20891
      1	20915
      3	20926
      1	20957
      2	20994
      1	21017
      1	21046
      1	21056
      1	21073
      1	21082
      1	21106
      2	21144
      1	21184
      1	21188
      5	21221
      2	21231
      1	21237
      1	21243
      1	21253
      1	21267
      1	21278
      1	21279
      1	21321
      1	21378
      1	21410
      1	21411
      1	21428
      2	21443
      1	21482
      1	21503
      1	21505
      1	21622
      1	21639
      1	21657
      1	21662
      1	21688
      1	21689
      2	21706
      1	21710
      1	21713
      1	21717
      1	21737
      1	21783
      1	21789
      1	21828
      1	21837
      1	21842
      1	21858
      1	21942
      2	21952
      1	22145
      5	22262
      1	22305
      1	22309
      1	22335
      1	22355
      1	22363
      2	22365
      2	22367
      3	22378
      1	22385
      2	22400
      1	22408
      1	22410
      1	22458
      1	22517
      1	22570
      1	22733
      1	22738
      1	22751
      1	22837
      1	22838
      2	22847
      1	22860
      1	22862
      1	22866
      1	22867
      1	22873
      6	22876
      1	22883
      1	22911
      1	22918
      1	22930
     17	22951
      1	22970
      1	22973
      1	22978
      1	23000
      1	23029
      1	23094
      1	23110
      1	23114
      1	23191
      1	23252
      1	23324
      1	23339
      1	23379
      2	23443
      1	23447
      1	23465
      1	23478
      1	23480
      2	23535
      1	23547
      1	23549
      1	23550
      2	23676
      2	23683
      1	23790
      1	23849
      1	23880
      1	23917
      1	23918
      1	23935
      1	23997
      1	24034
      1	24081
      1	24088
      1	24114
      3	24116
      1	24135
      2	24231
      1	24289
      1	24312
      1	24340
      1	24345
      1	24395
      8	24422
      2	24449
      1	24456
      1	24457
      1	24459
      1	24486
      1	24538
      1	24573
      1	24574
      2	24627
      1	24644
      1	24682
      1	24692
      1	24703
      2	24722
      1	24728
      3	24743
      1	24750
      1	24854
      1	24855
      1	24902
      3	24917
      1	24943
      1	24947
      1	24948
      1	25078
      1	25131
      2	25133
      1	25163
      1	25189
      1	25193
      1	25252
      1	25265
      1	25277
      1	25281
      1	25312
      1	25334
      1	25339
      1	25442
      1	25476
      1	25511
      1	25521
      2	25527
      1	25534
      1	25554
      1	25556
      1	25587
      1	25628
      2	25682
      2	25689
      4	25695
      1	25719
      1	25746
      1	25762
      1	25790
      2	25813
      1	25833
      1	25899
      1	25962
      1	26038
      1	26108
      1	26194
      2	26232
      6	26236
      1	26281
      3	26341
      2	26400
      1	26412
      1	26435
      1	26468
      1	26485
      1	26507
      1	26519
      1	26531
      1	26590
      1	26604
      1	26623
      2	26625
      1	26675
      1	26685
      1	26715
      2	26728
      1	26753
      1	26768
      1	26931
      1	26945
      8	26992
      1	27015
      1	27017
      1	27052
      1	27069
      1	27102
      1	27182
      1	27198
      1	27202
      1	27235
      1	27257
      1	27282
      1	27286
      1	27323
      1	27370
      1	27411
      1	27414
      3	27446
      1	27499
      1	27509
      1	27569
      1	27600
      1	27603
      1	27606
      1	27675
      1	27679
      1	27691
      1	27731
      1	27735
      1	27782
      1	27844
      1	27907
      2	27931
      1	27943
      7	27944
      1	28004
      1	28025
      1	28034
      1	28072
      1	28110
      1	28153
      1	28166
      1	28183
      2	28285
      1	28321
      1	28331
      2	28338
      1	28339
      2	28342
      1	28383
      1	28414
      2	28415
      1	28422
      2	28429
      2	28495
      1	28503
      1	28533
      1	28605
      1	28665
      1	28738
      1	28748
      1	28752
      1	28781
      1	28793
      1	28797
      3	28881
      1	28912
      3	29011
      1	29139
      3	29213
      1	29220
      1	29234
      2	29263
      1	29280
      1	29358
      1	29377
      1	29386
      1	29398
      1	29429
      8	29446
      8	29540
      1	29573
      1	29592
      1	29620
      1	29632
      1	29633
      1	29657
     10	29677
      1	29771
      1	29811
      1	29815
      1	29816
      1	29826
      1	29906
      1	29922
      1	29992
      2	30032
      1	30042
      1	30116
      1	30290
      2	30373
      1	30386
      1	30410
      1	30432
      1	30439
      1	30458
      1	30462
      1	30489
      1	30540
      1	30596
      1	30609
      1	30619
      1	30639
      1	30673
      1	30685
      3	30719
      1	30776
      1	30796
      1	30832
      1	30836
      3	30880
      1	30895
      2	30902
      1	30917
      1	30936
     10	30939
      1	30951
      3	30957
      1	30960
      1	30968
      3	30983
      2	31019
      2	31041
      5	31063
      1	31108
      1	31177
      1	31190
      1	31191
      1	31210
      1	31218
      4	31247
      3	31249
      2	31328
      2	31329
      1	31375
      1	31378
      2	31379
      1	31436
      1	31498
      1	31545
      1	31572
      1	31591
      1	31605
      1	31650
      1	31691
      1	31695
      2	31764
      1	31781
      1	31975
      1	32008
      1	32012
      1	32032
      1	32039
      1	32158
      2	32180
      1	32193
      2	32200
      1	32201
      1	32223
      1	32224
      1	32260
      1	32261
      1	32294
      1	32359
      1	32494
      2	32498
      1	32522
      1	32547
      1	32591
      1	32646
      1	32656
      1	32660
      1	32668
      1	32671
      2	32687
      1	32711
      1	32718
      3	32765
      1	32766
      1	32779
      1	32803
      3	32809
      1	32848
      1	32897
      1	32907
      1	32908
      3	32936
      1	32959
      1	32967
      1	33026
      1	33048
      1	33049
      1	33050
      1	33093
      1	33153
      1	33373
      1	33396
      2	33399
      4	33416
      4	33465
      1	33499
      1	33622
      1	33628
      1	33656
      1	33669
      4	33687
     11	33705
      1	33768
      1	33773
      1	33830
      1	33865
      1	33885
      2	34010
      1	34050
      3	34060
      1	34080
      1	34083
      1	34128
      1	34196
     12	34219
      1	34225
      1	34255
     11	34261
      1	34263
      3	34285
      1	34292
      1	34350
      1	34405
      2	34411
      1	34448
     65	34452
      1	34456
      1	34479
      1	34493
      1	34525
      1	34531
      4	34537
      4	34548
      1	34554
      1	34557
      4	34721
      1	34751
      1	34761
      4	34763
      1	34882
      1	34903
      1	34933
      1	34978
      2	34988
      1	35003
      1	35099
      1	35132
      2	35166
      2	35171
      3	35198
      1	35206
      1	35236
      3	35248
      4	35263
      1	35294
      1	35327
      1	35388
      1	35417
      1	35445
      1	35509
      1	35543
      1	35563
      1	35576
      8	35591
      1	35613
      1	35622
      1	35629
      1	35650
      1	35666
      3	35671
      1	35694
      2	35741
      1	35759
      1	35774
      3	35780
      1	35803
      1	35900
      1	35915
      1	35960
      1	36004
      1	36026
      6	36137
      5	36172
      1	36251
      1	36258
      1	36298
      1	36317
      1	36319
      1	36381
      1	36384
      1	36428
      1	36546
      1	36667
      1	36696
      1	36715
      1	36728
      5	36736
      1	36771
      1	36828
      1	36829
      7	36904
      1	36935
      1	36951
      1	36965
      2	36973
      1	37017
      1	37048
      1	37069
      1	37093
      1	37104
      2	37110
     11	37127
      1	37145
      1	37169
      1	37201
      1	37240
      1	37250
      1	37264
      1	37348
      2	37363
      1	37372
      1	37423
      1	37446
      1	37447
      2	37499
      1	37513
      1	37514
      1	37518
      1	37576
      1	37602
     10	37617
      1	37651
      2	37688
      1	37702
      2	37734
      1	37754
      2	37856
      4	37867
      2	37904
      1	37915
      5	37922
      1	37928
      1	37947
      1	37993
      1	37995
      1	38031
      2	38227
      3	38236
      4	38315
      1	38321
      1	38358
      1	38392
      2	38423
      3	38436
      1	38483
      1	38484
      1	38520
      1	38556
      1	38581
      1	38621
      1	38641
      1	38663
      3	38676
      1	38687
      2	38696
      1	38704
      3	38796
      1	38820
      1	38847
      6	38858
      1	38946
      2	39095
      1	39099
      2	39123
      1	39157
      2	39168
      1	39183
      1	39188
      1	39220
      1	39248
      1	39254
      1	39257
      1	39368
      1	39379
      2	39520
      4	39521
      1	39523
      1	39642
      1	39650
      1	39747
      1	39791
      1	39810
      1	39823
      1	39857
      2	39863
      2	39866
      1	39871
      1	39899
      1	39928
      1	39948
      1	39950
      1	39993
      1	40066
      1	40073
      1	40111
      1	40121
      1	40126
      1	40189
      6	40199
      1	40273
      1	40362
      1	40425
      1	40465
      1	40480
      1	40608
      3	40693
      2	40694
      1	40717
      1	40730
      2	40736
      1	40749
      2	40830
      1	40840
      1	40841
      1	40845
      2	40884
      1	40935
      1	40957
      1	40960
      1	41065
      1	41068
      4	41122
      1	41153
      2	41165
      2	41174
      1	41185
      1	41209
      1	41315
      1	41361
      1	41372
      1	41374
      1	41378
      1	41424
      1	41454
      1	41538
      1	41559
      1	41619
      2	41664
      1	41669
      1	41672
      1	41683
      1	41684
      4	41702
      1	41749
      1	41754
      1	41756
      1	41779
      1	41800
      1	41802
      1	41853
      1	41855
     16	41861
      2	41864
      1	41868
      1	41888
      3	41898
      1	41901
      1	41912
      2	42047
      1	42054
      1	42056
      1	42077
      1	42093
      1	42158
      1	42169
      1	42199
      1	42239
      1	42248
      1	42265
      1	42277
      1	42289
      1	42296
      1	42339
      1	42346
      1	42369
      1	42404
      1	42548
      1	42573
      1	42585
      1	42616
      2	42693
      1	42699
      1	42707
      1	42772
      1	42780
      8	42810
      1	42864
      1	42873
      1	42973
      1	43031
      1	43032
      1	43039
      1	43053
      1	43083
      1	43127
      3	43131
      1	43163
      1	43175
      1	43206
      1	43288
      3	43317
      1	43326
      1	43443
      2	43444
      1	43507
      1	43520
      1	43578
      1	43620
      1	43634
      1	43637
      3	43710
      6	43714
      1	43768
      1	43822
      1	43943
      1	43972
      1	43974
      1	43992
      1	44094
      1	44150
      1	44152
      1	44167
      1	44171
      1	44214
      1	44228
      1	44238
      2	44248
      1	44275
      1	44295
      1	44348
      1	44376
      1	44386
      1	44417
      2	44467
      1	44499
      1	44504
      1	44545
      1	44576
      5	44644
      1	44662
      1	44674
      1	44700
      1	44716
      1	44768
      1	44777
      1	44800
      1	44820
      1	44830
      1	44845
      1	44883
      1	44927
      1	45027
      1	45036
      1	45089
      1	45098
      1	45136
      1	45150
      1	45154
      2	45156
      1	45172
      1	45185
      1	45219
      1	45225
      1	45340
      1	45395
      4	45450
      8	45457
      2	45472
      1	45505
      1	45510
      1	45515
      1	45570
      2	45605
      1	45646
      1	45680
      1	45699
      1	45706
      1	45778
      1	45865
      1	45905
      2	45978
      1	46075
      1	46115
      1	46135
      2	46138
      1	46261
      1	46281
      1	46299
      1	46308
      1	46412
      3	46413
      1	46497
      5	46499
      1	46521
      1	46529
      2	46547
      1	46584
      1	46633
      1	46645
      1	46693
      1	46732
      2	46741
      2	46773
      1	46844
      1	46906
      1	46923
      1	46933
      1	46947
      2	47052
      1	47076
      1	47102
      4	47137
      1	47224
      1	47280
      1	47312
      1	47332
     12	47368
      1	47374
      1	47384
      1	47386
      1	47423
      2	47429
      1	47434
      1	47447
      1	47501
      1	47502
      1	47582
      1	47652
      4	47660
      3	47662
      1	47805
      1	47819
      1	47846
      1	47869
      1	47961
      1	47985
      1	47987
      1	48029
      1	48036
      2	48038
      1	48112
      1	48116
      1	48130
      2	48135
      2	48185
      1	48289
      4	48362
      2	48367
      1	48412
      1	48478
      1	48529
      1	48535
      1	48573
      7	48577
      1	48629
      2	48718
      1	48746
      1	48774
      1	48787
      1	48802
      1	48828
      1	48909
      1	48961
      1	49068
      1	49148
      2	49152
      1	49241
      4	49248
      1	49278
      1	49282
      1	49292
      1	49309
      1	49312
      1	49320
      1	49362
      1	49369
      1	49407
      1	49431
      1	49462
      1	49469
      1	49514
      1	49546
      2	49599
      1	49646
      1	49746
      1	49754
      1	49764
      2	49855
      1	49858
      9	49884
      1	49889
      1	49891
      1	49914
      1	49966
      4	49979
      1	49991
      1	50032
      2	50097
      1	50157
      1	50184
      1	50295
      2	50308
      1	50326
      1	50333
      1	50470
      2	50497
      2	50613
      1	50649
      1	50668
      2	50689
      2	50725
      1	50727
      1	50728
      2	50731
      1	50743
      1	50762
      2	50776
      1	50843
      1	50856
      1	50895
      1	50914
      1	50955
      1	50980
      1	51004
      1	51039
      2	51061
      1	51107
      2	51156
      1	51175
      1	51286
      1	51306
      1	51370
      1	51378
      1	51404
      1	51412
      1	51460
      1	51497
      1	51498
      1	51504
      1	51586
      1	51624
      1	51626
      1	51844
      1	51862
      2	51881
      1	51900
      1	51966
      1	51968
      7	52029
      1	52048
      1	52060
      1	52117
      2	52118
      1	52132
      1	52143
      1	52220
      1	52275
      1	52315
      1	52316
      1	52319
      1	52406
      1	52506
      1	52541
      1	52548
      1	52564
      1	52573
      1	52582
      1	52593
      1	52614
      1	52615
      2	52625
      1	52648
      1	52664
      1	52665
      1	52717
      1	52725
      1	52765
      1	52769
      1	52794
      1	52812
      1	52843
      1	52866
      1	52868
      1	53000
      1	53074
      1	53104
      1	53131
      1	53168
      1	53188
      1	53222
      1	53237
      1	53252
      1	53265
      1	53319
      1	53348
      2	53362
      1	53391
      2	53408
      1	53435
      2	53439
      1	53467
      1	53493
      1	53497
      1	53510
      1	53521
      1	53531
     14	53533
      1	53551
      1	53588
      3	53618
      1	53663
      1	53855
      1	53869
      3	53899
      1	53902
      1	53925
      1	53933
      1	53935
      1	53970
      1	53986
      1	54027
      2	54084
      1	54124
      2	54339
      1	54351
      1	54359
      1	54404
      1	54422
      1	54431
      1	54471
      1	54544
      1	54557
      1	54574
      1	54585
      2	54594
      4	54632
      1	54643
      1	54715
      1	54719
      1	54720
      2	54748
      4	54842
      1	54844
      1	54858
      1	54892
      3	54894
      1	54978
      4	54992
      1	55047
      1	55196
      1	55212
      1	55227
      4	55231
      1	55322
      1	55358
      2	55382
     16	55400
      1	55545
      1	55548
      2	55608
      1	55646
      1	55649
      1	55666
      1	55669
      1	55682
      1	55692
      2	55725
      1	55746
      3	55749
      1	55763
      9	55821
      1	55971
      1	55972
      1	56065
      2	56084
      1	56160
      1	56192
      8	56203
      1	56212
      1	56224
      1	56263
      1	56282
      1	56311
      1	56371
      1	56384
      3	56452
      1	56528
      1	56631
      1	56642
      1	56651
      1	56661
      1	56815
      1	56858
      1	56876
      2	56911
      1	56972
      2	57050
      1	57083
      1	57091
      1	57129
     31	57144
      1	57177
      2	57179
      1	57206
      2	57218
      1	57257
      1	57265
      1	57268
      2	57282
      1	57289
      2	57297
      1	57325
      1	57360
      1	57367
      1	57386
      1	57401
      1	57460
      1	57464
      1	57472
      1	57513
      1	57514
      1	57523
      2	57566
      4	57597
      1	57653
      1	57717
     15	57719
      1	57796
      2	57875
      1	57895
      1	57941
      2	57951
      1	58141
      1	58257
      2	58259
      2	58281
      1	58310
      2	58376
      1	58418
      1	58547
      1	58554
      1	58633
      1	58638
      1	58654
      1	58682
      1	58739
      1	58755
      1	58797
      1	58801
      1	58853
      1	58880
      3	58887
      1	58919
      1	58931
      1	58933
      1	58951
      1	58979
      1	59013
      1	59025
      2	59059
      1	59131
      2	59134
      1	59165
      1	59249
      1	59316
      1	59324
      1	59343
      1	59349
      1	59360
      1	59383
      2	59421
      1	59426
      1	59452
      1	59472
      1	59478
      3	59482
      1	59515
      1	59585
      2	59629
      1	59701
      1	59704
      1	59705
      1	59725
      1	59781
      1	59782
      1	59792
      1	59842
      1	59918
      1	59924
      2	59973
      1	59993
      2	60023
      1	60025
      2	60082
      1	60132
      4	60143
      1	60194
      2	60215
      1	60243
      1	60265
      1	60287
      3	60343
      3	60354
      1	60414
      2	60454
      1	60570
      2	60572
      2	60672
      1	60692
      2	60710
      1	60784
      1	60815
      1	60825
      1	60832
      1	60840
      1	60882
      1	60898
      1	60909
      1	60928
      1	60982
      2	60983
      1	61028
      4	61041
      1	61079
      1	61082
      1	61121
      2	61230
      1	61234
      2	61261
      1	61273
      1	61294
      2	61317
      1	61323
      1	61358
      1	61370
      1	61427
      1	61451
      1	61481
      1	61509
      1	61635
      1	61708
      1	61740
      1	61778
      2	61860
      1	61882
      1	61909
      1	61937
      1	61951
      1	62053
      1	62119
      2	62154
     10	62183
      1	62214
      1	62237
      1	62290
      1	62346
      3	62366
      2	62394
      1	62396
      1	62474
      2	62505
      1	62558
      1	62579
      2	62592
      1	62620
      1	62679
      1	62730
      1	62753
      1	62759
      1	62780
      1	62828
      1	62841
      2	62860
      3	62940
      1	63016
      1	63034
      1	63057
      1	63077
      1	63110
      1	63118
      2	63146
      1	63163
      4	63173
      1	63195
      1	63221
      1	63231
      1	63238
      1	63258
      1	63306
      1	63381
      4	63409
      7	63421
      1	63458
      4	63473
      1	63477
      1	63510
      1	63520
      1	63533
      1	63572
      4	63590
      1	63696
      1	63736
      1	63767
      1	63796
      1	63981
      2	63986
      1	64004
      1	64043
      4	64081
      1	64167
      1	64198
      1	64249
      1	64286
      1	64292
      1	64313
      1	64347
      2	64364
      1	64473
      1	64474
      2	64504
      1	64512
      3	64513
      1	64523
      1	64553
      1	64584
      1	64613
      1	64618
      2	64623
      1	64633
      1	64637
      2	64695
      1	64786
      1	64793
      1	64835
      1	64872
      1	64879
      1	64889
      1	64911
      1	64941
      1	64961
      1	64974
      1	64983
      1	65052
      2	65080
      1	65123
      2	65162
      1	65165
      1	65234
      1	65238
      2	65361
      1	65410
      2	65433
      3	65480
      1	65522
      1	65526
