      2	174
      3	271
      1	515
      1	681
      1	767
      1	1172
      2	1269
      1	1532
      1	1872
      2	2125
      1	2127
      1	2695
      1	2766
      1	3044
      1	3281
      2	3364
      1	3460
      2	3493
      1	4113
      2	4358
      8	4485
      2	4597
      3	5510
      4	5690
      1	6032
      1	6171
      3	7122
      1	7540
      1	7646
      1	7742
     73	7890
      1	7981
      9	9182
      1	9509
      1	9873
      1	10266
      1	10535
      1	10780
      1	11052
      2	11491
      2	11535
      2	11785
      1	12342
      1	12756
      2	12952
      1	13678
      1	13806
      1	13898
      1	14213
      3	14507
      2	15252
      1	15891
      1	16132
      1	16718
      9	16955
     15	16984
      1	17178
      1	17339
      1	17360
      1	17412
      5	17463
      2	17603
      1	17736
      3	17769
      5	18519
      4	18522
      1	18530
      1	18660
     10	18928
      2	19119
      1	19147
      1	19780
      4	19790
      1	19808
      2	19919
      1	20172
      2	20653
      1	20963
      3	21180
      4	21781
      1	21790
      1	21962
      1	22066
      1	22167
      1	22265
      1	22713
      1	22829
      1	22970
      1	23094
      3	23435
      1	23511
      1	23611
      8	23903
      1	24058
      1	24136
      1	24339
      1	24469
      1	24817
      1	25014
      1	25100
      1	25129
      1	25387
      1	25689
      1	25768
      1	25805
      1	25873
      1	25878
     11	26642
      1	26674
      1	26777
      1	26899
      2	26961
      9	27041
      1	27043
      1	27339
      6	27469
      4	27563
      1	27820
      5	28144
      1	28218
      1	28393
      1	28560
      5	28615
      1	28914
      1	29167
      1	29190
      1	29245
      6	29997
      4	30093
      1	30131
      1	30211
      2	30425
      1	30452
      2	30462
      1	30562
      1	30565
      1	30983
      1	31025
      2	31419
      1	31607
      1	32038
      1	32224
      1	32230
      1	32450
      1	32804
      1	33107
      4	33313
     16	33584
      2	33762
      1	34461
      1	34674
      1	34979
      3	35750
      3	35836
      1	35964
     38	36030
      1	36084
     23	36202
      1	36233
      2	36438
      1	36896
      1	37063
      2	38054
      1	38392
      1	39219
      2	39296
      1	39500
      1	39525
      1	40007
      5	40054
      1	40297
      1	41148
      4	41176
      1	41245
      3	41640
      4	41823
      1	42323
      1	43148
      1	43231
      2	43753
      1	43811
      2	43989
      4	44688
      2	44703
      1	45125
      1	45359
      2	45464
      1	45593
      1	45794
      1	46329
      1	46372
      1	46615
      1	46728
      1	47301
      1	47693
      1	48115
      1	48266
      1	48543
      1	48832
     16	48836
      1	49119
      9	49178
      2	49399
      9	49718
      4	50011
      1	50163
      1	50269
      1	51419
      1	51492
      2	51644
      1	51914
      3	52121
      2	52181
      8	52249
      1	52296
      6	52475
      2	52499
      1	52623
      1	52625
      1	52819
      1	52928
      3	53243
      1	53368
      2	53462
      2	54227
      1	54345
      1	54463
      1	54584
      1	55023
      5	55407
      1	55544
      1	56052
      1	56164
      1	56316
     11	56355
      1	56383
      2	56410
      1	57027
      1	57566
      1	57612
      1	57843
      1	58120
      2	58137
      1	58492
      2	58540
      1	58649
      1	58783
     35	59042
      3	59043
      1	59221
      2	59249
      8	59340
      2	59887
      1	59970
      1	60432
      1	60525
      1	60798
      1	60808
      1	61005
      1	61101
      7	61234
      5	61261
      1	61367
      1	61772
      1	61869
      3	62174
      1	62304
      1	62336
      3	62468
      1	62631
      2	62675
      1	63059
      3	63178
      1	63446
      1	63449
      2	63737
      1	63791
      1	64002
      1	64474
      1	64543
      1	65201
      1	65256
