      1	18
      1	32
      1	36
      1	47
      1	78
      1	84
      1	188
      1	195
      2	243
      1	248
      2	263
      2	265
      2	343
      1	358
      2	372
      1	384
      1	412
      1	416
      1	476
      1	523
      1	526
      1	590
      1	600
      5	627
      5	646
      1	649
      1	671
      1	673
      1	747
      1	766
      1	821
      1	823
      2	890
      1	910
      1	936
      4	939
      1	952
      1	974
      1	976
      1	996
      2	1000
      1	1002
      1	1003
      1	1011
      1	1015
      2	1024
      2	1032
      1	1105
      3	1118
      1	1148
      2	1177
      2	1229
      1	1254
      1	1261
      2	1285
      1	1288
      4	1305
      2	1348
      2	1370
      2	1421
      2	1423
      1	1430
      6	1448
      2	1456
      3	1462
      1	1471
      1	1508
      1	1543
      1	1612
      1	1635
      1	1658
      1	1667
      2	1668
      1	1723
      1	1732
      1	1784
      1	1795
      1	1824
      1	1832
      1	1856
      1	1857
      1	1872
      2	1892
      2	2044
      3	2051
      1	2077
      1	2138
      1	2163
      1	2198
      1	2231
      1	2249
      2	2262
      1	2263
      1	2276
      1	2279
      2	2319
      2	2321
      1	2325
      1	2371
      3	2376
      1	2388
      1	2395
      1	2404
      1	2426
      1	2440
      2	2473
      1	2482
      3	2579
      1	2603
      1	2634
      1	2638
      1	2686
      2	2702
      2	2708
      1	2742
      2	2750
      2	2813
      1	2849
     10	2866
      1	2884
      1	2908
      1	2920
      1	2921
      2	2969
      1	2973
      1	2982
      1	2986
      1	3043
      1	3104
      2	3109
      6	3110
      1	3142
      1	3159
      2	3170
      1	3206
      2	3209
      1	3256
      1	3307
      1	3330
      1	3381
      1	3385
      1	3396
      1	3406
      2	3409
      2	3451
      1	3490
      2	3495
      2	3499
      1	3519
      1	3520
      2	3594
      1	3645
      2	3661
      1	3677
      1	3709
      2	3732
      1	3745
      1	3750
      1	3755
      1	3812
      1	3815
      2	3927
      5	3973
      1	3995
      1	4028
      1	4030
      3	4091
      1	4178
      1	4211
      1	4233
      3	4238
      1	4244
      2	4245
      1	4260
      2	4299
      3	4308
      1	4326
      1	4342
      1	4349
      1	4350
      1	4409
      1	4415
      5	4444
      1	4538
      1	4563
      1	4626
      1	4644
      1	4649
      1	4654
      1	4655
      1	4675
      2	4684
      3	4760
      1	4772
      2	4791
      1	4797
      3	4821
      6	4822
      1	4861
      1	4896
      2	4913
      2	4935
      2	4945
      3	5009
      1	5011
      1	5022
      1	5026
      1	5050
      1	5052
      4	5054
      2	5077
      1	5119
      2	5125
      1	5145
      1	5154
      1	5201
      2	5212
      1	5228
      1	5232
      1	5271
      1	5291
      1	5300
      1	5339
      1	5344
      1	5369
      3	5385
      4	5394
      1	5424
      1	5472
      1	5567
      1	5572
      1	5588
      3	5640
      1	5645
      1	5647
      1	5736
      2	5741
      1	5756
      1	5807
      1	5825
      1	5851
      1	5933
      1	5943
      1	5959
      2	5961
      1	5981
      1	6045
      1	6062
      1	6069
      3	6074
      1	6085
      3	6107
      2	6119
      1	6148
      2	6160
      1	6191
      1	6235
      1	6264
      1	6348
      2	6394
      1	6397
      1	6412
      1	6435
      1	6455
      2	6497
      1	6537
      1	6571
      2	6573
     89	6575
      1	6578
      3	6601
      2	6725
      1	6731
      1	6770
      2	6794
      1	6816
      1	6821
      2	6908
      3	6941
      2	6953
      1	6959
      1	7021
      3	7075
      1	7109
      1	7145
      2	7162
      2	7237
      1	7275
      3	7299
      1	7377
      1	7386
      1	7435
      1	7459
      3	7471
      1	7474
      1	7559
      1	7600
      1	7623
      1	7675
      6	7709
      1	7718
      1	7725
      2	7746
      1	7781
      1	7798
      1	7856
      1	7892
      1	7898
      1	7907
      1	7920
      1	7948
      1	7949
      1	7958
      2	7967
      2	7984
      1	8013
      1	8074
      1	8092
      1	8138
      1	8177
      1	8198
     14	8212
      1	8242
      1	8246
      1	8260
      1	8328
      1	8381
      1	8508
      1	8537
      2	8599
      2	8630
      2	8658
      1	8681
      1	8715
      2	8717
      2	8740
      1	8746
      6	8760
      1	8794
      1	8811
      1	8822
      1	8827
      1	8840
      1	8888
      6	8944
      1	8974
      1	8986
      1	8992
      2	9061
      1	9067
      1	9073
      1	9092
      1	9095
      1	9121
      1	9200
      1	9235
      2	9280
      1	9288
      3	9299
      1	9347
      1	9364
      1	9420
      1	9432
      2	9434
      1	9457
      1	9496
      3	9509
      2	9546
      4	9563
      1	9573
      1	9583
      1	9606
      1	9625
      1	9648
      3	9658
      1	9689
      2	9734
      1	9741
      3	9756
      1	9776
      1	9790
      1	9817
      1	9847
      1	9861
      1	9898
      1	9905
      1	9957
      1	9969
      1	9979
      1	10009
      1	10014
      2	10063
      1	10123
      1	10135
      2	10158
      1	10166
      1	10168
      1	10239
      1	10244
      2	10248
      3	10255
      1	10291
      1	10300
      1	10309
      1	10313
      1	10320
      1	10346
      1	10373
      1	10431
      1	10432
      3	10463
      1	10531
      1	10537
      3	10549
      1	10616
      2	10630
      2	10660
      1	10700
      1	10712
      1	10759
      1	10768
      1	10774
      1	10788
      1	10820
      1	10835
      1	10848
      1	10868
      1	10892
      1	10915
      1	10934
      1	10950
      3	11010
      1	11014
      1	11072
      1	11077
      1	11091
      1	11122
      1	11124
      1	11162
      3	11170
      3	11204
      1	11250
      1	11280
      1	11281
      2	11286
      1	11290
      2	11317
      2	11319
      1	11380
      1	11404
      1	11432
      1	11491
      2	11503
      1	11555
      1	11587
      1	11600
      1	11605
      2	11608
      2	11653
      1	11668
      2	11781
      2	11793
      4	11810
      3	11812
      1	11837
      1	11879
      1	11881
      1	11891
      2	11964
      1	11967
      1	11972
      1	11975
      1	12022
      1	12043
      1	12059
      2	12245
      1	12252
      1	12253
      1	12278
      1	12280
      2	12302
      1	12307
      1	12341
      2	12351
      1	12356
      1	12359
      1	12369
      1	12478
      1	12529
      1	12547
      2	12626
      1	12663
      1	12689
      1	12702
      1	12703
      1	12712
      2	12728
      2	12837
      3	12960
      1	12993
      1	13009
      1	13025
      1	13034
      1	13073
      1	13082
     29	13118
      1	13184
      1	13200
      2	13228
      1	13234
      1	13332
      1	13335
      1	13342
      1	13399
      3	13418
      1	13453
      4	13456
     19	13490
      2	13501
      3	13514
      1	13619
      1	13633
      2	13668
      2	13680
      1	13691
      1	13721
      2	13737
      1	13772
      1	13801
      4	13844
      1	13863
      3	13884
      3	13918
      1	13920
      1	13994
      1	14013
      1	14051
      1	14054
      1	14076
      1	14077
      1	14129
      1	14191
      1	14193
      3	14196
      1	14211
      1	14227
      1	14261
      3	14284
      2	14305
      1	14321
      1	14338
      1	14349
      1	14352
      2	14377
      1	14435
      2	14443
      1	14454
      1	14476
      1	14537
      1	14540
      1	14545
      1	14626
      6	14702
      1	14743
      2	14745
      1	14747
      1	14781
      3	14805
      3	14821
      1	14853
      1	14921
      1	14943
      2	14958
      1	14960
      1	14996
      1	14999
      1	15010
      1	15033
      2	15082
      1	15095
      2	15106
      4	15147
      1	15181
      1	15184
      1	15231
      1	15271
      1	15343
      2	15355
      1	15495
      1	15498
      2	15521
      3	15536
      1	15544
      1	15599
      1	15622
      2	15666
      1	15701
      1	15710
      1	15756
      1	15757
      2	15772
      2	15812
      2	15815
      1	15841
      2	15849
      2	15867
      1	15892
      1	15893
      1	15988
      3	16019
      1	16023
      1	16050
      1	16119
      1	16148
      2	16153
      1	16169
      1	16223
      1	16229
      1	16235
      6	16262
      1	16280
      1	16289
      1	16293
      1	16299
      1	16308
      1	16312
      2	16365
      1	16381
      1	16425
      2	16442
      1	16467
      1	16501
      2	16511
      1	16565
      7	16589
      1	16609
      1	16649
      1	16670
      1	16696
      1	16697
      5	16710
      1	16743
      3	16781
      1	16824
      2	16825
      1	16840
      1	16851
      1	16868
      1	16902
      1	16903
      2	16991
      1	17014
      1	17035
      1	17064
      1	17067
      5	17125
      1	17253
      1	17265
      1	17267
      1	17337
      2	17375
      1	17400
      1	17418
      1	17427
      2	17459
      3	17465
      1	17466
      1	17533
      3	17564
      2	17592
      1	17610
      1	17646
      1	17665
      1	17736
      1	17746
      1	17768
      1	17802
      2	17833
      1	17836
      1	17885
      1	17896
      1	17929
      1	17937
      1	17945
      1	17968
      2	18010
      2	18024
      2	18030
      1	18092
      2	18136
      1	18175
      1	18182
      1	18219
      1	18226
      2	18247
      1	18254
      1	18308
      1	18315
      2	18319
      2	18348
      3	18376
      1	18411
      1	18422
      1	18436
      1	18442
      2	18521
      1	18574
      1	18604
      1	18610
      1	18660
      1	18682
      5	18721
      2	18781
      1	18842
      7	18880
      1	18922
      1	18980
      1	19002
      1	19022
      1	19033
      1	19090
      1	19094
      1	19177
      3	19184
      1	19190
      2	19197
      1	19239
      1	19265
      1	19340
      1	19371
      2	19420
      1	19522
      1	19533
      1	19652
      1	19677
      2	19858
      1	19887
      2	19905
      2	19946
      2	19947
      1	19967
      1	19992
      2	20007
      3	20024
      1	20051
      1	20117
      1	20156
      1	20253
      1	20260
      9	20267
      1	20345
      1	20359
      1	20368
      1	20375
      1	20425
      1	20438
      1	20490
      1	20557
      1	20567
      1	20596
      1	20597
      4	20643
      1	20645
      1	20647
      1	20660
      1	20666
      1	20742
      1	20743
      1	20780
      1	20821
      1	20852
      1	20855
      1	20928
      1	21017
      2	21059
      1	21082
      1	21083
      1	21154
      1	21162
      1	21170
      1	21200
      2	21288
      1	21374
      1	21437
      1	21445
      2	21463
      2	21508
      1	21543
      1	21552
      1	21556
      1	21643
      1	21677
      1	21696
      1	21697
      1	21703
      2	21707
      1	21727
      1	21749
      1	21761
      1	21767
      2	21777
      1	21791
      1	21804
      1	21888
      1	22015
      3	22047
      2	22062
      1	22128
      1	22180
      1	22243
      1	22257
      1	22292
      3	22314
      1	22478
      6	22508
      1	22596
      1	22657
      2	22664
      3	22693
      2	22699
      1	22739
      6	22741
      1	22782
      1	22796
      1	22846
      1	22915
      1	22925
      1	22964
      2	22984
      1	23013
      1	23016
      1	23023
      1	23024
      1	23043
      2	23070
      6	23100
      1	23104
      1	23125
      2	23174
      2	23188
      1	23217
      1	23238
      1	23250
      1	23298
      1	23304
      1	23310
      3	23371
      2	23400
      1	23413
      1	23436
      1	23461
      1	23494
      1	23542
      1	23578
      9	23594
      1	23623
      1	23750
      2	23777
      1	23785
      1	23798
      1	23804
      1	23912
      6	23966
      2	23967
      1	23988
      1	24023
      1	24038
      2	24097
      1	24160
      1	24168
      1	24229
      1	24271
      3	24279
      1	24321
      1	24331
      2	24340
      1	24358
      2	24382
      1	24411
      1	24483
      2	24485
      4	24519
      1	24564
     11	24571
      1	24586
      1	24637
      1	24638
      1	24655
      1	24713
      3	24748
      1	24786
      1	24791
      1	24817
      2	24820
      1	24838
      1	24855
      1	24866
      2	24867
      1	24869
      1	24908
      1	24912
      1	24985
      1	25040
      1	25054
      1	25059
      1	25074
      1	25090
      3	25107
      1	25111
      7	25145
      1	25152
      4	25167
      1	25193
      1	25197
      1	25228
      1	25243
      2	25253
      6	25261
      1	25300
      2	25347
      3	25355
      1	25377
      1	25444
      1	25450
      1	25484
      1	25496
      1	25498
      1	25504
      1	25521
      2	25531
      1	25599
      1	25680
      1	25686
      1	25689
      1	25692
      1	25694
      1	25717
      1	25741
      3	25762
      1	25801
      1	25804
      1	25805
      2	25821
      3	25826
      1	25846
      1	25875
      1	25878
      5	25891
      1	25979
      1	25985
      1	25989
      1	25996
      1	26021
      1	26027
      1	26115
      1	26140
      1	26162
      1	26217
      4	26246
      3	26289
      1	26383
      4	26385
      1	26410
      1	26420
      2	26435
      2	26442
      1	26451
      2	26472
      2	26521
      1	26537
      1	26572
      4	26625
      1	26628
      2	26630
      3	26644
      2	26672
      1	26680
      2	26684
      2	26706
      3	26716
      1	26718
      2	26725
      1	26727
      1	26788
      1	26803
      2	26838
      1	26843
      1	26849
      1	26850
      1	26860
      1	26972
      1	27015
      1	27023
      1	27033
      1	27067
      1	27104
      3	27125
      6	27131
      1	27135
      4	27180
      1	27216
      1	27288
      3	27359
      2	27374
      1	27389
      1	27396
      1	27561
      1	27567
      1	27575
      1	27607
      1	27625
      2	27665
      1	27706
      1	27724
      2	27752
      1	27788
      2	27860
      2	27868
      2	27872
      1	27878
      1	27890
      1	27943
      1	27954
      1	27960
      1	27993
      1	28032
      1	28035
      2	28058
      1	28071
      1	28102
      3	28113
      1	28114
      4	28128
     35	28138
      1	28158
      1	28204
      1	28210
      1	28245
      1	28256
      1	28257
      1	28258
      1	28302
      2	28308
      1	28320
      1	28427
      1	28479
      1	28506
      1	28556
      1	28661
      3	28672
      1	28731
      1	28750
      1	28759
      1	28781
      1	28789
      1	28803
      1	28811
     20	28824
      1	28929
      1	28990
      1	29005
      1	29016
      2	29044
      1	29091
      1	29116
      1	29128
      1	29138
      2	29173
      5	29186
      1	29195
      1	29197
      1	29226
      1	29258
      1	29270
      1	29280
      4	29287
      1	29306
      1	29342
      1	29356
      1	29368
      1	29417
      1	29428
      1	29469
      1	29478
      1	29519
      1	29529
      1	29564
      1	29584
      2	29629
      1	29650
      2	29681
      1	29718
      1	29725
      1	29789
      6	29801
      4	29802
      1	29838
      1	29880
      1	29888
      1	29916
      1	29925
      1	30018
      2	30069
      1	30071
      2	30078
      1	30133
      1	30161
      1	30175
      1	30201
      1	30237
      1	30246
      2	30313
      1	30340
      1	30401
      1	30406
      1	30414
      2	30551
      2	30589
      1	30601
      1	30617
      1	30621
      1	30658
      1	30661
      2	30664
      1	30749
      1	30764
      2	30798
      1	30857
      3	30882
      1	30893
      1	30921
      1	30937
      2	30939
      1	30946
      1	30954
      2	30962
      1	30980
      3	30995
      1	31009
      2	31041
      6	31049
      1	31051
      1	31095
      1	31103
      2	31126
      1	31159
      1	31161
      1	31193
      1	31219
      7	31247
      1	31261
      1	31265
      1	31278
      1	31287
      2	31340
      1	31375
      1	31451
      2	31482
      1	31515
      6	31527
      1	31574
      2	31606
      1	31680
      1	31696
      1	31713
      1	31716
      1	31722
      3	31741
      1	31787
      1	31803
      1	31812
      1	31860
      1	31870
      1	31894
      1	31903
      1	31916
      1	31929
      1	31945
      1	31962
      1	32046
      1	32048
      1	32074
      1	32078
      1	32139
      1	32180
      1	32185
      2	32245
      2	32260
      1	32295
      1	32326
      1	32377
      2	32379
      2	32405
      2	32413
      1	32424
      9	32439
      1	32453
      1	32488
      2	32520
      2	32550
      3	32562
      1	32565
      1	32573
      1	32590
      1	32646
      1	32663
      1	32762
      1	32780
      1	32795
      1	32830
      1	32842
      1	32912
      2	32914
      2	32930
      1	32936
      1	32966
      1	32973
      1	32988
      2	33004
      1	33038
      1	33039
      1	33061
      1	33080
      1	33100
      2	33158
      3	33277
      5	33309
      1	33311
      2	33355
      2	33356
      1	33396
      1	33417
      2	33428
      1	33436
      1	33446
      1	33459
      1	33485
      4	33502
      2	33518
      2	33523
      2	33536
      1	33550
      1	33569
      1	33599
      1	33741
      2	33755
      1	33763
      2	33775
      3	33805
      2	33814
      3	33841
      2	33844
      1	33866
      1	33909
      1	33948
      3	33971
      2	33991
      1	34058
      5	34073
      2	34082
      1	34096
      1	34115
     10	34261
      1	34297
      1	34326
      3	34343
      1	34393
      2	34401
      1	34411
      1	34414
      1	34422
      1	34423
      1	34428
      1	34449
      2	34515
      1	34520
      3	34542
      1	34592
      3	34606
      1	34613
      2	34658
      8	34721
      1	34750
      1	34757
      2	34783
      1	34788
      2	34806
      1	34825
      1	34843
      1	34869
      1	34914
      1	34931
      1	34941
      1	34953
      1	34968
      1	34989
      1	35014
      1	35026
      2	35042
      1	35068
      1	35081
      1	35083
      1	35106
      1	35109
      1	35110
      1	35115
      1	35120
      1	35122
      1	35159
      2	35191
      1	35197
      1	35222
      1	35223
      1	35230
      1	35390
      1	35475
      1	35494
      1	35545
      2	35576
      1	35586
      1	35593
      2	35622
      1	35685
      1	35722
      1	35723
      1	35749
      1	35766
      1	35786
      1	35793
      1	35794
      1	35808
     26	35820
      1	35825
      1	35835
      1	35838
      1	35841
      1	35907
      4	36091
      1	36184
      2	36214
      1	36217
      1	36236
      1	36240
      2	36282
      2	36288
      2	36295
      1	36301
      1	36334
      1	36343
      1	36414
      1	36427
      2	36430
      3	36437
      1	36438
      1	36450
      1	36466
      1	36518
      2	36549
      1	36553
      1	36614
      1	36631
      1	36650
      1	36664
      1	36680
      2	36713
      1	36720
      1	36754
      1	36777
      1	36810
      1	36836
      1	36849
      1	36852
      3	36870
      1	36873
      1	36894
      1	36944
      1	36961
      1	36967
      2	36971
     28	37010
      1	37079
      2	37084
      1	37098
      1	37139
      1	37151
      1	37155
      2	37196
      1	37251
      1	37282
      1	37311
      1	37322
      1	37357
      1	37411
      1	37416
      3	37442
      2	37464
      1	37491
      1	37500
      1	37503
      1	37506
      1	37566
      1	37580
      1	37595
      2	37640
      1	37670
      1	37685
      1	37695
      1	37698
      1	37716
      3	37724
      1	37734
      1	37760
      1	37791
      1	37825
      4	37832
      1	37833
      1	37855
      2	37865
      2	37910
      1	37924
      6	37927
      1	37985
      2	38039
      2	38071
      2	38137
      1	38192
      2	38243
      1	38245
      1	38266
      1	38298
      2	38320
      1	38336
      3	38343
      1	38363
      1	38369
      5	38447
      2	38483
      1	38536
      1	38551
      1	38579
      1	38606
      1	38610
      1	38624
      1	38652
      1	38688
      1	38689
      1	38704
      1	38712
      2	38784
      2	38794
      1	38795
      1	38814
      1	38871
      1	38888
      1	38974
      1	38985
      1	39050
      2	39070
      1	39134
      2	39147
      2	39196
      1	39232
      2	39278
      1	39302
      1	39352
      1	39372
      3	39465
      5	39466
      1	39514
      2	39519
      1	39541
      1	39634
      1	39641
      2	39644
      2	39659
      1	39679
      2	39722
      1	39759
      1	39773
      1	39780
      1	39893
      2	39920
      1	39924
      1	39948
      2	39999
      1	40000
      1	40005
      4	40022
      3	40029
      1	40045
      3	40046
      1	40091
      1	40101
      1	40103
      2	40110
      1	40114
      1	40132
      1	40143
      3	40156
      3	40163
      2	40179
      3	40184
      1	40191
      1	40212
      1	40227
      2	40231
      1	40235
      1	40247
      1	40248
      1	40261
      1	40284
      1	40288
      1	40289
      1	40301
      1	40311
      1	40312
      2	40330
      1	40375
      1	40412
      1	40463
      1	40490
      1	40502
      1	40522
      1	40566
      1	40635
      3	40648
      3	40656
      1	40679
      1	40727
      1	40825
      1	40843
      2	40848
      1	40882
      3	40890
      1	40903
      1	40918
      1	40937
      1	40951
      4	40978
      1	41039
      1	41048
      1	41130
      2	41131
      2	41137
      1	41144
      2	41160
      1	41202
      2	41245
      1	41254
      1	41280
      1	41341
      1	41393
      1	41397
      8	41427
      1	41433
      2	41456
      2	41485
      1	41502
      1	41575
      1	41576
      1	41578
      1	41606
      6	41653
      1	41663
      5	41753
      1	41769
      1	41832
      1	41860
      1	41876
      1	41884
      1	41889
      2	41936
      1	41964
      2	41980
      5	41997
      1	42089
      1	42114
      1	42140
      1	42168
      1	42192
      1	42197
      1	42250
      2	42262
      1	42289
      1	42299
      2	42314
      3	42328
      1	42355
      3	42391
      1	42392
      1	42394
      1	42404
      1	42476
      1	42529
      1	42550
      1	42575
      1	42597
      1	42649
      1	42677
      4	42686
      4	42690
      1	42747
      1	42784
      1	42808
      1	42819
     17	42880
      3	42995
      1	43010
      2	43058
      2	43106
      1	43171
      2	43190
      1	43207
      1	43210
      1	43267
      1	43278
      2	43322
      1	43334
      1	43431
      1	43496
      1	43502
      1	43506
      1	43616
      6	43620
      2	43665
      1	43715
      1	43733
      1	43748
      2	43770
      1	43777
     11	43779
      1	43789
      1	43803
      1	43809
      1	43827
      1	43889
     10	43909
      1	43932
      1	43966
      1	44020
      1	44031
      1	44032
      2	44038
      1	44063
      1	44074
      1	44092
      1	44112
      3	44185
      1	44193
      1	44195
      1	44210
      9	44211
      1	44215
      1	44316
      1	44339
      1	44356
      2	44370
      4	44378
      1	44415
      1	44419
      1	44533
      1	44558
      1	44579
      2	44609
      1	44624
      5	44631
      6	44687
      1	44714
      1	44715
      1	44728
      1	44743
      1	44750
      1	44764
      2	44771
      1	44773
      1	44777
      2	44801
      1	44804
      1	44966
      3	44981
      1	44986
      1	45105
      1	45135
      2	45158
      2	45162
      1	45173
      2	45188
      1	45252
      1	45284
      2	45427
      3	45460
      1	45536
      2	45550
      1	45570
      1	45611
      1	45678
      1	45718
      1	45725
      1	45726
      2	45751
      1	45766
      1	45820
      1	45850
      4	45851
      1	45881
      1	45906
      2	45913
      1	45929
      1	45955
      1	45962
      1	46053
      1	46064
      1	46076
      2	46086
      1	46090
      1	46120
      1	46126
      1	46163
      1	46174
      1	46210
      1	46232
      1	46268
      1	46329
      1	46353
      1	46356
      2	46387
      1	46389
      1	46397
      4	46437
      1	46441
      1	46470
      1	46499
      1	46592
      1	46593
      1	46600
      1	46603
      1	46626
      6	46680
      6	46721
      2	46728
      3	46734
      1	46753
      2	46814
      2	46819
      1	46898
      1	46902
      1	46979
      1	47027
      1	47046
      2	47113
      1	47118
      3	47133
      1	47167
      2	47168
      1	47215
      2	47283
      1	47287
      2	47295
      1	47314
      2	47366
      1	47403
      1	47487
      2	47491
      1	47499
      1	47552
      1	47559
      2	47579
      1	47621
      1	47650
      1	47661
      3	47677
      3	47707
      1	47787
      1	47823
      2	47846
      1	47924
      1	47939
      2	48000
      1	48033
      2	48101
      1	48102
      2	48144
      1	48189
      1	48206
      1	48218
      1	48232
      1	48243
      1	48254
      1	48292
      2	48309
      4	48327
      2	48336
      1	48373
      1	48478
      2	48485
      1	48509
      3	48511
      1	48528
      1	48535
      1	48562
      1	48596
      1	48634
      1	48655
      1	48699
      1	48747
      1	48764
      1	48807
      1	48812
      1	48852
      1	48860
      5	48884
      1	48913
      1	48989
      1	49025
      1	49030
      4	49046
      1	49070
      1	49111
      1	49117
      3	49123
      1	49128
      1	49180
      1	49209
      1	49301
      1	49308
      1	49312
      1	49325
      2	49336
      2	49362
      1	49371
      3	49377
      3	49400
      1	49408
      2	49422
      1	49444
      5	49461
      1	49469
      1	49482
      1	49484
      2	49499
      1	49504
      2	49555
      2	49567
      1	49585
      1	49596
      1	49628
      1	49753
      1	49755
      2	49767
      1	49795
      1	49852
      1	49862
      5	49873
      1	49886
      1	50023
      3	50026
      1	50058
      2	50082
      1	50109
      1	50110
      3	50163
      4	50227
      2	50236
      2	50264
      1	50275
      1	50289
      1	50314
      1	50329
      1	50369
      2	50382
      2	50399
      1	50428
      1	50471
      1	50495
      3	50508
      2	50596
      2	50609
      2	50680
      1	50773
      2	50792
      1	50794
      2	50853
      1	50881
      1	50885
      1	50926
      1	50940
      1	50955
      1	50981
      1	50991
      1	51011
      1	51018
      1	51052
      1	51063
      1	51101
      2	51106
      2	51124
      2	51151
      1	51172
      1	51173
      1	51176
      1	51183
      1	51221
      1	51294
      2	51339
      3	51394
      1	51395
      1	51403
      3	51412
      2	51429
      1	51450
      1	51454
      1	51532
      1	51537
      1	51558
      2	51612
      2	51657
      2	51668
      1	51710
      2	51766
      1	51795
      5	51869
      1	51888
      2	51900
      1	51941
      1	52092
      1	52129
      1	52164
      1	52204
      1	52205
      1	52208
      1	52255
      1	52274
      2	52281
      1	52326
      2	52358
      1	52390
      1	52393
      1	52394
      2	52416
      2	52429
      1	52445
      2	52594
      1	52606
      1	52621
      1	52635
      1	52715
      1	52718
      2	52777
      1	52797
      2	52896
      1	52925
      1	53093
      1	53107
      1	53125
      1	53165
      1	53204
      1	53224
      1	53243
      5	53244
      1	53248
      1	53275
      1	53283
      1	53290
      1	53291
      1	53309
      1	53311
      1	53318
      1	53401
      4	53405
      1	53482
      1	53517
      1	53557
      1	53578
      1	53593
      3	53629
      1	53632
      1	53633
      2	53643
      1	53657
      1	53659
      2	53673
      2	53683
      1	53695
      2	53710
      1	53718
      1	53723
      1	53733
      1	53765
      1	53779
      2	53808
      1	53820
      1	53848
      4	53865
      1	53945
      2	53951
      1	53966
      1	53967
      1	54036
      1	54058
      1	54075
      1	54096
      1	54102
      2	54103
      1	54161
      1	54167
      1	54197
      1	54232
      1	54235
      1	54248
      1	54321
      2	54345
      1	54352
      1	54370
      2	54376
      1	54399
      1	54459
      1	54477
      1	54507
      1	54538
      2	54551
      1	54628
      1	54655
      2	54667
      1	54674
      6	54675
      1	54679
      1	54691
      1	54698
      1	54700
      1	54702
      1	54703
      1	54721
      1	54741
      1	54789
      1	54811
      1	54825
      1	54932
      1	54934
      2	54960
      1	54961
      1	54977
      1	54983
      1	54996
      1	55008
      1	55031
      1	55057
      7	55120
      3	55130
      1	55136
      2	55138
      1	55160
      1	55201
      1	55202
      1	55209
      2	55226
      1	55294
      1	55351
      2	55359
      1	55458
      1	55466
      1	55475
      1	55490
      1	55500
      1	55544
      1	55592
      2	55594
      1	55607
      3	55662
      1	55664
      1	55697
      2	55761
      1	55763
      1	55779
      1	55782
      1	55798
      1	55802
      2	55821
      2	55837
      1	55840
      2	55859
      1	55882
      1	55977
      1	56018
      2	56048
      1	56055
      1	56067
      1	56073
      2	56084
      1	56126
      1	56131
      1	56139
      1	56177
      2	56188
      1	56194
      2	56199
      2	56200
      1	56226
      1	56236
      4	56243
      1	56268
      2	56271
      1	56281
      2	56318
      1	56328
      2	56392
      1	56414
      1	56460
      1	56511
      1	56542
      1	56574
      1	56578
      3	56653
      1	56663
      1	56693
      2	56713
      1	56772
      1	56798
      2	56874
      2	56896
      1	56902
      2	56913
      2	56922
      1	56939
      1	56960
      4	56972
      1	57021
      1	57066
      1	57077
      1	57138
      1	57161
      1	57268
      1	57303
      1	57325
      1	57326
      1	57353
      1	57388
      1	57402
      1	57428
      1	57429
      1	57442
      1	57492
      2	57524
      3	57577
      1	57584
      1	57602
      1	57624
      1	57683
      1	57707
      1	57721
      1	57724
      1	57729
      2	57735
      1	57759
      1	57769
      1	57824
      1	57842
      1	57971
      5	57986
      2	58041
      3	58112
      1	58192
      2	58214
      1	58226
      1	58227
      1	58240
      1	58274
      1	58290
      1	58294
      3	58302
     12	58303
      1	58323
      1	58358
      2	58386
      2	58400
      1	58420
      4	58432
      2	58457
      2	58478
      1	58492
      1	58510
      1	58523
      1	58524
      1	58527
      1	58569
      1	58617
      4	58623
      1	58655
      1	58722
      2	58733
      2	58752
      1	58755
      1	58774
      2	58780
      2	58781
      1	58786
      1	58799
     12	58805
      1	58852
      1	58856
      1	58914
      1	58934
      1	58964
      6	58992
      1	59072
      1	59075
      1	59091
      1	59099
      3	59101
      1	59123
      2	59206
      2	59215
      3	59216
      2	59241
      6	59266
      1	59277
      1	59293
      1	59309
      1	59343
      1	59345
      1	59401
      1	59411
      1	59464
      1	59514
      1	59525
      1	59532
      1	59568
      1	59571
      1	59636
      1	59667
      1	59700
      2	59702
      1	59720
      1	59742
      1	59780
      1	59865
      1	59875
      1	59891
      1	59911
      1	59914
      2	59967
      1	59974
      1	59981
      2	60017
      1	60047
      1	60072
      1	60088
      1	60142
      2	60149
      1	60179
      1	60211
      1	60226
      1	60238
      1	60251
      1	60270
      3	60472
      1	60473
      2	60493
      1	60501
      1	60538
      1	60558
      9	60581
      1	60585
      1	60600
      1	60602
      3	60617
      1	60642
      5	60663
      2	60716
      2	60724
      1	60731
      1	60766
      2	60774
      1	60794
      2	60801
      1	60852
      1	60880
      1	60891
      2	60937
      1	60952
      1	61011
      1	61020
      1	61055
      1	61064
      1	61069
      3	61168
      1	61169
      2	61212
      1	61226
      2	61231
      1	61258
      1	61261
      1	61280
      1	61283
      2	61300
      2	61313
      1	61331
      5	61340
      3	61360
      2	61361
      1	61383
      1	61434
      5	61449
      1	61501
      1	61561
      1	61576
      2	61584
      1	61599
      1	61614
      1	61648
      1	61683
      2	61702
      1	61711
      3	61732
      2	61740
      1	61753
      1	61797
      1	61812
      1	61813
      1	61816
      2	61818
      1	61835
      1	61852
      1	61890
      1	61891
      3	61896
      1	61930
      1	61959
      1	61964
      1	61999
      1	62014
      3	62042
      1	62053
      1	62063
      1	62071
      2	62073
      2	62085
      1	62126
      1	62181
      1	62183
      1	62225
      1	62252
      1	62290
      1	62298
      1	62374
      2	62384
      1	62395
      1	62503
      1	62525
      1	62532
      1	62586
      2	62607
      1	62616
      1	62645
      1	62660
      2	62711
      1	62728
      1	62731
      1	62766
      1	62808
      1	62844
      5	62846
      1	62862
      2	62865
      1	62922
      1	62930
      1	63002
      1	63009
      1	63016
      1	63017
      2	63047
      1	63079
      1	63082
      3	63112
      1	63160
      1	63165
      2	63180
      1	63197
      1	63275
      1	63276
      1	63306
      2	63337
      1	63346
      1	63354
      1	63368
      1	63419
      1	63528
      1	63587
      3	63633
      2	63649
      2	63661
      2	63743
      1	63780
      1	63792
      2	63807
      1	63834
      1	63862
      1	63980
      1	63997
      1	64032
      1	64049
      1	64075
      1	64117
      1	64146
      1	64159
      1	64164
      1	64209
      2	64229
      1	64237
      1	64266
      1	64283
      1	64325
      1	64362
      1	64469
      1	64504
      2	64530
      1	64556
      2	64589
      2	64610
      1	64624
      1	64627
      1	64648
      1	64649
      1	64668
      1	64675
      1	64738
      1	64743
      1	64751
      2	64820
      1	64863
      1	64896
      1	64965
      1	64981
      1	64986
      1	65001
      1	65008
      1	65040
      2	65041
      1	65068
      1	65090
      1	65101
      2	65167
      2	65168
      1	65182
      1	65191
      1	65195
      1	65198
      3	65223
      2	65229
      1	65242
      1	65259
      2	65266
      1	65275
      2	65299
      2	65319
      1	65324
      1	65407
      2	65462
      1	65489
      1	65492
      1	65502
