      2	11
      1	439
      1	779
      1	1230
      2	1994
      1	2046
      1	2523
      1	2766
      2	2844
      1	3005
      1	3103
      1	3245
      1	3830
      1	4036
      2	4109
      1	4224
      1	4754
      1	5161
      1	5408
      1	5823
      1	5856
      1	6053
      1	6057
      2	6226
      1	6710
      1	7572
      1	8254
      2	8276
      2	8281
      1	8515
      1	9032
      1	9211
      2	9546
      1	10026
      1	10063
      1	10112
      1	10128
      1	10240
      1	10389
      1	10447
      1	10477
      3	10576
      1	11800
      1	12505
      1	12848
      1	13238
      1	13273
      1	13653
      1	14665
      2	15106
      1	15183
      1	15303
      1	15593
      1	15702
      1	15784
      1	15981
      1	16225
      1	16710
      1	17214
      1	19622
      2	19976
      1	20267
      1	20268
      1	20595
      1	21060
      2	22164
      1	22225
      1	22675
      1	23577
      1	23853
      2	24469
      1	24613
      1	25014
      1	25141
      1	25468
      1	25491
      1	25620
      1	25801
      1	25816
      1	26267
      1	26290
      1	26420
      1	26537
      1	26583
      1	26811
      1	26887
      1	26940
      1	27257
      1	27443
      1	28047
      1	28440
      1	28618
      1	28779
      1	29046
      1	29190
      1	29311
      1	29558
      2	30462
      1	30555
      1	30559
      2	30613
      1	30825
      1	30845
      1	30921
      1	31133
      1	31205
      1	31238
      1	31795
      1	31929
      1	31947
      1	32204
      1	32206
      1	32345
      1	32372
      1	32871
      1	33229
      1	33292
      1	33358
      3	33387
      1	33913
      1	34479
      1	35087
      2	35327
      1	35622
      1	35739
      1	36648
      1	36836
      1	37000
      1	37030
      2	37321
      1	37608
      1	39436
      1	39527
      1	40145
      1	40544
      1	41026
      1	41185
      1	41759
      1	42578
      1	42797
      1	43272
      1	43531
      1	43665
      1	43977
      1	44049
      1	44329
      1	44355
      5	44787
      2	44896
      1	44907
      1	44909
      1	45358
      1	45823
      1	45847
      2	45965
      1	46075
      1	46163
      2	46397
      1	46417
      1	46680
      1	46809
      1	47311
      1	47613
      1	48355
      1	48577
      1	48887
      1	49461
      1	49901
      1	50580
      1	50768
      1	51168
      1	51710
      1	51949
      1	52079
      1	52224
      1	52736
      1	53324
      1	53349
      1	53401
      1	54245
      1	54675
      5	55587
      1	56027
      1	57070
      1	57635
      1	57843
      1	58118
      1	58351
      2	58887
      1	59161
      2	59608
      2	59715
      1	60379
      3	61261
      4	61367
      2	61492
      1	61595
      1	61772
      5	62084
      1	62654
      2	62664
      1	63156
      1	63830
      1	64402
      1	64411
      1	64637
      2	64928
      1	65263
      1	65353
