      6	1
      2	17
      4	30
      2	69
      2	106
      1	145
      1	179
      1	180
      2	192
      1	219
      1	340
      4	488
      2	492
      1	550
      2	564
      1	602
      1	606
      2	746
      1	865
      2	887
      1	890
      2	979
      2	1030
      1	1107
      1	1139
      1	1148
      2	1171
      4	1258
      1	1336
      1	1340
      2	1387
      1	1556
      1	1562
      2	1646
      1	1733
      1	1809
      1	1818
      1	1892
      1	1937
      2	1943
      2	1963
      2	2069
      2	2114
      4	2164
      2	2172
      2	2232
      4	2332
      6	2426
      2	2461
      1	2475
      1	2503
      2	2565
      3	2640
      3	2724
      1	2792
      4	2799
      2	2882
      2	2884
      2	2900
      1	2930
      1	2948
      2	2958
      1	3063
      4	3136
      1	3188
      6	3242
      1	3243
      1	3299
      3	3322
      1	3330
      6	3424
      9	3483
      1	3486
      9	3576
      2	3677
      1	3732
      2	3812
      1	3843
      1	3881
      2	3929
      1	3958
      2	3962
      2	4011
      1	4165
      1	4211
      3	4269
     11	4442
      1	4486
      7	4541
      5	4577
      4	4606
      3	4609
      2	4651
      1	4668
      5	4670
      2	4762
      1	4800
      1	4808
      2	4830
      1	4841
      1	4874
      2	4878
      2	4904
      2	4913
      1	4939
      2	4972
      2	5015
      1	5042
      2	5051
      1	5059
      1	5118
      2	5172
      2	5179
      1	5208
      2	5282
      2	5300
      2	5348
      3	5535
      1	5542
      1	5555
      1	5568
      3	5631
      2	5702
      4	5707
      4	5737
      1	5792
      2	5823
      1	5869
      1	5894
      4	5980
      2	5998
      2	6152
      1	6197
      2	6225
      2	6243
      1	6263
      2	6284
      1	6293
      2	6328
      1	6332
      1	6363
      1	6468
      2	6484
      1	6519
      1	6542
      1	6584
      2	6591
      5	6622
      2	6625
      1	6631
      3	6670
      6	6755
      2	6989
      2	7082
      1	7109
      4	7132
      2	7214
      3	7246
      1	7298
      1	7378
      6	7517
     12	7566
      1	7825
      1	7882
      4	7890
      6	7895
      1	7981
      2	8076
      3	8087
      1	8115
      2	8193
      1	8197
      1	8229
      1	8264
      2	8310
      7	8354
      2	8356
     14	8374
      2	8375
      2	8376
      2	8382
      2	8436
      1	8564
      2	8662
      2	8823
      1	8876
      1	8877
      1	8930
      3	8966
      1	8983
      1	9038
      3	9073
      2	9083
      1	9120
      1	9157
      1	9164
      1	9269
      2	9316
      1	9345
      2	9423
      2	9474
      5	9554
      8	9558
      4	9571
      1	9593
      1	9598
      4	9603
      2	9604
      1	9653
      6	9689
      3	9697
      1	9734
      3	9750
      2	9760
      1	9764
      4	9876
      1	9894
      2	9896
      2	9920
      2	10111
      4	10128
      2	10175
      1	10248
      1	10275
      1	10313
      1	10334
      2	10409
      2	10427
      1	10673
      1	10724
      1	10747
      1	10875
      6	10892
      1	10965
      2	10966
      1	11020
      1	11057
      1	11072
      1	11091
      2	11098
      2	11127
      4	11203
      2	11213
      1	11313
      2	11345
      1	11408
      1	11502
      2	11574
     18	11583
      2	11642
      2	11688
      4	11704
      2	11710
      2	11749
      2	11754
     17	11919
     10	12043
      2	12072
     14	12093
      1	12101
      1	12128
      1	12136
      2	12186
      2	12214
      2	12323
      2	12350
      1	12359
      1	12397
      2	12427
      1	12458
      1	12499
      1	12538
      1	12689
      1	12733
      1	12750
      1	12941
      2	13096
      2	13149
      1	13196
      1	13249
      1	13294
      1	13304
      1	13390
      1	13453
      6	13456
      1	13514
      2	13518
      1	13545
      1	13567
      1	13598
      1	13633
      1	13653
      1	13654
      7	13682
      1	13695
      3	13746
      5	13764
      2	13788
      2	13802
      5	13825
      2	13843
      2	13920
      2	13937
      1	14058
      2	14249
      2	14322
      1	14343
      1	14352
      2	14382
      2	14399
      2	14688
      1	14733
      1	14790
      1	15084
      1	15185
      1	15429
      2	15465
      1	15504
      1	15631
      3	15633
      4	15680
      2	15733
      2	15784
      4	15833
      1	15882
      2	15996
      2	16006
     15	16017
      4	16030
      2	16059
      1	16135
      2	16148
      1	16153
      2	16171
      4	16227
      4	16305
      1	16317
      4	16340
      2	16418
      1	16440
      4	16469
      2	16472
      1	16512
      2	16545
      7	16553
      3	16561
      3	16571
      2	16666
      2	16684
      4	16729
     12	16762
      1	16826
      1	16935
      3	16956
      1	16960
      2	16976
      2	17059
      3	17066
      1	17106
      1	17184
      4	17305
      4	17334
      3	17352
      2	17417
      3	17430
      2	17536
      2	17553
      2	17569
      1	17572
      1	17606
      4	17636
      4	17699
      1	17719
      1	17761
      2	17809
      2	17923
      2	17976
      2	18076
      4	18148
      2	18149
      1	18202
      2	18209
      2	18321
      2	18351
      2	18435
      1	18448
      1	18518
      2	18542
      2	18553
      1	18881
      1	18968
      1	18988
      1	19023
      4	19053
      2	19228
      1	19306
      2	19326
      6	19329
      1	19353
      2	19496
      4	19533
      1	19580
      2	19595
      1	19634
      6	19652
      1	19763
      1	19849
      1	19873
      5	19886
      4	19957
      1	19994
      1	20007
      6	20212
      1	20236
      1	20260
      1	20282
      2	20305
      1	20390
      2	20469
      1	20497
      1	20502
      8	20549
      2	20605
      1	20618
      1	20666
      2	20711
      2	20739
      1	20794
      5	20837
      1	20865
      4	20885
      2	20907
      1	20917
      2	20925
      1	20955
      4	20977
      4	21009
      4	21014
      1	21017
      2	21195
      2	21203
      1	21222
      1	21382
      1	21435
      2	21443
      3	21470
      1	21621
      1	21625
      2	21653
      4	21662
      1	21710
      1	21724
     18	21845
      1	21929
      7	21931
      1	22041
      6	22074
      2	22107
      2	22164
      1	22180
      1	22181
      1	22233
      1	22337
      2	22388
      4	22446
      1	22447
      6	22501
      3	22713
      3	22771
      2	22806
      4	22887
      1	23033
      3	23140
      5	23168
      2	23183
      1	23188
      1	23218
      2	23228
      2	23354
      1	23374
      1	23381
      4	23391
      1	23533
      8	23586
     18	23593
      2	23625
      5	23741
      2	23768
      1	23843
      1	23888
      1	23907
      2	23940
      2	23960
      1	24035
      2	24049
      2	24079
      2	24094
      2	24152
      1	24157
      3	24166
      1	24376
      4	24385
      6	24483
      4	24523
      1	24549
      1	24567
      2	24584
      1	24587
      1	24614
      2	24713
     15	24784
      3	24786
      1	24866
      1	24871
      3	24936
      2	24956
      2	25079
      1	25096
      1	25219
      6	25220
      4	25277
      2	25289
      2	25368
      1	25491
      2	25496
      2	25508
      4	25539
      1	25563
      2	25607
      1	25662
      4	25702
      4	25866
      2	25996
      1	26010
      2	26033
      2	26041
      2	26060
      2	26158
      1	26175
      2	26190
      5	26207
      1	26213
      6	26231
      1	26241
      1	26290
      2	26352
      1	26369
      2	26445
      4	26449
      4	26548
      2	26564
      2	26679
      2	26688
      2	26706
      1	26772
      4	26782
      1	26823
      2	26826
      2	26966
      2	27069
      1	27077
      1	27104
      1	27125
      1	27238
      2	27262
      2	27276
      2	27286
      7	27431
      1	27506
      4	27647
      1	27665
      4	27824
      2	27873
      4	27898
      4	27917
      1	27943
      7	27952
      1	27992
      1	28012
      3	28034
      1	28047
      1	28106
      3	28173
      2	28209
      2	28318
      4	28329
      1	28389
      2	28498
      6	28506
      6	28624
      1	28658
      2	28705
      3	28815
      1	28832
      4	28838
      1	28909
     15	28911
      2	28935
      1	29226
      2	29258
      1	29333
      2	29373
      1	29377
      4	29576
      4	29643
      1	29667
      2	29686
      2	29718
      1	29719
      2	29781
      1	29813
      1	29870
      3	29880
      1	29892
      2	30075
      2	30123
      1	30246
      4	30303
      1	30374
      5	30394
      1	30402
      2	30441
      2	30453
      1	30462
      3	30513
      2	30524
      2	30564
      6	30613
      6	30693
      7	30708
      2	30715
      1	30716
      1	30748
      1	30770
      1	30810
      4	30850
      4	30907
      1	30921
      1	30928
      4	30946
      2	31006
      2	31115
      2	31144
      1	31153
      2	31269
     10	31280
      4	31303
      2	31344
      1	31490
      2	31544
      3	31689
      6	31803
      2	31915
      2	31937
      2	31979
      5	32087
      4	32097
      2	32149
      1	32215
      2	32233
      2	32239
      4	32343
      2	32389
      4	32392
      2	32483
      4	32487
      2	32500
      2	32512
      2	32538
      1	32574
      2	32589
      2	32696
      6	32706
      2	32707
      1	32969
      1	32993
      2	33039
      1	33052
      2	33113
      1	33142
      5	33194
      2	33203
      1	33260
      2	33278
      2	33368
      4	33419
      1	33476
      2	33497
      1	33538
      2	33586
      1	33759
      1	33767
      1	33896
      3	33904
      9	33954
     18	34056
      1	34093
      1	34131
      3	34234
      1	34262
      1	34343
      2	34358
      2	34375
      1	34392
      1	34437
      1	34466
      2	34475
      6	34592
      2	34699
      1	34708
      7	34728
      2	34809
      1	34844
      4	34903
      1	35000
      1	35038
      1	35051
      1	35062
      2	35087
      8	35101
      6	35109
      1	35212
      2	35222
      1	35379
      1	35387
      1	35451
      1	35498
      2	35556
      1	35558
      1	35620
      2	35666
      1	35717
      1	35719
      2	35723
      4	35731
      2	35776
      2	35847
      2	35893
      1	36005
      1	36028
      2	36048
      3	36053
      1	36056
      2	36345
      3	36371
      2	36377
      1	36388
      2	36419
      4	36480
      1	36494
      1	36529
      2	36559
      1	36566
      1	36571
      7	36600
      4	36621
      1	36770
      2	36833
      1	36870
      2	36887
      3	36949
      4	36957
      2	36987
      2	37037
      3	37201
      3	37205
      1	37256
      1	37277
     13	37310
      1	37322
      4	37348
      3	37419
      2	37425
      2	37464
      1	37498
      2	37511
      1	37552
      1	37640
     13	37685
      5	37709
      1	37724
      1	37741
      1	37760
      1	37963
      2	38025
      1	38034
      1	38068
      2	38107
      1	38136
      2	38160
      1	38172
      2	38226
      1	38228
      1	38243
      1	38266
      1	38269
      1	38346
      3	38394
      1	38481
      1	38589
      2	38614
      7	38731
      2	38780
      2	38793
      2	38860
      1	38871
      1	38874
      1	38938
      3	39033
      1	39102
      2	39147
      2	39189
      6	39218
      5	39219
      4	39265
      6	39365
      1	39400
      1	39427
      1	39432
      2	39515
      2	39521
      2	39650
      1	39800
      1	39817
      2	39865
      1	40005
      2	40161
      2	40196
      1	40288
      1	40362
      2	40437
      1	40490
      1	40523
      1	40540
      2	40759
      5	40836
      4	40905
      1	40914
      4	40916
      2	41003
      3	41096
      2	41133
      2	41264
      1	41267
      1	41341
      4	41460
      2	41488
      1	41540
      1	41547
      1	41554
      1	41576
      6	41606
      1	41669
      1	41701
      1	41768
      2	41771
      1	41808
      6	41892
      1	41927
      1	42027
      1	42110
      2	42150
      2	42309
      2	42354
      2	42409
      3	42517
      1	42521
      2	42523
      2	42569
      6	42575
      1	42751
      2	42755
      1	42855
      4	42864
      1	42914
      2	42965
     10	43030
      4	43065
      1	43171
      1	43250
      1	43414
      1	43463
      2	43503
      1	43518
      1	43530
      1	43531
      3	43627
      4	43644
      1	43648
      1	43658
      1	44071
      2	44074
      1	44189
      2	44280
      2	44389
      2	44437
      3	44446
      2	44467
      3	44626
      2	44676
      2	44797
      2	44804
      1	44818
      4	44853
      3	44865
      2	44907
      2	44949
      2	44961
      2	45021
      4	45031
      2	45054
      1	45061
      4	45089
      3	45135
      2	45157
      1	45180
      2	45196
      8	45220
      2	45328
      2	45345
      3	45371
      1	45463
      1	45470
      2	45495
      1	45506
      7	45529
      1	45547
      4	45642
      1	45760
      1	45766
      2	45774
      3	45843
      2	45847
     10	45911
      2	46137
      2	46248
      2	46263
      1	46270
      2	46388
      2	46490
      1	46544
    153	46589
      2	46647
      2	46650
      2	46781
      1	46832
      1	46841
      1	47031
      3	47045
      1	47091
      2	47124
      3	47170
      3	47194
      4	47254
      2	47470
      1	47632
      1	47636
     15	47718
      1	47775
      2	47842
      8	47872
      2	47911
      2	47920
      2	47926
      2	47985
      8	48080
      2	48178
      2	48265
      2	48293
      1	48353
      6	48476
      1	48495
      1	48509
      8	48527
      2	48529
      1	48599
      1	48702
      2	48729
      2	48771
      1	48832
      4	48834
      2	48887
      2	48894
      1	48924
      2	48943
      2	48984
      2	49025
      2	49041
      1	49080
      2	49083
      1	49170
      1	49173
      4	49196
      2	49216
      4	49268
      1	49390
      2	49450
      2	49488
      2	49536
      3	49538
      4	49595
      1	49607
      2	49647
      6	49652
      1	49779
      2	49806
      2	49810
     12	49861
      5	49897
      3	49982
      6	50018
      1	50166
      1	50188
      6	50209
      4	50217
      2	50371
      4	50453
      3	50481
      1	50561
      4	50663
      4	50690
      4	50727
      4	50839
      1	50844
      1	50868
      1	50895
      1	51052
      1	51175
      1	51198
      4	51214
      1	51221
      2	51233
      7	51369
      2	51403
      4	51557
      1	51593
      2	51619
     15	51643
      2	51810
      1	51869
      2	51886
      1	51941
      1	52067
      3	52069
      1	52108
      1	52142
      4	52186
      2	52209
      2	52230
      3	52273
      2	52305
      1	52398
      2	52518
      1	52522
      2	52567
      1	52679
      2	52734
      1	52777
      2	52797
      7	52801
      1	52917
      2	52927
      2	53033
      1	53053
      1	53176
      4	53237
      5	53245
      6	53283
      9	53300
      2	53405
      9	53439
      3	53507
      1	53517
      2	53534
      2	53622
      2	53633
      1	53771
      3	53783
      1	53846
      1	53902
      4	53938
      1	53972
      2	54025
      2	54087
      2	54097
      1	54123
      1	54184
      1	54226
      6	54280
      2	54287
     12	54315
      1	54323
      3	54369
      2	54430
      2	54495
      4	54557
      2	54748
      2	54819
      1	54855
      3	54891
      3	54916
      1	54932
      3	54942
      1	54960
      2	55018
      1	55028
      2	55054
      4	55114
      2	55245
      1	55299
     13	55401
      2	55557
      2	55614
      2	55630
      1	55633
      2	55635
      4	55646
      1	55736
      2	55777
      2	55798
      2	56015
      1	56177
      2	56221
      2	56261
      7	56279
      1	56292
      2	56315
      9	56348
      4	56359
      1	56389
      1	56426
      2	56495
      4	56513
      1	56663
      2	56702
      2	56705
      1	56857
      1	56911
      1	56913
      2	56965
      1	57033
      1	57047
      1	57138
      2	57207
      3	57332
      4	57362
      1	57367
      1	57395
      6	57428
      6	57442
      1	57447
      4	57558
      4	57566
      2	57575
      1	57627
      1	57683
      2	57709
      5	57762
      1	57784
      1	57822
      2	58147
      2	58227
      2	58360
      1	58406
      4	58479
      6	58488
      1	58716
      1	58732
      1	58782
      3	58796
      2	58872
      2	58886
      1	59014
      1	59134
      4	59160
      2	59175
      1	59181
      1	59216
      8	59231
      1	59307
     16	59382
      2	59558
      1	59691
      3	59748
      4	59828
      2	59842
      1	59843
      4	59895
      2	59897
      1	59919
      2	59941
      2	59949
      1	59970
      4	59972
      1	60023
      2	60090
      2	60155
      1	60230
      1	60249
      1	60269
      3	60274
      2	60278
      2	60358
      1	60389
      3	60531
      1	60615
      1	60660
      3	60687
      2	60716
      4	60738
      1	60761
      1	60799
      1	60841
      1	60852
      2	60864
      2	60984
      1	61041
      1	61064
      2	61207
      1	61261
      2	61424
      1	61429
      1	61548
      2	61610
      1	61640
      3	61659
      1	61729
      1	61773
      2	61774
      2	61972
      1	62000
      1	62004
      1	62035
      1	62038
      2	62057
      2	62070
      1	62130
      2	62189
      1	62243
      4	62268
      5	62485
      1	62586
      1	62654
      2	62668
      1	62683
      3	62703
      2	62742
      1	62867
      2	62956
      2	62963
      2	63024
      1	63124
      6	63130
      1	63145
      6	63197
      1	63322
      1	63344
      1	63368
      2	63382
      1	63409
      3	63414
      1	63449
      1	63450
      1	63471
      1	63607
      2	63635
      1	63642
      2	63684
      1	63693
      2	63695
      2	63704
      2	63743
      2	63764
      1	63771
      1	63812
      3	63958
      1	64088
      2	64171
      1	64216
      2	64271
      1	64520
      1	64532
      6	64624
      1	64627
      6	64738
      2	64763
      2	64811
      1	64812
      6	64951
      4	64966
      2	65005
      2	65017
      1	65040
      1	65041
      1	65137
      1	65138
      2	65169
      1	65256
      4	65278
      6	65324
      2	65326
      2	65334
      1	65352
      2	65464
      6	65489
