      2	1
      1	65
      2	79
      3	91
      1	201
      1	210
      1	221
      1	242
      1	248
      2	283
      6	330
      1	332
      5	366
      3	384
      1	408
      1	426
      1	436
      1	466
      3	492
      1	531
      4	532
      1	538
      1	550
      1	590
      2	648
      2	664
      2	691
      3	749
      1	779
      1	782
      3	792
      1	793
      1	806
      1	865
      1	880
      1	887
      2	894
      1	904
      1	927
      1	1008
      2	1070
      5	1079
      3	1085
      1	1104
      2	1119
      1	1142
      1	1146
      1	1160
      2	1172
      4	1173
      1	1209
      2	1236
      1	1253
      1	1264
      1	1298
      1	1330
      1	1356
      1	1357
      1	1359
      7	1366
      1	1389
      1	1432
     21	1497
      4	1525
      2	1541
      1	1548
      1	1553
      1	1556
      1	1595
      4	1616
      3	1649
      1	1670
      1	1673
      2	1688
      1	1694
      1	1698
      1	1711
      1	1714
      1	1726
      1	1728
      1	1733
      1	1735
      1	1737
      1	1818
      1	1821
      5	1830
     30	1857
      1	1870
      1	1925
      1	1940
      1	1966
      1	1981
      2	1986
      1	2008
      1	2009
      1	2050
      3	2057
      3	2092
      6	2093
      6	2096
      1	2131
      1	2132
      1	2149
      2	2164
      1	2260
      2	2302
      1	2324
      1	2386
      1	2398
      2	2408
      1	2439
      1	2443
      1	2469
      2	2475
      1	2492
      1	2522
      1	2605
      1	2611
      1	2618
      6	2627
      1	2634
      2	2640
      1	2671
      1	2682
      3	2743
      1	2776
      1	2795
      1	2832
      1	2849
      2	2866
      1	2892
      1	2934
      2	2945
      1	2952
      1	2964
      1	2966
      1	3013
      5	3026
      1	3028
      1	3031
      1	3043
      1	3057
      1	3058
      1	3063
      1	3073
      1	3170
      4	3204
      3	3216
      1	3228
      1	3242
      2	3264
      1	3284
      1	3287
      1	3351
      2	3385
      4	3391
      1	3393
      2	3425
      1	3462
      4	3483
      1	3486
      2	3576
      2	3651
      2	3677
      1	3693
      1	3706
      1	3737
      1	3739
      2	3745
      1	3841
      3	3843
      5	3902
      1	3903
      1	3997
      1	4026
      1	4050
      2	4060
      1	4114
      7	4121
      1	4137
      1	4148
      1	4152
      1	4174
      2	4211
      1	4221
      1	4249
      2	4279
      1	4281
      1	4352
      1	4384
      1	4417
      1	4431
      1	4434
      2	4445
      5	4492
      1	4523
      1	4553
      1	4557
      2	4606
      1	4613
      1	4617
      2	4663
      3	4695
      1	4698
      2	4720
      2	4735
      1	4777
      1	4815
      1	4830
      1	4836
      1	4849
      1	4876
      1	4878
      1	4904
      2	4926
      1	4937
      1	4946
      1	4967
      1	4995
      1	5015
      3	5035
      1	5039
      1	5050
      1	5054
      1	5099
      1	5109
      2	5116
      1	5132
      3	5135
      1	5143
      6	5154
      5	5160
      3	5161
     22	5210
      2	5218
      5	5219
      1	5251
      1	5284
      4	5286
      2	5287
      1	5313
      1	5343
      2	5361
      1	5402
      2	5432
      1	5452
      1	5472
      7	5477
      1	5480
      1	5509
      1	5532
      1	5546
      1	5550
      2	5595
      1	5618
      1	5619
      1	5645
      1	5652
      1	5658
      1	5698
      3	5702
      9	5715
      3	5720
      1	5731
      8	5745
      1	5747
      2	5748
      2	5785
      1	5853
      1	5854
      1	5870
      1	5876
      1	5905
      5	5946
      1	5981
      1	6002
      1	6007
      3	6177
      7	6197
      2	6217
      2	6219
      2	6303
      1	6314
      2	6330
      1	6336
      3	6382
      1	6423
      3	6427
      3	6455
      1	6480
      9	6497
      1	6541
      2	6543
      1	6551
      1	6555
      1	6563
      1	6596
      1	6614
      1	6615
      2	6626
      1	6635
      2	6653
      1	6654
      2	6662
      1	6710
      1	6717
      1	6748
      2	6749
      3	6796
      1	6798
      1	6803
      1	6804
      1	6821
      1	6825
      1	6846
      1	6854
      1	6860
      2	6894
      1	6944
      1	6948
      1	6956
      3	6980
      4	7003
      1	7052
      1	7057
      1	7069
      1	7109
      2	7113
      2	7115
      1	7166
      1	7182
      1	7191
      1	7193
      1	7201
      1	7221
      2	7222
      1	7246
      1	7287
      1	7301
      2	7359
      1	7364
      1	7372
      1	7402
      1	7419
      1	7493
      1	7494
      1	7526
      1	7550
      1	7567
      1	7599
      7	7609
      1	7616
      1	7623
      1	7631
      1	7637
      2	7649
      1	7651
      1	7704
      1	7712
      1	7722
      1	7724
      1	7746
      1	7819
      7	7853
      2	7875
      2	7887
      1	7892
      3	7910
      1	7925
      1	7935
      1	7956
      6	7981
      1	7988
      1	8000
      2	8007
      1	8009
      1	8031
      3	8040
      1	8074
      1	8087
      4	8092
      1	8123
      2	8141
      1	8154
      1	8183
      1	8236
     12	8241
      1	8261
      1	8273
      2	8281
      1	8284
      2	8287
      1	8303
      1	8310
      1	8316
      1	8332
      1	8336
      1	8357
      1	8382
      1	8432
      1	8483
      2	8504
      1	8524
      1	8527
      1	8548
      2	8583
      1	8599
      1	8620
      1	8626
      1	8639
      1	8644
      1	8652
      1	8657
      1	8659
      1	8674
      1	8698
      1	8702
      4	8715
      1	8736
      3	8772
      1	8777
      1	8784
      1	8877
      1	8888
      1	8901
      2	8906
      1	8930
      1	8936
      1	8956
      3	8980
      1	9024
      3	9129
      3	9186
      2	9191
      1	9200
      1	9220
      1	9243
      2	9249
      1	9277
      1	9304
      3	9312
      1	9317
      1	9331
      1	9345
      1	9355
      1	9370
      5	9378
      1	9466
      1	9474
      1	9496
      1	9516
     13	9534
      2	9545
      2	9556
      1	9564
      1	9585
      1	9589
      1	9690
      2	9691
      7	9700
      2	9701
      2	9745
      1	9750
      1	9764
      1	9765
      2	9780
      3	9797
      3	9822
      1	9830
      1	9843
      1	9846
      2	9872
      1	9880
      1	9888
      1	9896
      5	9900
      1	9904
      2	9921
      1	9943
      2	9949
      2	9950
      1	10026
      2	10130
      1	10172
     10	10174
      1	10216
      1	10224
      1	10266
      1	10281
      2	10314
      1	10324
      2	10374
      1	10375
      1	10385
      1	10391
      1	10418
      1	10433
      5	10444
      1	10456
      1	10464
      4	10471
      1	10472
     14	10497
      1	10509
      9	10538
      2	10552
      1	10559
      2	10595
      2	10603
      1	10612
      1	10645
      4	10660
      1	10662
      1	10673
      1	10679
      1	10693
      1	10694
      1	10724
      3	10732
      1	10750
      2	10765
      1	10776
      1	10809
      2	10824
      1	10825
      2	10830
      1	10849
      3	10904
      1	10938
      1	11045
      1	11091
      1	11095
      1	11106
      6	11119
      2	11173
      2	11215
      5	11228
      1	11278
      1	11289
     14	11307
      1	11331
      1	11368
      1	11385
      1	11389
      1	11420
      1	11445
      2	11477
      3	11479
      1	11498
      1	11509
      1	11510
      1	11515
      1	11524
      1	11535
      1	11589
      1	11611
      1	11653
      1	11672
      1	11712
      1	11754
      1	11770
      1	11795
      3	11876
      1	11890
      2	11914
      3	11943
      1	11964
      2	11967
      2	11981
      1	11986
      2	12028
      1	12038
      1	12066
      4	12093
      1	12105
      1	12113
      1	12114
      1	12143
      1	12158
      1	12170
      1	12189
      1	12231
      1	12245
      1	12258
      1	12290
      1	12322
      1	12369
      1	12385
      1	12397
      2	12427
      1	12457
      1	12492
      2	12505
      1	12606
      2	12636
      2	12650
      1	12682
     10	12684
      1	12708
      1	12731
      1	12750
      1	12762
      1	12774
      1	12798
      1	12845
      1	12858
      1	12879
      1	12914
      1	12919
      1	12928
      2	12931
      1	12945
      5	12946
      1	12970
      1	12989
      1	13004
      1	13025
      1	13054
      1	13059
      1	13064
      3	13068
      2	13081
      1	13083
      8	13096
      2	13132
      1	13180
      1	13196
      1	13262
      2	13266
      2	13312
      2	13327
      3	13382
      2	13398
      1	13411
      1	13439
      2	13447
      2	13461
      1	13488
      1	13537
      4	13562
      1	13640
      1	13661
      1	13673
      4	13682
      1	13698
      1	13721
      2	13743
      1	13766
      6	13771
      1	13863
      2	13871
      1	13898
      2	13924
      1	13933
      1	13937
     13	13972
     10	14000
      1	14048
      1	14128
      1	14142
      1	14177
      1	14188
      1	14230
      1	14239
      1	14249
      1	14271
      1	14287
      1	14317
      2	14352
      1	14361
      2	14371
      2	14392
      2	14412
      1	14430
      1	14433
      1	14468
      2	14540
      2	14543
      1	14565
      1	14576
      1	14641
      1	14654
      1	14674
      1	14688
      1	14719
     10	14720
      1	14790
      1	14870
      1	14883
      1	14897
      1	14914
      1	14938
      1	14988
      1	14992
      1	14993
      1	14996
      2	15069
      2	15084
      1	15095
      2	15120
      1	15136
      1	15147
      1	15175
      1	15197
      1	15202
      3	15225
      1	15227
      1	15235
      1	15260
      1	15261
      1	15271
      1	15302
      2	15345
      1	15361
      1	15379
      1	15399
      2	15451
      1	15454
      1	15491
      1	15499
      5	15504
      1	15548
      1	15558
      1	15633
      1	15659
      2	15663
      2	15684
      1	15705
      1	15770
      3	15779
      1	15789
      6	15846
      1	15884
      8	15887
      2	15952
      1	15958
      1	15981
      1	15985
      1	15995
      1	16006
      1	16016
      1	16042
      1	16051
      1	16089
      3	16099
      1	16132
      2	16148
      1	16193
      1	16225
      1	16229
      1	16261
      1	16297
      1	16322
      1	16332
      1	16404
      2	16415
      1	16418
      1	16437
      2	16439
      1	16442
      1	16540
      2	16544
      1	16620
      1	16669
      1	16673
      1	16678
      1	16682
      1	16704
      3	16740
     12	16746
      2	16748
      1	16784
      2	16823
      2	16835
      1	16851
      1	16862
      2	16887
      1	16920
      1	16942
      1	16945
      3	16947
      1	16972
      2	16977
      1	16988
      1	16997
      1	17017
      1	17020
      1	17040
      1	17080
      1	17104
      1	17124
      5	17161
      4	17164
      1	17184
      2	17206
      1	17214
      8	17225
      1	17235
     14	17238
      1	17265
      1	17294
      1	17297
      1	17323
      3	17354
      1	17408
      1	17420
      1	17459
      1	17514
      1	17536
      1	17544
      1	17548
      2	17553
      1	17587
      1	17591
      1	17592
      1	17621
      1	17628
      1	17662
      1	17746
      1	17773
      1	17809
      1	17829
      2	17836
      1	17887
      1	17923
      1	17945
      1	17956
      1	17964
      1	17974
      9	17975
      1	17982
      1	17989
      2	17990
      2	18041
      1	18056
      1	18074
      2	18103
      1	18107
      1	18116
      1	18149
      1	18196
     19	18219
      1	18322
      1	18361
      1	18373
      1	18442
      1	18448
      1	18496
      1	18504
      2	18511
      1	18580
      5	18590
      2	18603
      2	18605
      2	18608
      2	18621
      1	18624
      1	18660
      1	18661
      1	18696
      1	18737
      1	18747
      2	18770
      1	18842
      2	18854
      1	18893
      1	18937
      1	18970
      1	19013
      2	19016
      1	19054
      1	19081
      1	19148
      1	19163
      1	19198
      1	19228
      1	19229
      1	19233
      1	19241
      2	19246
      1	19255
      1	19305
      3	19323
      2	19326
      2	19329
      1	19348
      3	19385
      1	19395
      3	19418
      1	19481
      2	19533
      1	19558
      1	19561
      1	19580
      1	19593
      1	19624
      1	19695
      1	19710
      2	19720
      1	19732
      1	19748
      1	19803
      1	19854
      1	19858
      1	19890
      1	19917
      2	19947
      5	19948
      2	19957
      1	19960
      1	19994
      1	20024
      1	20034
      1	20051
      5	20053
      1	20077
      3	20081
      1	20113
      2	20117
      2	20118
      1	20145
      1	20183
      1	20189
      1	20195
      1	20205
      1	20212
      1	20236
      1	20238
      1	20264
      1	20287
      2	20326
      1	20333
      1	20343
      1	20359
      1	20368
      1	20369
      1	20406
      1	20441
      1	20454
      3	20469
      1	20487
      1	20536
      2	20575
      1	20620
      2	20643
      3	20645
      1	20649
      2	20661
      1	20670
      1	20698
      3	20762
      1	20768
      2	20779
      2	20825
      1	20827
      1	20829
      1	20863
      1	20865
      1	20882
      4	20883
      1	20888
      1	20925
      1	20939
      1	21023
      1	21040
      1	21042
      1	21072
      1	21133
      1	21134
      1	21153
      1	21195
      3	21215
      1	21236
      1	21285
      4	21315
      1	21321
      1	21363
      1	21384
      1	21420
      1	21437
      3	21466
      1	21471
      3	21518
      2	21579
      1	21625
      1	21648
      1	21681
      1	21733
     16	21777
      4	21819
      1	21822
      1	21892
      1	21893
      6	21896
      1	21900
      1	21907
      1	21915
      1	21922
      2	21926
      1	21931
      3	22010
      1	22018
      1	22041
      1	22055
      1	22063
      2	22107
      1	22118
      1	22125
      1	22127
      2	22130
      1	22133
      1	22178
      1	22220
      1	22230
      4	22232
      1	22269
      1	22281
      1	22292
      1	22304
      1	22305
      1	22306
      2	22351
      1	22365
      1	22372
      2	22380
      1	22392
      1	22417
      1	22446
      2	22466
      3	22467
      1	22483
      1	22495
      1	22508
      1	22516
      1	22551
      2	22562
      4	22702
      1	22713
      2	22715
      1	22721
      2	22723
      3	22782
      1	22798
      1	22878
      1	22899
      4	22903
      1	22930
      1	23033
      1	23048
      2	23078
      2	23086
      2	23118
      1	23217
      2	23219
      1	23221
      1	23235
      1	23238
      1	23247
      1	23250
      3	23253
      1	23320
      1	23354
      1	23363
      3	23371
      1	23381
      1	23396
      1	23456
      1	23482
      1	23495
      1	23503
      1	23533
      3	23553
      2	23577
      4	23593
      6	23594
      1	23601
      1	23621
      1	23625
      1	23652
      1	23768
      1	23785
      1	23791
      2	23808
      2	23809
      2	23822
      5	23828
      1	23888
      1	23911
      1	23961
      1	23990
      1	24067
      1	24075
      1	24079
      1	24082
      1	24085
      1	24087
      1	24117
      1	24152
      1	24159
      2	24177
      1	24189
      1	24229
      2	24265
      2	24274
      1	24310
      1	24326
      1	24339
      1	24342
      1	24345
      1	24353
      1	24369
      1	24370
      4	24376
      1	24386
      1	24387
      1	24412
      1	24427
      1	24434
      1	24456
      1	24465
      1	24493
      1	24510
      1	24568
      1	24575
      2	24589
      1	24624
      1	24641
      1	24656
      1	24676
      1	24677
      2	24758
      1	24770
      2	24794
      1	24807
      4	24818
      1	24882
      4	24899
      2	24918
      8	24936
      1	24943
      1	24946
      4	24956
      6	24967
      1	24990
      1	24991
      1	25016
      8	25024
      1	25078
      1	25117
      2	25118
      1	25128
      1	25167
      1	25207
      2	25220
      1	25242
      1	25261
      2	25281
      3	25289
      1	25329
      5	25360
      2	25367
      1	25369
      1	25444
      1	25445
      1	25449
      1	25459
      1	25488
      1	25496
      1	25498
      1	25500
      1	25507
      2	25517
      1	25533
      1	25538
      4	25541
      1	25551
     14	25553
      1	25563
      1	25564
      1	25600
      4	25639
      1	25640
      1	25641
      1	25652
      2	25659
      2	25686
      1	25689
      3	25694
      2	25706
      1	25728
      1	25737
      3	25742
      6	25743
      1	25750
      4	25757
      1	25759
      1	25787
      1	25816
      2	25834
      1	25880
      2	25898
      1	25905
      1	25955
      1	25960
      2	25966
      1	25983
      1	25996
      1	26012
      1	26026
      3	26031
      1	26045
      1	26053
      1	26055
      5	26070
      3	26156
      1	26163
      1	26190
      7	26202
      1	26207
      2	26212
      1	26231
      1	26267
      1	26290
      1	26324
      2	26343
      2	26353
      1	26425
      1	26458
      1	26465
      1	26534
      1	26563
      3	26610
      1	26635
      2	26636
      1	26666
      2	26679
      2	26682
      1	26688
      1	26690
      1	26693
      1	26711
      2	26714
      1	26748
      1	26803
      4	26815
      1	26818
      2	26837
      1	26850
     18	26857
      3	26882
      1	26892
      1	26927
      1	26934
      1	26945
      1	26964
      1	27004
      2	27039
      1	27042
      1	27051
      1	27052
      1	27069
      1	27074
      1	27178
      1	27193
      1	27227
      1	27272
      2	27276
      3	27277
      1	27325
      2	27326
      1	27352
      1	27357
      3	27361
      4	27382
      1	27384
      1	27401
      1	27485
      1	27581
      1	27590
      1	27596
      2	27630
      1	27659
      1	27686
      1	27691
      1	27718
      1	27724
      3	27765
      3	27867
      1	27880
      2	27882
      1	27938
      1	27944
      1	27992
      9	28012
      1	28024
      1	28031
      1	28052
      1	28113
      4	28131
      2	28209
      1	28275
      3	28314
      1	28318
      7	28328
      1	28365
      1	28403
      1	28427
      2	28463
      1	28478
      1	28486
      1	28493
      1	28498
      1	28520
      3	28569
      2	28579
      1	28585
      1	28617
      1	28637
      1	28672
      1	28692
      1	28705
      8	28716
     18	28727
      2	28759
      1	28784
      4	28802
      2	28824
      1	28832
      1	28867
      6	28870
      1	28899
      1	28988
      3	29012
      1	29090
      2	29108
      2	29131
      1	29150
      1	29153
      3	29207
      1	29244
      1	29255
      1	29257
      1	29270
      2	29277
      2	29280
      1	29306
      1	29311
      1	29351
      3	29541
      1	29632
      1	29667
      1	29677
      2	29723
      1	29772
      1	29789
      1	29810
      5	29849
      1	29887
      3	29922
      1	29925
      1	29936
      1	29950
      1	29964
      3	30056
      1	30069
      1	30096
      7	30101
      2	30104
      1	30113
      1	30119
      1	30128
      1	30211
      1	30236
      1	30248
      1	30263
      1	30269
      1	30356
      1	30363
      3	30384
      1	30443
      1	30446
      2	30453
      1	30460
      3	30462
      1	30471
     13	30474
      1	30476
      1	30522
     12	30544
      1	30573
      3	30595
      1	30637
      8	30655
      1	30662
      1	30686
      2	30720
      1	30737
      1	30742
      1	30754
      1	30776
      1	30780
      1	30865
      1	30867
      1	30877
      1	30885
      1	30893
      2	30923
      1	30933
      1	30941
      9	30950
      2	30955
      1	30973
      3	30981
      1	31006
      1	31013
      1	31017
      1	31032
      1	31037
      3	31047
     16	31063
      2	31097
      2	31115
      6	31140
      2	31146
      1	31153
      5	31156
      1	31160
      1	31162
      1	31233
      1	31256
      5	31265
      1	31279
      1	31319
      5	31325
      4	31381
      1	31404
      1	31435
      1	31447
      2	31453
      3	31484
      1	31493
      1	31527
      1	31544
      2	31557
      1	31608
      1	31613
      1	31623
      1	31664
      3	31670
      1	31671
      1	31765
      1	31787
      1	31800
      2	31812
      1	31830
      1	31841
      1	31853
      1	31854
      1	31864
      1	31866
      1	31903
      1	31915
     13	31946
      1	32016
      2	32026
      1	32046
      4	32060
      1	32064
      1	32087
      1	32095
      1	32111
      1	32113
      2	32114
      1	32127
      1	32208
      1	32224
      1	32230
      2	32233
      1	32237
      1	32243
      1	32249
      1	32260
      2	32266
      2	32273
     20	32278
      1	32296
      1	32308
      1	32316
      1	32337
      1	32345
      1	32357
      1	32368
      2	32377
      1	32388
      1	32389
      1	32426
      1	32429
      1	32475
      2	32500
      1	32520
      1	32554
      2	32568
      1	32574
      1	32603
      5	32657
      1	32702
      2	32722
      1	32735
      2	32737
      3	32740
      1	32750
      1	32767
      2	32778
      1	32781
      1	32793
      1	32863
      2	32864
      1	32866
      1	32905
      2	32925
      1	32940
      1	32946
      1	32969
      2	32985
      1	32993
      1	33002
      1	33039
      2	33055
     13	33064
      1	33073
      2	33082
      4	33100
      1	33136
      1	33150
      2	33158
      5	33194
      3	33205
      5	33237
      1	33241
      1	33303
      4	33338
      3	33341
      1	33412
      1	33476
      1	33480
      1	33500
      1	33520
      4	33562
      1	33565
      4	33586
      1	33595
      1	33627
      1	33662
      1	33718
      1	33721
      1	33732
      1	33744
      1	33767
      2	33778
      1	33799
      1	33869
      1	33888
      1	33896
      1	33966
      1	33981
      1	33986
      2	34035
      1	34063
      2	34078
      1	34090
      1	34104
      1	34133
      1	34158
      1	34190
      2	34235
      1	34241
      2	34264
      1	34336
      1	34343
      1	34356
      1	34369
      1	34414
      1	34421
      1	34446
      1	34452
      5	34466
      1	34491
      1	34501
      1	34503
      1	34516
      1	34536
      1	34569
      3	34590
      1	34666
      1	34680
      1	34721
      1	34750
      1	34761
      1	34771
      1	34774
      3	34795
      3	34817
      1	34827
      3	34836
      2	34865
      1	34941
      1	34961
      1	34962
      1	35033
      7	35101
      1	35110
      1	35120
      1	35122
      1	35155
      2	35186
      2	35336
      2	35338
      3	35352
      2	35391
      3	35496
      2	35527
      1	35587
      1	35617
      1	35644
      1	35667
      8	35708
      1	35717
      2	35731
      1	35753
      1	35758
      1	35776
      1	35791
      4	35814
      1	35826
      4	35843
      2	35851
      9	35861
      1	35862
      1	35892
      2	35907
      1	35916
      4	35949
      1	35989
      1	36015
      1	36031
      1	36056
      1	36112
      2	36177
      1	36220
      2	36230
      1	36310
      1	36311
      2	36318
      2	36334
      1	36337
      1	36368
      1	36377
      1	36394
      2	36421
      1	36423
      1	36427
      1	36428
      2	36450
      1	36458
      1	36494
      1	36530
      1	36543
      2	36559
      1	36566
      7	36600
      2	36608
      1	36638
      1	36640
      2	36652
      1	36678
      5	36690
      1	36775
      1	36810
      1	36856
      3	36860
      1	36873
      1	36930
      1	36971
      1	36985
      1	36987
      2	36990
      1	37018
      2	37021
      1	37025
      1	37044
      2	37052
      5	37058
      2	37062
      1	37080
      2	37103
      2	37105
      1	37111
      1	37149
      1	37155
      1	37168
      1	37227
      5	37243
      4	37246
      1	37251
      2	37273
      1	37284
      1	37291
      3	37305
      1	37308
      2	37321
      2	37329
      1	37349
      1	37404
      3	37407
      2	37414
      2	37458
      1	37464
      1	37486
      2	37511
      1	37544
      1	37557
      1	37586
      1	37640
      5	37672
      2	37709
      2	37743
      6	37744
      2	37746
      1	37747
      1	37784
      1	37793
      1	37817
      1	37883
      1	37908
      1	37934
      1	37941
      1	37967
      1	38066
      1	38080
      1	38085
      1	38151
      1	38152
      1	38227
      1	38232
      1	38238
      2	38243
      3	38252
      1	38273
      3	38392
      4	38398
      4	38405
      1	38479
      1	38480
      1	38495
      1	38544
      2	38551
      1	38589
      1	38593
      1	38596
      1	38608
      1	38620
      1	38624
      3	38654
      1	38677
      1	38689
      1	38731
      1	38756
      1	38757
      1	38781
      1	38785
      1	38822
      1	38836
      1	38905
      2	38927
      1	38952
      1	38962
      1	38993
      2	39067
      2	39075
      1	39079
      1	39080
      2	39156
      1	39189
      1	39190
      1	39193
      2	39239
      1	39265
      2	39348
      1	39403
      1	39409
      1	39448
      2	39452
      1	39478
      1	39485
      1	39502
      1	39565
      1	39612
     12	39626
      1	39638
      1	39727
      1	39738
      1	39751
      2	39753
      1	39759
      1	39790
     18	39797
      3	39817
      1	39819
      1	39907
      1	39929
      1	39940
      1	39977
      3	39988
      2	39993
      1	40005
      1	40017
      1	40018
      1	40038
      1	40058
      1	40063
      1	40068
      1	40093
      2	40101
      1	40104
      1	40161
      4	40170
      2	40184
      1	40204
      1	40223
      1	40256
      2	40350
      1	40387
      2	40397
      1	40401
      1	40426
      1	40475
      1	40480
      1	40481
      1	40502
      2	40519
      1	40538
     18	40570
      1	40594
      6	40614
      1	40624
      2	40626
      1	40629
      1	40630
      1	40635
      1	40640
      2	40742
      1	40785
      1	40816
      1	40817
      1	40825
      1	40830
      1	40838
      1	40847
      2	40864
      3	40931
      1	40941
      1	40948
      3	40950
      4	40954
      2	41001
      1	41002
      1	41023
      3	41032
      2	41097
      1	41122
      1	41142
      1	41159
      1	41186
      1	41198
      1	41216
      1	41224
      1	41250
      1	41263
      1	41341
      1	41357
      1	41360
      1	41379
      1	41393
      1	41421
      1	41513
      1	41533
      1	41566
      1	41576
      5	41582
      1	41636
      2	41637
      3	41669
      1	41671
      3	41694
      1	41697
      1	41701
      2	41712
      1	41753
      1	41756
      1	41771
      1	41774
      1	41791
      1	41804
      1	41842
      1	41849
      1	41869
      3	41879
      2	41963
      1	41972
      1	41992
      1	42035
      1	42073
      1	42124
      4	42130
      1	42204
      1	42207
      1	42232
      2	42268
      4	42314
      2	42354
      1	42357
      1	42448
      1	42500
      1	42506
      7	42517
      1	42547
      3	42550
      2	42565
      1	42581
      2	42582
      1	42597
      1	42615
     29	42651
      1	42657
      1	42661
      1	42679
      1	42708
      1	42727
      1	42728
      1	42810
      4	42820
      1	42828
      3	42851
      1	42876
      1	42926
      1	42953
      1	42957
      1	42969
      1	43005
      1	43010
      2	43030
      1	43102
      2	43267
      2	43272
      1	43333
      2	43336
      1	43337
      2	43346
      1	43348
      2	43355
      1	43359
      3	43366
      1	43369
      1	43381
      1	43403
      1	43404
      1	43435
      1	43503
      1	43506
      1	43509
      1	43513
      1	43536
      1	43540
      1	43550
      1	43595
      1	43611
      1	43616
      1	43626
      6	43640
      1	43650
      1	43685
      2	43693
      1	43733
      4	43819
      2	43820
      2	43899
      2	43961
      1	43979
      1	43997
      1	44024
      1	44046
      1	44047
      1	44074
      2	44078
      1	44114
      1	44117
      1	44123
      1	44124
      7	44137
      6	44153
      1	44156
      1	44182
      1	44199
      2	44232
      1	44235
      2	44280
      1	44318
      5	44339
      1	44341
      1	44345
      2	44351
      1	44380
      1	44409
      1	44427
      1	44487
      2	44493
      1	44505
      1	44561
      1	44568
      1	44569
      6	44672
      8	44691
      3	44715
      1	44724
      1	44726
      4	44741
      1	44757
      1	44770
      1	44801
      1	44807
      2	44817
      1	44833
     10	44843
      1	44935
      1	44937
      1	44961
      1	44972
      1	44986
      2	44999
      3	45022
      1	45048
      2	45061
      1	45145
      1	45159
      1	45160
      1	45173
      1	45177
      1	45188
      1	45205
      2	45215
      3	45220
      1	45227
      1	45383
      1	45384
      1	45390
      2	45393
      4	45396
      1	45430
      2	45442
      1	45470
      3	45483
      1	45495
      1	45506
      1	45517
      1	45550
      1	45597
      1	45618
      1	45643
      2	45660
      1	45708
      1	45757
      1	45766
      1	45778
      1	45783
      1	45814
      1	45815
      1	45827
      1	45840
      2	45847
      1	45849
      1	45854
      1	45897
      1	45906
      1	45912
      1	45921
      6	45924
      1	45930
      1	45934
      1	45943
      1	45965
      1	45975
      1	45977
      1	46006
      2	46018
      1	46020
      1	46026
      1	46033
      2	46075
      1	46102
      1	46125
      1	46137
      1	46195
      2	46263
      1	46278
      1	46329
      2	46335
      1	46349
      1	46352
      2	46388
      1	46389
      1	46393
      1	46412
      2	46442
      1	46499
      1	46513
      1	46595
      1	46616
      2	46656
      1	46680
      1	46703
      1	46744
      1	46766
      2	46841
      2	46915
      3	46919
      1	46925
      1	46932
      1	46942
      2	46960
      4	46992
      1	47000
      1	47001
      1	47024
      1	47027
      1	47099
      1	47107
      1	47126
      4	47127
      1	47144
      1	47197
      1	47215
      4	47232
      1	47270
      2	47311
      2	47486
      1	47497
      1	47499
      1	47507
      1	47525
      2	47634
      1	47635
      1	47636
      2	47642
      1	47646
      1	47648
      1	47741
      1	47754
      2	47829
      1	47842
      1	47844
      1	47905
      3	47920
      1	47954
      1	47962
      1	47985
      3	47999
      1	48002
      1	48073
      1	48080
      1	48086
     12	48129
      1	48133
      1	48134
      3	48138
      1	48170
      1	48174
      2	48198
      1	48219
      1	48241
      1	48251
      1	48253
      1	48279
      1	48319
      1	48369
      2	48377
      1	48401
      1	48406
      3	48427
      2	48440
      1	48471
      1	48476
      1	48478
      1	48527
      1	48536
      1	48617
      1	48634
      1	48639
      1	48653
      1	48676
      1	48764
      1	48769
      1	48771
      1	48787
      3	48797
      1	48805
      1	48861
      8	48870
      1	48917
      2	48921
      1	48941
      1	48945
      1	48993
      1	49040
      1	49041
      2	49063
      1	49111
      1	49119
      2	49144
      1	49236
      7	49247
      4	49267
      1	49278
      1	49305
      1	49332
      1	49358
      2	49361
      1	49362
      2	49376
      1	49390
      1	49411
      1	49439
      7	49458
      1	49474
      1	49500
      2	49501
      2	49538
     33	49547
      1	49555
      1	49568
      1	49585
      2	49605
      2	49607
      2	49637
      1	49655
      1	49696
      1	49720
      2	49744
      1	49760
      1	49765
      1	49825
      1	49859
      1	49887
      2	49922
      2	49947
      3	49957
      1	49966
      1	49982
      1	49991
      1	50013
      2	50018
      1	50023
      1	50058
      1	50093
      1	50184
      2	50190
      1	50246
      2	50261
      1	50262
      1	50290
      2	50300
      1	50378
      4	50382
      1	50391
      1	50420
      1	50440
      1	50456
      1	50481
      1	50509
      1	50522
      1	50554
      1	50564
      1	50584
      4	50607
      1	50640
     10	50660
      1	50678
      1	50756
      1	50810
      1	50820
      1	50828
      1	50849
      7	50859
      1	50870
      1	50888
      3	50910
      7	50955
      1	51002
      1	51004
      1	51042
      3	51078
      1	51088
      1	51107
      1	51156
      2	51172
      2	51198
      1	51201
      1	51221
      1	51246
      1	51252
      2	51255
      1	51268
      1	51294
      1	51303
      1	51321
      1	51342
      2	51352
      1	51354
      3	51391
      1	51392
      1	51429
      1	51433
      1	51440
      1	51445
      1	51474
      1	51490
      1	51513
      1	51537
      2	51549
      2	51562
     14	51576
      1	51587
      1	51593
      1	51630
      1	51655
      1	51718
      1	51722
      1	51752
      1	51757
      1	51779
      1	51790
      1	51822
     17	51895
      1	51929
      1	51946
     71	51959
      1	51970
      1	51986
      1	52013
     14	52029
      3	52038
      1	52056
      1	52082
      1	52092
      1	52129
      1	52140
     25	52181
      1	52221
      1	52247
      1	52253
      1	52273
      1	52370
      3	52382
      2	52398
      1	52416
      1	52425
      4	52459
      1	52486
      1	52522
      7	52532
      5	52540
      1	52567
      1	52635
      1	52667
      3	52689
      1	52722
      1	52734
      1	52748
      1	52755
      2	52769
      1	52794
      1	52796
      2	52797
      6	52801
      1	52822
      1	52921
      1	52927
      1	52942
      3	52968
      1	53033
      1	53041
      1	53053
      1	53061
      1	53063
      1	53071
      1	53088
      2	53093
      1	53146
      1	53152
      6	53243
      1	53266
      1	53349
      1	53363
      1	53401
      1	53420
      3	53423
      2	53439
      1	53494
      1	53495
      1	53502
      1	53521
      1	53542
      1	53568
      2	53583
      1	53661
      1	53666
      1	53669
      1	53673
      1	53689
      1	53708
     11	53710
      3	53718
      3	53757
      2	53779
      1	53794
      2	53814
      1	53855
      3	53882
      1	53906
      2	53908
      1	53949
      1	53951
      1	53963
      3	53971
      4	54028
      1	54055
      2	54075
      2	54091
      2	54132
      1	54136
      2	54184
      1	54209
      1	54224
      1	54226
      1	54232
      1	54239
      3	54249
      7	54307
      1	54321
      1	54345
      3	54355
      2	54386
      2	54399
      1	54414
      1	54422
      2	54439
      1	54446
      1	54493
      2	54495
      4	54501
      4	54553
      1	54684
      1	54686
      2	54713
      1	54726
      1	54729
      1	54777
      4	54786
      1	54801
      1	54865
      1	54894
      2	54916
      2	54989
      1	55013
      2	55054
      1	55073
      2	55129
      1	55143
      1	55158
      1	55173
      1	55209
      2	55217
      1	55229
      1	55249
      2	55268
      1	55282
      2	55288
      1	55290
      1	55299
      1	55312
      3	55329
      2	55349
      1	55356
      1	55362
      1	55401
      1	55409
     10	55429
      1	55452
      4	55460
      1	55485
      1	55486
      1	55496
      3	55539
      1	55544
      2	55554
      3	55565
      1	55584
      1	55585
      3	55587
      3	55608
      1	55633
      2	55670
      1	55688
      3	55732
      1	55746
      1	55770
      1	55800
      1	55816
      1	55818
      3	55859
      2	55884
      2	55910
      1	55919
      1	55974
      1	55979
      1	56002
      1	56015
      1	56027
      1	56038
      1	56084
      1	56113
      1	56144
      1	56151
      1	56203
      2	56226
      8	56250
      1	56254
      4	56255
      2	56258
      1	56261
      1	56264
      1	56266
      1	56281
      1	56292
      1	56331
      1	56361
      1	56386
      1	56399
      1	56427
      1	56485
      1	56496
      2	56513
      1	56519
      1	56538
      1	56564
      1	56573
      1	56574
      4	56640
      1	56688
      2	56693
      1	56702
      1	56706
      1	56710
      1	56734
      3	56813
      2	56821
      1	56844
      3	56855
      3	56869
      1	56903
      1	56940
      1	56943
      1	56961
      1	56978
      1	57021
      1	57051
      1	57092
      1	57101
      1	57119
      4	57122
      4	57133
      4	57137
      1	57138
      1	57154
      5	57162
      2	57165
      2	57218
      1	57221
      1	57232
      3	57261
      1	57262
      1	57264
      1	57278
      1	57283
      1	57332
      1	57337
      1	57345
      1	57353
     22	57362
      1	57384
      1	57420
      1	57438
      1	57470
      1	57481
      1	57506
      1	57510
      3	57514
      1	57523
      1	57537
      1	57560
      4	57566
      1	57574
      1	57595
      1	57635
      1	57703
      1	57708
      2	57712
      1	57731
      1	57758
      1	57791
      1	57807
      1	57815
      1	57874
      3	57877
      1	57894
      1	57921
      1	57964
      2	58099
      1	58109
      1	58154
      1	58168
      1	58180
      1	58192
      1	58207
      1	58210
      2	58212
      2	58216
      1	58223
      2	58235
      2	58250
      4	58281
      1	58299
      2	58308
      1	58314
      1	58427
      1	58430
      3	58434
      1	58466
      3	58470
      1	58488
      1	58543
      1	58567
      1	58589
      1	58598
      1	58605
      2	58606
      8	58625
      1	58642
      1	58647
      1	58674
      1	58680
      1	58700
      1	58746
      1	58747
      1	58755
      1	58756
      2	58757
      1	58763
      1	58778
      1	58783
      3	58805
      1	58808
      1	58815
      1	58824
      1	58852
      1	58856
      1	58860
      1	58862
      1	58870
      1	58876
      1	58877
      1	58882
      2	58886
      1	58894
      1	58910
      1	58915
      1	58934
      2	58953
      1	59016
      1	59094
      1	59163
      1	59174
      2	59177
      2	59201
      1	59226
      5	59231
      7	59238
      3	59243
      1	59245
      1	59301
      1	59316
      1	59327
      1	59333
      1	59335
      1	59367
      2	59423
      1	59434
      1	59467
      1	59484
      1	59488
      1	59559
      1	59568
      4	59582
      4	59588
     16	59593
      1	59603
      2	59615
      1	59618
      1	59637
      1	59660
      1	59674
      2	59715
      3	59718
      1	59720
      2	59726
      1	59758
      2	59762
      1	59780
      1	59797
      3	59836
      1	59880
      2	59895
      1	59899
      1	59904
      1	59911
      1	59919
      1	59920
      1	59935
      1	59938
      2	59972
      1	60006
      1	60024
      1	60044
      2	60058
      1	60068
      4	60120
      1	60155
      2	60173
      1	60205
      1	60207
      1	60210
      1	60230
      4	60239
      4	60249
      2	60274
      1	60276
      1	60282
      1	60283
      1	60307
      1	60358
      2	60382
      1	60449
      1	60462
      2	60551
      2	60563
      1	60580
      4	60581
      5	60615
      1	60618
      1	60628
      1	60653
      1	60670
      2	60682
      1	60687
      1	60716
      2	60753
      1	60796
      3	60810
      1	60898
      3	60909
      2	60914
      1	60917
      1	60931
      1	60961
      1	60984
      1	61013
      1	61018
      1	61041
      1	61050
      3	61068
      1	61091
      1	61092
      1	61101
      1	61107
      1	61112
      1	61116
      1	61121
      1	61137
      1	61150
      1	61180
      1	61207
      1	61230
      2	61246
      1	61258
      5	61261
      1	61264
      1	61265
      1	61277
      1	61280
      1	61313
      1	61349
      1	61355
      1	61360
      5	61362
      2	61398
      1	61429
      1	61432
      1	61443
      1	61506
      1	61509
      1	61531
      3	61584
      1	61591
      1	61600
      1	61603
      1	61647
      1	61649
      3	61668
      1	61675
      1	61697
      1	61717
      2	61729
      1	61740
      1	61748
      2	61753
      1	61767
      1	61772
      1	61810
      1	61817
      1	61821
      7	61829
      2	61918
      1	61981
      1	61989
      1	62000
      2	62006
      1	62011
     13	62014
      1	62026
      1	62035
      1	62041
      1	62047
      1	62076
      7	62095
      4	62098
      1	62099
      5	62106
      1	62107
      1	62119
      3	62174
      1	62183
      1	62201
      7	62252
      1	62270
      1	62280
      1	62290
      2	62314
      3	62318
      1	62382
      1	62395
      2	62412
      1	62461
      1	62497
      2	62532
      1	62534
      1	62575
      1	62586
      1	62631
      1	62715
      3	62719
      1	62720
      1	62728
      1	62730
      1	62791
      1	62796
      1	62830
     10	62862
      2	62867
      1	62871
      1	62875
     10	62884
      1	62897
      1	62930
      3	62936
      1	62980
      1	62981
      2	62992
      4	63002
      3	63022
      7	63097
      2	63101
      1	63119
      1	63145
      1	63165
      1	63187
      2	63247
      1	63255
      1	63282
      1	63317
      1	63322
      2	63338
      2	63363
      2	63375
      1	63413
      1	63430
      2	63440
      1	63480
      1	63559
      1	63580
      1	63582
      1	63585
      3	63598
      1	63611
      1	63617
      2	63632
      1	63642
      1	63648
      2	63660
      1	63684
      1	63695
      3	63696
      6	63722
      1	63754
      1	63820
      1	63826
      2	63850
      1	63852
      1	63914
      3	63936
      1	63950
      1	63980
      1	63986
      1	63997
      3	64054
      1	64065
      1	64126
     12	64129
      2	64172
      1	64174
      5	64196
      1	64209
      1	64236
      2	64257
      3	64271
      2	64314
      1	64316
      1	64382
      1	64456
      1	64502
      3	64524
      1	64530
      1	64531
      1	64545
      2	64581
      1	64586
      1	64680
      1	64699
      1	64751
      6	64846
      1	64856
      4	64876
      6	64904
      9	64951
      1	64968
      1	64969
      1	64981
      1	64982
      1	64990
      1	64991
      1	64996
      1	65008
      1	65081
      1	65088
      1	65104
      1	65124
      1	65126
      1	65138
      1	65145
      7	65184
      1	65197
      6	65214
      1	65215
      2	65266
      1	65272
      2	65294
      1	65295
      2	65334
      1	65339
      1	65375
      2	65408
      1	65413
      1	65475
      2	65484
