      1	75
      1	343
      1	453
      8	704
      1	712
      1	762
      3	813
      1	895
      1	949
      1	951
      1	959
      3	984
      1	1118
      1	1143
      1	1154
      1	1160
      4	1173
      1	1178
      1	1357
      1	1424
      1	1445
      2	1554
      1	1841
      2	1937
      4	2064
      1	2093
      1	2114
      1	2129
      1	2271
      1	2312
      1	2475
      1	2695
      1	2740
      1	2849
      1	2985
      1	2992
      3	3239
      1	3295
      1	3322
      2	3409
     24	3495
      1	3606
      1	3932
      1	3946
      1	3956
      1	3967
      1	4101
      1	4249
      1	4308
      1	4382
      1	4390
      1	4444
      1	4514
      1	4524
      1	4606
      2	4678
      2	4682
      1	4790
      1	4797
      1	4907
      2	5023
      3	5287
      1	5432
      2	5473
      1	5476
      1	5480
      1	5571
      1	5613
      1	5823
      1	5830
      1	5861
      9	6050
      1	6089
      2	6170
      2	6332
      1	6365
      1	6596
      1	6746
      1	6821
      1	6943
      1	7000
      1	7011
      1	7041
      1	7052
      5	7173
      1	7186
      1	7206
      1	7339
      4	7340
      1	7611
      1	7650
      2	7669
      1	7889
      2	8014
      1	8029
      1	8051
      1	8172
      4	8239
      1	8315
      1	8336
      5	8537
      1	8891
      3	8922
      1	8936
      1	8983
      1	8987
      1	9133
      4	9148
      2	9152
      2	9240
      1	9359
      7	9382
      1	9411
      1	9787
      3	9831
      1	9845
      5	10181
      1	10386
      1	10389
      1	10391
      1	10453
      1	10508
      1	10534
      1	10645
      1	10673
      1	10724
      1	10762
      4	10860
      1	10872
      1	10904
      3	11398
      1	11491
      1	11559
      1	11636
      1	11736
      1	11751
      2	11803
      1	11964
      1	12041
      1	12091
      1	12290
      1	12342
      2	12359
      1	12472
      1	12705
      4	12708
      1	12751
      1	12767
      1	12970
      1	13003
      1	13024
      1	13180
      4	13319
      6	13344
      4	13589
      1	13633
      2	13734
      5	13790
      1	13945
      1	14146
      1	14385
      2	14429
      1	14436
      1	14606
      2	14749
      1	14769
      1	14829
      1	14842
      2	14986
      1	15099
      3	15147
      1	15355
      1	15362
      2	15651
      1	15779
      2	15816
      1	15903
      1	15996
      1	16039
      6	16117
      1	16230
      1	16332
      1	16442
      2	16503
      1	16605
      1	16628
      1	16668
      1	16718
      1	16782
      1	16890
      1	16916
      1	16947
     31	17003
      1	17136
      1	17225
      1	17390
      1	17399
      2	17454
      1	17729
      2	17773
     22	17825
      1	18094
      1	18279
      1	18590
      3	18660
      2	18749
      3	18814
      2	18827
     14	18842
      1	18867
      1	18870
      1	19356
      1	19405
      4	19543
      3	19603
      1	19743
      1	19989
      1	19991
      1	20162
      1	20438
      1	20516
      1	20560
      1	20671
      1	20837
      1	20925
      1	21033
      1	21125
      1	21369
      1	21378
      1	21380
      1	21416
      1	21420
      1	21628
      1	21655
      1	21665
      1	21743
      1	21745
      4	21809
      2	21931
      1	21952
      2	22192
      1	22202
      2	22304
      1	22347
      1	22414
      2	22480
      1	22495
      1	22554
      1	22577
      2	22585
      1	22624
      2	22625
      1	22708
      1	22713
      3	23023
      1	23070
      1	23216
      1	23333
      1	23412
      1	23435
      1	23513
      1	23543
      1	23761
      2	23856
      2	23972
      1	23997
      1	24010
      6	24026
      1	24331
      1	24376
      2	24463
      1	24469
      3	24622
      1	24905
      1	24931
      1	24947
      1	25020
      1	25060
      1	25145
      1	25199
      1	25381
      1	25439
      2	25476
      4	25517
      1	25642
      1	25689
      1	25764
      1	25816
      1	25869
      1	25878
      1	25953
      1	25985
      2	25991
      1	26179
      1	26184
      2	26207
      5	26263
      1	26552
      1	26597
      1	26617
      2	26726
      1	26777
      3	26947
      1	26993
      1	27142
      1	27147
      1	27216
      1	27276
      1	27590
      1	27816
      2	27881
      1	27947
      2	28078
      1	28180
      1	28245
      4	28435
      1	28478
      1	28538
      2	28545
      1	28683
      2	28824
      1	28990
      1	29028
      1	29245
      1	29422
      1	29477
      1	29514
      1	29588
      6	29596
      1	29865
      1	29980
      2	30027
      1	30034
      1	30208
      1	30236
      1	30291
      1	30306
      2	30427
      1	30460
      1	30595
      2	30941
      1	30983
      1	31010
      1	31147
      1	31703
      1	31771
      1	31787
      1	31840
      1	31962
      1	32122
      2	32211
      2	32230
      1	32378
      3	32389
      1	32460
      1	32633
      1	32819
      1	32863
      1	33069
      1	33256
      1	33463
      2	33628
      2	33668
      2	33727
      1	33820
      1	33982
      5	34010
      1	34035
      1	34181
      1	34190
      1	34371
      1	34604
      7	34689
     28	34787
      1	35101
      1	35498
      1	35663
      1	35836
      1	35844
      2	35901
      1	35980
      1	35985
      1	36026
      1	36042
      2	36091
      1	36236
      1	36276
      2	36549
      1	36622
      1	36656
      1	36672
      1	36945
      1	37098
      1	37111
      2	37158
      1	37270
      1	37321
      1	37407
      1	37449
      1	37491
      1	37493
      1	37511
      1	37554
      1	37566
      1	37802
      1	38018
      1	38050
      1	38056
      1	38121
      1	38288
      3	38389
      2	38675
      1	38689
      1	38713
      1	38714
      1	38780
      1	39201
      1	39208
      1	39234
      1	39237
      1	39372
      3	39398
      1	39410
      2	39525
      2	39574
      1	39577
      1	39738
      1	39804
     20	39862
      1	40350
      1	40370
      1	40393
      1	40483
      1	40617
      2	40661
      2	40742
      1	41133
      2	41355
      1	41364
      1	41376
      1	41405
      1	41605
      4	41700
      1	41701
      1	41771
      2	41784
      1	41811
      1	41853
      1	41904
      1	42425
      1	42433
      1	42506
      1	42657
      1	42693
      1	42847
      1	43078
      1	43095
      1	43326
      1	43536
      3	43700
      1	43730
      1	43811
      2	43814
      1	43835
      1	43989
      1	44001
      1	44016
      1	44094
      1	44228
      2	44238
      1	44272
      1	44387
      1	44481
      2	44520
      2	44636
      2	44878
      2	44927
      1	45061
      1	45219
      1	45586
      1	45655
      1	45687
      3	45828
      1	45943
      1	45979
      1	46163
      1	46402
      1	46607
      2	46799
      1	46853
      1	46950
      1	46963
      2	47027
      1	47072
      1	47073
      1	47168
      5	47185
      4	47309
      1	47311
      1	47488
      3	47610
      1	47693
      1	47771
      1	47854
      1	47905
      1	48029
      1	48180
      1	48382
      1	48413
      1	48462
      1	48778
      1	49020
      1	49086
      1	49162
      1	49179
      1	49180
      1	49191
      3	49561
      1	49582
      1	49680
      2	49834
      1	49905
      1	49962
      1	49993
      1	50049
      2	50209
      1	50383
      1	50432
      4	50439
      2	50480
      1	50550
      1	50717
      1	50874
     14	50953
      2	50996
      1	51031
      2	51394
      1	51478
      4	51566
      1	51668
      2	51941
      2	51959
      4	52023
      9	52075
      6	52078
      1	52121
      1	52145
      4	52181
      1	52414
      1	52541
      1	52633
      1	52635
      1	52735
      1	52915
      1	53044
      1	53053
      1	53111
      1	53235
      2	53243
      1	53339
      1	53357
      1	53423
      2	53624
      3	53777
      4	54080
      1	54183
      1	54245
      5	54536
      1	54605
      1	54698
      1	54733
     13	54950
      2	55085
      1	55238
      3	55410
      1	55418
      1	55441
      1	55444
      6	55460
      2	55486
      2	55544
      1	55566
      1	55592
      1	55660
      2	55751
      2	55842
      2	56027
      1	56084
      1	56113
      2	56144
      1	56245
      1	56291
      1	56347
      1	56404
      1	56432
      2	56577
      1	56790
      1	56905
      1	57076
      1	57264
      1	57354
      1	57380
      1	57566
      6	57604
      1	57612
      1	57737
      1	57836
      2	57950
      1	58036
      1	58155
      1	58180
      1	58223
      1	58244
      1	58343
      1	58447
      1	58466
      1	58498
      3	58594
      1	58649
      1	58783
      1	58787
      1	58792
      1	58812
      1	58913
      1	58996
      1	59003
      1	59050
      1	59165
      2	59466
      1	59561
      1	59633
      1	59681
      2	59748
      1	59788
      1	60013
      1	60191
      1	60300
      2	60338
      1	60443
      1	60456
      2	60470
      1	60757
      2	61018
      3	61034
      1	61101
      1	61261
      2	61277
      2	61649
      5	61855
      1	61878
      1	61888
      1	62178
      1	62343
      1	62412
      1	62967
      1	63317
      1	63323
      3	63363
      1	63381
      2	63409
      2	63987
      1	64056
      1	64065
      2	64120
      1	64148
      1	64196
      5	64325
      2	64361
      2	64528
      2	64530
      1	64569
      2	64637
      6	64651
      1	64655
      1	64682
      1	64705
      1	64751
      1	64937
      1	65032
      8	65104
      3	65137
      1	65273
      1	65408
      1	65492
