      3	5
      1	11
      1	22
      2	24
      1	27
      3	29
      1	41
      2	45
      1	46
      3	47
      1	75
      1	91
      2	97
      1	107
      1	113
      1	153
      4	162
      1	182
      1	188
      3	192
      1	209
      1	222
      1	303
      4	322
      2	329
      2	336
      2	346
      1	351
      9	419
      1	449
      2	475
      1	479
      1	492
      4	505
      1	511
      1	531
      6	538
      1	586
      4	590
      1	664
      1	691
      1	702
      1	707
      5	708
      1	712
      2	716
      1	721
      3	758
      1	763
      1	767
      1	770
      1	775
      3	779
      1	808
      2	841
      4	851
      7	865
      1	871
      1	880
      1	887
      1	926
      1	937
      1	945
      1	985
      2	986
      1	995
      2	1039
      1	1042
      1	1049
      2	1070
      2	1106
      1	1158
      2	1173
      1	1175
      3	1182
      1	1183
      2	1190
      1	1193
      1	1210
      1	1214
      2	1248
      1	1253
      4	1267
      1	1270
      1	1305
      1	1341
      1	1352
      1	1366
      1	1398
      1	1402
      1	1405
      1	1421
      1	1462
      2	1468
      4	1497
      1	1503
      4	1505
      6	1508
      1	1518
      1	1532
      1	1534
      1	1538
      3	1552
      1	1556
      1	1569
      1	1616
      1	1642
      3	1656
      1	1673
      1	1687
      2	1728
      1	1738
      1	1762
      3	1782
      1	1795
      3	1813
      2	1818
      1	1820
      1	1822
      1	1836
      6	1883
      1	1894
      1	1948
      1	1950
      1	1955
      1	1988
      1	2015
      3	2020
      1	2030
      1	2041
      3	2087
      2	2090
      2	2093
      3	2095
      1	2121
      1	2125
      2	2182
      3	2185
      1	2246
      1	2251
      2	2271
      6	2280
      1	2342
      1	2345
      1	2349
      2	2386
     18	2400
      2	2402
      1	2410
      1	2417
      1	2453
      1	2457
      4	2470
      7	2475
      1	2503
      3	2506
      1	2509
      1	2556
      2	2566
      1	2613
      1	2614
      1	2636
      2	2645
      1	2665
      2	2674
      2	2679
      3	2688
      1	2693
      1	2739
      3	2743
      1	2802
      1	2804
      7	2819
      1	2835
      6	2836
      1	2841
      1	2849
      1	2866
     11	2916
      1	2954
      2	2992
      1	3000
      1	3004
      1	3005
      3	3014
      2	3026
      1	3063
      2	3072
      1	3079
      1	3114
      1	3124
      1	3140
      2	3147
      1	3153
      3	3204
      2	3212
      1	3227
      1	3243
      2	3256
      1	3272
      1	3307
      1	3318
      1	3330
      3	3351
      1	3359
      1	3360
      1	3368
      4	3375
      1	3388
      1	3391
      1	3410
      1	3439
      1	3450
      1	3452
      1	3486
      2	3491
      2	3493
      1	3497
      1	3509
      1	3538
      1	3577
      1	3619
      1	3621
      3	3624
      1	3663
      1	3669
      4	3690
      1	3709
      2	3720
      1	3745
      1	3758
      3	3764
      1	3792
      1	3814
      1	3824
      2	3830
      1	3840
      1	3842
      1	3884
      2	3886
      2	3922
      2	3935
      1	3944
      1	3959
      1	3967
      4	3988
      1	4008
      1	4011
      1	4058
      1	4070
      1	4106
      1	4108
      1	4109
      1	4113
      1	4120
      6	4125
      1	4128
      1	4138
      1	4158
      1	4173
      6	4181
      1	4184
      1	4216
      3	4221
      2	4238
      1	4256
      1	4262
      1	4286
      9	4318
      1	4334
      8	4336
      1	4368
      1	4372
      2	4388
      2	4395
      1	4422
      2	4436
      9	4442
      1	4460
      1	4473
      1	4489
      1	4492
      1	4509
      1	4527
      1	4541
      3	4546
      1	4586
      1	4601
      2	4604
      1	4621
      6	4645
      1	4652
      3	4664
      1	4666
      2	4713
      2	4773
      1	4780
      1	4785
      1	4787
      1	4789
      1	4808
      5	4812
      1	4815
      1	4848
      1	4849
      1	4853
      1	4861
      1	4869
      1	4888
      1	4896
      1	4915
      1	4926
      5	4930
      1	4939
      1	4944
      1	4946
      3	4959
      2	4969
      1	4985
      1	5011
      1	5030
      1	5046
      1	5083
      1	5112
      1	5116
      4	5119
      1	5141
      4	5160
     16	5161
      4	5165
      1	5208
      2	5215
      2	5219
      1	5222
      1	5247
     10	5254
      2	5259
      2	5260
      1	5261
      1	5267
      3	5271
      2	5287
      2	5314
      1	5358
      2	5375
      1	5425
      2	5432
      2	5453
      1	5457
      6	5475
      5	5476
      1	5483
      4	5510
      1	5520
      1	5531
      1	5565
      2	5594
      2	5598
      1	5611
      1	5698
      1	5711
      1	5720
      1	5731
      1	5763
      1	5783
      1	5794
      3	5830
      1	5869
      1	5874
      1	5876
      3	5888
      1	5894
      1	5930
      1	5976
      1	6000
      6	6012
      2	6031
      5	6045
      1	6073
      1	6074
      2	6095
      1	6101
      1	6117
      1	6119
      1	6124
      1	6126
      2	6128
      1	6173
      2	6175
      1	6181
      1	6213
      1	6216
      1	6217
      1	6225
      1	6229
      1	6235
      7	6244
      1	6262
      1	6263
      5	6275
      1	6293
      1	6328
      2	6361
      7	6366
      1	6394
      1	6396
      1	6403
      2	6415
      1	6417
      1	6425
      1	6429
      1	6451
      1	6494
     10	6497
      1	6504
      1	6534
      2	6558
      1	6576
      1	6584
      1	6586
      1	6592
      1	6612
      1	6614
      1	6622
      1	6626
      7	6647
      2	6659
      7	6691
      1	6700
      1	6711
      1	6740
      1	6742
      2	6753
      1	6754
      1	6772
      2	6781
      1	6787
      1	6801
      1	6822
      1	6837
      1	6858
      1	6887
      1	6914
      1	6915
      1	6927
      2	6956
      1	6961
      4	6971
      3	6980
      1	7013
      2	7041
      1	7075
      1	7076
      1	7081
      1	7101
      1	7113
      1	7152
      1	7185
      1	7191
      2	7195
      1	7216
      1	7219
      2	7267
      1	7272
      1	7298
      4	7300
      1	7343
      1	7359
      1	7384
      3	7403
      1	7435
      7	7457
      7	7466
      1	7490
      1	7493
      1	7499
      1	7563
      2	7572
      2	7579
      3	7612
      6	7651
      2	7670
      1	7677
      1	7689
      1	7713
      1	7746
      1	7750
      1	7790
      1	7795
      9	7817
      2	7820
      1	7824
      1	7825
      1	7834
      1	7842
      1	7869
      8	7883
      1	7886
      1	7887
      1	7907
      1	7911
      1	7925
      1	7942
      2	7948
      1	7955
      1	7970
      1	7981
      2	8013
      2	8035
      2	8037
      1	8054
      1	8061
      2	8062
      1	8089
      1	8101
      1	8117
      2	8150
      1	8168
      2	8172
      2	8201
      2	8254
      1	8268
      1	8290
      1	8297
      4	8312
      1	8323
      1	8335
      3	8354
      1	8363
      1	8364
      1	8365
      3	8374
      1	8376
      1	8432
      1	8462
      1	8472
      1	8476
      1	8489
      1	8504
      1	8508
      5	8515
      1	8516
      1	8534
      4	8560
      1	8567
      2	8599
      1	8606
      1	8634
      1	8649
      1	8657
      1	8695
      1	8707
      1	8734
      6	8736
     20	8760
      3	8782
      5	8812
      1	8823
      1	8843
      1	8853
      1	8859
      1	8872
      1	8931
      1	8953
      2	8956
      3	8983
      5	8987
      1	8992
      2	9002
      1	9011
      1	9012
      1	9016
      1	9063
      1	9080
      1	9099
      1	9104
      5	9109
      1	9121
      2	9133
      7	9143
      1	9152
      1	9158
      2	9174
      1	9182
      1	9188
      1	9191
      1	9207
      1	9211
      1	9234
      1	9241
      1	9243
      1	9263
      1	9284
      2	9304
      1	9315
      4	9316
      1	9317
     10	9318
      1	9322
      1	9324
      1	9327
      5	9345
      1	9378
      2	9386
      1	9424
      2	9428
      1	9440
      2	9472
      1	9484
      1	9498
      3	9543
      2	9556
      1	9561
      1	9563
      2	9590
      6	9610
      1	9667
      1	9670
      3	9705
      3	9716
      2	9726
      1	9735
      1	9744
      1	9752
     14	9755
      4	9765
      4	9797
      1	9869
      2	9872
      2	9888
      4	9900
      1	9952
      3	9953
      1	9992
      9	10026
      1	10077
      1	10095
      2	10106
      1	10114
      1	10118
      1	10123
      1	10124
      1	10177
      1	10181
      2	10205
      1	10214
      3	10245
      1	10260
      1	10273
      1	10275
      1	10339
      1	10340
      2	10346
      1	10361
      2	10407
      2	10424
      1	10427
      2	10444
      1	10447
      1	10448
      1	10454
      1	10456
      1	10475
      1	10496
      1	10504
      1	10555
      3	10576
      1	10589
      2	10610
      2	10645
      1	10673
      1	10705
      5	10724
      1	10725
      1	10726
      3	10744
      1	10759
      1	10770
      1	10782
      1	10802
      1	10813
      1	10834
      1	10843
      1	10864
      2	10875
      6	10913
      1	10933
      2	10950
      1	10976
      1	10987
      4	10995
      1	11048
      2	11067
     29	11071
      1	11082
      1	11089
      2	11090
      1	11091
      1	11143
      1	11226
      1	11230
      2	11278
      1	11303
      1	11310
      2	11358
      1	11382
      1	11385
      4	11402
      1	11404
      1	11440
      1	11453
      1	11472
      1	11475
      1	11506
      4	11524
      2	11534
      1	11557
      1	11559
      2	11569
      3	11584
      1	11602
      2	11611
      1	11641
      1	11668
      1	11670
      1	11696
      1	11697
      1	11741
      1	11762
      1	11788
      1	11796
      1	11800
      1	11804
      1	11810
      4	11833
      1	11838
      1	11845
      2	11871
      1	11876
      1	11883
      2	11893
      1	11898
      1	11928
      1	11951
      1	11960
      1	11964
      1	12019
      1	12042
      4	12043
      2	12055
      1	12091
      1	12188
      1	12192
      1	12271
      1	12313
      1	12322
      1	12339
      1	12341
      1	12345
     13	12356
      2	12361
      1	12379
      6	12397
      2	12420
      1	12435
      2	12505
      1	12543
      1	12622
      2	12636
      1	12660
      1	12695
      2	12703
      1	12705
      1	12707
      2	12708
      1	12762
      1	12787
      1	12798
      1	12804
      1	12809
      3	12814
      1	12825
      1	12832
      1	12848
      1	12887
      1	12910
      3	12915
      1	12936
      1	12937
      1	12941
      2	12948
      2	12952
      1	12970
      3	12989
      1	13004
      4	13008
      2	13016
      3	13024
      1	13031
      1	13036
      1	13049
      3	13064
      1	13067
      2	13090
      4	13118
      1	13166
      1	13190
      1	13231
      3	13252
      2	13271
      4	13273
      7	13274
      3	13288
      2	13315
      1	13329
      8	13335
      1	13343
      1	13362
      1	13382
      1	13388
      1	13419
      1	13424
      1	13427
      2	13430
      1	13451
      1	13481
      1	13485
     12	13490
      1	13491
      1	13503
      1	13504
      1	13572
      1	13586
      2	13595
      2	13600
      2	13643
      3	13679
      2	13699
      1	13717
      1	13720
      2	13724
      3	13734
      6	13738
      2	13742
      2	13749
      2	13753
      1	13760
      1	13763
      2	13771
      3	13805
      1	13809
      1	13817
      1	13844
      1	13896
      1	13926
      2	13929
      1	13931
      1	13947
      2	13952
      2	13975
      3	14029
      1	14055
      1	14110
      3	14127
      1	14134
      1	14146
     14	14166
      2	14169
      1	14175
      2	14177
      1	14193
      1	14199
      1	14212
      6	14259
      1	14279
      1	14284
     26	14287
      2	14290
      1	14295
      1	14319
      2	14330
      1	14333
      4	14343
      1	14352
      1	14361
      1	14385
      1	14392
      4	14401
      1	14458
      1	14473
      1	14506
      1	14515
      1	14540
      1	14592
      2	14593
      2	14602
      1	14606
      1	14626
      1	14629
      1	14650
      1	14671
      2	14677
      1	14688
      1	14710
      1	14746
      1	14780
      1	14800
      1	14824
      1	14829
      1	14848
      1	14876
      1	14877
      3	14896
      1	14898
      1	14914
      1	14940
      1	14947
      1	14980
      1	14986
      2	15029
      1	15069
      1	15071
      1	15084
      3	15088
      1	15089
      1	15120
      3	15183
      4	15188
      2	15197
      1	15225
      1	15235
      3	15257
      1	15269
      1	15275
     14	15282
      1	15287
      3	15293
      1	15334
      6	15335
      1	15355
      1	15371
      2	15399
      1	15403
      1	15410
      1	15431
      1	15461
      1	15482
      1	15511
      1	15516
      1	15518
      1	15521
      3	15535
      2	15536
      1	15590
      1	15599
      3	15601
      2	15604
      1	15607
      1	15608
      4	15619
      2	15639
      2	15658
      2	15661
      1	15663
      1	15671
      1	15702
      1	15703
      2	15704
      1	15708
      1	15710
      1	15724
      1	15734
      1	15740
      1	15748
      1	15752
      1	15784
      1	15839
      3	15923
      1	15950
      1	15958
      1	15964
      1	15975
      3	15977
     19	15984
      6	15985
      1	15988
      2	15996
      2	16007
      1	16015
      1	16016
      1	16056
      2	16076
      1	16108
      1	16122
      4	16148
      1	16179
      3	16188
      3	16195
      2	16200
      1	16202
      2	16219
      1	16230
      1	16276
      1	16292
      1	16367
      3	16368
      2	16375
      9	16417
      1	16424
      1	16475
      1	16479
      1	16482
      2	16503
      3	16526
      4	16554
      1	16560
      1	16614
      2	16620
      1	16622
      4	16628
      1	16637
      1	16638
      1	16661
      1	16673
      1	16678
      1	16718
      1	16738
      3	16757
      1	16806
      1	16823
      1	16833
      1	16851
      1	16860
      3	16862
      1	16866
      1	16875
      5	16887
      1	16896
      1	16960
      1	16972
      9	16988
      1	17037
      1	17056
      1	17062
      2	17077
      1	17087
      1	17118
      2	17164
      8	17168
      1	17185
      6	17225
      2	17258
      1	17267
      1	17300
      5	17338
      5	17341
      1	17349
      2	17361
      1	17368
      1	17440
      1	17482
      1	17489
      1	17500
      1	17540
      1	17591
      1	17592
      1	17613
      1	17621
      2	17625
      1	17662
      1	17695
      2	17699
      1	17715
      1	17739
      1	17753
      2	17771
      1	17773
      1	17796
      1	17824
      1	17835
      6	17894
      1	17895
      3	17934
      2	17938
      1	17949
      7	17975
      1	17979
      1	17982
      5	17989
      2	17990
      1	18018
      1	18069
      1	18070
      1	18107
      3	18135
      1	18160
      3	18179
      2	18180
      1	18257
      1	18308
      1	18322
      2	18333
     11	18348
      1	18353
      1	18356
      1	18387
      1	18392
      1	18403
      1	18411
      2	18444
      1	18472
      1	18491
      1	18498
      5	18515
      2	18538
      2	18540
      9	18590
      1	18593
      7	18636
      1	18677
      1	18691
      7	18696
      3	18707
      2	18710
      1	18723
      2	18746
      1	18770
      3	18777
      2	18780
      1	18796
      1	18811
      1	18823
      1	18824
      2	18842
      2	18880
      1	18885
      1	18899
      5	18905
      1	18934
      2	18937
      1	18990
      6	18992
      3	18994
      3	19016
      1	19029
      2	19051
      1	19085
      1	19090
      1	19111
      1	19113
      1	19198
      1	19212
      1	19259
      2	19269
      1	19292
      1	19301
      3	19302
      2	19305
      1	19316
      1	19321
      2	19339
      2	19343
      2	19356
      6	19375
      1	19399
      1	19402
      6	19425
      1	19481
      1	19483
      1	19503
      2	19510
      1	19528
      1	19572
      4	19582
      1	19585
      1	19587
      1	19588
      1	19616
      5	19622
      1	19643
      3	19645
      2	19675
      1	19683
      1	19684
      1	19707
      1	19745
      7	19766
      8	19779
      3	19785
      1	19825
      3	19879
      1	19897
      2	19911
      7	19947
      1	19965
      2	19976
      1	19978
      1	19991
      1	20030
      1	20046
     11	20099
      8	20172
      2	20195
      2	20213
      2	20227
      1	20241
      1	20243
      1	20267
      7	20268
      1	20287
      1	20318
     23	20323
      1	20335
      1	20338
      1	20344
      1	20357
      1	20364
      1	20422
      1	20423
      5	20445
      1	20452
      2	20480
      1	20546
      4	20611
      1	20631
      1	20643
      2	20658
      1	20703
      1	20720
      1	20750
      1	20780
      1	20784
      3	20800
      6	20802
      2	20814
      1	20837
      1	20855
      1	20865
      1	20871
      1	20883
      1	20884
      6	20896
      1	20928
      6	20932
      1	20950
      1	20953
      1	20955
      1	20971
      1	20994
      1	20997
      1	21018
      1	21050
      2	21052
      2	21066
      3	21079
      2	21082
      2	21086
      1	21100
      2	21125
      1	21147
      2	21155
      1	21157
      1	21162
      1	21191
      1	21201
      1	21213
      1	21214
      1	21221
      1	21244
      1	21253
      2	21258
      1	21280
      3	21285
      1	21287
      1	21303
      1	21314
      1	21333
      1	21335
      1	21343
      1	21363
      2	21380
      3	21393
      1	21400
      1	21409
      1	21466
      1	21470
      1	21487
      1	21488
      1	21507
      2	21511
      1	21516
      1	21521
      2	21532
      1	21540
      1	21552
      1	21557
      1	21607
      1	21623
      2	21628
      1	21655
      1	21664
      1	21665
      2	21686
      1	21694
      1	21699
      1	21717
      1	21780
      1	21795
      1	21812
      2	21830
      2	21874
      2	21882
      1	21911
      6	21915
      2	21920
      1	21931
      3	21981
      1	21985
      1	21989
      1	22010
      1	22066
      2	22070
      1	22126
      1	22134
      2	22140
      1	22161
      1	22164
      1	22167
      3	22194
      1	22204
      2	22206
      1	22219
      1	22227
      1	22292
      2	22309
      6	22314
      1	22334
      1	22355
      4	22365
      1	22367
      1	22384
      1	22409
      1	22417
      1	22423
      1	22441
      1	22447
      4	22495
      1	22501
      1	22513
      2	22547
      1	22565
      4	22576
      1	22577
      1	22584
      1	22621
      1	22624
      1	22626
      2	22635
      2	22638
      1	22675
      2	22713
      1	22721
      1	22741
      2	22743
      1	22780
      1	22782
      1	22806
      3	22823
      1	22836
      1	22841
      1	22862
      1	22867
      9	22876
      1	22893
      2	22907
      1	22934
      1	22944
      4	22970
      3	22980
      2	23003
      2	23029
      1	23033
      1	23052
      2	23114
      1	23138
      1	23184
      1	23219
      1	23234
      1	23243
      1	23244
      1	23253
      1	23259
      2	23333
      1	23364
      1	23370
      2	23410
      1	23412
      1	23435
      1	23443
      1	23456
      2	23461
      2	23464
      1	23472
      5	23526
      1	23547
      2	23566
      1	23572
      6	23577
      3	23594
      1	23609
      1	23611
      2	23620
      1	23621
      1	23631
      1	23653
      1	23676
      1	23692
      1	23720
      1	23724
      2	23729
      1	23756
      2	23761
      1	23769
      6	23828
      1	23844
      1	23853
      1	23869
      1	23875
      1	23876
      1	23887
      1	23888
      1	23905
      1	23923
      1	23946
      2	23961
      1	23968
      1	23972
      8	23973
      3	23982
      1	23983
      1	23988
      1	23993
      3	23999
      2	24002
      1	24010
      2	24013
      1	24037
      1	24044
      3	24058
      2	24062
      1	24063
      1	24101
      1	24104
      2	24116
      1	24117
      1	24122
      2	24136
      1	24144
      1	24162
      1	24166
      1	24175
      1	24194
      1	24214
      1	24222
      1	24284
      1	24325
      1	24333
      2	24334
      4	24345
      1	24365
      4	24375
      3	24376
      1	24394
      1	24402
      2	24412
      2	24420
      3	24422
      1	24429
      1	24433
      1	24434
      1	24469
      1	24485
      1	24492
      1	24506
      1	24519
      2	24546
      1	24660
      2	24745
      1	24784
      2	24794
      3	24801
      1	24806
      1	24807
      1	24808
      4	24817
      1	24818
      1	24825
      1	24830
      3	24839
      2	24855
      1	24860
      1	24871
      1	24883
      1	24887
      1	24909
      1	24911
      1	24931
      1	24941
      1	24950
      1	24959
      1	24990
      1	24991
     65	25024
      1	25046
      1	25054
      1	25061
      3	25096
      1	25125
      2	25129
      1	25133
      2	25140
      1	25147
      1	25155
      2	25187
      4	25191
      1	25192
      1	25207
      1	25218
      1	25235
      1	25236
      2	25242
      1	25256
      2	25276
      1	25315
      1	25355
      3	25394
      1	25405
      1	25419
      1	25445
      1	25455
      1	25488
      2	25502
      1	25527
      1	25543
      3	25575
      2	25592
      1	25610
      1	25615
      1	25620
      1	25626
      2	25630
      3	25647
      1	25658
      1	25659
      2	25660
      1	25665
      1	25666
      1	25669
      1	25678
     10	25689
      1	25695
      2	25712
      1	25714
      2	25760
      1	25762
      1	25781
      2	25787
      2	25810
      1	25818
      1	25834
      2	25854
      1	25865
      1	25874
      3	25881
      1	25887
      3	25891
      2	25894
      3	25899
      1	25919
      7	25950
      4	25959
      2	25961
      1	25976
      2	25985
      1	26000
      2	26013
      1	26035
      1	26053
      1	26093
      1	26095
      1	26111
      1	26114
      1	26115
      1	26166
      2	26171
      1	26202
      1	26207
      2	26240
      2	26275
      1	26290
      1	26296
      1	26355
      1	26368
      2	26387
      1	26435
      2	26442
      1	26456
      2	26458
      3	26470
      1	26474
      1	26484
      1	26488
      1	26521
      1	26553
      5	26556
      5	26568
      1	26572
      1	26590
      1	26603
      2	26608
      1	26617
      1	26625
      1	26626
      3	26666
      1	26674
      1	26711
      1	26726
      2	26774
     10	26777
      3	26805
      2	26821
      1	26830
      1	26837
      1	26842
      1	26843
      1	26852
      2	26857
      1	26923
      2	26959
      1	26968
      1	26972
      1	27035
      4	27039
      1	27052
      1	27083
      1	27118
      2	27151
      7	27155
      1	27173
      1	27186
      1	27228
      1	27230
      1	27241
      3	27259
      1	27261
      5	27263
      6	27286
      1	27312
      1	27385
      1	27409
      1	27411
      1	27417
      1	27425
      1	27441
      2	27443
      2	27446
      5	27469
      5	27495
      7	27509
      7	27519
      1	27530
      1	27579
      1	27620
      5	27622
      1	27690
      1	27691
      2	27698
      3	27724
      1	27726
      1	27729
      2	27740
      1	27753
      3	27773
      1	27784
      2	27790
      1	27822
      1	27837
      1	27851
      1	27862
      4	27867
      1	27880
      2	27890
      1	27947
      2	27952
      1	27958
      3	27966
      1	27974
      1	28012
      1	28019
      2	28025
      1	28027
      1	28034
      2	28049
      1	28070
      1	28095
      2	28162
      1	28196
      1	28199
      5	28203
      1	28219
      1	28220
      1	28250
      1	28257
      2	28270
      1	28273
      1	28293
      1	28295
      1	28306
      1	28335
      7	28338
      2	28365
      2	28374
      1	28408
      1	28427
      1	28438
      1	28440
      1	28443
      1	28521
      1	28531
      1	28557
      1	28569
      1	28594
      4	28605
      2	28615
      1	28621
      1	28649
      1	28680
      1	28774
      1	28817
      1	28821
      1	28824
      1	28839
      1	28885
      2	28894
      1	28906
      1	28919
      1	28925
      1	28943
      1	28950
      1	28960
      1	28963
      1	28974
      1	29002
      1	29025
      1	29061
      2	29086
      1	29094
      2	29118
      2	29164
      1	29168
      1	29178
      2	29195
      2	29207
      2	29213
      2	29252
      1	29253
      1	29258
      1	29259
      2	29266
      1	29268
      1	29272
      1	29290
      1	29294
      1	29311
      2	29351
      1	29373
      1	29375
      1	29377
      1	29417
      1	29431
      1	29443
      3	29446
      4	29499
      1	29508
      2	29514
      1	29555
      1	29558
      1	29560
      2	29565
      1	29575
      1	29588
     21	29601
      1	29632
      2	29638
      1	29653
      1	29662
      1	29700
      2	29711
      1	29722
      1	29738
      1	29753
      1	29798
      1	29803
      1	29819
      3	29852
      1	29879
      1	29888
      1	29898
      1	29920
      1	29936
      1	29948
      2	29962
      1	29964
      1	29988
      3	29989
      1	30021
      2	30024
      1	30032
      1	30066
      5	30109
      3	30167
      1	30204
      3	30233
      1	30236
      1	30268
      1	30280
      2	30291
      1	30310
      1	30316
      2	30319
      1	30324
      2	30344
      1	30352
      2	30360
      5	30388
      1	30389
      1	30395
      1	30402
     20	30427
      3	30443
      1	30446
      1	30460
      1	30510
      1	30540
      1	30554
      8	30555
     10	30565
      1	30570
      1	30595
      1	30601
      2	30611
      2	30613
      1	30659
      2	30672
      1	30693
      1	30719
      1	30727
      1	30733
      1	30754
      3	30776
      1	30781
      1	30819
      1	30858
      1	30859
      2	30869
      1	30880
      1	30885
      1	30912
      2	30931
      2	30937
      2	30941
     21	30951
      1	30980
      2	30983
      3	31011
      1	31035
      1	31059
      2	31078
      1	31090
      1	31107
      1	31148
      1	31158
      1	31166
      1	31185
      1	31232
      1	31238
      1	31240
      4	31249
      1	31252
      1	31258
      1	31270
      1	31312
      1	31328
      1	31350
      2	31354
      1	31360
      6	31395
      1	31397
      2	31407
      1	31455
      1	31468
      1	31472
      1	31474
      2	31494
      1	31495
      1	31520
      1	31527
      1	31535
      1	31557
      7	31573
      4	31608
      1	31613
      1	31615
      2	31623
      1	31643
      1	31670
      1	31687
      1	31691
      1	31703
      1	31706
      2	31743
      1	31758
      4	31764
      2	31800
      1	31810
      1	31864
      1	31868
      1	31870
      1	31904
      1	31913
      7	31919
      1	31943
      1	31962
      2	31975
      3	31982
      1	31983
      5	32032
      1	32038
      2	32052
      1	32079
      2	32114
      1	32117
      1	32128
      1	32173
      1	32175
      2	32176
      1	32206
      1	32211
      1	32224
      3	32257
      1	32265
      1	32271
      3	32345
      1	32351
      1	32431
      1	32439
      1	32451
      1	32453
      1	32456
      2	32465
      1	32498
      1	32509
      1	32515
      2	32520
      1	32538
      1	32547
      1	32554
      1	32585
      1	32596
      1	32631
      1	32643
      2	32648
      2	32657
      1	32664
      1	32671
      1	32683
      2	32684
      1	32687
      1	32688
      1	32692
      1	32714
      4	32731
      1	32735
      1	32737
      1	32740
      1	32754
      4	32768
      1	32782
      1	32832
      1	32857
      5	32863
      1	32871
      2	32889
      1	32911
      1	32967
      2	32970
      1	32983
      1	33035
      1	33051
      6	33069
      2	33074
      1	33097
      1	33137
      1	33145
      5	33161
      2	33170
      1	33175
      1	33202
      1	33225
      1	33250
      1	33259
      1	33272
      1	33277
      1	33292
      1	33311
      1	33313
      1	33318
      3	33335
      2	33354
      1	33401
      2	33449
      1	33451
      1	33452
      2	33461
      1	33475
      1	33476
      2	33484
      1	33495
      2	33499
      1	33510
      1	33511
      1	33520
      2	33523
      1	33527
      1	33565
      3	33570
      2	33579
      1	33583
      6	33584
      2	33595
      1	33597
      1	33619
      1	33668
      1	33674
      1	33682
      1	33698
      1	33718
      1	33763
      2	33768
      1	33814
      2	33821
      1	33863
      1	33870
      1	33916
      2	33921
      1	33945
      1	33969
      1	33992
      2	34060
      2	34070
      1	34103
      1	34160
      5	34170
      1	34172
      1	34178
      6	34194
      1	34203
      1	34219
      1	34235
      3	34241
      1	34250
      5	34261
      1	34284
      1	34303
      1	34326
      1	34327
      2	34333
      2	34340
      3	34374
      1	34379
      1	34391
      4	34400
      1	34412
      1	34428
      1	34434
      3	34451
     20	34452
      1	34457
      1	34464
      4	34479
      1	34486
      2	34490
      1	34513
      1	34521
      2	34537
      3	34546
      4	34550
      1	34575
      1	34580
      1	34597
      2	34601
      3	34608
      1	34628
      1	34636
      1	34671
      1	34708
      1	34747
      2	34773
      3	34775
      1	34777
      1	34786
      1	34805
      1	34816
      5	34846
      1	34884
      1	34973
      2	34975
      1	34981
      1	34993
      2	34997
      1	35017
      1	35053
      4	35067
      1	35068
      1	35072
      3	35086
      1	35092
      2	35103
      1	35126
      1	35135
      1	35152
      2	35162
      1	35166
      2	35169
      3	35198
      5	35203
      7	35263
      1	35336
      1	35337
     10	35352
      1	35432
      1	35471
      1	35504
      1	35533
      1	35545
      1	35566
      1	35571
      5	35591
      1	35598
      1	35606
      2	35613
      1	35622
      1	35643
      3	35644
      1	35647
      1	35650
      1	35666
      1	35680
      2	35694
      1	35708
      1	35726
      1	35737
      1	35748
      3	35750
      1	35754
      1	35757
      1	35787
      1	35814
      2	35818
      1	35829
      1	35839
      2	35863
      1	35869
      1	35906
      1	35918
      1	35923
      1	35949
      1	35971
      1	35976
      1	35993
      1	36007
      1	36018
      1	36023
      1	36028
      2	36038
      3	36056
      1	36076
      1	36087
      2	36091
      1	36097
      1	36137
      1	36200
      1	36221
      1	36268
      2	36280
      1	36293
      4	36374
      1	36402
      1	36421
      1	36427
      1	36428
      1	36437
      1	36447
      1	36470
      1	36472
      2	36484
      4	36491
      1	36499
      8	36559
      1	36565
      1	36572
      2	36638
      1	36642
      3	36658
      4	36674
      2	36690
      1	36703
      1	36719
      2	36721
     10	36734
      1	36744
      1	36784
      3	36802
      2	36810
     10	36833
      1	36841
      1	36846
      1	36859
      1	36860
      4	36883
      1	36950
      1	36951
      6	36981
      1	36982
      1	36990
      1	37000
      1	37006
      1	37039
      2	37052
      1	37062
      1	37093
      2	37110
      1	37124
     21	37127
      1	37140
      1	37149
      1	37185
      1	37186
      1	37215
      2	37247
      1	37253
      1	37259
      2	37269
      4	37285
      1	37308
      1	37311
      1	37312
      6	37314
      1	37316
      2	37321
      3	37355
      6	37358
      3	37387
      1	37401
      1	37414
      1	37416
      1	37427
      1	37446
      1	37472
      3	37474
      1	37479
      1	37574
      2	37586
      1	37598
      2	37608
      1	37609
      2	37617
      1	37626
      1	37640
      1	37651
      1	37679
      2	37691
      2	37719
      2	37724
      1	37725
      1	37735
      1	37743
     39	37744
      1	37753
      1	37755
      1	37757
      2	37760
      2	37776
      2	37779
      1	37795
      1	37796
      1	37814
      1	37822
      1	37838
      1	37850
      4	37856
     16	37870
      4	37871
      1	37872
      1	37885
      3	37904
      1	37906
      2	37945
      3	37961
     10	37980
      6	37997
      1	38006
      1	38007
      1	38038
      1	38045
      1	38047
      1	38050
      1	38058
      1	38064
      2	38066
      1	38122
      1	38139
      2	38160
      1	38163
      2	38171
      1	38181
      1	38198
      1	38224
      2	38236
      2	38244
      2	38269
      1	38278
      2	38285
      1	38298
      1	38311
      7	38315
      1	38316
      2	38320
      1	38329
      2	38340
      1	38346
      2	38359
      1	38388
      1	38390
      1	38392
      1	38395
      2	38398
      1	38403
      2	38408
      1	38412
      1	38441
      5	38447
      1	38458
      1	38461
      1	38464
      1	38468
      7	38480
      3	38484
      1	38489
      2	38503
      2	38520
      1	38531
      1	38543
      1	38547
      4	38563
      2	38581
      1	38611
      3	38622
      1	38625
      1	38627
      1	38638
      1	38652
      1	38659
      7	38665
      1	38673
      1	38681
      1	38713
      1	38719
      1	38738
      2	38756
      1	38765
      2	38787
      1	38814
      4	38839
      1	38871
      1	38874
      1	38881
      1	38897
      2	38916
      1	38920
      1	38926
      1	38927
      1	38939
      1	38967
      1	39024
      1	39032
      2	39072
      2	39075
      1	39093
      1	39095
      1	39098
      1	39127
      1	39144
      1	39156
      1	39159
      1	39176
      1	39184
      1	39194
      3	39206
      1	39207
      1	39219
      1	39222
      1	39234
      1	39246
      1	39254
      2	39265
      1	39275
     12	39325
      1	39337
      2	39352
      2	39377
      2	39379
      1	39420
      1	39428
      1	39434
      1	39447
      1	39460
      1	39465
      2	39515
      1	39519
      1	39561
      2	39574
      2	39588
      2	39624
      1	39628
      1	39640
      1	39645
      8	39666
      1	39667
      2	39670
      3	39708
      1	39747
      1	39759
      2	39777
      1	39789
      1	39790
      1	39794
      1	39804
      2	39807
      1	39817
      1	39834
      1	39851
      1	39871
      1	39875
      6	39887
      6	39916
      1	39938
      2	39948
      3	39978
      1	40031
      1	40045
      5	40063
      2	40068
      1	40085
      1	40093
      1	40104
      1	40120
      1	40121
      1	40124
      2	40130
      8	40136
      1	40145
      1	40172
      2	40193
      1	40196
      1	40204
      2	40210
      1	40223
      1	40269
      1	40271
      1	40279
      1	40292
      1	40324
      1	40332
      1	40360
      1	40370
      1	40408
      1	40426
      1	40479
      2	40490
      1	40519
      1	40533
      4	40537
      1	40544
      1	40552
     15	40597
      1	40614
      1	40616
      4	40641
      1	40653
      2	40661
      5	40693
      1	40711
      6	40712
      2	40718
      1	40725
      3	40733
      1	40757
      1	40779
      1	40802
      3	40816
      2	40830
      1	40836
      1	40845
      1	40902
      1	40907
      1	40912
      1	40933
      1	40950
      1	41053
      4	41070
      1	41080
      1	41097
      3	41103
      4	41119
      2	41122
      2	41130
      1	41174
      1	41185
      1	41190
      1	41198
      1	41202
      1	41269
      2	41333
      1	41334
      2	41355
      1	41358
      2	41361
      1	41363
      1	41364
      1	41405
      1	41443
      5	41485
      1	41488
      1	41490
      1	41494
      1	41517
      1	41523
      2	41537
     10	41556
      1	41561
      4	41582
      2	41588
      4	41592
      2	41640
      1	41650
      2	41690
      1	41692
      1	41721
      1	41738
      2	41748
      1	41751
      1	41758
      2	41760
      1	41768
      1	41770
      1	41775
      2	41791
      1	41794
      1	41838
      4	41848
      1	41853
      1	41860
      1	41888
      2	41898
      1	41977
      1	41985
      1	42021
      1	42027
      1	42067
      1	42083
      1	42132
      1	42140
      2	42144
      1	42168
      1	42190
      1	42228
      1	42237
      1	42272
      1	42277
      1	42281
      6	42283
      1	42286
      1	42289
      1	42335
     10	42346
      2	42372
      1	42391
      1	42393
      2	42395
      2	42408
      1	42412
      1	42416
     11	42419
      1	42425
      5	42517
      2	42519
      2	42523
      1	42530
      1	42536
      1	42579
      1	42612
      1	42643
      1	42651
      1	42663
      1	42677
      2	42689
      1	42707
      1	42715
      2	42723
      3	42767
      1	42768
      1	42777
      1	42789
      7	42797
      1	42799
      2	42810
      2	42820
      1	42830
      1	42837
      2	42845
      1	42847
      1	42848
      2	42851
      1	42877
      1	42901
      1	42912
      1	43006
      1	43023
      1	43024
      2	43058
      1	43080
      1	43101
      1	43119
      1	43121
      5	43148
      3	43184
      3	43225
      1	43240
      2	43272
      1	43279
      1	43285
      1	43288
      4	43327
      6	43343
      1	43394
      1	43417
      3	43441
      1	43458
      2	43462
      1	43478
      2	43518
      1	43531
      1	43541
      1	43571
      1	43588
      1	43598
      1	43599
      1	43605
      1	43623
      1	43627
      1	43629
      2	43653
      1	43655
      1	43669
     20	43674
      2	43686
      1	43705
      1	43711
      1	43729
      2	43756
      1	43757
      2	43760
      1	43761
      2	43763
      1	43779
      1	43811
      1	43819
      1	43827
      2	43832
      1	43897
      2	43906
      1	43953
      1	43957
      1	43958
      1	43965
      1	43967
      1	43982
      1	43996
      2	44024
      1	44048
      1	44049
      1	44060
      1	44078
      2	44084
      3	44094
      2	44112
      1	44141
      2	44152
      1	44217
      6	44228
      1	44238
      2	44254
      1	44263
      2	44313
      2	44315
      1	44318
      6	44329
      1	44338
      2	44339
      1	44355
      1	44356
      1	44357
      1	44374
      2	44389
      1	44390
      3	44407
      3	44410
      1	44440
      1	44480
      1	44489
      1	44520
      1	44571
      2	44572
      8	44583
      2	44596
      2	44600
      1	44609
      1	44691
      1	44703
      1	44715
      1	44718
      2	44722
      1	44724
      3	44725
      1	44743
      2	44752
      1	44809
      4	44833
      1	44843
      1	44896
      2	44909
      1	44912
      1	44914
      1	44927
      1	44947
      1	44951
      3	44959
     13	44961
      1	44986
      1	44987
      1	45001
      1	45005
      1	45015
      1	45032
      2	45033
      1	45036
      1	45058
      1	45059
      1	45086
      1	45098
      2	45142
      1	45173
      1	45189
      1	45210
      2	45247
      1	45298
      3	45324
      1	45325
      1	45328
      1	45331
      1	45332
      1	45335
      1	45345
      1	45391
      1	45407
      1	45419
      1	45425
      7	45450
      4	45457
      4	45464
      1	45465
      1	45466
      4	45520
      1	45557
      2	45558
      1	45561
     13	45570
      1	45584
      1	45599
      2	45646
      1	45672
      1	45683
      1	45691
      4	45713
      1	45726
      1	45770
      3	45778
      2	45818
      1	45821
      1	45834
      1	45836
      1	45839
      4	45847
      1	45854
      1	45884
      1	45897
      2	45940
      4	45943
      1	45963
      2	45969
      1	45986
      1	45998
      1	46008
      1	46025
      1	46067
      1	46069
      2	46087
      1	46100
      1	46123
      2	46125
      1	46134
      1	46138
      2	46168
      6	46250
      4	46261
      2	46262
      1	46285
      1	46287
      3	46290
      1	46301
      1	46309
      2	46322
      1	46372
      1	46402
      1	46417
      1	46433
      1	46467
      1	46485
      1	46486
      2	46488
      1	46499
      2	46530
      1	46539
      5	46551
      3	46554
      1	46558
      1	46573
      1	46589
      4	46595
      2	46606
      1	46623
      1	46645
      1	46659
      1	46664
      2	46667
      2	46680
      4	46698
      2	46734
      1	46739
      1	46741
      3	46743
      1	46749
      1	46765
      5	46793
      1	46846
      1	46849
      8	46850
      1	46887
      5	46925
      1	46980
      1	46996
      1	47005
      2	47012
      5	47016
      1	47025
      1	47030
      4	47038
      2	47043
      1	47046
      4	47048
      2	47126
      3	47137
      1	47164
      1	47168
      1	47194
      1	47229
      1	47239
      1	47250
      1	47291
      1	47294
      4	47295
      1	47305
      5	47311
      1	47314
      1	47324
      2	47384
      1	47425
      2	47429
      1	47486
      1	47492
      1	47497
      3	47526
      1	47549
      1	47564
      3	47584
      1	47592
      4	47597
      1	47611
      3	47613
      1	47634
      1	47644
      1	47650
      2	47660
      5	47680
      1	47688
      1	47691
      1	47700
      1	47721
      1	47753
      2	47756
      1	47765
      1	47799
      2	47826
      2	47853
      1	47857
      1	47873
      1	47875
      2	47883
      1	47897
      3	47905
      1	47910
      1	47911
      3	47931
      1	47935
      1	47943
      3	47952
      1	47955
      1	47962
      1	47975
      1	48037
      8	48055
      2	48064
      1	48123
      1	48127
      6	48128
      1	48132
      2	48135
      1	48138
      1	48146
      1	48185
      1	48189
      8	48235
      2	48247
      2	48267
      1	48279
      1	48330
      1	48348
      1	48354
      5	48355
      3	48359
      3	48367
      1	48368
      2	48369
      1	48392
      1	48401
      1	48407
      1	48449
      1	48499
      1	48568
      1	48579
      1	48587
      2	48597
      1	48616
      1	48651
      1	48653
      1	48698
      2	48729
      1	48746
      1	48760
      2	48787
      1	48795
      1	48834
      1	48839
      1	48847
      1	48858
      1	48862
      6	48870
      5	48906
      1	48912
      1	48913
      6	48924
      1	48943
      2	48974
      1	48989
      2	49014
      1	49015
      3	49046
      1	49052
      1	49059
      2	49073
      1	49094
      1	49101
      1	49107
      1	49119
      1	49120
      2	49131
      1	49134
      1	49138
      2	49178
      2	49180
      1	49188
      4	49200
      1	49201
      1	49216
      6	49218
      1	49220
      1	49236
      1	49272
      7	49346
      1	49347
      2	49362
      1	49392
      1	49402
      1	49408
      1	49439
      3	49458
      1	49470
      3	49487
      3	49532
      1	49535
      1	49539
      1	49541
      1	49555
      1	49560
      1	49585
      1	49588
      1	49606
      5	49607
      1	49620
      4	49667
      1	49681
      1	49682
      1	49722
      1	49726
      1	49765
      1	49773
      1	49781
      1	49804
      2	49806
      1	49842
      1	49852
      1	49854
      1	49884
      2	49897
      2	49915
      1	49926
      1	49933
      1	49943
      5	49966
      1	49991
      2	50001
      1	50041
      1	50044
      1	50058
      1	50059
      1	50079
      6	50080
      1	50152
      2	50168
      1	50184
      1	50233
      1	50240
      1	50245
      1	50303
      1	50334
      3	50387
      4	50419
      2	50468
      1	50481
      1	50501
      1	50527
      1	50535
      5	50537
      2	50539
      1	50544
      1	50546
      1	50547
      3	50564
      1	50569
      1	50572
      1	50584
      1	50587
      1	50607
      1	50629
      2	50648
      2	50660
      2	50668
     22	50678
      1	50680
      4	50692
      1	50694
      2	50702
      1	50738
      1	50745
      1	50754
      1	50771
      1	50785
     29	50798
      2	50834
      1	50840
      1	50859
      1	50875
      1	50879
      3	50880
      4	50899
      1	50901
      2	50908
      2	50910
      1	50920
      1	50940
      2	50960
      1	50975
      1	50991
      1	50996
      1	51000
      1	51024
      1	51036
      1	51039
      1	51044
      1	51052
      1	51085
      1	51093
      2	51112
      1	51116
      1	51151
      9	51169
      3	51196
      4	51210
      1	51270
      1	51325
      1	51339
      1	51342
      1	51350
      1	51354
      4	51369
      1	51386
      1	51394
      1	51427
      1	51434
      1	51440
      1	51447
      1	51454
      1	51474
      2	51475
      1	51493
      1	51494
      1	51509
      1	51516
      1	51527
      1	51539
      2	51549
      3	51606
      3	51612
      6	51645
      1	51676
      5	51686
      2	51716
      1	51718
      1	51744
      1	51766
      1	51810
      1	51812
      1	51813
      6	51822
      1	51830
      1	51854
      1	51867
      1	51900
     17	51959
      1	51961
      1	51988
      1	51992
     10	52023
      8	52029
      1	52054
      1	52058
      2	52067
      1	52072
      5	52112
      1	52115
      1	52117
      5	52121
      1	52123
      1	52145
      2	52174
      5	52181
      1	52311
      1	52320
      3	52323
      1	52347
      3	52358
      1	52360
      3	52370
      1	52380
      1	52386
      1	52397
      8	52414
      2	52434
      1	52445
      1	52453
      1	52457
      1	52477
      1	52479
      1	52485
      2	52505
      1	52532
      2	52551
      5	52610
      1	52614
      2	52616
      2	52641
      1	52648
      1	52651
      3	52655
      4	52709
      1	52763
      3	52790
      2	52791
      2	52794
      2	52798
      1	52801
      1	52811
      2	52848
      1	52928
      1	52975
      2	53000
      4	53007
      1	53026
      1	53034
      1	53098
      1	53103
      1	53125
      3	53147
      1	53166
      1	53169
      1	53178
      1	53224
      1	53235
      1	53243
      1	53249
      6	53258
      1	53276
      1	53291
      1	53324
      1	53325
      3	53339
      6	53349
      2	53357
      1	53401
      1	53436
      1	53477
      2	53511
      8	53550
      1	53583
      1	53618
      1	53633
      1	53676
      1	53683
      1	53695
      1	53696
      1	53708
      1	53723
      2	53738
      1	53745
      1	53754
      1	53774
      1	53783
      1	53799
      1	53846
      1	53883
      1	53908
      2	53957
      1	53975
      1	53993
      1	53996
      2	54014
      1	54028
      2	54043
      1	54055
      1	54056
      2	54094
      1	54103
      1	54146
      1	54154
      1	54165
      1	54171
      1	54183
      2	54245
      2	54248
      2	54249
      2	54251
      1	54252
      1	54267
      2	54270
      1	54280
      1	54343
      2	54356
      1	54370
      1	54393
      2	54395
      1	54406
      1	54416
      1	54420
      1	54422
      1	54429
      3	54430
      1	54446
      1	54477
      8	54526
      1	54545
      2	54573
      1	54722
      1	54737
      5	54745
      1	54752
      4	54759
      1	54787
      1	54789
      1	54803
      1	54806
      2	54807
      3	54813
      1	54819
      1	54825
      4	54834
      1	54855
      1	54877
      1	54887
      1	54894
      7	54916
      3	54930
      5	54950
      1	54952
      3	54968
      1	54972
      1	54974
      1	54980
      3	54981
      2	54989
      1	55023
      1	55027
      1	55071
      1	55083
      2	55120
      1	55143
      1	55171
      1	55172
      8	55176
      2	55178
      2	55207
      1	55210
      3	55217
      4	55224
      1	55229
      1	55262
      1	55268
      1	55279
      1	55288
      1	55329
      2	55345
      1	55375
      2	55398
      1	55421
      1	55426
      1	55434
      1	55440
      1	55444
      3	55460
      2	55462
      1	55477
      1	55486
      1	55554
      1	55564
      2	55565
      5	55587
      1	55649
      2	55660
      1	55661
      1	55674
      2	55676
      1	55693
      1	55698
      1	55716
      1	55717
      1	55741
      1	55746
      2	55749
      1	55808
      1	55814
     12	55818
      1	55821
      1	55843
      1	55879
      3	55908
      5	55910
      3	55919
      1	55931
      3	55941
      6	55945
      3	55998
      1	56027
      1	56028
      4	56063
      1	56064
      1	56084
      1	56094
      3	56099
      1	56133
      2	56142
      3	56144
      1	56147
      2	56152
      4	56184
      1	56185
      5	56187
      1	56188
      3	56205
      1	56214
      1	56245
      1	56266
      4	56271
      2	56273
      1	56284
      1	56286
      2	56366
      1	56368
      2	56382
      1	56386
      1	56418
      1	56426
      1	56430
      2	56434
      1	56437
      3	56452
      1	56531
      1	56533
      1	56550
      1	56567
      2	56579
      3	56583
      3	56614
      2	56620
      1	56642
      1	56650
      3	56663
      5	56681
      1	56705
      1	56706
      1	56727
      2	56735
      1	56742
      1	56750
      1	56756
      1	56765
      2	56776
      1	56797
      2	56807
      1	56810
      2	56813
      1	56837
      1	56845
      1	56847
      1	56855
      1	56856
      1	56874
      3	56921
      1	56940
      1	56947
      5	56956
      1	56996
      1	57023
      1	57074
      1	57078
      1	57085
      1	57099
      1	57105
      1	57110
      2	57118
      1	57131
      3	57133
     12	57144
      1	57154
      4	57170
      3	57179
      1	57189
      2	57261
      3	57268
      5	57324
      1	57327
      2	57332
      1	57334
      1	57344
      1	57349
      2	57350
      1	57359
      2	57380
      2	57409
      1	57415
      1	57444
      2	57449
      1	57456
      3	57464
      1	57485
     14	57514
      1	57519
      2	57525
      1	57527
      2	57528
      2	57566
      1	57596
      1	57612
      4	57622
      5	57654
      1	57706
      1	57708
      1	57727
      1	57749
      1	57764
      1	57809
      1	57823
      2	57831
      3	57836
      1	57842
      1	57843
      1	57904
      1	57906
      1	57922
      1	57951
      1	57971
      2	57985
      1	57994
      1	58000
      1	58002
      1	58036
      1	58104
      1	58111
      1	58128
      3	58132
      1	58134
      1	58140
      1	58160
      1	58175
      1	58179
      1	58184
      1	58188
      5	58216
      1	58241
      1	58281
      1	58283
      2	58297
      1	58315
      1	58326
      1	58339
      1	58351
      1	58352
      1	58385
      1	58414
      1	58448
      1	58451
      1	58466
      2	58468
      1	58475
      1	58477
      1	58496
      1	58498
      1	58509
      1	58519
      5	58521
      1	58523
      1	58524
      4	58526
      2	58543
      1	58545
      1	58554
      8	58569
      1	58577
      1	58578
      1	58580
      1	58582
      1	58587
      1	58639
      1	58647
      2	58651
      2	58679
      1	58729
      2	58808
      1	58812
      5	58815
      1	58831
      1	58837
      1	58860
      1	58887
      1	58890
      1	58895
     17	58901
      1	58909
      3	58917
      1	58947
      1	58950
      1	58960
      1	58981
      1	58988
      2	59001
      2	59003
      1	59010
      1	59025
      2	59069
      2	59089
      1	59094
      6	59107
      4	59112
      1	59139
      1	59144
      1	59145
      1	59168
      1	59173
      1	59178
      1	59191
      1	59208
      2	59210
      1	59236
      2	59238
      1	59245
      2	59250
      1	59252
      1	59261
      2	59271
      1	59278
      1	59324
      4	59327
      2	59332
      4	59333
      1	59343
      1	59396
      1	59401
      1	59429
      2	59431
      2	59440
      5	59466
      2	59472
      1	59488
      1	59512
      1	59514
      3	59535
      1	59536
      5	59571
      1	59590
      1	59644
      1	59669
      1	59676
      5	59720
      1	59722
      1	59748
      2	59755
      4	59758
      1	59764
      1	59787
      1	59804
      2	59812
      1	59875
      6	59887
      1	59923
      1	59926
      1	59938
      2	59960
      2	59972
      2	59979
      2	59992
      1	60020
      1	60023
      2	60067
      5	60074
      1	60091
      1	60140
      7	60143
      5	60148
      1	60166
      2	60173
      2	60210
      1	60238
      1	60265
      6	60284
      1	60306
      5	60312
     20	60334
      1	60352
      3	60378
      1	60387
      1	60407
      1	60409
      1	60413
      3	60441
      1	60474
      1	60496
      1	60498
      1	60499
      5	60501
      2	60505
      1	60523
      1	60525
     15	60529
      2	60538
      1	60539
      1	60557
      1	60563
      2	60572
      4	60579
      4	60631
      1	60669
      3	60671
      1	60681
      1	60691
      2	60736
      1	60747
      2	60750
      1	60762
      1	60780
      1	60786
      1	60793
      1	60821
      1	60832
      1	60837
      1	60847
      2	60858
      2	60935
      1	60940
      1	60947
      1	60963
      1	60969
      1	60975
      1	60983
      1	60995
      1	61013
      4	61021
      1	61033
      1	61064
      2	61091
      1	61110
      1	61112
      2	61123
      1	61140
      1	61141
      1	61157
      3	61191
      1	61216
      1	61229
      3	61230
      1	61234
      3	61261
      1	61268
      1	61280
      4	61340
      1	61358
      6	61367
      2	61374
      4	61388
     10	61445
      1	61451
      8	61454
      1	61460
      1	61462
      1	61477
      1	61489
      2	61510
      1	61574
      1	61579
      1	61589
      1	61595
      1	61603
      1	61623
      2	61649
      1	61665
      3	61683
      1	61698
      1	61713
      1	61740
      2	61759
      1	61764
      3	61772
      2	61787
      2	61829
      2	61832
      1	61850
      2	61869
      1	61875
      1	61886
      1	61889
      3	61897
      2	61912
      1	61928
      1	61944
      1	62012
      2	62014
      1	62026
      2	62043
      6	62053
     14	62084
      1	62087
      1	62095
      1	62102
      4	62105
      4	62106
      1	62113
      3	62119
      2	62174
      2	62183
      3	62189
      2	62214
      1	62217
      4	62223
      1	62225
      1	62266
      1	62267
      1	62270
      2	62323
      1	62343
      1	62357
      1	62392
      1	62427
      1	62442
      1	62463
      1	62504
      1	62526
      3	62534
      1	62575
      2	62607
      2	62609
      2	62650
      1	62663
      1	62701
      1	62712
     11	62719
      1	62730
      1	62746
      2	62761
      1	62771
      2	62803
      1	62805
      1	62808
      1	62828
      3	62846
      1	62849
      1	62859
      2	62877
      1	62882
      1	62884
      5	62893
      1	62896
      2	62909
      1	62916
      1	62919
      1	62924
      1	62930
      1	62936
      4	63002
      2	63047
      3	63050
      2	63060
      1	63078
      1	63097
      1	63101
      3	63112
      1	63121
      1	63130
      1	63150
      1	63156
      1	63165
      1	63173
      1	63178
      1	63198
      1	63213
      1	63222
      2	63258
      1	63283
      2	63291
      1	63313
      5	63338
      1	63339
      1	63368
      1	63376
      2	63381
      1	63382
     11	63409
      1	63410
      1	63414
      2	63421
      2	63432
      1	63433
      1	63460
      4	63481
      1	63497
      1	63499
      1	63503
      1	63530
      1	63532
      1	63543
      1	63552
      1	63554
      1	63563
      1	63569
      4	63617
      1	63628
      3	63635
      1	63656
      1	63670
      5	63710
      1	63736
     25	63743
      3	63764
      1	63780
      1	63783
      1	63804
      9	63807
      1	63812
      4	63814
      1	63830
      1	63872
      1	63899
      1	63940
      1	63982
      3	63987
      2	64007
      4	64017
      1	64020
      4	64043
      1	64056
      1	64059
      1	64065
      4	64105
      2	64115
      1	64117
      1	64126
      1	64157
      1	64163
      1	64164
      4	64170
      6	64197
      1	64208
      1	64212
      1	64237
      1	64242
      1	64257
      1	64268
      1	64271
      3	64298
      6	64303
      4	64304
      1	64305
      8	64323
      2	64339
      2	64370
      1	64396
      1	64402
      2	64424
      7	64435
      2	64440
      1	64469
      1	64474
      1	64485
     13	64504
     13	64520
      1	64528
      3	64529
      1	64530
      1	64557
      1	64563
      2	64623
      3	64637
      1	64674
      1	64721
      6	64749
      1	64780
      1	64808
      2	64829
      2	64868
      1	64883
      1	64884
      1	64896
      1	64907
      1	64908
      1	64931
      1	64942
      1	64965
      1	64995
      1	64997
      1	65053
      4	65055
      1	65066
      1	65078
      1	65080
      1	65109
      1	65162
      1	65179
      1	65206
      2	65234
     13	65258
      1	65281
      1	65285
      1	65310
      1	65314
      3	65334
      1	65338
      2	65372
      1	65401
      1	65408
      1	65427
      2	65462
      1	65493
      1	65525
