      1	88
      1	210
      2	229
      1	384
      1	704
      2	806
      1	810
      1	869
      1	880
      1	965
      1	1016
      4	1049
      2	1160
     19	1729
      1	2056
      6	2065
      1	2073
      1	2378
      1	2471
      2	2474
      3	2498
      8	2836
      1	2908
      5	3058
      1	3116
      6	3191
      1	3493
      1	3583
      1	3606
      1	3690
      5	3792
      2	3808
      1	3816
      1	3890
      1	3989
      1	4178
      2	4190
      8	4436
      1	4942
      1	5026
      8	5069
      7	5091
      1	5330
      1	5505
      1	5741
      1	5766
      2	5773
     10	5830
      1	5934
      1	6081
      1	6116
      1	6128
      1	6179
      1	6226
      1	6339
     16	6497
      1	6691
      1	6779
      1	6908
      1	7718
     14	7815
      4	7890
      2	8172
      1	8197
      1	8240
      8	8255
      1	8519
      1	8762
      1	8936
      1	9152
      1	9164
      1	9327
      1	9334
      1	9568
      2	9626
      2	9705
     43	10129
      1	10314
      2	10519
      1	10595
      1	10680
      1	10913
      1	11108
      1	11143
      1	11356
      1	11524
      1	11557
      1	11566
      1	11654
      1	11662
      1	11751
      1	12072
      1	12290
      2	12342
      4	12649
      1	12798
      3	13008
      2	13031
      1	13064
      1	13292
      1	13457
      1	13489
      1	13678
      1	13805
     14	13945
      2	14072
      1	14155
      1	14184
      1	14244
      2	14251
      1	14270
      1	14392
      2	14420
      1	14479
      1	15056
      1	15163
      1	15295
      1	15310
      1	15595
      8	15661
      3	15719
      4	16029
      1	16135
      1	16679
      2	16715
      6	16862
      2	16890
      1	17054
      1	17282
      2	17845
      6	18179
      1	18575
      2	18608
      1	18612
      1	18613
      1	19616
      1	19657
      3	19904
      1	20212
      1	20375
      2	20438
      1	20458
      1	20738
      1	20911
      1	20946
      1	20955
      1	21023
      1	21376
      1	21468
      2	21644
      2	21699
      1	21754
      1	21778
      3	22098
      1	22292
      1	22360
      1	22451
      1	22454
      1	22780
      1	22792
      1	22911
      3	23003
      1	23016
      1	23029
      1	23113
      1	23180
      3	23441
      1	23526
      8	23594
      1	23827
      2	23975
      1	24331
      1	24333
      1	24625
      1	24750
      3	24975
      1	25276
      1	25454
      1	25575
      1	25714
      1	25777
      1	25938
      1	26121
      1	26126
     19	26135
      1	26249
      1	26299
      1	26821
      2	26959
      1	26994
      1	27124
      4	27214
      1	27357
      1	27388
      5	27495
      5	27519
      1	27706
      1	27765
      2	27880
      1	27944
      1	27966
      3	28078
      3	28089
      1	28125
      3	28302
      1	28304
      1	28482
      1	28495
      1	28531
      1	28605
      1	28755
      1	28907
      1	29106
      1	29226
      1	29235
      1	29309
      1	29339
      1	29374
      1	29737
      1	29888
      5	30360
      6	30437
      1	30834
      2	30943
      1	31088
      2	31156
      1	31397
      1	31467
      1	31535
      3	32079
      1	32093
      1	32358
      2	32585
      1	32626
      2	32773
      1	32863
      1	33142
      3	33217
      2	33318
      1	33319
      1	33511
      4	33531
      2	33687
      1	33709
      1	34158
      1	34279
      1	34657
      1	34658
      1	34695
      1	34960
      3	35591
      1	35708
      1	35738
      2	36112
      1	36243
      1	36498
      2	36889
      1	36935
      5	36973
      1	37021
      1	37271
      1	37329
      1	37609
      5	37904
      1	38520
      1	38746
      1	38881
      2	39175
      1	39305
      2	39379
      2	39413
      1	39770
      1	39790
      1	39892
      1	39981
      1	40014
      2	40272
      1	40679
      1	40816
      1	41055
      1	41297
      4	41298
      1	41393
      1	41461
      1	41896
      1	41993
      1	42145
      1	42147
      1	42183
      1	42425
      1	42438
      2	42459
      1	42460
      2	42517
      1	42699
      1	42802
      1	43037
      1	43065
      2	43102
      1	43123
      1	43411
     11	43714
      1	43765
      2	43789
      1	43856
      1	44311
      1	44328
      1	44838
      1	44893
      1	45232
      1	45747
      2	45943
      1	46005
      3	46111
      4	46168
      1	46478
      1	46485
      1	46503
      1	46595
      1	46743
      1	46779
      1	46885
      2	47272
     14	47518
      3	47975
      1	48064
      2	48085
      1	48164
      1	48369
      1	48439
      1	48776
      1	49162
      1	49180
      1	49263
      1	49350
      1	49517
     13	49603
      1	50044
      1	50236
      2	50584
      1	51071
      3	51166
      2	51198
      3	51305
      1	51326
      2	51354
      1	51540
      2	51795
      1	51856
      1	51898
      1	51959
      1	52145
      1	52208
      1	52540
      1	52541
      4	52625
      1	53147
      2	53211
      4	53571
      1	55141
      2	55407
      1	55418
      2	55475
      1	55534
      1	55674
      5	55843
      1	56052
      1	56263
      1	56264
      3	56269
      1	56556
      2	56592
      1	56614
      1	56841
      2	56889
      5	57133
      1	57189
      1	57299
      2	57319
      1	57383
      1	57415
      1	57480
      1	57503
      1	57541
      1	57764
      1	57808
      2	57880
      1	57944
      4	57951
      1	58415
      1	58594
      4	59023
      6	59132
      5	59165
      2	59248
      2	59406
      2	59608
      1	59674
      1	59704
      1	59814
      1	59833
      1	59912
      1	60120
     11	60331
      1	60446
      1	60600
      7	60621
      1	60764
      1	61207
      1	61230
      1	61261
      1	61332
      4	61652
      1	61715
      1	61760
      2	61797
      2	61799
      1	61878
      1	61969
      1	62102
      4	62318
      1	62320
      1	62336
      1	62631
      1	63092
      1	63094
      2	63136
      2	63208
      1	63212
      1	63249
      1	63376
      1	63579
      1	63679
      3	63711
      3	63807
      2	64135
      2	64219
      1	64470
      1	64474
      1	64504
      7	64539
      1	64637
     14	64913
      2	64947
      1	64999
     24	65014
      1	65209
      1	65256
      1	65353
