      1	11
      1	76
      2	98
      1	128
      1	188
      2	346
      1	347
      1	492
      1	567
      1	788
      1	887
      1	990
      1	1016
      1	1115
      1	1130
      1	1157
      1	1193
      1	1194
      1	1248
      5	1405
      1	1532
      1	1620
      1	1747
      1	1782
      3	1836
      1	1882
      1	1886
      1	2041
      2	2077
      1	2153
      1	2182
      1	2238
      1	2372
      1	2417
      1	2484
      1	2515
      1	2589
      1	2686
      2	2706
      1	2717
      1	2766
      1	2775
      1	2803
      6	2819
      9	3014
      1	3109
      1	3156
      1	3209
      1	3376
      1	3461
      1	3468
      1	3733
      1	3764
      1	3885
      1	3965
      1	3979
      1	4020
      1	4067
      1	4138
      1	4250
      1	4291
      1	4376
      1	4379
      1	4386
      1	4422
      3	4460
      1	4466
      2	4501
      1	4506
      1	4540
      1	4584
      4	4695
      1	4745
      1	4773
      1	4953
      1	5050
      1	5141
      1	5187
      1	5261
      2	5402
      1	5432
      1	5447
      1	5487
      1	5544
      1	5596
      1	5631
      1	5693
      1	5712
      1	5736
      2	5874
      1	5897
      1	5916
      1	5933
      1	6086
      1	6123
      1	6148
      1	6435
      2	6497
      1	6499
      1	6593
      1	6603
      2	6647
      1	6692
      1	6700
      1	6728
      1	6764
      2	6971
      1	6978
      1	7055
      1	7106
      1	7403
      1	7423
      1	7438
      1	7482
      1	7575
      1	7602
      3	7670
      1	7673
      1	7706
      1	7712
      1	7746
      1	7765
      1	7835
      1	7929
      1	8062
      1	8126
      3	8248
      1	8252
      1	8403
      1	8437
      1	8487
      2	8564
      1	8666
      1	8668
      1	8741
      2	8749
      1	8757
      2	8760
      3	8859
      1	8877
      1	8897
      1	8917
      1	8926
      1	8954
      1	9012
      1	9053
      1	9059
      1	9100
      1	9232
      1	9249
      1	9287
      1	9295
      1	9407
      1	9483
      1	9576
      1	9587
      1	9618
      1	9638
      1	9712
      1	9892
      1	9940
      5	10026
      1	10063
      1	10069
      2	10104
      1	10135
      1	10205
      1	10214
      1	10221
      1	10255
      1	10500
      1	10504
      1	10533
      1	10563
      4	10657
      1	10661
      1	10756
      2	10863
      1	10955
      2	10995
      1	11091
      1	11109
      1	11244
      1	11353
      1	11415
      1	11471
      1	11544
      1	11556
      1	11597
      1	11608
      1	11640
      1	11898
      1	12005
      1	12015
      1	12104
      1	12477
      2	12478
      1	12552
      1	12570
      1	12594
      1	12638
      1	12664
      1	12708
      1	12753
      1	12792
      1	12869
      1	12870
      1	12930
      1	12952
      1	13004
      1	13008
      1	13014
      1	13031
      1	13075
      1	13105
      6	13118
      1	13331
      1	13333
      1	13409
      1	13414
      1	13492
      1	13556
      1	13640
      1	13653
      1	13721
      1	13724
      1	13772
      1	13805
      2	13863
      1	13938
      1	13984
      1	14002
      1	14070
      1	14110
      3	14222
      1	14310
      1	14321
      1	14332
      1	14466
      1	14496
      1	14509
      1	14538
      1	14594
      1	14688
      1	14809
      1	14894
      1	14961
      1	14991
      1	15098
      1	15110
      1	15162
      1	15257
      1	15282
      1	15318
      1	15391
      1	15465
      1	15530
      2	15534
      1	15598
      1	15601
      1	15603
      1	15619
      1	15661
      1	15766
      3	15982
      1	15984
      1	15985
      1	15989
      5	16049
      1	16086
      1	16140
      1	16153
      1	16181
      1	16209
      1	16271
      1	16287
      1	16510
      1	16537
      1	16554
      1	16568
      1	16588
      2	16648
      1	16880
      1	16885
      1	16950
      1	16958
      1	17064
      1	17085
      1	17212
      1	17213
      1	17223
      4	17267
      2	17315
      1	17368
      1	17522
      1	17545
      1	17644
      1	17719
      1	17841
      1	17859
      1	17917
      1	17921
      1	17923
      1	17949
      1	17993
      1	18052
      1	18073
      5	18077
      1	18203
      1	18338
      1	18352
      1	18460
      1	18508
      1	18568
      1	18590
      1	18672
      1	18677
      1	18719
      1	18743
      1	18914
      1	18915
      2	18928
      1	18997
      1	19197
      2	19224
      1	19247
      1	19251
      1	19273
      1	19312
      1	19336
      1	19372
      1	19388
      1	19402
      1	19465
      1	19643
      1	19703
      1	19781
      1	19782
      1	19869
      3	19889
      1	19948
      2	19990
      1	20176
      2	20221
      1	20230
      1	20583
      1	20587
      1	20674
      1	20698
      1	20780
      1	20855
      1	20881
      3	20926
      1	21073
      1	21079
      1	21144
      1	21163
      1	21188
      1	21221
      1	21281
      1	21312
      1	21428
      1	21477
      1	21482
      1	21503
      1	21505
      1	21506
      1	21598
      1	21639
      1	21807
      1	21831
      1	21858
      1	21861
      2	21874
      1	21909
      1	21942
      1	22013
      1	22045
      1	22070
      1	22102
      1	22177
      1	22185
      1	22243
      1	22285
      1	22458
      1	22495
      1	22517
      1	22530
      1	22570
      1	22597
      1	22626
      1	22682
      1	22686
      1	22738
      1	22741
      2	22743
      1	22751
      4	22847
      4	22876
      1	22954
      2	22958
      1	22978
      1	23000
      1	23275
      1	23278
      1	23339
      1	23405
      1	23521
      1	23535
      1	23548
      1	23683
      1	23790
      1	23805
      1	23840
      1	23849
      1	23943
      1	23946
      1	23961
      2	24013
      1	24094
      1	24117
      1	24154
      2	24184
      2	24394
      1	24412
      1	24420
      1	24548
      1	24550
      1	24722
      1	24742
      1	24743
      2	24774
      1	24782
      1	24824
      1	24855
      1	24917
      1	24947
      1	24963
      1	25026
      1	25264
      2	25282
      1	25357
      1	25370
      1	25484
      2	25487
      1	25511
      1	25555
      1	25587
      2	25630
      1	25667
      1	25786
      1	25874
      1	25914
      1	25920
      1	26003
      1	26249
      2	26288
      1	26329
      1	26401
      1	26416
      1	26427
      1	26468
      1	26581
      2	26625
      1	26656
      1	26768
      1	26818
      1	26966
      1	26992
      1	26994
      1	27065
      1	27107
      1	27180
      1	27182
      1	27228
      1	27431
      1	27459
      1	27485
      1	27499
      1	27573
      2	27605
      1	27606
      1	27646
      1	27681
      1	27727
      1	27731
      1	27761
      1	27882
      1	27943
      1	28010
      1	28019
      1	28116
      1	28145
      1	28214
      1	28244
      1	28270
      1	28309
      1	28383
      1	28390
      2	28414
      1	28429
      1	28463
      1	28603
      1	28630
      2	28688
      1	28752
      1	28803
      1	28881
      1	28912
      1	28929
      2	29086
      1	29219
      1	29307
      1	29311
      1	29399
      2	29431
      1	29513
      6	29540
      1	29590
      1	29669
      1	29948
      1	30042
      1	30050
      1	30103
      1	30380
      4	30410
      2	30443
      1	30462
      1	30621
      1	30685
      1	30793
      1	30796
      1	30863
      1	30880
      1	30899
      1	30934
      1	30951
      1	30977
      1	30979
      1	31156
      1	31203
      7	31249
      1	31260
      1	31276
      1	31329
      1	31364
      1	31369
      1	31375
      1	31378
      1	31451
      1	31472
      3	31527
      1	31591
      1	31690
      1	31786
      1	31796
      1	31813
      1	31903
      1	31972
      1	31973
      1	32030
      1	32194
      2	32200
      1	32211
      1	32331
      1	32384
      1	32453
      1	32574
      1	32704
      1	32809
      1	32874
      1	33001
      1	33036
      2	33135
      1	33180
      1	33264
      1	33267
      1	33292
      1	33294
      1	33313
      2	33416
      1	33537
      1	33579
      1	33631
      2	33733
      1	33892
      1	34029
      1	34061
      1	34101
      1	34219
     10	34261
      1	34340
      1	34432
      1	34456
      1	34537
      1	34746
      1	34825
      1	34860
      1	34972
      1	34979
      1	34988
      1	35024
      1	35067
      2	35104
      1	35140
      1	35193
      2	35263
      1	35289
      1	35314
      1	35326
      1	35327
      1	35328
      1	35376
      1	35408
      1	35432
      1	35517
      2	35591
      1	35690
      1	35743
      2	35780
      2	35874
      1	35915
      1	35931
      1	36002
      2	36005
      1	36033
      1	36077
      1	36169
      1	36183
      1	36213
      1	36234
      1	36271
      1	36559
      2	36584
      1	36685
      1	36736
      1	36755
      1	36781
      1	36810
     14	36904
      1	36951
      1	36965
      1	37046
      1	37062
      4	37127
      1	37201
      2	37237
      1	37247
      1	37266
      1	37388
      1	37389
      1	37446
      1	37573
      3	37617
      4	37640
      1	37820
      1	37822
      1	37850
      1	37885
      1	38018
      1	38037
      1	38047
      1	38135
      1	38218
      1	38238
      1	38297
      2	38315
      1	38356
      1	38614
      1	38646
      1	38676
      1	38689
      1	38761
      1	38765
      1	38801
      1	38820
      1	38854
      1	38858
      2	39168
      2	39320
      1	39406
      1	39436
      1	39440
      1	39559
      1	39640
      1	39674
      1	39697
      1	39791
      1	39796
      1	39905
      1	39928
      1	40040
      1	40093
      1	40258
      2	40270
      1	40278
      1	40477
      1	40480
      2	40505
      1	40515
      1	40564
      1	40648
      1	40693
      1	40717
      1	40891
      1	41015
      4	41121
      1	41122
      1	41150
      1	41152
      1	41163
      1	41165
      1	41188
      1	41215
      1	41242
      1	41315
      1	41325
      1	41355
      1	41363
      1	41383
      3	41702
      1	41744
      1	41800
      1	41853
      2	41864
      1	41902
      1	41964
      1	42054
      1	42107
      1	42204
      1	42215
      3	42277
      1	42316
      1	42355
      1	42377
      1	42427
      1	42453
      2	42525
      1	42550
      1	42707
      1	42797
      1	42915
      1	42982
     10	43030
      1	43033
      2	43053
      1	43206
      1	43257
      1	43317
      1	43330
      3	43343
      1	43422
      1	43462
      1	43498
      1	43565
      1	43602
      1	43665
      2	43710
      2	43714
      2	43791
      1	43845
      1	43913
      1	44072
      1	44117
      2	44139
      1	44228
      1	44295
      1	44305
      1	44320
      2	44335
      1	44452
      1	44457
      1	44481
      2	44514
      1	44548
      1	44645
      1	44667
      1	44671
      4	44759
      1	44857
      1	44929
      1	44995
      1	45150
      1	45153
      1	45156
      1	45196
      1	45200
      1	45278
      1	45308
      1	45419
      2	45450
      1	45472
      1	45618
      1	45623
      1	45696
      1	45845
      1	45847
      1	45913
      1	45926
      1	45978
      1	45986
      1	45997
      1	46047
      1	46190
      1	46197
      1	46447
      1	46505
      1	46538
      1	46560
      1	46584
      1	46621
      1	46664
      1	46676
      1	46743
      1	46744
      3	46767
      1	46773
      1	46995
      1	47217
      1	47268
      1	47380
      1	47447
      1	47491
      1	47582
      1	47633
      1	47662
      1	47700
      1	47704
      2	47823
      1	47826
      1	47911
      1	47918
      1	48180
      2	48242
      1	48289
      1	48369
      1	48580
      1	48605
      1	48735
      1	48742
      1	48744
      1	48775
      1	48886
      1	49006
      1	49102
      1	49204
      2	49216
      1	49339
      2	49360
      1	49362
      1	49363
      1	49430
      1	49431
      1	49470
      1	49532
      1	49569
      1	49623
      1	49678
      2	49708
      1	49722
      1	49732
      1	49784
      1	49795
      1	49854
      1	50127
      1	50262
      1	50284
      2	50346
      1	50362
      2	50375
      1	50424
      1	50429
      1	50439
      1	50497
      1	50517
      8	50649
      1	50725
      1	50899
      2	50911
      1	50945
      1	51021
      1	51156
      1	51319
      1	51334
      1	51362
      2	51412
      1	51504
      1	51522
      1	51617
      4	51854
      1	51881
      1	51895
      1	51900
      1	51908
      1	51936
      2	51959
      1	51965
      1	52048
      1	52164
      1	52307
      1	52315
      1	52444
      2	52563
      1	52664
      1	52735
      1	52835
      2	52908
      1	52952
      1	52981
      1	53004
      1	53026
      3	53068
      1	53069
      1	53188
      1	53306
      1	53394
      1	53521
      1	53578
      1	53695
      1	53767
      1	53964
      1	53972
      1	54004
      1	54140
      1	54234
      1	54402
      1	54404
      1	54435
      1	54494
      1	54574
      1	54594
      1	54683
      1	54842
      1	54892
      2	54970
      1	54992
      1	55072
      1	55231
      1	55282
      1	55388
      1	55547
      1	55676
      1	55682
      1	55693
      1	55746
      5	55821
      1	55918
      1	55923
      1	55971
      1	55972
      1	56004
      1	56034
      1	56059
      1	56113
      1	56205
      1	56261
      2	56305
      1	56310
      2	56322
      1	56362
      1	56502
      1	56734
      1	56876
      2	56956
      1	57050
      1	57068
      1	57091
      1	57154
      1	57194
      1	57226
      1	57295
      2	57375
      1	57381
      2	57514
      1	57516
      1	57539
      1	57566
      2	57719
      1	57853
      1	57905
      1	57919
      1	57922
      1	58069
      1	58095
      1	58116
      2	58223
      1	58248
      3	58259
      1	58296
      1	58530
      1	58556
      1	58569
      1	58650
      1	58654
      1	58666
      1	58682
      1	58699
      1	58755
      1	58766
      1	58958
      1	58981
      1	59059
      2	59131
      1	59163
      1	59227
      1	59261
      1	59371
      1	59480
      1	59604
      1	59728
      1	59753
      1	59804
      1	59884
      1	59918
      1	59966
      1	60006
      1	60017
      1	60023
      1	60062
      1	60082
      2	60120
      3	60143
      1	60185
      1	60215
      1	60248
      1	60293
      1	60354
      2	60441
      1	60568
      1	60747
      2	60762
      1	60983
      1	61051
      1	61121
      1	61358
      1	61369
      1	61377
      1	61481
      2	61483
      1	61507
      1	61646
      1	61758
      1	61792
      1	61882
      1	61890
      1	61948
      1	61999
      1	62004
      1	62021
      1	62109
      2	62159
      1	62183
      1	62189
      1	62194
      1	62208
      1	62268
      1	62543
      1	62568
      1	62592
      1	62593
      1	62615
      1	62617
      1	62784
      1	62790
      1	62808
      1	62841
      1	62892
      1	62964
      1	63019
      1	63120
      1	63139
      2	63173
      1	63213
      1	63276
      1	63365
      1	63381
      1	63411
      2	63421
      1	63458
      1	63533
      1	63718
      1	63748
      1	63751
      1	63777
      1	63815
      1	63849
      1	63912
      1	63975
      1	63986
      1	64020
      1	64059
      1	64146
      1	64271
      1	64294
      1	64323
      2	64325
      1	64340
      1	64501
      1	64504
      1	64510
      2	64542
      1	64756
      1	64873
      1	64970
      1	65073
      1	65080
      1	65187
      1	65329
      1	65360
      2	65433
      1	65484
