      3	111
      1	132
      3	139
      1	162
      5	196
      3	202
      2	207
      1	269
      2	277
      1	294
      1	322
      2	348
      2	351
      1	363
      1	379
      1	388
      1	424
      1	464
      1	468
     21	482
      3	538
      5	541
      1	567
      3	568
      3	629
      1	667
      1	708
      1	725
      2	726
      1	756
      1	767
      1	782
      1	853
      1	867
      7	926
      3	980
      1	984
      1	1031
      2	1053
      1	1068
      1	1074
      1	1103
      2	1106
      1	1180
      5	1184
     20	1261
      1	1267
      1	1273
      1	1293
      1	1322
      1	1369
      1	1398
      1	1402
      1	1428
      1	1475
      2	1484
      2	1497
      1	1530
      5	1532
      1	1558
      2	1582
      1	1602
     58	1616
      7	1645
      2	1693
      2	1728
      2	1730
      1	1780
      1	1803
      1	1838
      1	1899
      2	1915
      2	1917
      1	1937
      2	1968
      2	2040
      1	2062
      1	2065
      2	2069
      1	2077
      1	2083
      1	2132
      1	2148
     10	2149
      1	2150
      2	2168
      1	2229
      2	2262
      2	2285
      1	2328
      1	2390
      1	2395
      2	2412
      1	2431
     16	2452
      2	2475
      1	2497
      2	2513
      1	2516
      1	2529
      1	2576
      1	2578
      1	2593
      2	2595
      1	2633
      1	2644
      1	2656
      1	2659
      2	2725
      1	2752
      1	2820
      1	2825
      1	2834
      2	2836
      1	2858
      5	2880
      1	2892
      1	2905
      1	2931
      3	2978
      1	2987
      1	2994
      4	2999
      2	3002
      2	3055
      1	3068
      2	3092
      1	3109
      2	3182
      1	3184
      1	3204
      1	3212
      1	3213
      2	3221
      1	3228
      9	3243
      2	3256
      1	3267
      1	3272
      1	3293
      1	3344
      2	3346
      1	3361
      1	3368
      2	3380
      1	3448
      5	3452
      1	3551
      2	3552
      1	3560
      1	3646
      2	3651
      1	3685
      2	3690
     24	3707
      6	3732
      6	3737
      1	3777
      1	3872
      1	3931
      1	3985
      2	4006
      3	4016
      1	4062
      7	4071
      2	4072
      2	4107
      1	4176
      1	4209
      2	4228
      1	4235
     10	4238
      1	4274
      3	4307
      2	4316
      3	4318
      1	4324
      3	4342
      1	4353
      3	4417
      1	4424
      1	4443
      2	4481
     17	4485
      1	4552
      1	4573
      2	4578
      1	4586
      1	4596
      1	4604
      1	4625
      2	4649
      1	4652
      1	4664
      1	4667
      2	4679
      2	4705
      1	4764
      3	4780
      1	4801
      3	4861
      4	4870
      2	4873
      1	4889
      1	4917
      1	4942
      1	4969
      2	4984
      1	4996
      1	5005
      1	5013
     15	5037
      1	5098
      1	5122
      1	5140
      1	5145
      2	5230
      1	5305
      1	5307
      3	5351
      1	5352
      7	5396
      2	5420
      1	5445
      4	5453
      6	5475
      2	5480
      1	5499
      1	5527
      1	5665
      1	5676
      1	5731
      1	5733
      3	5778
      3	5792
      1	5816
      1	5817
      1	5834
      1	5880
      2	5909
      1	5923
      2	5930
      1	5938
      1	6085
      1	6101
      2	6128
      1	6141
      1	6151
      2	6153
      1	6156
      4	6174
      2	6175
      2	6179
      1	6195
      3	6205
      2	6210
      3	6214
      1	6279
      1	6281
      2	6299
      3	6347
      1	6366
      1	6396
      1	6483
      2	6488
      1	6494
      1	6500
      1	6564
      6	6583
      8	6596
      1	6614
      1	6621
      1	6635
      1	6639
      1	6647
      2	6652
      1	6754
      1	6781
      1	6806
      3	6809
      2	6856
      1	6878
     45	6980
      2	7004
      1	7013
      2	7015
      1	7131
      2	7182
      2	7187
      1	7252
      1	7271
      1	7280
      1	7293
      5	7304
      1	7367
      1	7424
      1	7429
      2	7481
      2	7512
      5	7533
      1	7608
      1	7626
      2	7641
      1	7648
      2	7649
      1	7651
      1	7734
      1	7735
      1	7805
      1	7885
      2	7891
      2	7920
      1	7959
      1	7961
      1	8016
      1	8052
      1	8061
      2	8071
      1	8073
      1	8101
      1	8114
      4	8172
      1	8222
      7	8236
      1	8261
      2	8276
      1	8281
      1	8313
      1	8330
      2	8343
      1	8370
      1	8379
      1	8473
      2	8489
      2	8492
     20	8557
      3	8560
      1	8586
      1	8676
      1	8700
      1	8712
      2	8736
      1	8781
      1	8799
      1	8856
      2	8859
      1	8866
      2	8915
      2	8924
      1	8954
     32	8956
      1	8973
      4	8983
      1	8987
      3	9063
      1	9083
      4	9143
      2	9161
      1	9232
      1	9237
      1	9317
      1	9327
      1	9345
      2	9361
      1	9447
     15	9473
     15	9498
      3	9544
      1	9564
      1	9574
      1	9610
      1	9652
      2	9671
      1	9726
      2	9783
      1	9797
      1	9802
      5	9817
      1	9839
      1	9856
      1	9862
      1	9869
      6	9901
      1	9915
      7	9965
      1	9974
      8	9983
      2	10022
     10	10026
      2	10052
      1	10062
      1	10077
      4	10118
      1	10140
      2	10150
      1	10187
      1	10214
      2	10233
      1	10317
      1	10337
      1	10366
      1	10385
      2	10407
      2	10410
      1	10412
      3	10422
      1	10483
      2	10508
      1	10564
      1	10570
      2	10585
      1	10614
      2	10624
      1	10684
      1	10685
      1	10722
      1	10742
      1	10743
      1	10752
      1	10813
      2	10824
      1	10871
      1	10877
     15	10901
      1	10907
      1	10933
      1	10977
      1	10980
      1	10981
      1	11048
      2	11057
      1	11068
     83	11091
      2	11101
      1	11103
      1	11170
      1	11297
      1	11298
      1	11299
      1	11312
      1	11330
      1	11340
      1	11350
      4	11380
      3	11435
      1	11457
      7	11511
      1	11535
      1	11540
      2	11552
      1	11561
      1	11566
      1	11597
      1	11606
      1	11648
      2	11707
      1	11720
      1	11736
      1	11742
      1	11760
      1	11816
      1	11821
     15	11830
      1	11845
      5	11909
      6	11936
     62	11964
      1	11970
      1	12005
      1	12042
      1	12104
      1	12126
      2	12147
      2	12155
      2	12157
      1	12171
      1	12179
      3	12190
      2	12232
      1	12241
      1	12242
      1	12287
      1	12316
      2	12330
      1	12347
      3	12397
      2	12447
      1	12474
      1	12505
      1	12507
      1	12660
      1	12698
      1	12708
      1	12709
      1	12809
      3	12814
      1	12848
      1	12885
      1	12891
      2	12926
      2	12989
      1	12999
      1	13023
      1	13074
      1	13154
      1	13184
      1	13194
      2	13199
      3	13226
      1	13291
      1	13315
      1	13317
      1	13321
      1	13377
      1	13453
      4	13481
      1	13486
      1	13534
      2	13542
      1	13551
      1	13581
      5	13598
      3	13602
      2	13699
      2	13718
      1	13724
      2	13735
      1	13747
      1	13761
      1	13890
      1	13894
      2	13901
      3	13984
      9	14010
      2	14054
      2	14136
      1	14149
      2	14163
      1	14177
      1	14236
      1	14246
     33	14261
      1	14287
      1	14353
      1	14389
      1	14392
      1	14423
      3	14457
      2	14464
      1	14465
      1	14523
      1	14525
      1	14540
      1	14578
      1	14607
      1	14611
      1	14646
      1	14655
      1	14676
      1	14701
      1	14717
      2	14738
      2	14764
      1	14768
      1	14777
      1	14793
      1	14865
      2	14920
      1	14928
      1	14938
      1	14943
     14	15029
      1	15050
      1	15104
      2	15115
     11	15147
      1	15168
      1	15201
      1	15328
      1	15348
      1	15402
      2	15431
      2	15458
      1	15585
      1	15590
      1	15593
      1	15598
      1	15599
      1	15604
      2	15609
      2	15612
      1	15625
     21	15677
      2	15678
      1	15679
      1	15705
      1	15740
      1	15756
      1	15775
      3	15813
      2	15825
      1	15826
      1	15872
      1	15957
      1	15977
      2	15985
      5	16007
      1	16084
      1	16108
      2	16112
      1	16154
      3	16161
      2	16179
      2	16190
      1	16211
      3	16231
      1	16295
      1	16356
      1	16388
      1	16430
      1	16442
      1	16486
      1	16503
      2	16504
      5	16512
      1	16565
      1	16594
      1	16614
      1	16638
      1	16738
      1	16765
      1	16841
      1	16866
      1	16916
      3	16959
      2	16974
      2	16976
      1	16988
      1	17016
      1	17019
      1	17027
      1	17056
      1	17094
      1	17128
      2	17133
      1	17138
      3	17164
      1	17218
      1	17222
      3	17230
      1	17267
      1	17282
      1	17303
      1	17315
      1	17323
      1	17338
      1	17343
      1	17368
      3	17440
      1	17444
     24	17489
      1	17498
      4	17510
      1	17580
      3	17586
      1	17593
      1	17599
      1	17610
      3	17642
      1	17672
      3	17675
      1	17726
      1	17736
      1	17833
      1	17901
      2	17918
      1	17975
      1	17984
      2	18033
      1	18038
      1	18077
      1	18124
      1	18179
      1	18200
      2	18204
      1	18217
      1	18234
      2	18330
      1	18348
      1	18352
      2	18415
      2	18442
      1	18444
      1	18472
      1	18502
      1	18505
      1	18620
      1	18644
      1	18656
      1	18677
      2	18688
      1	18756
      1	18796
      1	18827
      1	18851
      1	18864
      1	18890
      3	18905
      1	18908
      1	18911
      1	18923
      1	18983
      1	19051
      3	19067
      2	19068
      1	19107
      2	19116
      3	19130
      1	19142
      1	19224
      2	19232
      1	19252
      1	19289
      1	19305
      3	19339
      4	19364
      1	19471
      1	19478
      2	19480
      2	19485
      1	19488
      1	19511
      1	19530
     37	19531
      4	19585
     97	19622
      1	19641
      1	19660
      1	19670
      1	19695
      1	19814
      1	19816
      1	19841
      1	19861
      1	19903
      1	19904
      1	19911
      1	19933
      2	19961
      1	19971
      2	20046
      1	20064
      2	20081
      3	20148
      1	20152
      2	20168
      1	20172
      1	20208
      2	20210
      1	20226
      1	20255
     19	20267
      1	20268
      1	20273
      1	20280
      1	20287
      1	20291
      2	20297
      1	20305
      2	20307
      9	20323
      3	20344
      1	20353
      2	20363
      1	20364
      2	20377
      1	20426
      2	20429
      2	20461
      5	20515
      1	20562
      1	20595
      1	20655
      1	20714
      1	20730
      1	20783
      2	20800
      2	20808
      1	20814
      1	20827
      1	20847
      1	20872
      2	20941
      2	20955
      1	20956
      2	21003
      5	21042
      1	21045
      1	21066
      1	21068
      5	21079
      3	21082
      2	21091
      1	21129
      1	21135
      2	21139
      1	21158
      1	21180
      1	21195
      1	21205
      1	21214
      1	21283
      2	21285
      3	21288
      1	21341
     35	21378
      1	21405
      1	21418
      1	21492
      1	21499
     10	21532
      2	21548
      1	21633
      1	21652
      1	21696
      1	21701
      1	21723
      1	21752
      1	21771
      3	21795
      1	21821
      1	21839
      1	21842
     14	21864
      2	21877
      1	21911
      1	21915
      3	21994
      1	21995
      1	22010
      2	22036
      1	22041
      1	22071
      1	22087
     52	22094
      1	22143
      2	22159
      2	22160
     19	22164
      1	22206
      2	22259
      1	22277
      5	22305
      3	22355
      1	22364
      3	22365
      1	22366
      1	22447
      2	22509
      1	22510
      2	22511
      1	22526
      1	22607
      1	22612
      2	22618
      3	22621
      1	22705
      1	22715
      2	22720
      2	22812
      4	22841
      2	22861
      1	22902
      9	22905
      1	22944
      5	22970
      1	22978
     10	22995
      2	23018
     26	23029
      2	23032
      2	23033
      1	23052
      8	23070
      1	23074
      2	23081
      1	23091
      6	23092
      1	23095
      7	23114
      2	23196
      1	23201
      1	23221
      2	23256
      1	23295
      2	23392
      1	23421
      1	23472
      1	23487
      1	23502
      1	23512
     44	23526
      3	23568
      1	23577
      1	23589
      2	23594
      1	23643
      1	23653
     11	23673
      2	23689
      1	23692
      6	23713
      1	23720
      2	23730
      1	23767
      1	23813
     27	23853
     11	23869
      2	23873
      1	23909
      2	23914
      2	23926
      1	23961
      1	24000
      1	24036
      1	24053
      1	24098
      1	24102
      2	24114
      1	24116
      1	24120
      7	24136
      2	24188
      2	24232
      1	24234
     10	24244
      1	24245
      2	24267
     10	24271
      1	24303
      1	24339
      2	24370
      2	24394
      1	24473
      1	24487
      1	24495
      1	24497
      2	24542
      1	24670
      3	24685
      2	24731
      1	24735
      1	24738
      2	24762
      1	24800
      1	24815
      3	24817
     10	24818
      2	24825
      2	24839
      1	24840
      1	24864
      1	24885
      4	24888
      1	24905
      2	24980
      2	24992
      1	25021
      1	25024
      1	25058
      1	25083
      1	25097
      2	25189
      1	25198
      2	25205
      1	25233
      9	25293
      1	25302
      2	25382
      1	25394
      1	25419
      1	25455
      1	25465
      2	25499
      1	25515
      4	25519
      5	25563
      3	25582
      2	25589
      1	25598
      2	25624
      1	25666
      1	25721
      1	25745
      1	25774
      1	25805
      1	25813
      2	25818
      2	25864
      1	25880
      1	25892
      1	25933
      1	25974
      1	26039
      1	26053
      1	26064
      1	26065
      4	26125
      1	26166
      2	26230
      1	26246
      1	26258
      1	26300
      1	26310
      1	26311
      2	26339
      1	26364
      3	26376
      2	26397
      1	26417
      3	26433
      1	26434
      2	26444
      1	26450
      2	26454
      9	26460
      1	26496
      2	26545
      5	26552
      4	26554
      2	26583
      2	26594
      1	26612
      1	26661
      1	26666
      1	26686
      1	26696
      1	26777
      1	26803
      1	26805
      3	26806
     44	26811
      1	26836
      1	26917
      1	26947
      3	27024
      2	27039
      1	27044
      1	27047
      1	27069
      2	27073
      1	27075
      1	27097
      2	27145
      1	27171
      1	27179
      1	27181
      1	27231
      1	27246
      1	27248
      4	27257
      1	27286
      1	27301
      3	27305
      1	27317
      1	27329
      1	27350
      1	27359
      1	27395
     10	27409
      1	27412
      2	27420
      1	27441
      1	27467
      4	27519
      2	27528
      1	27547
      2	27695
     10	27862
      1	27916
      3	28012
      7	28015
      1	28045
      2	28052
      1	28070
      1	28071
      1	28077
      1	28141
      1	28197
      1	28269
      1	28274
      1	28283
      1	28305
      1	28328
     47	28365
      1	28373
      1	28406
      1	28487
      5	28499
      2	28518
      1	28520
      1	28551
      1	28557
      3	28571
      2	28581
      1	28594
      1	28618
      1	28621
      1	28632
      1	28665
      2	28796
      1	28799
      4	28849
      4	28865
      1	28870
      2	28884
      6	28896
      1	28913
      1	28949
      2	28960
      1	28962
      1	29023
      5	29043
      1	29055
      5	29068
      2	29104
      2	29111
      1	29148
      1	29159
      1	29202
      1	29210
      1	29227
      1	29257
      1	29268
      1	29276
    140	29351
      1	29383
      1	29386
     11	29396
      1	29466
      1	29484
      1	29538
      1	29558
      2	29644
      1	29701
      1	29713
      1	29738
      2	29739
      1	29800
      7	29819
      1	29841
      2	29873
      1	29907
      5	29929
      6	29945
      1	29970
      1	29988
      3	29997
      1	30027
      2	30032
      1	30047
      1	30065
     21	30094
      1	30143
      1	30153
      8	30156
      2	30225
      2	30250
      1	30268
      2	30291
      1	30301
      1	30321
     15	30352
      1	30356
      1	30363
      5	30426
      2	30427
      4	30431
      1	30506
      1	30512
      4	30516
      1	30524
      1	30534
      1	30555
      2	30559
      2	30586
      1	30613
      2	30659
      1	30715
      2	30718
      2	30724
      3	30728
      1	30733
      1	30751
      4	30809
      2	30824
      4	30835
      2	30867
      1	30941
      2	30977
      6	30980
      4	31011
      5	31022
      1	31025
      1	31035
      1	31064
      1	31098
      2	31148
      1	31186
      1	31221
      1	31247
      1	31265
      4	31377
      2	31397
      1	31404
      1	31505
      1	31513
      1	31523
      2	31531
      1	31574
      1	31588
      1	31594
      2	31597
      1	31615
      1	31670
      3	31711
      2	31717
      1	31718
      3	31762
      1	31774
      2	31849
      1	31893
      1	31903
      1	31905
      1	31911
      1	31917
      1	31957
      1	31982
      1	32023
      6	32074
      2	32083
      1	32086
      1	32100
      1	32136
      6	32137
      2	32140
      4	32224
      1	32266
      1	32279
      1	32299
      1	32307
      1	32333
      1	32390
      1	32400
      1	32451
      1	32477
      1	32517
      3	32574
      1	32588
      1	32608
      2	32618
      1	32623
      2	32638
      1	32662
      1	32685
      1	32694
      2	32747
      2	32793
      1	32857
      1	32899
      1	32906
      2	32958
      5	32968
      2	32972
      1	33012
      1	33066
      1	33069
      1	33080
      1	33095
      1	33100
      1	33102
      3	33123
      1	33148
      2	33153
      2	33181
      1	33194
      1	33217
      1	33230
      1	33236
      1	33286
      3	33292
      1	33318
      1	33338
      1	33357
      1	33378
      1	33387
      1	33400
      3	33410
      1	33434
      2	33464
      6	33499
      1	33509
      2	33517
      1	33523
      2	33525
      2	33526
      2	33602
      6	33611
      9	33628
      2	33681
      7	33742
      2	33765
      1	33779
      1	33803
      2	33810
      6	33811
      1	33813
      2	33823
      1	33870
      3	33951
      2	33963
      3	33969
      4	33972
      1	33974
      3	33976
      2	33992
      1	34004
      1	34010
      1	34016
      1	34038
      1	34042
      1	34063
      4	34068
      1	34092
      1	34117
     14	34133
      1	34138
      7	34144
      3	34146
      2	34170
      1	34180
      2	34182
      2	34193
      1	34199
      3	34293
      1	34296
      1	34319
     14	34324
      1	34325
      1	34333
      1	34369
      2	34392
      1	34393
      1	34479
      1	34541
      1	34575
      2	34582
      2	34591
      1	34599
      1	34617
      1	34622
      1	34633
      1	34661
      1	34674
      1	34714
      1	34746
      2	34763
      1	34786
      2	34816
      1	34826
      1	34846
      2	34856
      1	34859
      1	34884
      1	34927
     25	34944
      1	34962
      1	34963
      1	34979
      6	35009
      1	35041
      2	35072
      1	35083
      1	35094
      1	35128
      2	35130
      1	35149
      1	35207
      1	35210
      1	35263
      1	35280
      1	35325
      1	35343
      1	35360
      1	35370
      2	35392
      1	35410
      1	35430
      2	35472
      1	35493
      2	35506
      2	35523
      1	35542
      1	35557
      1	35569
      1	35586
      1	35613
      1	35622
      2	35644
      1	35697
      1	35710
      1	35737
      1	35746
      1	35770
      6	35834
      6	35836
      1	35876
      2	35881
      1	35900
      1	35908
      2	35912
      1	35968
      1	35992
      1	36032
      1	36034
      1	36038
      2	36090
      1	36172
      1	36188
      1	36221
      1	36246
      1	36267
      1	36347
      1	36395
      2	36396
      1	36417
      1	36437
      1	36438
      1	36483
      1	36495
      1	36524
      5	36595
      1	36606
      1	36619
      1	36628
      2	36658
      2	36663
      1	36666
      2	36701
      1	36702
      1	36703
     16	36713
      2	36719
      1	36730
      1	36733
      7	36747
      2	36757
      2	36773
      2	36822
     24	36838
      1	36841
      1	36865
      3	36896
      2	37009
      2	37010
      1	37050
      2	37060
      4	37111
      1	37120
      1	37123
      1	37135
      1	37142
      1	37179
      3	37223
      1	37237
     15	37247
      1	37263
      1	37271
     14	37281
      2	37290
      1	37296
      1	37316
      1	37326
      2	37333
      4	37355
      1	37384
      2	37414
      1	37427
      2	37497
     11	37531
      1	37543
      1	37545
      1	37551
      1	37593
      1	37598
      1	37600
      1	37608
      1	37640
      1	37653
      1	37695
      5	37784
      1	37802
      1	37803
      2	37804
      1	37808
      6	37816
      2	37827
      1	37849
      1	37893
      1	37912
      1	37939
     16	37980
      1	37994
      2	38044
      3	38045
      2	38048
      2	38082
      1	38115
      2	38128
      1	38139
      3	38157
      1	38161
     11	38181
      1	38199
      1	38249
      1	38306
      2	38311
      1	38315
      1	38319
      1	38370
      2	38384
      1	38387
     88	38480
      1	38493
      5	38520
      6	38611
      2	38656
      1	38665
      1	38676
      1	38737
      2	38747
      9	38756
      9	38884
      6	38893
      1	38909
      1	38950
      1	38992
      1	39031
      1	39045
      1	39050
      1	39051
      2	39061
      2	39084
      1	39106
      1	39159
      2	39234
      1	39240
      2	39286
      3	39327
      1	39349
      1	39350
      1	39432
      3	39436
      1	39443
      1	39541
      1	39569
      2	39576
      1	39621
      1	39622
      1	39644
      1	39701
      1	39779
      1	39804
      1	39834
      2	39837
      1	39881
      2	39889
      1	39897
      1	39917
      1	39943
      2	39949
      1	39977
      2	40022
      1	40063
      1	40068
      1	40072
      1	40075
      2	40078
      1	40085
      1	40121
      2	40150
      1	40170
      5	40180
      3	40193
      3	40284
      1	40294
      1	40305
      1	40307
      4	40309
      1	40387
      1	40399
      1	40405
      1	40483
      1	40501
      4	40527
      1	40531
      7	40569
      1	40636
      1	40652
      1	40659
      3	40665
      1	40720
      1	40733
      2	40758
      1	40766
      1	40767
     51	40779
      1	40784
     20	40845
      2	40862
      2	40871
      1	40879
      1	40959
      1	40971
      5	41002
      2	41030
      1	41059
      2	41174
      1	41207
      2	41262
      1	41277
      1	41313
      2	41315
      1	41319
      2	41333
      2	41361
      3	41380
      1	41399
      2	41486
      1	41490
      5	41537
      2	41579
      1	41582
      2	41645
      1	41690
      1	41710
      1	41829
      1	41835
      1	41897
      1	41970
      4	42021
      1	42024
      4	42144
      2	42152
      1	42153
      1	42156
      1	42175
      1	42180
      3	42190
      1	42207
      1	42231
      2	42277
      1	42279
      3	42329
      1	42369
      1	42400
      1	42419
      1	42458
      2	42459
      1	42461
      1	42476
      1	42514
      2	42527
      1	42536
      2	42539
      1	42651
      2	42672
      1	42675
      2	42754
     33	42768
      1	42793
      1	42818
      2	42822
      1	42851
      1	42862
      1	42914
      1	42959
      1	42982
      1	43019
      2	43023
      1	43039
      1	43047
      4	43104
      1	43185
      1	43188
      5	43204
      3	43221
      3	43271
      1	43272
      2	43277
     10	43279
      1	43286
      2	43359
      1	43367
      1	43389
      2	43429
      2	43439
      1	43501
      1	43531
      1	43544
      1	43555
      1	43567
      6	43655
      1	43662
      1	43669
      1	43691
      2	43725
      1	43729
      2	43757
      2	43776
      1	43785
      2	43811
      8	43832
      2	43866
      1	43875
      1	43882
      1	43894
      1	43900
      3	43920
      2	43976
      1	43982
      2	43995
      1	43996
      3	44011
      1	44061
      2	44064
      1	44107
      1	44112
      1	44117
      1	44156
      1	44188
      1	44217
      1	44260
      2	44305
      1	44329
      2	44355
     12	44389
      1	44396
     11	44410
      6	44442
      1	44489
      1	44509
      1	44566
      1	44615
      2	44682
      1	44716
      1	44773
      1	44776
      1	44786
      1	44824
      1	44828
      2	44884
      1	44889
      2	44891
      3	44907
      1	44909
      1	44959
      1	44961
      2	44968
      1	44972
      1	44973
      1	44991
      1	45109
      1	45126
      1	45128
      2	45199
      1	45259
      1	45265
      1	45270
      1	45308
      1	45450
      1	45464
      5	45470
      1	45471
      1	45506
      1	45542
      2	45550
      1	45598
      1	45778
      2	45786
      1	45794
      1	45808
      1	45823
      2	45832
      1	45836
      6	45847
      1	45852
      3	45864
      3	45974
      1	46008
      1	46023
     37	46075
      2	46079
      2	46087
      1	46091
      2	46104
      1	46115
     14	46128
      2	46133
      1	46142
      1	46213
      1	46363
      2	46402
      1	46412
      7	46428
      1	46442
      1	46451
      1	46479
      1	46485
      1	46517
      1	46547
      2	46552
      3	46579
      1	46605
      1	46620
      1	46624
      1	46630
      1	46652
      1	46659
      1	46664
      1	46713
      1	46716
      2	46736
      1	46796
      1	46852
      2	46887
      1	46915
      2	46923
      2	46924
      2	46927
      2	46931
      1	46937
     19	46950
      2	46972
      1	47009
      4	47012
      1	47018
      1	47034
      2	47069
      1	47088
      1	47129
      1	47153
      1	47161
     12	47193
      1	47197
      1	47249
      1	47291
      1	47367
      1	47384
     10	47396
      1	47405
      1	47412
      2	47421
      1	47448
      3	47488
      2	47526
      1	47621
      1	47632
      1	47748
      1	47844
      1	47875
      1	47912
      1	47919
      2	47923
      1	47954
      2	48029
      1	48064
      1	48071
      1	48127
      1	48135
      2	48147
      2	48216
      1	48245
      3	48279
      2	48281
      1	48282
      1	48320
      1	48346
      1	48367
      2	48375
      2	48407
      1	48409
      1	48426
      3	48433
      1	48434
      1	48491
      1	48502
      1	48506
      1	48553
      3	48576
      5	48602
      2	48606
      1	48615
      2	48636
      1	48638
      1	48705
      1	48739
      2	48751
     16	48776
      1	48782
      1	48783
      1	48813
      5	48847
      3	48869
      1	48884
      1	48887
      1	48888
      2	48924
      1	48940
      3	49033
      2	49108
      1	49118
     10	49131
      1	49162
      2	49172
      1	49180
      2	49187
      1	49240
      1	49272
      1	49303
      1	49329
     22	49362
      1	49375
      1	49528
      2	49530
      2	49627
      1	49692
      2	49723
      1	49728
      1	49838
      2	49870
      6	49916
      1	49933
      2	49948
      1	49955
      1	49966
      1	49992
      1	50000
      1	50010
      1	50023
      1	50044
      5	50186
      1	50216
      2	50291
      2	50305
      2	50340
      1	50372
      2	50389
      1	50394
      1	50429
      1	50463
      1	50466
      2	50508
      4	50537
     43	50550
      1	50565
      1	50572
      4	50579
      3	50584
      3	50613
      1	50648
      1	50653
      1	50660
      1	50682
      2	50700
      1	50718
      3	50736
      1	50750
      1	50771
      1	50798
      1	50802
      1	50852
      1	50883
      1	50888
      1	50920
      2	50939
      1	50990
      1	50994
      1	51003
      1	51020
      2	51058
      1	51062
      1	51099
      1	51108
      1	51115
      3	51137
      2	51165
      1	51211
      2	51217
      1	51220
      1	51240
      1	51255
      1	51394
      7	51419
      1	51472
      1	51475
      1	51483
      2	51493
      1	51495
      2	51499
      1	51523
      3	51530
      2	51600
      4	51601
      1	51608
      1	51669
     10	51686
      1	51695
      2	51707
     13	51720
      2	51733
      3	51761
      1	51770
      2	51793
      1	51823
      1	51835
      1	51856
      2	51863
      2	51912
      5	51925
      5	51958
      1	51979
      1	51986
      1	51995
      1	52098
     20	52121
      1	52154
      2	52193
      5	52249
      1	52256
      2	52270
      2	52341
      1	52347
      2	52382
      6	52396
      1	52457
      2	52475
      1	52504
      2	52505
      1	52513
      1	52539
      1	52594
      2	52654
      1	52778
     26	52794
      1	52814
      1	52857
      1	52863
      1	52933
      1	52954
      1	53014
      1	53045
      1	53048
      2	53091
      1	53124
      1	53141
      2	53147
      2	53200
      1	53209
      1	53258
      2	53373
      1	53401
      1	53409
      5	53450
      2	53469
      6	53479
      1	53487
      1	53524
      2	53548
      1	53558
      2	53573
      1	53582
      1	53583
      7	53584
      1	53598
      1	53606
      1	53619
      1	53649
      4	53651
      1	53743
      1	53790
      1	53837
      1	53856
      3	53893
      2	53901
      1	53908
      1	53915
     23	53925
      4	53951
      2	53955
      1	54043
      2	54183
      1	54195
     16	54206
      1	54226
      1	54245
      1	54249
      1	54259
      1	54270
      1	54345
      1	54395
      1	54406
      2	54408
      1	54425
      1	54430
      1	54481
      7	54507
      2	54508
      1	54540
     16	54573
      1	54595
      2	54699
      3	54739
      1	54756
      1	54801
      1	54803
      2	54889
      2	54903
      2	54917
      1	54920
      1	54950
      2	54971
      2	55007
      1	55044
      1	55099
      1	55119
      1	55136
      1	55172
      1	55174
      1	55203
      5	55207
      2	55217
      1	55282
      1	55289
      1	55295
      1	55353
      2	55363
      1	55366
     24	55398
      1	55437
      1	55478
      2	55483
      1	55520
      1	55530
      1	55565
      2	55567
     38	55587
      1	55590
      1	55649
      1	55652
      1	55662
      3	55663
      1	55722
      1	55741
      1	55770
      2	55771
      3	55818
      1	55829
      2	55835
      1	55866
      6	55872
      1	55874
      1	55882
      2	55883
      1	55887
      1	55939
      3	56063
      4	56084
      7	56091
      1	56099
      2	56127
      1	56130
      2	56147
      1	56255
      1	56259
      1	56321
      1	56323
      2	56327
      4	56333
      1	56365
      4	56366
      1	56395
      2	56416
      1	56453
      1	56550
      1	56578
     43	56583
      1	56586
      1	56603
      1	56621
      1	56641
      1	56676
      1	56678
      1	56706
      1	56736
      2	56756
      2	56776
      2	56830
      2	56865
      2	56874
      1	56891
      2	56911
      2	56913
      1	56914
      1	57059
      1	57065
      3	57081
      1	57128
      2	57157
      2	57188
      2	57211
      3	57212
      2	57230
      2	57242
      1	57248
      1	57268
      1	57287
      1	57311
      2	57319
      2	57332
      8	57350
      1	57379
      1	57389
     11	57420
      1	57444
      1	57455
      1	57470
      2	57565
      4	57566
      1	57593
      5	57594
      1	57617
      3	57622
      1	57640
      1	57673
      1	57720
      2	57734
      2	57743
      1	57757
      2	57773
      9	57843
      2	57889
      4	57891
      2	57898
      1	57951
      1	57989
     10	57994
      7	57999
      1	58035
      1	58040
      4	58074
      1	58118
      2	58133
      1	58180
      1	58186
      1	58212
      1	58240
      1	58327
      1	58328
      3	58329
      2	58428
      1	58460
      1	58466
      1	58490
      2	58524
      1	58540
      1	58545
      1	58594
      1	58616
     10	58617
      1	58637
      9	58651
      1	58680
      1	58709
      2	58713
      2	58715
      1	58735
      8	58766
      1	58767
      1	58804
      3	58833
      2	58847
      1	58852
      1	58863
      4	58865
      1	58910
      1	58941
      1	58988
     13	59010
      1	59020
      1	59086
      2	59107
      1	59120
      2	59134
      1	59149
      1	59187
      1	59200
      4	59287
      1	59291
      1	59364
      2	59365
      1	59395
      1	59400
      1	59407
      6	59515
      1	59520
      1	59525
      1	59536
      1	59549
      4	59571
      3	59585
      1	59591
      2	59623
      2	59758
      2	59765
      2	59814
      2	59833
      2	59867
      8	59887
      1	59989
      1	59993
      1	60015
      2	60038
      1	60163
      2	60202
      1	60208
      2	60219
      1	60289
      2	60326
      2	60344
      1	60352
      3	60396
      1	60422
      1	60454
      1	60470
      1	60495
      1	60525
      1	60539
      3	60572
      2	60593
      2	60594
      1	60608
      3	60628
      2	60647
      1	60660
      1	60696
     15	60724
      2	60742
      7	60837
      1	60847
      1	60862
      1	60890
      1	60911
      2	60922
      2	60944
      1	60965
      2	60980
      2	61034
      2	61045
      1	61066
      2	61113
      1	61152
      1	61196
      1	61229
      2	61231
      1	61234
      2	61274
      1	61293
      1	61312
      1	61380
      2	61436
      1	61445
      1	61457
      1	61477
      1	61525
      1	61528
      1	61554
      2	61566
      1	61673
      1	61707
      1	61732
      1	61751
      9	61764
      1	61772
     10	61810
      1	61826
      3	61832
      1	61835
      1	61850
      3	61855
      2	61860
      1	61875
      1	61884
      1	61897
      1	61931
      1	62000
      1	62034
      7	62051
      1	62108
      3	62119
      1	62144
      1	62171
      1	62189
      1	62195
      1	62205
      2	62213
      2	62278
      1	62279
      1	62290
      1	62321
      1	62399
      1	62429
      1	62446
      1	62461
      1	62492
      1	62495
      1	62514
     21	62536
     15	62537
      1	62550
      3	62562
      1	62582
      1	62587
      1	62593
      9	62615
      2	62664
      1	62681
      1	62702
      1	62707
      2	62755
      1	62792
      1	62800
      1	62808
      1	62836
      1	62865
      1	62877
      1	62914
      1	62932
      1	62955
      1	62967
      1	62994
      1	63004
      1	63021
      1	63024
      1	63040
      3	63046
      1	63047
     98	63050
      3	63058
      1	63072
      4	63085
      2	63099
      1	63101
      2	63159
      2	63177
      7	63200
      1	63203
      2	63207
      1	63294
      1	63310
      1	63338
      1	63352
      2	63371
      1	63376
      1	63409
      1	63456
      2	63465
     10	63481
      1	63495
      1	63496
      2	63515
      2	63518
      2	63557
      2	63589
      1	63590
      2	63594
      3	63614
      1	63641
      1	63651
      6	63676
      3	63690
      4	63696
      1	63698
      1	63759
      1	63789
      1	63803
      1	63806
      3	63807
      2	63889
      1	63960
      1	64035
      1	64102
     15	64153
      1	64166
      1	64220
      1	64221
      2	64230
      1	64231
      1	64242
      1	64268
      1	64274
     38	64286
      1	64293
      2	64316
      1	64339
      2	64367
      1	64369
      1	64396
      1	64411
      1	64432
      1	64434
      1	64446
      1	64473
      1	64578
      1	64587
      1	64590
      1	64598
      1	64728
      1	64755
      1	64860
      1	64863
      1	64873
      2	64893
     11	64896
      1	65008
      4	65049
      1	65101
      2	65133
      1	65138
      1	65195
      2	65242
      1	65334
      1	65353
     27	65382
      1	65402
      1	65427
      1	65440
