      1	100
      2	162
      1	197
      1	865
      5	1070
      1	1142
      1	1173
      1	1293
      1	1330
      1	1449
      1	1532
      1	2020
      1	2057
      1	2182
      3	2188
      1	2538
      1	2550
      1	2574
      1	2589
      1	2600
      1	3114
      1	3243
      1	3351
      1	3690
      2	3709
      1	3932
      1	4024
      1	4306
      1	4443
      1	4959
      1	4967
      1	5313
      1	6214
      1	7109
      3	7649
      1	7678
      1	7692
      1	7876
      4	7970
      1	8061
      1	8232
      1	8239
      1	8642
      1	8736
      2	9000
      1	9109
      1	9133
      1	9618
      1	9740
      1	9765
      1	9773
      1	9965
      1	10050
      1	10118
      1	10447
      1	10487
      1	10603
      2	10724
      3	11307
      2	11545
      3	11654
      1	11967
      1	11979
      1	12005
      1	12113
      1	12334
      1	12450
      1	13238
      1	13771
      1	14053
      1	14540
      1	14666
      1	15291
      1	15386
      1	15430
      1	15679
      2	15748
      1	15952
      3	16148
      1	16276
      1	16368
      1	16503
      1	16554
      1	16862
      1	16976
      1	17214
      1	17259
      1	17507
      1	17686
      1	17771
      1	17975
      1	18178
      1	18348
      4	18515
      1	18656
      3	18660
      1	18747
      2	19016
      1	19268
      2	19370
      1	20082
      1	20386
      1	20611
      1	20915
      1	20994
      1	21018
      1	21258
      1	21382
      1	21605
      1	21621
      1	21628
      1	21681
      1	21694
      1	21915
      3	22336
      1	22440
      1	22599
      1	22666
      3	22744
      1	22789
      1	22800
      1	23015
      1	23033
      1	23179
      1	23443
      1	23589
      2	23808
      2	24058
      1	24232
      1	24472
      1	24603
      2	24613
      1	25660
      1	25689
      1	26003
      1	26260
      1	26458
      1	26568
      1	26625
      1	26685
      1	26713
      1	28012
      1	28060
      1	28270
      1	28303
      1	28407
      1	28517
      1	28821
      1	28879
      1	29028
      2	29350
      2	29657
      1	29675
      1	29772
      2	29781
      1	29880
      1	29945
      1	30024
      1	30395
      1	30555
      2	30565
      1	30682
      1	30719
      1	30733
      1	30824
      1	31028
      2	31573
      1	31601
      1	32224
      1	32295
      1	32517
      1	32541
      1	32621
      1	32687
      1	32871
      1	33356
      1	33619
      1	33682
      1	33768
      1	34010
      1	34027
      1	34340
      2	34708
      1	35192
      1	35267
      1	35518
      1	35644
      1	35659
      2	35770
      1	35886
      2	36438
      1	36465
      1	36559
      1	36566
      1	36831
      1	37358
      1	37743
      1	37795
      1	37976
      1	38238
      1	38370
      1	38659
      1	39043
      2	39182
      1	39325
      1	40145
      1	40313
      1	40821
      1	41582
      1	41791
      2	42144
      1	42554
      1	42959
      1	43234
      1	43257
      1	43441
      1	43845
      3	43953
      2	44117
      2	44252
      1	44256
      1	44329
      1	45178
      1	45529
      1	45808
      2	45847
      1	45943
      1	46208
      1	46499
      2	46570
      1	46853
      1	46884
      2	46925
      1	47781
      1	47883
      2	47905
      6	48128
      3	48235
      1	48354
      1	48808
      1	49177
      1	49361
      1	49458
      2	50087
      1	50104
      1	50210
      2	51528
      1	51548
      1	51612
      1	51669
      1	51948
      1	52029
      5	52370
      2	53349
      1	53384
      1	53925
      1	54249
      3	54745
      1	55023
      1	55460
      1	55565
      1	56300
      1	56434
      1	56586
      2	56734
      1	56810
      1	56823
      2	57144
      1	57346
      1	57394
      1	57516
      1	57541
      4	58216
      1	58244
      1	58658
      1	58722
      1	58887
      1	59003
      1	59010
      1	59178
      1	59466
      2	59571
      1	59624
      1	59758
      1	60150
      2	60344
      1	60527
      1	60772
      1	60909
      1	61054
      1	61066
      1	61076
      1	61683
      2	61727
      1	61829
      1	63368
      2	63807
      1	63881
      1	63950
      1	64071
      1	64094
      1	64339
      1	64513
      1	64952
      1	65289
      1	65427
