      5	11
      1	25
      3	45
      1	79
      1	104
      1	121
      1	177
      1	198
      1	259
      1	298
      1	322
      1	332
      3	421
      1	429
      1	479
      2	481
      2	515
      1	550
      1	558
      1	593
      2	599
      1	612
      2	618
      1	645
      2	646
      1	648
      1	696
      2	711
      1	758
      3	770
      3	779
      2	792
      2	823
      2	837
      1	841
      2	865
      1	880
      3	926
      1	967
      1	982
      1	995
      1	1031
      1	1072
      1	1089
      1	1119
      1	1144
      2	1157
      1	1210
      1	1219
      1	1248
      1	1256
      4	1261
      2	1293
      3	1296
      1	1298
      1	1342
      1	1360
      3	1418
      3	1423
      2	1473
      7	1532
      1	1597
      2	1616
      2	1639
      2	1643
      1	1645
      1	1653
      1	1655
      1	1656
      1	1703
      2	1781
      1	1801
      2	1817
      1	1841
      1	1873
      1	1906
      3	1937
      1	2080
      3	2125
      1	2221
      1	2370
      1	2453
      2	2512
      1	2516
      2	2613
      1	2643
      1	2654
      1	2676
      1	2761
      1	2818
      1	2827
      1	2867
      1	2880
      2	2916
      2	2932
      4	2937
      3	2959
      2	3002
      1	3005
      2	3058
      1	3065
      1	3076
      1	3103
      1	3169
      1	3182
      1	3184
      1	3219
      1	3256
      2	3283
      2	3305
      1	3355
      1	3375
      1	3406
      1	3458
      2	3524
      1	3533
      1	3543
      1	3549
      1	3595
      1	3650
      1	3664
      2	3690
      1	3723
      8	3745
      1	3794
      1	3830
      1	3869
      1	3872
      1	3985
      1	3995
      1	4001
      1	4012
      1	4035
      1	4043
     12	4071
      2	4088
      1	4153
      2	4178
      1	4240
      1	4286
      1	4293
      3	4307
      2	4308
      3	4332
      1	4384
      2	4415
      2	4422
      1	4442
      1	4592
      2	4604
      1	4620
      4	4664
      2	4668
      1	4785
      1	4791
      3	4801
      2	4846
      1	4861
      2	4889
      2	4942
      2	4967
      1	4979
      1	4987
      1	5119
      1	5160
      1	5187
      1	5225
      2	5286
      1	5314
      2	5384
      1	5403
      1	5405
      2	5427
      1	5444
      1	5542
      2	5645
      1	5685
      1	5809
      1	5819
      1	5861
      2	5874
      1	5876
      1	5880
      1	5885
      1	5927
      1	5930
      2	5967
      3	6032
      1	6073
      1	6084
      2	6095
      1	6115
      1	6117
      1	6128
      1	6175
      2	6184
      3	6275
      2	6396
      3	6417
      1	6451
      2	6494
      1	6514
      2	6518
      1	6571
      1	6583
      2	6703
      1	6758
      1	6782
      2	6831
      1	6871
      2	6900
      1	6947
      3	6980
      1	6981
      2	7002
      1	7042
      1	7044
      1	7064
      1	7079
      1	7115
      2	7182
      1	7258
      1	7299
      2	7386
      1	7402
      2	7403
      1	7533
      1	7548
      1	7572
      1	7579
      1	7616
      1	7665
      1	7761
      1	7765
      1	7781
      1	7801
     13	7815
      1	7819
      3	7881
      2	7896
      1	7910
      1	7935
      3	7981
      1	7982
      1	7984
      2	8005
      3	8016
      1	8044
      1	8073
      3	8092
      1	8101
      5	8172
      1	8185
      1	8201
      1	8261
      1	8264
      1	8273
      1	8332
      1	8347
      2	8393
      1	8419
      5	8463
      3	8476
      3	8504
      2	8508
      2	8515
      1	8526
      1	8617
      2	8626
      1	8644
      1	8652
      1	8656
      1	8700
      1	8774
      4	8782
      1	8799
      1	8853
      2	8859
      2	8891
      1	8902
      1	8956
      2	8983
      1	8988
      1	9029
      1	9104
      2	9109
      1	9121
      5	9139
      2	9152
      1	9174
      1	9182
      2	9241
      1	9326
      2	9343
      1	9411
      1	9437
      1	9496
      1	9537
      1	9564
      1	9606
      1	9663
      3	9680
      1	9707
      1	9711
      1	9885
      2	9939
      1	9947
      3	10011
     12	10026
      1	10034
      2	10035
      1	10045
      1	10050
      1	10059
      1	10075
      1	10192
      1	10214
      1	10280
      1	10302
      1	10331
      1	10381
      1	10401
      1	10410
      3	10444
      1	10447
      3	10472
      1	10553
      1	10557
      1	10600
      1	10606
      1	10617
      5	10660
      1	10664
      1	10700
      1	10724
      1	10732
      1	10743
      1	10744
      1	10762
      1	10784
      3	10862
      1	10864
      8	10875
      1	10927
      8	10974
      1	11012
      1	11059
      2	11086
      1	11095
      1	11244
      1	11278
      1	11293
      2	11304
      1	11308
      1	11345
      1	11378
      1	11380
      2	11402
      1	11427
      2	11433
      1	11454
      3	11490
      1	11494
      1	11501
      3	11503
      1	11506
      1	11521
      1	11524
      2	11525
      4	11544
      1	11597
      1	11701
      3	11704
      2	11705
      1	11742
      1	11751
      3	11800
      1	11801
      1	11806
      1	11829
      1	11832
      1	11890
      1	11914
      4	11964
      2	12005
      1	12088
      2	12091
      1	12150
      2	12158
      1	12169
      2	12232
      1	12266
      1	12287
      3	12295
      1	12334
      1	12355
      1	12394
      1	12408
      1	12447
      1	12450
      1	12457
      1	12505
      1	12516
      1	12523
      1	12585
      1	12915
      1	12942
     31	12952
      1	12958
      1	13026
      1	13033
      1	13057
      1	13064
      3	13068
      1	13098
      2	13153
      1	13211
      5	13214
      2	13217
      2	13232
      1	13247
      1	13252
      1	13273
      1	13288
      2	13317
      1	13398
      2	13403
      1	13414
      1	13567
      1	13579
      1	13609
      1	13695
      1	13699
      7	13723
      2	13724
      1	13753
      5	13806
      2	13810
      2	13822
      1	13865
      1	13901
      1	14039
      1	14111
      1	14127
      1	14135
      2	14149
      2	14187
      2	14197
      1	14211
      1	14235
      1	14280
      2	14290
      1	14352
      1	14377
      1	14389
      1	14424
      1	14466
      2	14487
      1	14507
      2	14509
      3	14525
      2	14540
      5	14545
      2	14576
      1	14626
      1	14665
      2	14681
      1	14693
      2	14711
      1	14717
      1	14738
      1	14778
      1	14920
      1	14924
      1	14936
      1	14982
      1	15033
      1	15070
      1	15119
      2	15135
      1	15166
      2	15183
      3	15261
      1	15266
      1	15275
      4	15291
      1	15329
      1	15334
      2	15348
      1	15355
      1	15397
      1	15458
      3	15461
      1	15524
      1	15678
      1	15702
      7	15748
      1	15763
      2	15779
      1	15847
      1	15909
      1	15953
      2	16007
      1	16023
      1	16060
      1	16128
      1	16134
      3	16153
      8	16188
      2	16192
      1	16225
      1	16233
      2	16250
      2	16479
      1	16554
      1	16614
      1	16628
      1	16638
      2	16790
      3	16862
      1	16950
      1	16955
      2	16982
      3	17017
      1	17020
      1	17024
      4	17027
      1	17071
      1	17096
      1	17105
      1	17115
      1	17117
      3	17156
      2	17173
      1	17185
      3	17214
     10	17223
      4	17225
      2	17267
      1	17290
      1	17332
      1	17333
      1	17342
      1	17374
      1	17401
      1	17440
      1	17451
      2	17454
      1	17473
      4	17474
      1	17498
      1	17508
      1	17560
      1	17570
      2	17574
      1	17736
      1	17754
      1	17838
      1	17855
      4	17895
      1	17950
      1	17986
      1	18003
      1	18094
      1	18114
      1	18180
      3	18186
      1	18203
      2	18208
      1	18213
      1	18270
      3	18278
      1	18327
      1	18341
      4	18353
      1	18441
      1	18444
      1	18519
      3	18525
      1	18529
      1	18590
      2	18636
      1	18660
      1	18687
      1	18689
      1	18821
      1	18844
      1	18976
      1	18988
      2	18992
      1	19032
      2	19113
      4	19264
      1	19323
      1	19364
      1	19388
      1	19420
      1	19444
      1	19480
      1	19539
      1	19615
      3	19622
      1	19625
      1	19641
      1	19684
      2	19713
      2	19728
      1	19771
      1	19808
      1	19842
      1	19884
      3	19904
      2	19919
      1	19948
      1	20024
      1	20034
      1	20109
      1	20156
      3	20162
      1	20177
      1	20185
      2	20205
      1	20261
      1	20268
      1	20323
      1	20354
      1	20389
      5	20390
      1	20433
      1	20454
      2	20506
      1	20604
      1	20678
      1	20760
      2	20774
      1	20948
      2	20955
      3	20984
      1	21006
      4	21018
      1	21052
      2	21082
      2	21158
      1	21265
      1	21288
      2	21289
      1	21312
      1	21350
      5	21378
      1	21400
      1	21411
      1	21451
      1	21507
      1	21538
      1	21565
      4	21578
      1	21584
      1	21623
      2	21625
      1	21650
      2	21708
      1	21723
      5	21735
      1	21829
      1	21856
      3	21864
      1	21922
      1	21970
      1	21971
      1	22012
      1	22093
      1	22103
      1	22122
     10	22188
      1	22240
      2	22290
      4	22303
      2	22305
      2	22347
      1	22355
      2	22360
      3	22392
      1	22408
      1	22414
      1	22437
      1	22447
      1	22482
      1	22532
      1	22577
      3	22621
      1	22654
      1	22657
      1	22670
      1	22675
      1	22692
      1	22775
      1	22807
      1	22819
      1	22827
      3	22866
      1	22902
      1	22905
      1	22921
      2	22944
      1	22963
      2	22970
      1	23006
      2	23029
      1	23054
      8	23081
      1	23111
      1	23173
      2	23228
      1	23380
      1	23396
      2	23408
      1	23449
      2	23468
      1	23472
      1	23501
      1	23511
      1	23526
      1	23549
      2	23594
      1	23595
      1	23637
      1	23650
      1	23673
      1	23697
      1	23774
      1	23811
      1	23828
      1	23845
      1	23903
      1	23909
      1	23912
      1	23923
      1	23980
      1	23999
      9	24023
      1	24038
      1	24053
      1	24063
      1	24106
      2	24111
      2	24114
      1	24130
      1	24151
      1	24182
      1	24222
      2	24223
      1	24268
      1	24288
      1	24302
      1	24303
      1	24315
     14	24333
      2	24339
      1	24358
      1	24384
      1	24386
      6	24409
      1	24445
      1	24478
      1	24570
      2	24608
      1	24622
      1	24728
      2	24750
      1	24757
      1	24794
      1	24809
      1	24813
      4	24814
      7	24818
      1	24891
      1	24914
      1	24941
      1	25022
      1	25074
      1	25083
      1	25125
      1	25142
      2	25163
      2	25350
      1	25379
      1	25439
      2	25444
      1	25488
      1	25509
      1	25551
      2	25561
      1	25595
      1	25607
      1	25618
      1	25661
      1	25666
      1	25694
      5	25695
      1	25774
      1	25782
      2	25813
      1	25818
      1	25826
      1	25880
      1	25900
      1	25911
      1	25914
      1	25952
      1	25953
      1	25974
      1	25985
      1	26001
      1	26043
      1	26076
      1	26108
      2	26111
      2	26249
      1	26258
      1	26263
      3	26327
      1	26364
      1	26376
      1	26418
      1	26435
      1	26442
      1	26456
      2	26465
      1	26525
      1	26556
      1	26568
      4	26583
      3	26633
      3	26642
      1	26648
      1	26756
      2	26774
      1	26806
      1	26999
      1	27017
      2	27018
      2	27024
      3	27043
      1	27047
      1	27129
      1	27172
      1	27186
      1	27198
      1	27219
      1	27223
      1	27247
      1	27248
      2	27263
      1	27286
      1	27289
      1	27302
      1	27307
      1	27342
      3	27382
      1	27384
      1	27385
      1	27406
      3	27409
      1	27429
      1	27469
      1	27495
      3	27519
      1	27569
      2	27579
      1	27615
      1	27678
      1	27681
      1	27684
      2	27707
      5	27717
      5	27731
      2	27810
      1	27858
      1	27862
      1	27966
      1	27974
      1	28015
      1	28073
      1	28074
      1	28079
      1	28089
      1	28245
      1	28322
      2	28440
      2	28463
      2	28524
      1	28592
      1	28605
      2	28665
      2	28693
      1	28734
      1	28772
      1	28779
      1	28840
      1	28849
      1	28879
      1	28896
      1	28907
      1	28914
      1	28947
      1	28964
      1	29011
      1	29034
      2	29035
      2	29138
      2	29148
      2	29248
      1	29272
      3	29284
      5	29309
      2	29311
      1	29347
      2	29374
      2	29377
      1	29407
      3	29466
      1	29484
      1	29499
      1	29555
      1	29556
      1	29577
      1	29592
      1	29670
      2	29677
      1	29766
      1	29789
      2	29815
      1	29826
      2	29938
      2	29942
      1	29956
      1	30021
      1	30040
      1	30072
      7	30075
      1	30092
      1	30131
      4	30137
      1	30211
      1	30216
      1	30242
      5	30270
      5	30288
      1	30306
      1	30317
      2	30318
      1	30462
      2	30562
      3	30611
      6	30613
      1	30679
      1	30702
      1	30719
      1	30724
      2	30734
      1	30742
      1	30824
      1	30893
      2	30910
      2	30941
      1	30961
      7	30983
      1	31011
      2	31025
      2	31061
      1	31083
      1	31120
      1	31156
      1	31214
      1	31277
      1	31360
      1	31384
      1	31387
      1	31393
      1	31438
      1	31458
      1	31482
      1	31494
      1	31520
      1	31527
      2	31535
      1	31562
      1	31606
      1	31658
      4	31699
      1	31744
      2	31766
      1	31789
      2	31914
      1	31934
      1	31945
      1	31962
      1	32014
      1	32032
      1	32095
      1	32103
      1	32116
      2	32200
      1	32204
      1	32221
      1	32224
      2	32234
      1	32249
      1	32304
      1	32372
      1	32390
      1	32409
      1	32441
      2	32466
      1	32515
      1	32575
      1	32648
      2	32668
      1	32673
      1	32747
      1	32765
      1	32778
      1	32793
      2	32809
      1	32871
      2	33012
      1	33048
      1	33074
      1	33079
      1	33093
      1	33133
      2	33139
      1	33145
      1	33158
      1	33175
      1	33259
      1	33314
      1	33329
      1	33354
      1	33386
      1	33397
      2	33456
      2	33464
      2	33491
      1	33499
      2	33554
      1	33602
      2	33662
      1	33692
      1	33718
      2	33738
      1	33757
      3	33803
      2	33822
      1	33836
      1	33853
      1	33857
      3	33890
      1	33976
      1	33981
      4	33992
      2	34005
      1	34031
      1	34032
      1	34103
      1	34123
      1	34133
      1	34198
      1	34241
      1	34281
      1	34303
      1	34326
      1	34371
      1	34395
      1	34428
      3	34479
      1	34489
      1	34569
      1	34576
      1	34599
      8	34647
      1	34674
      4	34695
      1	34763
      4	34781
      1	34803
      1	34865
      1	34872
      1	34880
      2	34968
      1	34994
     14	35024
      6	35032
      1	35087
      1	35117
      1	35130
      2	35166
      1	35169
      3	35212
      1	35220
      1	35275
      1	35298
      1	35310
      1	35343
      1	35376
      3	35392
      1	35432
      2	35613
      1	35622
      1	35683
      2	35697
      1	35737
      2	35739
      2	35834
      3	35836
      1	35839
      1	35886
      1	35908
      1	36012
      1	36015
      2	36026
     23	36030
      1	36053
      1	36062
      1	36070
      4	36084
      1	36135
      1	36147
      2	36183
      1	36188
      2	36200
      1	36256
      1	36318
      1	36346
      2	36402
      3	36438
      1	36450
      1	36460
      4	36515
      1	36566
      1	36578
      1	36587
      1	36676
      4	36719
      1	36763
      5	36810
      1	36819
      1	37080
      1	37111
      1	37174
      1	37313
      1	37348
      2	37349
      1	37388
      1	37393
      2	37481
      8	37490
      1	37516
      1	37552
      1	37626
      4	37640
      1	37743
      1	37782
      2	37816
      1	37822
      2	37895
      4	37916
      3	37980
      7	38047
      1	38055
      2	38090
      1	38121
      1	38224
      1	38263
      1	38336
      1	38480
      3	38520
      6	38544
      1	38590
      1	38611
      2	38614
      2	38662
      2	38677
      1	38710
      4	38737
      3	38804
      2	38856
      1	38865
      1	38881
      1	38884
      1	38893
      1	38909
      1	38916
      2	39000
      1	39005
      1	39098
      2	39156
      1	39157
      1	39159
      2	39175
      1	39176
      4	39234
      1	39267
      1	39307
      1	39348
      1	39379
      2	39471
      1	39472
      1	39484
      1	39502
      2	39790
      1	39807
      4	39881
      1	39895
      7	39897
      1	39920
      1	40054
      2	40063
      1	40074
      1	40134
      1	40145
      1	40184
      1	40201
      2	40209
      1	40309
      1	40340
      1	40382
      1	40407
      1	40460
      1	40544
      1	40562
      1	40596
      1	40624
      1	40635
      1	40656
      2	40658
      1	40659
      2	40661
      1	40667
      1	40677
      2	40710
      1	40733
      3	40757
      2	40804
      1	40817
      7	40881
      1	40900
      2	40907
      1	41124
      4	41148
      1	41150
      2	41163
      2	41186
      1	41209
      1	41284
      1	41314
      1	41361
      4	41363
      1	41396
      2	41399
      1	41427
      1	41466
      1	41471
      2	41605
      2	41632
      3	41640
      1	41655
      1	41664
      1	41669
      1	41737
      1	41759
      4	41768
      1	41773
      1	41782
      1	41843
      1	41923
      2	41986
      2	42016
      1	42027
      2	42051
      1	42230
      1	42248
      1	42261
      1	42283
      1	42419
      1	42465
      1	42479
      1	42606
      1	42608
      1	42643
      1	42709
      1	42728
      1	42732
      1	42735
      1	42842
      2	42847
      1	42869
      1	42876
      1	42899
      1	42914
      1	42915
      2	42998
      1	43033
      3	43069
      1	43080
      1	43102
      4	43204
      1	43221
      1	43245
      1	43373
      1	43379
      2	43429
      1	43507
      1	43510
      5	43531
      1	43583
      1	43585
      1	43624
      1	43645
      1	43646
      1	43669
      2	43679
      2	43680
      1	43685
      1	43780
      2	43832
      1	43895
      1	43923
      3	43953
      1	43977
      2	43989
      1	44027
      1	44081
      1	44094
      1	44123
      1	44137
      1	44214
      1	44327
      1	44328
      4	44329
      1	44333
      1	44338
      1	44345
      1	44346
      1	44415
      2	44435
      3	44442
      2	44553
      3	44618
      6	44620
      2	44688
      1	44706
      3	44746
      1	44770
      3	44787
      1	44802
      1	44820
      1	44828
      2	44909
      1	44924
      1	44937
      1	44943
      1	44947
      1	44968
      1	45059
      1	45083
      1	45095
      2	45104
      2	45199
      1	45216
      2	45298
      1	45359
      4	45457
      1	45487
      1	45593
      1	45602
      2	45687
      1	45694
      2	45758
      2	45818
      6	45847
      1	45872
      1	45875
     16	45884
      1	45902
      1	45938
      1	45943
      1	45965
      1	46008
      1	46053
      4	46075
      1	46076
      2	46077
      1	46102
      2	46179
      2	46221
      1	46232
      2	46260
      5	46267
      1	46278
      1	46300
      1	46356
      1	46368
      1	46413
      1	46417
      2	46427
      1	46454
      1	46465
      2	46499
      1	46527
      1	46529
      1	46554
      1	46570
      1	46577
      2	46652
      1	46734
      1	46776
      1	46780
      1	46847
      1	46880
     12	46921
      1	46924
      3	46925
      1	46980
      1	47088
      3	47104
      1	47129
      4	47193
      1	47208
      1	47212
      1	47230
      2	47232
      1	47248
      1	47249
      3	47293
      1	47312
      1	47348
      1	47351
      1	47391
      3	47429
      1	47497
      1	47512
      2	47726
      1	47753
      1	47776
      1	47857
      9	47858
      8	47883
      2	47958
      1	47992
      6	48064
      1	48071
      1	48267
      1	48400
      2	48473
      1	48510
      1	48577
      2	48636
      1	48655
      3	48746
      1	48773
      1	48787
      1	48822
      1	48834
      7	48836
      1	48839
      1	48865
      3	48884
      2	49073
      1	49115
      2	49120
      2	49131
     20	49180
      1	49247
      1	49362
      1	49398
      1	49403
      1	49519
      1	49556
      1	49779
      1	49785
      1	49796
      1	49804
      1	49815
      1	49822
      1	49825
      1	49844
      1	49941
      1	49966
      1	49979
      1	50133
      2	50139
      1	50149
      1	50184
      1	50208
      1	50229
      2	50267
      1	50312
      1	50493
      1	50508
      3	50537
      1	50539
      1	50550
      1	50611
      3	50648
      1	50679
      1	50686
      1	50693
      2	50697
      1	50736
      2	50738
      1	50764
      1	50769
      1	50771
      1	50791
      1	50850
      3	50865
      1	50875
      1	50884
      1	50901
      4	50926
      1	50927
      1	50940
      2	51065
      1	51081
      1	51184
      2	51206
      1	51216
      3	51334
      1	51340
      1	51417
      1	51429
      1	51475
      1	51478
      1	51500
      1	51511
      3	51542
      3	51644
      1	51720
      1	51812
      5	51822
      1	51826
      2	51830
      1	51834
      1	51837
      1	51841
      1	51849
      1	51856
      1	51888
      1	51895
      1	51908
      1	51914
      1	51948
      1	51988
      1	52121
      2	52154
      1	52195
      1	52207
      3	52224
      1	52236
      4	52249
      1	52284
      1	52287
      2	52315
      4	52323
      1	52331
      1	52338
      2	52382
      1	52434
      1	52459
      1	52528
      1	52539
      3	52541
      1	52563
      1	52564
      3	52616
      1	52635
      7	52641
      1	52645
      1	52687
      1	52717
      2	52767
      2	52780
      2	52794
      1	52801
      1	52821
      1	52892
      1	52907
      2	52954
      3	53009
      1	53016
      1	53091
      1	53147
      1	53209
      1	53270
      2	53278
     10	53357
      1	53368
      2	53401
      1	53441
      1	53479
      1	53515
      2	53622
      2	53752
      1	53784
     10	53846
      1	53882
      1	53918
     83	53925
      1	53932
      1	53951
      3	53965
      1	54073
      1	54075
      1	54143
      2	54200
      1	54215
      1	54249
      1	54255
      1	54263
      3	54271
      3	54302
      2	54345
      1	54386
      2	54395
      3	54481
      1	54508
      1	54595
      1	54731
      1	54751
      1	54770
      3	54889
      3	54968
     16	55099
      1	55136
      2	55205
      1	55217
      1	55312
      1	55372
      1	55393
      1	55398
      1	55418
      1	55432
      4	55444
      1	55490
      1	55535
      4	55587
      1	55592
      1	55633
      3	55650
      4	55674
      1	55681
      1	55688
      1	55751
      3	55801
      1	55883
      2	55908
      1	55920
      5	56027
      1	56052
      1	56073
      1	56094
      1	56105
      1	56113
      1	56151
      1	56190
      1	56263
      1	56292
      1	56339
      2	56355
      1	56366
      1	56395
      1	56410
      3	56418
      1	56427
      1	56429
      1	56490
      1	56494
      1	56533
      1	56556
      4	56583
      1	56647
      1	56734
      2	56751
      2	56756
      1	56780
      4	56807
      1	56823
      2	56850
      1	56872
      1	56878
      1	56947
      1	57002
      1	57036
      2	57084
      1	57157
      1	57188
      2	57193
      1	57212
      1	57290
      1	57302
      1	57375
      1	57394
      1	57419
      1	57420
      1	57438
      1	57446
      1	57449
      1	57456
      1	57464
      2	57477
      1	57507
      1	57515
      1	57589
      1	57609
      1	57722
      1	57732
      2	57749
      1	57751
      1	57757
      1	57758
      1	57836
      1	57843
      1	57855
      1	57889
      1	57892
      1	57922
      1	57949
      1	57999
      2	58132
      1	58133
      1	58137
      1	58155
      1	58159
      1	58175
      1	58208
      3	58211
     10	58244
      1	58315
      2	58339
      1	58404
      1	58409
      2	58419
      1	58430
      1	58480
      1	58506
      1	58509
      2	58524
      2	58528
      1	58556
      1	58595
      1	58602
      1	58654
      9	58712
      1	58723
      1	58738
      1	58766
      5	58800
      1	58814
      2	58841
      1	58845
      1	58887
      1	58894
      1	58901
      1	58915
      1	58946
      2	59134
      1	59155
      3	59201
      2	59210
      1	59308
      4	59330
      1	59364
      1	59396
      1	59413
      1	59417
      1	59435
      1	59447
      1	59515
      2	59536
      1	59558
      1	59660
      2	59707
      2	59726
      8	59758
      1	59773
      1	59788
      1	59795
      1	59807
      4	59858
      2	59878
      1	59887
     62	59911
      1	59926
      1	59970
      2	59993
      1	60034
      1	60067
      1	60083
      1	60105
      1	60127
      1	60210
      2	60256
      3	60312
      1	60355
      1	60378
      2	60454
      1	60543
      1	60621
      1	60786
      1	60882
      1	60900
      1	60922
      1	60923
      1	60965
      2	60982
      1	60983
      1	61019
      2	61027
      1	61099
      2	61114
      2	61176
      2	61192
      2	61230
      4	61234
      2	61261
      1	61293
      1	61314
      1	61342
      6	61362
      2	61368
      1	61426
      2	61430
      1	61435
      1	61463
      5	61472
      1	61506
      2	61509
      1	61512
      1	61592
      1	61667
      2	61764
      1	61772
      1	61787
      1	61928
      1	61945
      1	62012
      2	62051
      4	62108
     10	62109
      1	62114
      1	62119
      1	62151
      1	62178
      1	62179
      2	62189
      3	62223
      1	62231
      1	62243
      1	62246
      1	62306
      1	62317
      1	62382
      1	62399
      1	62413
      2	62416
      1	62428
      1	62446
      1	62458
      1	62466
      2	62533
      1	62543
      1	62631
      5	62656
      1	62696
      1	62709
      2	62836
      1	62897
      1	62955
      1	62974
      1	63029
      1	63036
      1	63044
      2	63050
      1	63147
      1	63169
      1	63178
      1	63255
      3	63310
      1	63318
      1	63329
      1	63402
      6	63409
      2	63418
      1	63430
      3	63432
      1	63449
      1	63457
      1	63484
      1	63523
      2	63543
      1	63581
      1	63611
      1	63684
      1	63690
      1	63712
      2	63778
      6	63807
      1	63819
      1	63845
      1	63884
      1	63898
      1	63917
      1	63918
      1	63981
      1	64001
      1	64017
      1	64050
      1	64060
      1	64155
      1	64165
      1	64176
      1	64239
      1	64253
      1	64284
      9	64286
      1	64347
      1	64368
      1	64464
      1	64469
      1	64470
      1	64484
      1	64499
      1	64512
      3	64528
      1	64530
      1	64542
      1	64556
      3	64557
      1	64637
      1	64665
      1	64673
      1	64884
      1	64931
      3	65042
      1	65078
      1	65111
      1	65266
      5	65272
      1	65353
      1	65373
      1	65386
      1	65410
      6	65436
      1	65443
