      3	11
      1	18
      1	26
      5	67
      1	70
      1	71
      3	74
      1	80
      1	152
      2	271
      1	287
      1	330
      1	340
      2	351
      1	363
      3	472
      1	475
      3	533
      1	590
      1	598
      1	607
      1	613
      1	631
      1	696
      1	722
      1	740
      1	753
      1	779
      2	789
      1	807
      3	865
      1	887
      2	934
      1	936
      1	946
      1	953
      1	994
      1	1004
      1	1073
      1	1142
      2	1160
      2	1163
      1	1209
      1	1210
      1	1275
      1	1354
      2	1359
      1	1369
      2	1400
      1	1402
      1	1448
      1	1504
      1	1544
      6	1552
      1	1567
      1	1616
      2	1683
      1	1688
      1	1704
      1	1791
      2	1824
      4	1918
      1	1919
      1	1966
      1	1977
      1	1986
      1	2072
      1	2114
      1	2159
      1	2206
      3	2224
      3	2238
      1	2284
      1	2330
      2	2349
      1	2369
      1	2379
      1	2389
      1	2400
      1	2438
      2	2503
      1	2509
      1	2514
      1	2634
      1	2663
      1	2664
      1	2685
      2	2688
      1	2734
      1	2817
      2	2903
      3	2908
      1	2961
      1	3003
      2	3005
      1	3010
      8	3013
      2	3026
      3	3037
      1	3043
      1	3058
      2	3065
      1	3108
      2	3151
      3	3168
      2	3252
      1	3257
      1	3285
      1	3344
      1	3351
      2	3376
      1	3397
      1	3417
      2	3450
     11	3486
      1	3487
      1	3496
      1	3538
      1	3577
      1	3608
      1	3650
      1	3690
      1	3706
      1	3748
      1	3754
      1	3773
      3	3779
      1	3788
      6	3792
      1	3933
      1	4113
      2	4114
      1	4120
      1	4121
      1	4129
      2	4152
      1	4174
      1	4198
      1	4293
      1	4337
      1	4362
      1	4419
      3	4565
      1	4630
      1	4637
      1	4650
      2	4754
      1	4815
      2	4845
      1	4860
      8	4937
      1	4983
      1	4985
      2	4993
      1	5031
      1	5109
      3	5112
      2	5222
      2	5287
      1	5423
      2	5424
      1	5452
      3	5472
      2	5541
      2	5547
      1	5555
      1	5565
      1	5571
      1	5584
      1	5585
      1	5588
      1	5591
      2	5622
      1	5645
      2	5652
      2	5670
      1	5682
      1	5750
      4	5766
      1	5771
      1	5792
      1	5797
      1	5905
      1	5915
      1	5943
      2	5959
      1	5963
      1	5964
      1	6095
      6	6156
      1	6177
      1	6197
      1	6226
      1	6235
      1	6274
      1	6334
      1	6338
      1	6366
      1	6395
      1	6614
      6	6654
      1	6688
      1	6749
      1	6894
      3	6928
      2	6937
      2	6945
      2	6969
      1	6981
      1	7000
      1	7011
      1	7041
      1	7101
      2	7132
      1	7149
      2	7162
      1	7174
      3	7206
      2	7245
      1	7252
      1	7272
      1	7276
      2	7317
      1	7349
      1	7376
      2	7472
      4	7492
      2	7505
      1	7518
      1	7554
      1	7565
      2	7610
      2	7611
      1	7635
      1	7650
      1	7682
      3	7692
      1	7724
      1	7726
      1	7733
      4	7780
      1	7799
      2	7827
      2	7833
      5	7863
      1	7872
      1	7912
      1	7926
      3	7957
      1	7967
      2	7974
      1	8030
      1	8031
      1	8054
      1	8123
      1	8141
      1	8153
      2	8202
      1	8279
      1	8287
      1	8302
      1	8305
      1	8315
      3	8331
      1	8362
      1	8363
      1	8416
      1	8504
      1	8525
      1	8537
      1	8560
      3	8634
      1	8653
      1	8709
      3	8715
      3	8717
      1	8718
      1	8727
      1	8736
      3	8746
      1	8779
      1	8787
      1	8846
      3	8888
      1	8901
      4	8916
      1	8947
      1	8954
      2	8958
      4	8962
      5	8983
      1	9076
      1	9139
      1	9166
      1	9211
      3	9212
      1	9225
      1	9267
      3	9317
      1	9334
      2	9337
      1	9351
      2	9354
      2	9383
      1	9384
      1	9417
      1	9489
      1	9496
      2	9498
      2	9503
      1	9515
      4	9547
      1	9568
      1	9650
      2	9673
      3	9680
      1	9740
      1	9750
      1	9764
      2	9765
      1	9790
      1	9805
     12	9807
      1	9878
      1	9886
      2	9928
      1	9937
      3	9949
      1	9962
      2	9970
      1	10026
      3	10095
      1	10118
      1	10230
      1	10245
      1	10263
      1	10275
      1	10301
      5	10386
      1	10422
      2	10447
      1	10502
      4	10516
      2	10645
      1	10656
      2	10662
      1	10712
      3	10737
      3	10770
      1	10776
      5	10815
      1	10834
      1	10837
      1	10889
      1	10919
      2	11072
      1	11091
      2	11100
      1	11116
      1	11137
      1	11146
      1	11149
      1	11240
      1	11265
      1	11289
      2	11297
      1	11300
      1	11307
      2	11355
      1	11378
      1	11397
      1	11439
      1	11491
      2	11531
      1	11550
      1	11557
      2	11567
      2	11580
      1	11661
      1	11666
      1	11741
      1	11751
      1	11795
      1	11798
      1	11892
      1	11896
      1	11967
      2	11983
      2	11995
      1	12025
      2	12042
      1	12043
      1	12059
      1	12143
      3	12188
      2	12196
      1	12264
      1	12288
      4	12290
      1	12292
      3	12295
      1	12302
      1	12342
      1	12348
      3	12369
      1	12386
     14	12396
      4	12397
      1	12462
      1	12471
      3	12472
      1	12523
      3	12532
      1	12534
      1	12545
      1	12623
      1	12675
     15	12708
      1	12792
     17	12814
      3	12818
      2	12888
      1	12942
      1	13016
      3	13025
      2	13047
      1	13115
      6	13118
      2	13149
      1	13194
      5	13238
      2	13273
      1	13291
      1	13300
      1	13322
      3	13339
      1	13384
      1	13387
      2	13472
      1	13481
      1	13571
      1	13601
      1	13633
      1	13652
      1	13668
      1	13682
      1	13694
      1	13699
      1	13714
      1	13735
      6	13805
      1	13823
      1	13954
      1	13964
      1	13965
      2	13992
      1	14002
      1	14034
      2	14123
      2	14153
      3	14171
      1	14201
      2	14212
      1	14214
      1	14275
      3	14289
      1	14325
      3	14427
      5	14472
     12	14497
      1	14506
      2	14540
      1	14543
      1	14555
      1	14576
      1	14606
      1	14616
      1	14648
      1	14670
      1	14682
      1	14772
      1	14838
      1	14853
      1	14898
      1	14900
      1	14906
      3	14908
      1	14922
      1	14953
      3	15034
      1	15064
      3	15090
      1	15200
      1	15252
      2	15261
      1	15267
      1	15282
      1	15303
      1	15355
      1	15420
      2	15465
      1	15501
      1	15562
      1	15573
      1	15584
      1	15586
      1	15594
      5	15599
      1	15611
      2	15666
      1	15684
      1	15714
      2	15719
      1	15757
      1	15766
      1	15773
      1	15896
      8	15939
      9	15958
      1	15996
      1	16029
      1	16044
      1	16059
      1	16099
      1	16104
      1	16108
      3	16153
      2	16188
      2	16208
      1	16211
      2	16219
      4	16230
      1	16247
      1	16248
      1	16263
     11	16278
      1	16318
      1	16325
      1	16334
      1	16339
      2	16414
      1	16424
      1	16442
      1	16465
      1	16477
      1	16594
      2	16661
      1	16678
      2	16682
      1	16710
      1	16755
      2	16788
      1	16791
      2	16823
      1	16825
      2	16851
      2	16887
      2	16896
      2	16905
      5	16907
      1	16942
      1	16944
      1	16987
      1	17018
      1	17035
      1	17055
      1	17059
      1	17071
      1	17078
      1	17121
      1	17139
      1	17168
      1	17192
      1	17225
      1	17267
      1	17270
      1	17273
      1	17293
      1	17325
      1	17361
      1	17434
      1	17474
      1	17661
      1	17705
      1	17740
      3	17746
     22	17773
      2	17968
      2	17989
      1	18203
      1	18209
      1	18251
      1	18270
      2	18271
      1	18291
      1	18339
      1	18343
      1	18378
      3	18529
      1	18533
     43	18590
      1	18594
      1	18595
      1	18612
      1	18652
      2	18660
      1	18672
      1	18677
      1	18749
      1	18761
      2	18842
      2	18912
      1	18919
      1	19085
      1	19110
      1	19147
      1	19198
      2	19237
      1	19255
      1	19287
      1	19305
      1	19323
      1	19356
      8	19405
      1	19406
      1	19425
      1	19455
      2	19486
      1	19489
      1	19493
      1	19539
      1	19603
      1	19616
      1	19648
      5	19657
      2	19664
      1	19665
      2	19718
      1	19744
      4	19800
      2	19804
      1	19815
      1	19840
      1	19854
      1	19862
      1	19911
      2	19947
      1	19960
      1	19975
      1	20140
      1	20153
      2	20244
      2	20250
      1	20270
      2	20278
      3	20333
      2	20363
      1	20425
     11	20450
      1	20498
      1	20502
      1	20527
      1	20545
      1	20620
      2	20687
      1	20711
      1	20716
      1	20736
      1	20756
      1	20766
      1	20790
      1	20807
      1	20850
      1	20925
      1	20926
      1	20949
      2	21082
      1	21083
      1	21089
      2	21096
      6	21125
     17	21147
      1	21157
      2	21231
      2	21236
      1	21284
      2	21321
      1	21325
      1	21340
      1	21342
      2	21355
      1	21370
      3	21488
      1	21588
      3	21599
      3	21626
      1	21648
      2	21651
      1	21714
      1	21780
      1	21799
      2	21850
      1	21916
      1	21974
      2	21981
      1	21988
      1	22053
      1	22078
      2	22133
      1	22161
      1	22164
      1	22180
      1	22189
      2	22230
      1	22249
      1	22288
      1	22304
      1	22330
      1	22349
      1	22416
      1	22417
      2	22476
      1	22491
      1	22540
      1	22545
      1	22601
      1	22611
      1	22626
      1	22669
      1	22676
      2	22678
      3	22713
      1	22771
      1	22772
      2	22786
      1	22884
      1	22894
      3	22902
      1	22915
      2	22960
      2	22977
      1	22978
      1	22995
      5	23022
      1	23029
      2	23034
      1	23107
      1	23116
      1	23184
      1	23191
      1	23233
      1	23245
      1	23360
      1	23414
      1	23418
      1	23444
      1	23469
      3	23494
      6	23498
      1	23501
      1	23549
      1	23572
      1	23577
      1	23585
      1	23620
      1	23633
      1	23637
      1	23662
      1	23775
      1	23807
      1	23843
      5	23869
      1	23878
      1	23881
      1	23890
      1	23899
      3	23932
      1	23972
      1	24049
      1	24067
      2	24068
      1	24075
      1	24122
      1	24301
      1	24305
      2	24333
      4	24334
      1	24383
      1	24407
      1	24492
     14	24506
      1	24516
      1	24627
      2	24635
      3	24672
      3	24687
      1	24698
      1	24736
      1	24766
      1	24846
      1	24898
      1	24915
      1	24947
      1	24992
      1	25004
      1	25024
      1	25080
      5	25096
      1	25123
      1	25124
      1	25228
      2	25256
      1	25277
      4	25318
      3	25339
      1	25358
      1	25381
      1	25421
      3	25476
      2	25575
      1	25612
      1	25623
      1	25645
      1	25664
      1	25765
      1	25781
      1	25813
      1	25837
      1	25854
      1	25871
      1	25878
      2	25899
      3	25996
      5	26002
      1	26026
      1	26045
      1	26065
      4	26135
      1	26162
      1	26202
      1	26203
      1	26206
      1	26211
      1	26219
      1	26234
      1	26264
      1	26289
      1	26364
      1	26499
      2	26526
      1	26572
      6	26666
      2	26672
      3	26703
      1	26718
      1	26733
      3	26760
      1	26774
      2	26791
      1	26892
      1	26901
      1	26904
      1	26947
      1	26986
      2	27008
      3	27039
      1	27062
      1	27104
      1	27150
      1	27250
      1	27253
      1	27257
      1	27339
      1	27458
      4	27464
      2	27485
      8	27519
      1	27625
      1	27679
      1	27720
      1	27740
      1	27753
      2	27833
      1	27910
      3	27954
      1	27958
      2	27975
      1	28024
      1	28070
      1	28183
      1	28208
      1	28229
      1	28241
      1	28244
      2	28250
      1	28257
      1	28302
      2	28303
      3	28333
      1	28410
      1	28430
      1	28468
      4	28486
      1	28493
      1	28549
      2	28550
      1	28560
      2	28589
      2	28643
      2	28781
      1	28808
      1	28823
      2	28824
      1	28825
      1	28885
      1	28894
      1	28942
      1	28962
      1	28974
      2	29003
      1	29099
      1	29124
      1	29132
      1	29136
      1	29174
      1	29184
      1	29198
      2	29245
      1	29253
      1	29392
      1	29405
      5	29417
      1	29513
      1	29514
      4	29556
      2	29584
      8	29601
      3	29615
      4	29669
      2	29707
      1	29718
      6	29738
      2	29789
      1	29802
      2	29849
      1	29879
      1	29917
      3	29925
      1	29966
      1	30043
      1	30054
      1	30096
      1	30119
      1	30141
      1	30168
      1	30209
      2	30248
      2	30293
      1	30306
      1	30394
      1	30401
      1	30420
      5	30422
      1	30457
      2	30458
      1	30476
      5	30527
      3	30534
     43	30570
      1	30590
      1	30595
      3	30655
      3	30678
      1	30727
      1	30737
      2	30770
      1	30824
      5	30843
      1	30848
      1	30862
      1	30925
      1	30973
      1	30983
      1	31001
      1	31006
      1	31077
      1	31089
      1	31104
      1	31105
      1	31111
      1	31195
      2	31270
      1	31271
      2	31278
      5	31302
      1	31344
      1	31354
      2	31393
      3	31404
      1	31435
      1	31455
      2	31471
      1	31490
      1	31505
      1	31535
      1	31548
      1	31557
      4	31562
      4	31564
      1	31597
      1	31623
      3	31687
      1	31691
      1	31725
      2	31750
      3	31774
      1	31789
      1	31810
      1	31837
      1	31896
      2	31919
      5	31979
      3	32031
      1	32120
      1	32129
      1	32132
      1	32169
      1	32180
      1	32206
      1	32230
      2	32283
      1	32288
      1	32358
      1	32386
      1	32390
      1	32394
      1	32425
      2	32426
      2	32429
      3	32439
      1	32481
      3	32494
      2	32580
      1	32698
      1	32701
      2	32713
      3	32789
      2	32825
      3	32857
      1	32863
      1	32915
      1	32944
      1	32991
      1	32993
      1	33002
      1	33013
      1	33102
      2	33143
      1	33155
      1	33171
      1	33176
      1	33214
      1	33217
      3	33240
      2	33280
      1	33300
      2	33346
      5	33358
      1	33372
      1	33379
      1	33465
      2	33495
      1	33510
      2	33612
      1	33630
      1	33643
      1	33664
      2	33674
      3	33700
      9	33705
     13	33758
      1	33781
      1	33799
      3	33820
      1	33831
      1	33844
      1	33909
      1	33925
      1	33947
      1	33969
      1	34133
      1	34140
      1	34172
      1	34232
      1	34241
      1	34276
      2	34405
      3	34414
      1	34437
      1	34439
      1	34483
      1	34543
      1	34557
      1	34566
      2	34598
      1	34635
      2	34698
      1	34720
      1	34723
      1	34750
      2	34773
      1	34776
      5	34778
      1	34813
      1	34817
      1	34868
      1	34883
      1	34915
      1	34949
      2	34965
      1	35063
      1	35070
      1	35086
      1	35140
      1	35211
      1	35223
      1	35230
      1	35237
      2	35308
      1	35319
      1	35328
      1	35348
      1	35452
      1	35494
      1	35622
      2	35644
      1	35683
      1	35708
      1	35726
      1	35819
      1	35836
      1	35851
      1	35866
      3	35869
      1	35874
      1	35982
      3	35994
      2	36074
      2	36091
      2	36107
      1	36123
      2	36146
      5	36158
      1	36221
      1	36405
      1	36423
      1	36456
      4	36500
      1	36559
      1	36640
      3	36661
      1	36680
      1	36715
      1	36742
      2	36770
      1	36800
      1	36810
      1	36873
      1	36912
      1	36928
      1	37000
      1	37034
      5	37062
      1	37074
      1	37126
      2	37190
      2	37212
      1	37213
      1	37246
      2	37270
      2	37305
      1	37308
      5	37329
      1	37372
      4	37407
      1	37410
      1	37449
      2	37475
      1	37513
      1	37544
      1	37595
      2	37625
      4	37640
      1	37666
      7	37691
      1	37715
      5	37744
      1	37859
      1	37860
      1	37900
      1	37906
      8	37997
      1	38047
      1	38115
      1	38155
      1	38163
      1	38178
      1	38216
      1	38319
      1	38322
      1	38326
      1	38366
      1	38407
      4	38439
      4	38447
      1	38449
      1	38466
      1	38533
      2	38549
      1	38583
      5	38704
      1	38730
      1	38756
      1	38861
      1	38877
      1	38926
      1	38932
      4	38938
      1	39051
      1	39059
      2	39130
      3	39166
      1	39201
      2	39216
      3	39269
      1	39278
      1	39283
      5	39319
      2	39320
      1	39325
      1	39357
      4	39458
      1	39471
      1	39484
      1	39512
      1	39524
      1	39525
      1	39544
      2	39588
      1	39616
      1	39625
      1	39660
      1	39680
      1	39700
      1	39723
      2	39750
      1	39800
      1	39820
      2	39822
      1	39842
      1	39856
      3	39875
      1	40007
      1	40013
      2	40019
      1	40081
      1	40104
      1	40141
      1	40156
      3	40169
      2	40231
      2	40280
      1	40288
      1	40292
      1	40424
      1	40439
      1	40452
      3	40519
      1	40530
      2	40533
      1	40554
      1	40556
      2	40557
      1	40569
      1	40577
      2	40610
      1	40611
      1	40721
      1	40796
      2	40816
      1	40843
      7	40985
      1	41016
      5	41048
      3	41087
      1	41129
      1	41137
      1	41154
      2	41155
      1	41202
      2	41215
      1	41253
      1	41297
      1	41328
      1	41344
      2	41355
      1	41376
      1	41401
      3	41412
      1	41438
      1	41443
      3	41456
      1	41472
      5	41482
      2	41496
      3	41547
      2	41554
      2	41600
      1	41604
      1	41733
      1	41771
      1	41784
     10	41861
      2	41864
      2	41922
      1	41977
      1	41986
      1	41987
      3	41993
      1	42034
      1	42073
      1	42081
      1	42084
      2	42144
      5	42151
      1	42160
      2	42186
      1	42204
      1	42210
      2	42268
      1	42272
      1	42299
      2	42380
      3	42389
      2	42418
      1	42476
      2	42500
      1	42501
      1	42583
      2	42610
      2	42621
      1	42661
      1	42677
      2	42688
      1	42695
      1	42696
      1	42713
      1	42747
      2	42767
      1	42777
      1	42803
      1	42820
      1	42855
      1	42920
      1	42999
      1	43005
      1	43019
      1	43036
      1	43050
      1	43070
      1	43102
      1	43104
      1	43119
      1	43169
      1	43170
      1	43203
      1	43206
     13	43250
      1	43336
      1	43369
      1	43381
      1	43449
      1	43519
      1	43525
      1	43602
      1	43612
      1	43711
      2	43808
      1	43832
      1	43833
      1	43836
      1	43847
      1	43859
      1	43979
      2	43982
      2	43989
      6	44063
      1	44094
      3	44135
      1	44153
      2	44189
      1	44248
      1	44329
      3	44345
      1	44379
      1	44417
      3	44432
      1	44449
      1	44483
     10	44489
      1	44562
      1	44572
      1	44617
      1	44632
      1	44643
      1	44798
      2	44831
      1	44853
      3	44927
      1	44966
      1	44983
      1	45054
      3	45106
      2	45178
      1	45179
      1	45219
      1	45247
      1	45251
      2	45276
      1	45282
      1	45304
      1	45326
      1	45352
      2	45368
      2	45406
      1	45457
      1	45537
      2	45541
      1	45557
      2	45593
      1	45594
      1	45603
      1	45619
      1	45635
      1	45644
      3	45645
      1	45665
      1	45733
      1	45758
      5	45835
      1	45847
      1	45906
      4	45916
      1	45934
      3	45942
      4	45943
      1	45949
      1	45998
      1	46075
      1	46126
      1	46149
      1	46184
      1	46212
      1	46231
      7	46261
      2	46297
      1	46301
      1	46353
      1	46354
      1	46388
      1	46392
      1	46437
      1	46441
      1	46479
      1	46486
      1	46509
      1	46554
      1	46581
      6	46589
      3	46706
      6	46743
      1	46753
      3	46799
      1	46812
      1	46848
      1	46901
      3	46920
      1	46925
      1	46931
      1	46932
      1	47011
      2	47050
      1	47056
      1	47072
      2	47089
      1	47104
      3	47107
      1	47124
      1	47208
      1	47213
      2	47584
      1	47593
      1	47597
      1	47598
      1	47611
      1	47615
      1	47634
      1	47640
      1	47657
      1	47689
      4	47713
      1	47806
      1	47873
      2	47905
      1	47910
      1	47943
      2	47962
      3	48005
      6	48062
      2	48104
      1	48109
      1	48115
      2	48132
      4	48135
      1	48146
      1	48158
      1	48184
      1	48224
      1	48286
      3	48292
      5	48355
      1	48401
      1	48466
      1	48526
      2	48580
      1	48597
      1	48634
      2	48639
      2	48651
      1	48690
      1	48699
      5	48740
     19	48742
      3	48764
      2	48777
      1	48897
      1	48924
      3	48974
      1	49057
      2	49086
      2	49104
      2	49122
      2	49131
      1	49280
      1	49346
      1	49398
      1	49431
      1	49461
      1	49551
      1	49605
      1	49715
      1	49777
      4	49799
      1	49818
      1	49820
      1	49842
      2	49906
      1	49907
      1	49924
      6	49943
      1	49947
      1	49956
      1	49962
      1	49966
      1	49976
      1	49978
      1	50081
      1	50148
      1	50206
      1	50231
      1	50255
      1	50377
      5	50385
      1	50401
      1	50403
      1	50410
      1	50420
      1	50441
      2	50480
      1	50481
      1	50490
      5	50537
      9	50564
      1	50584
      1	50601
      3	50708
      1	50721
      1	50756
      1	50771
      2	50806
      1	50850
      1	50854
      1	50908
      1	50915
      1	50930
     15	50952
      1	51007
      1	51026
      1	51044
      2	51051
      2	51063
      1	51076
      3	51085
      1	51095
      1	51099
      1	51171
      1	51196
      1	51221
      1	51245
      1	51262
      1	51306
      1	51354
      1	51361
      1	51469
      1	51492
      2	51493
      1	51509
      1	51533
      5	51576
      3	51578
      2	51609
      1	51612
      1	51613
      1	51629
      1	51638
      1	51658
      1	51676
      1	51697
      1	51766
      1	51823
      1	51846
      1	51863
      1	51882
      1	51889
      1	51899
      1	51913
      1	51940
      1	51941
      2	51946
      1	51949
      1	51986
      3	52000
      1	52007
      1	52009
      1	52020
      5	52045
      1	52130
      1	52145
      3	52181
      2	52271
      2	52292
      1	52308
      2	52328
      1	52337
      1	52346
      1	52358
      1	52376
      1	52382
      4	52398
      1	52408
      4	52410
      1	52412
      1	52439
      2	52496
      1	52497
      1	52613
      1	52632
      1	52681
      1	52709
      2	52755
      3	52797
      4	52803
      3	52827
      1	52913
      1	52991
      1	53045
      1	53071
      1	53129
      1	53151
      1	53163
      1	53169
      1	53204
      1	53212
      1	53220
      1	53224
      2	53312
      2	53324
      5	53339
      2	53349
      1	53379
      1	53398
      2	53408
      1	53423
      1	53514
      2	53550
      7	53692
      1	53708
      2	53748
      5	53755
      1	53792
      2	53799
      1	53808
      2	53849
      1	53925
      1	53983
      1	54097
      2	54100
      1	54168
      1	54173
      1	54197
      9	54212
      2	54270
      6	54272
      1	54280
      1	54307
      1	54407
      1	54414
      1	54422
      3	54451
      1	54461
      2	54474
      1	54485
      2	54608
      1	54615
      1	54642
      3	54662
      2	54729
      1	54737
      1	54753
      2	54888
      1	54916
      1	54968
      2	54989
      1	55215
      5	55233
      1	55290
      3	55292
      1	55330
      1	55378
      1	55384
      1	55418
      1	55440
      1	55465
      1	55513
      1	55517
      1	55660
      1	55680
      4	55776
      1	55784
      2	55818
      1	55847
      1	55857
      2	55861
      2	55879
      1	55912
      1	55914
     16	55919
      1	56010
      1	56014
      1	56036
      1	56038
      1	56047
      2	56066
      1	56105
      2	56113
      1	56130
      1	56133
      1	56202
      1	56254
      1	56352
      2	56430
      1	56460
     26	56469
     11	56484
      1	56548
      1	56555
      1	56607
      1	56617
      4	56642
      3	56681
      7	56693
      1	56704
      3	56720
      1	56771
      1	56793
      1	56803
      1	56813
      1	56823
     10	56855
      1	56874
      5	56903
      1	56907
      1	56912
      1	56923
      2	56930
      2	56936
      1	56956
      4	57025
      1	57035
      1	57046
      2	57118
      1	57146
      1	57178
      4	57179
      1	57204
      1	57234
      4	57241
      2	57250
      1	57349
      2	57415
      1	57448
      1	57512
      1	57513
      1	57525
      1	57566
      1	57569
      1	57622
      1	57630
      1	57665
      1	57743
      2	57798
      4	57834
      4	57904
      1	57965
      1	57983
      1	58041
      5	58068
      1	58078
      1	58099
      1	58119
      7	58208
      1	58235
      1	58240
      1	58276
      3	58299
      1	58340
      1	58351
      1	58352
      2	58413
      1	58415
      1	58472
      1	58569
      1	58578
      1	58650
      1	58653
      1	58704
      1	58730
      1	58756
      1	58760
      2	58783
      1	58786
      2	58787
      2	58812
      1	58841
      1	58895
      1	58905
      4	58913
      2	59021
      1	59049
      2	59107
      2	59110
      3	59112
      2	59113
      1	59134
      1	59147
      2	59173
      1	59187
      1	59222
      6	59302
      1	59338
      1	59370
      1	59518
      1	59531
      2	59536
      1	59540
     11	59559
      3	59571
      1	59600
      1	59607
      1	59620
      1	59625
      2	59627
      1	59640
      2	59660
      1	59717
      2	59768
      1	59811
      1	59827
      1	59853
      1	59911
      2	59987
      1	59994
      1	60006
      1	60026
      3	60054
      1	60055
      1	60095
      1	60123
      1	60127
      2	60191
      1	60202
      2	60244
      1	60287
      1	60300
      1	60328
      2	60333
      3	60344
      1	60359
      1	60370
      1	60375
      1	60453
      1	60487
      1	60490
      1	60501
      1	60518
      1	60524
      1	60536
      1	60569
      1	60572
      1	60642
      1	60679
      4	60750
      1	60764
      1	60774
      1	60780
      1	60917
      1	60932
      1	60969
      2	60979
      1	61055
      3	61066
      2	61117
      5	61131
      1	61132
      1	61153
      1	61180
      1	61227
      1	61231
      1	61261
      1	61276
      1	61312
      1	61320
      1	61331
      2	61340
      1	61358
      2	61431
      2	61472
      1	61503
      1	61570
      1	61589
      1	61599
      1	61602
      2	61648
      5	61649
      2	61668
      2	61773
      1	61776
      1	61797
      1	61832
      1	61940
      1	62004
      2	62012
      1	62026
      1	62061
      2	62063
      1	62090
      1	62095
      2	62106
      1	62119
      1	62126
      1	62129
      2	62189
      1	62194
      2	62235
      3	62236
      1	62256
      3	62268
      1	62273
      2	62289
      1	62357
      1	62432
      2	62446
      1	62461
      3	62525
      1	62526
      1	62550
      1	62570
      1	62660
      1	62730
      1	62731
      1	62760
      2	62780
      3	62877
      1	62883
      1	62930
      1	62967
      1	62986
      2	63050
      1	63060
      1	63097
     17	63139
      1	63140
      1	63208
      1	63235
      1	63248
      1	63266
      1	63307
      2	63334
      2	63338
      1	63357
      2	63409
      1	63465
     32	63509
      1	63529
      1	63559
      1	63596
      1	63639
      3	63642
      1	63663
      1	63684
      1	63705
      3	63706
      1	63722
      6	63743
      1	63807
      1	63818
      1	63885
      2	63968
      1	63982
      2	63986
      3	63997
      2	64002
      1	64062
      5	64075
      5	64084
      1	64126
      2	64131
      1	64170
      1	64172
      3	64204
      1	64237
      1	64238
      1	64239
      3	64254
      2	64278
      3	64307
      1	64313
      3	64314
      1	64402
      1	64425
      1	64441
      1	64459
      1	64466
      1	64475
      1	64502
      1	64520
      4	64523
      1	64533
      2	64535
      1	64586
      1	64630
      2	64637
      9	64657
      1	64738
      1	64798
      1	64896
      1	64958
      1	64964
      3	64981
      1	65017
      2	65032
      1	65109
      1	65173
      2	65179
      2	65184
      1	65185
      1	65198
      2	65214
      1	65256
      3	65353
      2	65384
      1	65411
      1	65469
