      4	11
      2	75
      1	113
      2	123
      2	162
      1	262
      1	263
      1	266
      1	307
      1	433
      1	436
      1	482
      1	493
      2	515
      1	529
      3	531
      1	556
      1	583
      1	593
      1	614
      1	620
      4	664
      1	679
      1	690
      1	712
      1	779
      1	842
      1	926
      1	938
      1	990
      1	1009
      1	1016
      1	1029
      1	1107
      1	1109
      4	1121
      1	1127
      1	1177
      1	1182
      2	1190
      1	1192
      1	1230
      1	1248
      1	1270
      1	1285
      1	1293
      1	1299
      1	1330
      1	1456
      1	1508
      1	1531
      1	1534
      1	1612
      1	1616
      5	1645
      1	1658
      1	1662
      1	1679
      1	1696
      1	1752
      1	1782
      1	1807
      2	1813
      1	1836
      1	1838
      4	1848
      1	1855
      1	1886
      1	1911
      1	1913
      1	1930
      1	1976
      1	1991
      1	2024
      1	2056
      1	2057
      1	2093
      1	2141
      1	2148
      1	2167
      1	2169
      1	2170
      1	2176
      1	2238
      1	2266
      1	2340
      1	2368
      1	2377
      1	2396
      1	2400
      1	2443
      1	2474
      3	2475
      1	2496
      1	2544
      1	2549
      2	2566
      1	2580
      1	2589
      1	2600
      1	2633
      1	2638
      2	2645
      1	2683
      1	2688
      1	2741
      2	2743
      1	2762
      1	2808
      1	2811
      1	2817
      2	2836
      2	2849
      1	2867
      1	2877
      1	2891
      1	2916
      1	2954
      3	2999
      2	3026
      1	3031
      1	3058
      1	3121
      1	3182
      1	3204
      2	3212
      1	3279
      3	3351
      1	3375
      3	3486
      1	3493
      1	3512
      1	3526
      2	3551
      1	3552
      2	3553
      1	3624
      1	3651
      1	3664
      1	3673
      1	3703
      1	3704
      1	3708
      1	3709
      2	3732
      2	3750
      1	3764
      1	3784
      1	3794
      1	3810
      1	3812
      1	3819
      1	3830
      1	3841
      1	3881
      1	3914
      1	3925
      1	3935
      1	3991
      3	4034
     13	4070
      4	4086
      2	4114
      1	4120
      2	4148
      1	4152
      1	4155
      1	4174
      1	4176
      1	4211
      1	4238
      1	4244
      4	4286
      1	4308
      1	4327
      1	4345
      1	4388
      1	4441
      1	4442
      1	4456
      4	4515
      2	4557
      3	4581
      1	4606
      1	4619
      1	4645
      1	4666
      1	4695
      1	4703
      1	4732
      1	4748
      1	4785
      1	4791
      1	4796
      1	4797
      1	4807
      1	4848
      1	4849
      1	4861
      1	4876
      2	4926
      2	4930
      1	4969
      1	5034
      1	5084
      5	5161
      2	5187
      1	5218
      2	5237
      2	5261
      1	5287
      1	5291
      1	5328
      2	5332
      1	5336
      1	5344
      1	5361
      2	5396
      1	5436
      1	5452
      1	5475
      1	5527
      1	5542
      1	5564
      1	5571
      2	5598
      1	5606
      3	5611
      1	5637
      1	5643
      1	5698
      1	5704
      1	5720
      5	5731
      1	5769
      1	5774
      1	5819
      1	5830
      1	5851
      2	5852
      3	5853
      1	5875
      3	5876
      1	5880
      1	5891
      2	5905
      2	5927
      1	5934
      1	6018
      1	6031
      1	6055
      1	6073
      1	6084
      1	6088
      1	6128
      1	6143
      1	6148
      1	6156
      5	6197
      3	6289
      1	6290
      1	6338
      1	6366
      2	6402
      2	6423
      1	6428
      1	6451
      1	6484
      1	6491
      1	6494
      1	6499
      1	6515
      2	6523
      2	6551
      3	6575
      1	6583
      2	6614
      2	6622
      2	6647
      1	6650
      1	6651
      1	6689
      1	6691
      1	6738
      1	6778
      2	6781
      1	6794
      7	6828
      2	6836
      1	6861
      1	6881
      1	6887
      1	6898
      1	6915
      2	6956
      1	6969
      1	6980
      1	7058
      1	7063
      2	7069
      1	7075
      4	7109
      1	7129
      1	7182
      2	7203
      1	7206
      1	7224
      1	7261
      1	7266
      1	7281
      1	7359
      1	7403
      1	7423
      1	7494
      1	7503
      1	7572
      1	7582
      1	7613
      1	7631
      1	7635
      1	7649
      1	7656
      1	7665
      1	7669
      1	7673
      3	7692
      1	7746
      1	7796
      1	7802
      1	7820
      1	7833
      1	7869
      1	7922
      2	7981
      1	8077
     10	8121
      1	8123
      1	8133
      1	8143
      1	8158
      2	8172
      1	8253
      1	8281
      1	8296
      1	8346
      1	8357
      1	8374
      1	8395
      1	8448
      1	8450
      1	8474
      1	8513
      1	8598
      2	8606
      1	8657
      1	8665
      3	8707
      1	8710
      1	8754
      1	8812
      1	8956
      1	8967
      1	8969
      1	9009
      1	9052
      1	9058
      1	9063
      1	9069
      1	9077
      2	9152
      1	9156
      2	9158
      1	9174
      1	9191
      2	9200
      1	9204
      1	9211
      1	9217
      1	9234
      1	9240
      2	9243
      1	9268
      1	9304
      1	9315
      1	9320
      2	9343
      2	9345
      1	9386
      1	9438
      1	9440
      1	9477
      1	9540
      1	9545
      1	9568
      1	9606
      1	9653
      1	9750
      3	9765
      1	9805
      1	9824
      1	9830
      3	9853
      6	9872
      1	9880
      1	9886
      2	9900
      1	9906
      1	9908
      1	9912
      1	9919
      1	9999
      5	10026
      1	10118
      1	10123
      1	10181
      1	10243
      4	10314
      1	10343
      1	10346
      3	10381
      1	10389
      1	10428
      2	10447
      3	10454
      2	10485
      1	10507
      1	10514
      1	10516
      1	10524
      1	10547
      1	10553
      1	10601
      1	10645
      1	10673
      1	10684
      1	10707
      1	10724
      1	10744
      1	10750
      1	10762
      1	10868
      1	10903
      1	10908
      1	10916
      2	11059
      1	11086
      1	11090
      1	11100
      1	11125
      1	11189
      1	11237
      2	11244
      1	11283
      1	11286
      1	11309
      1	11354
      1	11371
      1	11411
      1	11419
      1	11420
      1	11433
      1	11437
      1	11439
      1	11490
      1	11519
      1	11548
      1	11580
      1	11602
      2	11621
      1	11640
      1	11701
      2	11741
      1	11759
      3	11880
      1	11893
      8	11921
      1	11967
      2	11975
      1	12050
      2	12059
      1	12091
      1	12103
      1	12140
      1	12147
      2	12150
      1	12173
      3	12245
      1	12280
      2	12294
      1	12299
      1	12322
      1	12330
      2	12334
      1	12344
      1	12396
      1	12397
      1	12401
      1	12420
      1	12429
      1	12455
      1	12505
      1	12546
      1	12584
      1	12597
      1	12632
      3	12684
      1	12703
      1	12704
      1	12710
      1	12725
      6	12762
      1	12792
      3	12814
      1	12880
      1	12932
      1	12975
      1	13001
      1	13003
      1	13008
      1	13022
      1	13034
      1	13083
      1	13092
      5	13118
      1	13141
      2	13148
      1	13194
      1	13221
      1	13237
      1	13238
      1	13252
      1	13274
      3	13291
      1	13333
      1	13368
      1	13371
      1	13390
      1	13409
      1	13414
      1	13457
      1	13461
      1	13462
      1	13485
      1	13532
      2	13593
      1	13600
      2	13656
      1	13699
      1	13724
      2	13733
      1	13739
      1	13757
      1	13806
      1	13817
      1	13839
      1	13870
      1	13871
      1	13891
      1	13945
      1	13947
      2	13950
      1	13952
      2	13954
      1	13995
      2	14023
      2	14038
      1	14044
      3	14053
      1	14111
      3	14128
      1	14159
      1	14162
      1	14250
      1	14277
      3	14279
      1	14280
      1	14319
      1	14332
      2	14343
      1	14356
      1	14395
      1	14446
      1	14449
      1	14472
      2	14475
      1	14490
      2	14506
      1	14509
      1	14521
      1	14538
      1	14562
      1	14693
      1	14700
      1	14740
      1	14819
      1	14863
      1	14876
      1	14906
      1	14921
      1	14989
      1	15160
      2	15162
      2	15215
      1	15244
      1	15250
      1	15261
      1	15268
      1	15328
      1	15353
      1	15356
      3	15458
      1	15467
      1	15496
      1	15576
      1	15592
      3	15599
      2	15607
      2	15651
      1	15703
      1	15707
      1	15748
      1	15756
      1	15787
      1	15789
      1	15846
      1	15853
      1	15893
      1	15923
      1	15925
      1	15951
      2	15952
      1	15981
      3	15984
      1	15985
      1	15993
      3	16007
      2	16047
      1	16070
      1	16144
      1	16181
      1	16184
      1	16188
      2	16195
      1	16276
      1	16285
      2	16299
      1	16367
      1	16373
      1	16394
      1	16397
      1	16412
      1	16418
      1	16432
      1	16465
      1	16477
      1	16493
      1	16503
      1	16554
      1	16559
      1	16560
      1	16561
      1	16608
      1	16620
      1	16648
      2	16704
      1	16738
      1	16823
      1	16837
      3	16852
      1	16863
      1	16905
      1	16907
      1	16934
      1	16937
      1	16951
      1	16956
      1	16995
      1	17018
      3	17019
      1	17027
      1	17057
      2	17067
      1	17071
      1	17087
      1	17109
      1	17115
      1	17125
      3	17164
      1	17214
      2	17220
      3	17225
      1	17239
      1	17259
     88	17267
      1	17332
      1	17338
      3	17341
      1	17440
      1	17487
      1	17498
      1	17567
      1	17580
      2	17592
      1	17613
      1	17665
      1	17671
      2	17697
      1	17708
      1	17750
      1	17824
      1	17833
      1	17838
      1	17875
      2	17916
      1	17918
      1	17929
      1	17949
      1	17975
      1	17976
      1	18028
      1	18044
      1	18077
      1	18081
      1	18092
      1	18094
      1	18114
      1	18136
      1	18154
      1	18174
      1	18179
      1	18226
      2	18232
      1	18271
      1	18279
      1	18283
      1	18305
      1	18347
      6	18348
      1	18352
      4	18353
      1	18357
      1	18377
      1	18434
      1	18435
      2	18487
      1	18488
      5	18498
      1	18518
      2	18520
      1	18530
      1	18589
      1	18590
      1	18636
      2	18656
      1	18658
      1	18710
      1	18720
      1	18745
     10	18764
      1	18797
      1	18799
      1	18806
      1	18808
      1	18827
      1	18864
      1	18874
      1	18883
      1	18885
      1	18905
      1	18962
      1	18992
      1	19016
      1	19039
      1	19085
      1	19094
      1	19101
      2	19113
      2	19138
      1	19150
      1	19204
      1	19229
      2	19248
      1	19255
      1	19304
      3	19305
      1	19343
      1	19354
      1	19489
      1	19496
      1	19512
      1	19526
      1	19543
      1	19549
      2	19582
      1	19603
      1	19645
      2	19664
      2	19678
      2	19692
      1	19707
      1	19729
      1	19770
      2	19779
      1	19811
      1	19831
      1	19843
      1	19869
      2	19879
      1	19890
      1	19900
      1	19904
      1	19907
      1	19939
      1	20011
      1	20020
      1	20034
      1	20061
      1	20078
      1	20089
      1	20092
      1	20162
      1	20244
      1	20261
      6	20268
      1	20326
      3	20333
      1	20368
      1	20372
      1	20375
      1	20396
      1	20437
      1	20482
      1	20507
      1	20528
      1	20606
      1	20611
      1	20614
      1	20615
      1	20644
      1	20645
      1	20658
      1	20660
      1	20682
      1	20683
      2	20788
      1	20814
      4	20827
      2	20837
      2	20865
      3	20871
      1	20926
      1	20995
      1	21034
      1	21042
      1	21082
      1	21095
      1	21098
      1	21126
      1	21145
      1	21154
      1	21170
      1	21180
      1	21231
      1	21244
      4	21285
      1	21340
      1	21344
      1	21409
      1	21421
      1	21463
      4	21466
      1	21488
      1	21501
      1	21512
      1	21513
      1	21540
      1	21550
      1	21556
      1	21570
      2	21573
      1	21664
      2	21686
      1	21708
      1	21766
      1	21767
      3	21822
      1	21825
      1	21882
      3	21892
      1	21957
      1	21985
      1	22010
      1	22019
      1	22039
      1	22047
      1	22070
      2	22087
      1	22164
      1	22217
      1	22253
      1	22295
      1	22303
      1	22327
      1	22329
      1	22330
     31	22336
      1	22351
      2	22365
      2	22374
      1	22391
      2	22392
      1	22407
      1	22417
      2	22426
      1	22462
      1	22494
      1	22624
      1	22630
      1	22635
      1	22659
      1	22671
      1	22674
      1	22702
      2	22713
      1	22744
      1	22771
      1	22800
      1	22807
      1	22835
      1	22870
      2	22915
      1	22970
      1	23006
      2	23023
      1	23035
      1	23050
      1	23073
      1	23086
      2	23114
      1	23137
      2	23216
      1	23218
      1	23219
      1	23264
      1	23278
      1	23311
      1	23321
      1	23371
      1	23376
      1	23377
      1	23379
      1	23397
      1	23405
      1	23447
      1	23469
      1	23509
      1	23547
      1	23549
      1	23558
      4	23566
      2	23577
      1	23611
      1	23638
      1	23688
      1	23761
      1	23775
      1	23799
      2	23815
      1	23852
      2	23869
      1	23904
      1	23927
      1	23972
      2	23983
      1	24058
      4	24071
      1	24092
      1	24094
      1	24126
      1	24140
      1	24189
      1	24205
      1	24242
      1	24250
      1	24271
      1	24274
      1	24277
      3	24345
      1	24360
      2	24376
      1	24388
      1	24406
      1	24422
      1	24440
      1	24454
      3	24472
      1	24506
      1	24546
      1	24586
      1	24635
      1	24638
      1	24670
      2	24672
      1	24680
      1	24707
      1	24708
      1	24757
      1	24808
      4	24839
      1	24852
      1	24905
      1	24921
      5	24977
      1	24990
      1	24999
      1	25004
      2	25116
      1	25129
      4	25133
      1	25190
      1	25235
      1	25295
      1	25375
      1	25379
      1	25461
      1	25514
      1	25515
      1	25521
      2	25523
      5	25527
      1	25543
      1	25563
      1	25573
      1	25653
      2	25666
      1	25689
      1	25709
      1	25716
      1	25734
      1	25749
      1	25777
      1	25781
      1	25865
      1	25881
      1	25887
      1	25894
      2	25899
      1	25906
      1	25908
      1	26001
      1	26025
      2	26035
      1	26054
      1	26070
      1	26080
      1	26093
      2	26111
      1	26114
      1	26115
      1	26121
      3	26125
      2	26135
      1	26136
      1	26151
      1	26170
      2	26202
     20	26207
      1	26249
      1	26257
      1	26258
      6	26290
      1	26364
      2	26365
      2	26414
      1	26416
      1	26420
      1	26458
      4	26488
      1	26533
      1	26556
      2	26563
      1	26591
      1	26666
      1	26713
      1	26736
      3	26777
      1	26813
      1	26818
      1	26866
      1	26883
      1	26897
      5	26927
      1	26929
      1	26959
      5	26992
      1	26998
      1	27005
      1	27011
      1	27030
      1	27043
      1	27154
      1	27155
      1	27269
      1	27305
      5	27350
      2	27373
      1	27384
      1	27395
      1	27442
      1	27443
      2	27469
      2	27519
      2	27526
     10	27532
      2	27587
      1	27672
      1	27726
      1	27731
      1	27764
      1	27773
      1	27803
      1	27828
      6	27873
      1	27882
      3	27924
      1	27959
      1	27974
      1	28010
      1	28025
      1	28034
      1	28079
      1	28094
      3	28162
      1	28232
      1	28240
      1	28249
      3	28272
      2	28303
      1	28349
      1	28358
      2	28364
      2	28365
      1	28391
      1	28426
      1	28435
      1	28438
      1	28495
      1	28511
      1	28520
     10	28523
      1	28575
      1	28594
      1	28763
      1	28779
      1	28781
      1	28809
      1	28824
      1	28840
      1	28878
      1	28896
      1	28906
      1	28907
      1	28939
      1	28964
      1	28967
      1	28993
      1	28997
      2	29002
      1	29029
      1	29034
      3	29035
      2	29043
      1	29045
      1	29099
      1	29134
      1	29154
      1	29168
      1	29191
      1	29202
      1	29204
      1	29234
      1	29257
      1	29283
      1	29377
      1	29397
      3	29431
      1	29453
      1	29474
      2	29514
      3	29556
      1	29562
      1	29604
      1	29692
      1	29698
      1	29720
      1	29801
      1	29826
      1	29855
     18	29892
      1	29948
      1	30007
      2	30021
      1	30041
      1	30110
      1	30151
      1	30152
      1	30167
      1	30184
      1	30211
      1	30237
      1	30280
      1	30288
      1	30318
      1	30319
      1	30386
      1	30402
      1	30424
      2	30460
      1	30473
      1	30476
      2	30544
      2	30565
      1	30570
      1	30578
      1	30590
      6	30595
      2	30655
      1	30707
      1	30742
      1	30801
      1	30816
      2	30820
      1	30869
      1	30880
      2	30944
      1	30963
      1	30977
      1	31011
      1	31030
      1	31038
      1	31050
      1	31068
      1	31088
      1	31093
      1	31098
      1	31115
      2	31119
      1	31159
      1	31202
      3	31211
     10	31249
      1	31251
      1	31306
      1	31331
      1	31347
      1	31360
      1	31376
      2	31395
      1	31416
      1	31535
      1	31543
      1	31545
      2	31562
      1	31574
      1	31580
      1	31602
      1	31606
      1	31612
      1	31617
      1	31626
      1	31697
      4	31712
      1	31748
      1	31764
      1	31766
      1	31829
      1	31858
      1	31869
      1	31871
      2	31896
      1	31902
      1	31905
      1	31918
      1	31958
      2	31977
      1	31983
      1	31989
      2	32032
      1	32102
      1	32270
      1	32278
      1	32287
      3	32345
      1	32348
      1	32358
      1	32385
      1	32414
      1	32426
      1	32429
      1	32439
      3	32456
      1	32469
      1	32503
      1	32520
      2	32526
      1	32540
      1	32541
      1	32551
      2	32574
      1	32602
      2	32621
      1	32648
      1	32650
      1	32657
      1	32673
      2	32687
      1	32754
      1	32800
      1	32809
      1	32851
      1	32857
      2	32863
      1	32870
      1	32900
      1	32936
      1	32967
      1	32989
      1	32996
      1	32999
      1	33027
      1	33041
      2	33051
      1	33064
      1	33135
      2	33150
      1	33178
      1	33187
      1	33194
      1	33270
      1	33272
      1	33292
      2	33318
      1	33327
      1	33335
      1	33444
      1	33473
      2	33484
      1	33497
      1	33499
      1	33502
      2	33516
      1	33522
      1	33638
      1	33763
      2	33787
      1	33814
      1	33821
      1	33886
      1	33890
      1	33904
      1	33917
      1	33974
      1	33982
      1	34035
      1	34073
      1	34084
      1	34123
      1	34241
      1	34283
      1	34394
      1	34412
      1	34422
      8	34452
      1	34460
      1	34466
      1	34496
      1	34502
      4	34537
      1	34550
      1	34647
      1	34667
      1	34676
      1	34708
      1	34715
      1	34732
      1	34770
      2	34773
      1	34789
      1	34837
      1	34839
      1	34846
      1	34921
      1	34968
      1	35009
      1	35067
      1	35075
      1	35086
      1	35093
      1	35122
      1	35145
      1	35146
      1	35170
      1	35208
      1	35220
      1	35222
      1	35230
      3	35263
      2	35267
      1	35310
      1	35325
      2	35432
      1	35451
      1	35462
      1	35486
      1	35522
      1	35528
      1	35576
      1	35659
      1	35667
      1	35677
      1	35683
      1	35693
      1	35717
      1	35737
      1	35741
      2	35754
      1	35797
      1	35805
      2	35836
      1	35854
      1	35874
      1	35915
      1	35940
      2	35949
      1	35952
      1	35959
      8	35978
      1	35997
      1	36007
      1	36028
      1	36032
      1	36056
      1	36058
      1	36084
      1	36111
      1	36113
      1	36135
      1	36139
      1	36146
      1	36165
      1	36168
      1	36172
      1	36247
      1	36276
      3	36359
      1	36381
      1	36390
      1	36394
      1	36466
      1	36494
      1	36496
      4	36499
      1	36534
      3	36559
      1	36566
      1	36571
      1	36602
      1	36674
      1	36690
      1	36731
      1	36753
      1	36779
      1	36784
      2	36810
      1	36825
      2	36846
      3	36904
      1	36924
      2	36979
      1	36990
      1	37062
      1	37069
      1	37111
      3	37127
      1	37139
      1	37208
      2	37233
      1	37271
      1	37273
      1	37285
      2	37333
      1	37350
      2	37358
      1	37401
      1	37411
      1	37446
      1	37479
      1	37558
      1	37566
      1	37588
      1	37606
      1	37632
      3	37640
      1	37655
      1	37672
      1	37673
      1	37691
      1	37699
      1	37709
      1	37743
      1	37748
      6	37779
      1	37788
      1	37798
      1	37800
      1	37816
      1	37823
      3	37829
      1	37847
      1	37856
      1	37859
      1	37870
      1	37885
      1	37895
      5	37906
      3	37930
      2	37945
      5	37980
      2	37997
      1	38021
      1	38033
      1	38045
      1	38047
      1	38050
      1	38062
      1	38068
      1	38094
      1	38138
      1	38151
      1	38162
      1	38163
      1	38165
      1	38177
      1	38184
      1	38216
      1	38221
      2	38238
      1	38239
      1	38248
      1	38272
      2	38291
      1	38295
      1	38311
      2	38315
      1	38364
      2	38380
      7	38401
      1	38405
      1	38439
      1	38446
      2	38480
      1	38494
      2	38520
      1	38551
      1	38559
      1	38611
      1	38622
      1	38636
      1	38659
      1	38665
      1	38676
      1	38680
      1	38687
      1	38691
      1	38696
      3	38714
      1	38738
      1	38747
      1	38781
      1	38787
      2	38874
      1	38893
      3	38926
      1	38958
      1	38977
      1	38993
      1	39032
      2	39079
      2	39098
      2	39148
      1	39159
      2	39190
      1	39265
      1	39277
      1	39314
      1	39327
      2	39340
      2	39377
      1	39379
      1	39390
      1	39403
      1	39410
      1	39432
      1	39450
      1	39451
      1	39458
      1	39494
      1	39547
      1	39594
      1	39660
      2	39759
      1	39770
      2	39771
      2	39893
      1	39928
      1	39948
      2	40001
      1	40063
      1	40065
      2	40067
      5	40097
      1	40101
      1	40129
      1	40138
      1	40147
      1	40162
      2	40170
      1	40195
      1	40269
      1	40277
      4	40317
      2	40358
      1	40379
      1	40394
      1	40405
      2	40408
      1	40432
      1	40522
      2	40541
      1	40551
      2	40574
      4	40575
      1	40596
      1	40618
      1	40619
      5	40672
      1	40683
      3	40693
      1	40712
      2	40718
      1	40774
      1	40779
      1	40819
      1	40845
      1	40854
      1	40857
      1	40863
      1	40865
      1	41027
      1	41034
      1	41054
      2	41086
      1	41119
      1	41138
      6	41189
      1	41216
      2	41226
      1	41233
      1	41244
      1	41352
      1	41361
      1	41393
      7	41427
      1	41547
      1	41555
      1	41582
      2	41587
      1	41632
      2	41654
      1	41669
      1	41702
      1	41753
      2	41782
      2	41794
      1	41810
      1	41827
      2	41860
      1	41879
      1	41893
      1	41972
      1	41988
      1	42011
      1	42027
      1	42035
      2	42144
      1	42190
      2	42200
      1	42206
      1	42207
      3	42277
      1	42297
      1	42346
      1	42372
      1	42408
      1	42419
      2	42425
      2	42501
      1	42519
      1	42523
      1	42530
      1	42547
      3	42554
      2	42655
      1	42691
      1	42699
      1	42703
      1	42723
      2	42751
      1	42767
      1	42796
      9	42797
      1	42800
      1	42830
      1	42855
      1	42871
      1	42936
      2	42970
      1	42983
      1	42996
      1	43016
      1	43019
      1	43024
      1	43058
      1	43066
      1	43068
      1	43100
      1	43103
      1	43107
      1	43120
      1	43144
      1	43148
      1	43177
      1	43184
      1	43204
      1	43238
      1	43295
      2	43304
      1	43317
      1	43342
      1	43368
      1	43405
      2	43445
      1	43478
      1	43501
      1	43507
      1	43603
      1	43653
      1	43691
      1	43714
      1	43764
      1	43827
      3	43832
      1	43976
      2	43996
      1	44000
      1	44007
      1	44030
      1	44031
      1	44078
      1	44087
      2	44112
      1	44137
      1	44141
      1	44144
      2	44182
      1	44185
      1	44211
      1	44252
      1	44279
      1	44310
      1	44313
      1	44323
     12	44329
      1	44342
      1	44345
      1	44381
      1	44399
      2	44410
      1	44423
      1	44442
      1	44481
      1	44489
      4	44570
      1	44572
      2	44666
      1	44716
      1	44726
      2	44735
      1	44777
      1	44807
      7	44830
      2	44833
      1	44907
      2	44927
      1	44932
      7	44961
      1	44990
      3	45018
      1	45033
      1	45051
      1	45059
      1	45141
      1	45200
      1	45219
      1	45289
      1	45308
      1	45309
      1	45317
      1	45368
      1	45383
      1	45387
      1	45424
      1	45425
      1	45438
      1	45443
      1	45444
      2	45450
      2	45457
      1	45460
      1	45466
      1	45471
      1	45496
      1	45513
      1	45541
      1	45547
      1	45566
      1	45575
      1	45581
      1	45590
      1	45595
      1	45596
      2	45645
      1	45700
      1	45704
      1	45706
      1	45708
      1	45726
      3	45738
      1	45758
      2	45772
      1	45806
      7	45847
      1	45881
      1	45884
      1	45891
      1	45942
      1	45943
      1	45965
      1	45979
      1	45998
      1	46008
      1	46015
      2	46019
      1	46058
      1	46073
      1	46100
      1	46136
      1	46149
      1	46168
      1	46185
      4	46267
      1	46272
      1	46347
      1	46353
      1	46359
      1	46368
      2	46402
      1	46415
      1	46419
      2	46430
      1	46473
      1	46497
      1	46499
      2	46511
      1	46526
      1	46627
      2	46645
      1	46647
      2	46673
      1	46679
      1	46680
      4	46724
      1	46750
      1	46780
      1	46784
      1	46832
      1	46873
      1	46887
      1	46937
      1	46938
      1	46979
      1	47046
      3	47052
      1	47062
      1	47121
      1	47129
      1	47203
      1	47222
      1	47293
      3	47311
      1	47335
      1	47348
      2	47380
      1	47396
      1	47447
      1	47486
      1	47529
      2	47597
      1	47602
      2	47648
      1	47660
      1	47692
      5	47721
      1	47776
      2	47858
      2	47893
      1	47894
      2	47905
      1	47910
      1	47935
      1	47966
      1	47994
      1	48024
      1	48040
      1	48105
      1	48135
      1	48186
      1	48202
      1	48243
      1	48272
      1	48279
      1	48336
      2	48392
      2	48470
      1	48478
      1	48510
      1	48545
      1	48577
      2	48580
      1	48609
      1	48639
      1	48669
      1	48703
      1	48708
      1	48715
      1	48727
      1	48729
      1	48749
      1	48754
      1	48808
      1	48830
      5	48870
      1	49014
      1	49017
      1	49020
      2	49107
      1	49113
      1	49122
      1	49134
      1	49145
      1	49155
      1	49179
      1	49267
      1	49301
      1	49352
      1	49361
      1	49362
      1	49383
      1	49406
      1	49427
      1	49430
      1	49442
      1	49444
      1	49493
      1	49549
      1	49586
      1	49598
      1	49608
      1	49615
      1	49634
      1	49644
      1	49693
      1	49709
      1	49726
      1	49755
      1	49779
      1	49803
      1	49823
      1	49828
      1	49829
      1	49844
      3	49882
      1	49899
      1	49938
      1	50004
      1	50015
      1	50044
      1	50070
      2	50166
      1	50216
      1	50267
      1	50288
      1	50294
      1	50327
      2	50345
      1	50353
      1	50361
      1	50428
      1	50435
      1	50456
      1	50508
      1	50509
      1	50517
      1	50537
      1	50597
      1	50607
      2	50643
      1	50645
      3	50660
      1	50692
      1	50717
      1	50731
      1	50738
      1	50771
      1	50810
      1	50827
      2	50835
      1	50899
      1	50900
      2	50910
      1	50928
      1	50955
      1	50996
      1	51028
      1	51037
      1	51073
      2	51210
      1	51212
      1	51257
      1	51354
      1	51355
      1	51366
      1	51381
      5	51392
      1	51394
      1	51395
      1	51442
      1	51452
      1	51511
      1	51530
      1	51538
      1	51582
      1	51624
      3	51686
      1	51757
      1	51766
      1	51834
      1	51867
      1	51950
      1	51953
      1	52002
      8	52029
      1	52058
      2	52100
      2	52121
      1	52129
      1	52142
      1	52143
      1	52179
      3	52181
      1	52186
      1	52189
      1	52221
      1	52223
      1	52252
      1	52265
      1	52315
      1	52358
      2	52370
      1	52376
      2	52398
      1	52414
      1	52463
      1	52540
      2	52551
      1	52563
      4	52580
      1	52602
      1	52614
      1	52628
      1	52673
      1	52679
      1	52706
      1	52717
      1	52758
      1	52767
      1	52794
      1	52908
      1	52918
      2	52957
      1	53054
      1	53093
      2	53117
      2	53147
      1	53155
      2	53167
      1	53180
      1	53186
      2	53216
      1	53318
      1	53338
      1	53349
      1	53357
      1	53358
      2	53401
      1	53408
      1	53441
      1	53460
      1	53494
      2	53502
      1	53536
      1	53539
      1	53583
      3	53584
      4	53596
      1	53598
      1	53612
      1	53624
      1	53733
      6	53805
      1	53825
      1	53846
      1	53912
      1	53918
      4	53925
      2	53951
      1	53965
      1	54027
      2	54086
      6	54094
      2	54103
      1	54184
      1	54187
      1	54205
      1	54232
      1	54245
      1	54252
      1	54272
      1	54312
      1	54320
      1	54369
      1	54393
      1	54395
      2	54400
      1	54407
      1	54430
      1	54435
      2	54449
      1	54455
      1	54548
      1	54667
      1	54692
      1	54713
      1	54733
      1	54745
      1	54834
      1	54850
      1	54859
      1	54876
      1	54887
      1	54892
      1	54970
      1	55085
      1	55161
      1	55198
      1	55217
      1	55342
      2	55375
      1	55418
      1	55421
      1	55440
      2	55460
      1	55466
      1	55496
      1	55500
      1	55526
      1	55528
      2	55563
      1	55587
      1	55676
      1	55721
      1	55736
      2	55746
      1	55749
      1	55750
      1	55775
      1	55784
      4	55795
      3	55818
      1	55821
      1	55859
      1	55861
      1	55872
      1	55902
      1	55908
      1	55910
      1	55919
      1	55979
      1	55981
      1	56002
      1	56080
      4	56084
      1	56142
      1	56146
      3	56187
      1	56239
      1	56291
      1	56339
      1	56373
      1	56425
      2	56434
      1	56466
      1	56473
      1	56513
      1	56533
      1	56574
      1	56579
      1	56583
      1	56608
      4	56614
      1	56615
      2	56642
      2	56803
      1	56810
      1	56823
      2	56861
      1	56873
      1	56880
      1	56903
      1	56912
      1	56914
      1	56927
      1	56945
      1	56953
      2	56956
      1	56982
      1	57034
      1	57047
      2	57091
      1	57118
      1	57119
     12	57133
      1	57144
      1	57147
      1	57155
      1	57170
      1	57178
      1	57219
      1	57307
      1	57349
      1	57398
      1	57451
      1	57456
      1	57464
      1	57480
      1	57502
      1	57525
      1	57558
      2	57566
      3	57594
      2	57635
      1	57673
      2	57684
      1	57688
      2	57719
      1	57730
      1	57779
      1	57834
      4	57940
      1	57954
      1	57975
      1	58025
      3	58074
      1	58091
      1	58104
      1	58119
      1	58150
      1	58160
      1	58172
      2	58180
      1	58199
      1	58208
      1	58216
      1	58239
      1	58253
      2	58351
      1	58370
      1	58427
      1	58445
      2	58506
      1	58516
      4	58527
      1	58567
      1	58569
      2	58589
      1	58605
      2	58617
      1	58637
      1	58654
      1	58755
      1	58761
      1	58786
      2	58795
      1	58815
      3	58887
      1	58946
      1	58972
      1	58983
      1	58998
      1	59003
      1	59014
      2	59036
      1	59079
      1	59110
      1	59117
      1	59140
      2	59178
      2	59205
      1	59209
      1	59215
      1	59218
      1	59243
      1	59255
      2	59271
      1	59287
      1	59293
      1	59330
      1	59547
      1	59559
      1	59571
      1	59615
      1	59625
      1	59677
      1	59810
      1	59952
      1	60015
      1	60017
      1	60031
      1	60056
      1	60067
      3	60071
      1	60075
      5	60123
     12	60131
      1	60198
      1	60208
      1	60226
      1	60232
      1	60255
      3	60284
      1	60344
      1	60367
      1	60410
      2	60416
      1	60456
      1	60519
      1	60563
      1	60581
      2	60621
      1	60626
      1	60631
      1	60635
      1	60653
      1	60714
      1	60724
      1	60750
      1	60813
      1	60849
      2	60867
      4	60882
      1	60890
      1	60923
      1	60926
      1	60969
      2	60983
      2	60984
      1	60997
      1	61011
      1	61042
      1	61081
      1	61091
      1	61092
      1	61100
      3	61116
      1	61120
      1	61123
      1	61140
      1	61201
      1	61226
      1	61234
      1	61261
      1	61268
      1	61279
      1	61301
      2	61304
      1	61330
      1	61331
      1	61350
      1	61383
      3	61388
      1	61398
      1	61406
      1	61426
      3	61445
      1	61454
      1	61466
      1	61504
      2	61520
      4	61522
      1	61531
      1	61547
      2	61599
      2	61655
      1	61683
      1	61744
      1	61772
      1	61829
      1	61839
      1	61888
      1	61918
      1	61928
      1	61942
      1	61961
      1	62012
      1	62014
      1	62028
      2	62063
      1	62068
      2	62095
      1	62096
      1	62105
      1	62106
      1	62108
      3	62119
      1	62145
      3	62183
      2	62193
      1	62194
      1	62218
      2	62246
      1	62349
      1	62380
      1	62407
      1	62427
      1	62446
      1	62465
      1	62525
      1	62558
      1	62650
      1	62657
      7	62664
      6	62712
      1	62753
      1	62784
      1	62844
      1	62895
      1	62899
      1	62967
      1	62981
     10	63002
      1	63009
      1	63029
      1	63039
      1	63047
      5	63072
      1	63073
      4	63077
      2	63097
      1	63140
      1	63152
      1	63158
      1	63212
      1	63250
      1	63280
      1	63323
      1	63330
      2	63338
      4	63363
      3	63409
      1	63414
     11	63421
      1	63433
      1	63497
      2	63509
      1	63543
      2	63615
      1	63635
      1	63660
      8	63743
      1	63791
      1	63804
      1	63853
      1	63866
      1	63886
      1	63889
      1	63916
      1	63918
      1	63920
      1	63968
      1	63984
      7	64043
      1	64065
      1	64118
      1	64146
      1	64149
      1	64153
      1	64195
      1	64248
      1	64316
      3	64340
      1	64360
      2	64409
      1	64432
      2	64446
      1	64469
      1	64485
      1	64490
      1	64515
      1	64573
      1	64581
      1	64611
      1	64630
      1	64633
      1	64637
      1	64676
      1	64679
      1	64701
      2	64750
      1	64769
      2	64794
      1	64880
      1	64881
      1	64883
      4	64908
      1	65004
      1	65062
      1	65080
      1	65102
      1	65121
      1	65168
      1	65174
      1	65176
      1	65232
      1	65238
      1	65245
      2	65249
      1	65251
      1	65258
      1	65271
      1	65272
      2	65281
      1	65321
      6	65408
      2	65410
      2	65414
      2	65467
      1	65481
      1	65495
