      4	35
      1	221
      1	283
      1	320
     19	431
      1	492
      1	753
      1	787
      1	1104
      1	1137
      1	1187
      1	1432
      1	1553
      1	1616
      7	1735
      1	2164
      1	2302
      1	2492
      9	2551
      2	2586
      1	2671
      1	3008
      1	3020
      1	3558
      1	3632
      1	3677
      1	3720
      1	3750
      2	3902
      1	3943
      1	4046
      7	4121
      1	4227
     18	4354
      2	4606
      1	4617
      3	4810
      1	4817
      1	4830
      1	4904
      1	5010
      1	5015
      1	5039
      1	5174
      1	5249
      1	5260
      2	5381
      1	5747
      1	5773
      1	5785
      1	6089
      2	6293
      1	6332
      1	6366
      1	6411
      4	6469
      1	6668
     13	6670
      1	7052
      8	7064
      1	7222
      1	7403
      1	7599
      1	7623
      8	7704
      1	7724
      1	7981
      1	8030
      1	8216
      1	8310
      1	8583
      1	8784
      3	8930
      1	9024
      1	9186
      1	9388
      1	9474
      1	9486
      1	9549
      1	9750
     14	9797
      1	9896
      2	9900
      2	9977
      5	10324
      1	10427
      6	10673
      1	10694
      1	10700
      1	10721
      1	10776
      1	10918
      6	11459
      6	11466
      1	11672
      1	11751
      1	11944
      1	12066
      1	12105
      2	12818
      2	12970
      2	13084
      1	13089
      1	13096
      3	13603
      1	13705
      1	13920
      1	14591
      4	14605
      1	14720
      1	15355
      1	15418
      1	15585
      1	15702
      1	15784
      1	15958
      1	15974
      1	16042
      1	16261
      1	16322
      1	16437
      1	16439
      1	16778
      1	16941
      1	17091
      1	17104
      1	17139
      1	17185
     10	17221
      2	17275
      1	17281
      1	17408
      1	17536
      1	17553
      7	17645
      1	17809
      1	17824
      1	17923
      1	18448
      1	18504
      1	18590
      1	18661
      1	18784
      2	18945
      1	18980
      1	19148
      9	19198
      1	19228
      1	19229
      7	19260
     13	19301
      1	19323
      1	19366
      1	19402
      2	19648
     16	19692
      1	20183
      1	20260
      1	20333
      1	20369
      3	20380
      1	20487
      1	20617
      1	20883
      1	20925
      2	20965
      1	21195
      1	21217
      1	21284
      2	21819
      1	21845
      1	21871
      1	21900
      3	22094
      1	22467
      1	22473
      3	22477
      1	22525
      1	22721
      2	23098
      1	23363
      3	23381
      1	23533
      2	23623
      1	23653
      2	23741
      5	23791
      1	24000
      1	24079
      1	24152
      1	24253
      1	24369
      1	24485
      1	24510
      1	24537
      1	24568
      2	24641
      1	24725
      2	24818
      1	24943
      1	25103
      1	25281
      1	25369
      1	25585
     19	25627
      1	25641
      1	25737
      1	25785
      1	25834
      1	25983
      1	26190
      1	26231
      1	26290
      1	26528
      1	26563
      1	26688
      1	26699
      1	26777
      2	26842
      1	26874
      1	26903
      1	26933
      1	27008
      1	27015
      2	27221
      1	27387
      1	27581
      2	27765
      3	27773
      3	28028
      1	28617
      1	28705
      2	28824
     16	28842
      1	28910
      1	28924
      1	29303
      1	29368
      1	29632
      1	29934
      1	29962
      3	30211
      1	30263
      4	30427
      1	30446
      1	30471
      1	30494
      1	30662
      1	30865
      1	30933
      1	31279
      1	31319
      1	31568
      1	31664
      2	31674
      1	31800
      1	31830
      1	31853
      1	32111
      1	32113
      1	32233
     16	32364
      1	32448
      1	32634
      1	33134
      1	33292
      3	33476
      1	33500
      1	33586
      5	33667
      3	33767
     10	33873
      1	33992
      4	34024
      2	34110
      5	34245
     10	34317
      1	34356
      1	34590
      1	34680
      1	34853
      1	34961
      1	35120
      1	35496
      1	35617
      1	35731
      2	35744
      1	35861
      1	35937
      1	36028
      1	36149
      1	36987
      1	37061
      1	37080
      1	37121
      1	37123
      1	37168
      1	37305
      1	37321
      1	37355
      1	37458
      1	37479
      1	37623
      1	37743
      1	38085
      1	38184
      1	38596
      1	38654
      2	38778
      1	38851
      1	38905
      1	39189
      1	39310
      1	39340
      1	39638
      1	39720
     18	39809
      1	39931
      1	40058
     11	40068
      1	40145
      1	40230
      1	40540
      1	40711
      1	40785
      1	40933
      1	40948
      2	41014
      1	41355
      4	41669
      3	41701
      1	41786
      7	41833
      1	41977
      1	42015
      1	42204
      1	42926
     14	42972
      1	43005
      1	43046
      1	43145
      1	43336
      1	43503
      1	43550
      1	43650
      1	43832
      1	44194
     13	44222
      1	44275
      1	44487
      1	44617
      4	44757
      1	44809
      1	44912
      1	45048
      1	45160
      1	45325
      6	45366
      1	45393
      1	45517
      2	45656
      1	45660
      1	45783
      1	45786
      5	45847
      1	45854
      1	45921
      1	45975
      3	45990
      1	46154
      1	46392
      1	46403
      1	46513
      1	46703
      1	46744
      8	46845
      1	46869
      1	46929
      4	46954
      1	46992
      1	47060
      1	47099
      1	47107
      1	47254
      1	47311
     13	47634
      1	47668
      1	47985
      1	48166
      1	48301
      1	48312
      1	48404
      1	48440
      1	48476
      2	48543
      1	48856
      1	49041
      1	49080
      1	49144
      1	49361
      1	49510
      1	49642
      3	50111
      1	50382
      1	50481
      1	50499
      3	50585
      3	50593
      1	50678
      3	50810
      1	50983
      1	51004
      1	51031
      1	51065
      2	51080
      4	51228
      1	51253
      1	51302
      1	51445
      1	51513
      1	51624
      1	52082
      3	52398
      3	52522
      1	52564
      1	52567
      3	52794
      1	52927
      1	53015
      1	53033
      3	53053
      1	53319
      1	53440
      1	53537
      1	53542
      1	53570
      1	53689
      1	53737
      1	54778
      1	54801
      1	54865
     12	54902
      1	55207
      1	55210
      3	55299
      1	55329
      1	55362
      3	55386
      1	55460
     10	55486
      1	55910
      1	56038
      2	56139
      1	56261
      1	56430
      1	56485
      2	56524
      1	56673
      1	56702
      1	57025
      1	57362
      1	57506
      1	57510
      1	57595
      1	57815
      2	58057
      1	58191
      1	58210
      1	58299
      1	58314
      1	58680
      1	58746
      1	58808
      1	59011
      4	59079
      1	59222
      1	59316
      2	59715
      2	59744
      1	59797
     60	59970
      1	60421
      1	60670
      1	60852
      1	60898
      1	61207
     44	61261
      1	61530
      1	61531
      1	61668
      1	61829
      1	61879
      1	61981
      1	62107
      1	62447
      1	62537
      1	62720
      1	62791
      3	62867
      1	63024
      1	63364
      1	63480
      3	63482
      1	63582
      3	63598
      1	63695
      1	63835
      3	63887
      3	63992
      1	64054
      1	64271
      1	64816
      1	64982
      1	65041
      1	65138
      1	65169
      4	65295
      1	65339
      2	65381
      1	65441
