      1	4
      2	6
      1	11
      1	27
      1	34
     11	67
      1	71
      1	76
      1	188
      1	202
      1	222
      1	297
      1	312
      1	330
      1	334
      1	368
      1	370
      1	377
      1	431
      1	433
      1	440
      1	476
      2	504
      1	528
      2	538
      1	550
      2	554
      1	556
      1	558
      1	567
      2	590
      2	593
      1	623
      1	691
      1	704
      1	793
      1	796
      1	813
      1	819
      1	823
      1	843
      1	845
      1	880
      1	994
      1	1016
      1	1020
      1	1065
      3	1070
      1	1075
      1	1122
      1	1173
      1	1202
      1	1208
      1	1232
      1	1235
      2	1253
      1	1389
      1	1422
      1	1438
      8	1508
      1	1529
      1	1645
      1	1656
      1	1670
      1	1694
      2	1697
      1	1733
      1	1748
      1	1777
      1	1782
      4	1813
      1	1815
      1	1869
      1	1872
      1	1873
      1	1888
      1	1918
      1	1928
      1	1981
      2	1985
      1	1989
      1	2030
      2	2041
      1	2055
      1	2083
      1	2093
      1	2121
      1	2238
      1	2262
      1	2282
      1	2407
      1	2449
      1	2509
      1	2516
      1	2544
      2	2566
      1	2581
      1	2597
      1	2664
      3	2688
      2	2695
      1	2731
      1	2741
      5	2743
      2	2819
      2	2849
      1	2872
      1	2898
      1	2912
      1	2961
      1	2973
      1	2992
      2	2999
      2	3013
      1	3028
      1	3109
      1	3114
      1	3212
      1	3227
      1	3243
      1	3246
      2	3267
      2	3300
      1	3328
      3	3351
      2	3358
      1	3376
      1	3384
      1	3410
      2	3425
      2	3434
      2	3463
      4	3486
      1	3493
      2	3648
      2	3651
      1	3674
      1	3678
      1	3688
      1	3699
      1	3704
      2	3732
      1	3764
      2	3798
      1	3810
      1	3847
      1	3880
      1	3885
      1	3933
      1	3944
      1	3946
      1	3949
      1	3952
      1	3954
      1	3964
      1	3982
      1	3995
      1	4016
      1	4043
      2	4064
      2	4070
      2	4106
      1	4109
      1	4187
      2	4211
      1	4235
      1	4249
      1	4262
      1	4316
      2	4318
      1	4368
      1	4379
      1	4415
      1	4436
      2	4437
      1	4442
      1	4449
      1	4456
      1	4606
      1	4640
      1	4649
      1	4651
      1	4652
      1	4659
      6	4664
      1	4666
      1	4751
      1	4758
      2	4787
      1	4792
      1	4812
      1	4834
      1	4849
      1	4850
      1	4869
      1	4935
      1	4956
      1	4964
      1	5023
      1	5050
      1	5091
      1	5135
      6	5158
      1	5161
      1	5173
      1	5185
      2	5187
      1	5208
      1	5237
      6	5261
      1	5301
      1	5325
      1	5366
      1	5403
      2	5476
      2	5480
      1	5541
      1	5585
      3	5598
      1	5632
      1	5636
      1	5640
      1	5647
      2	5712
      3	5731
      2	5770
      1	5794
      2	5852
      2	5888
      1	5963
      1	5974
      1	5977
      1	5990
      1	6000
      1	6023
      1	6045
      1	6050
      1	6073
      2	6108
      3	6124
      1	6128
      1	6156
      1	6165
      1	6177
      1	6183
      1	6197
      1	6213
      1	6229
      1	6267
      1	6275
      1	6325
      1	6336
      1	6347
      1	6393
      2	6423
      1	6424
      2	6494
      1	6518
      5	6534
      1	6546
      1	6556
      3	6558
      2	6571
      1	6596
      2	6614
      1	6631
      1	6649
      1	6662
      1	6678
      1	6727
      1	6742
      2	6748
      2	6800
      1	6811
      1	6867
      1	6881
      1	6915
      1	6927
      1	6944
      2	6947
      1	6951
      2	6956
      1	6964
      1	7001
      1	7032
      1	7040
      1	7061
      1	7075
      1	7081
      1	7170
      1	7191
      2	7208
      1	7214
      1	7222
      2	7281
      1	7326
      1	7372
      1	7402
      2	7403
      2	7423
      1	7438
      1	7457
      1	7484
      1	7499
      1	7594
      2	7615
      1	7625
      2	7651
      1	7680
      1	7692
      1	7702
      1	7712
      1	7797
      1	7817
      1	7823
      5	7875
      2	7925
      1	7981
      1	7991
      1	8054
      1	8115
      1	8126
      2	8141
      1	8177
      1	8233
      3	8281
      1	8298
      1	8341
      1	8419
      1	8432
      1	8461
      3	8482
      1	8483
      1	8525
      2	8571
      1	8631
      1	8653
      2	8657
      1	8667
      1	8728
      1	8734
      1	8749
      1	8754
     10	8760
      4	8774
      1	8782
      1	8799
      1	8817
      1	8825
      1	8853
      2	8859
      1	8920
      2	8954
      1	8978
      3	8983
      1	9006
      3	9012
      3	9017
      1	9028
      1	9067
      1	9090
      1	9102
      1	9104
      1	9115
      1	9142
      1	9143
      1	9148
      4	9182
      1	9193
      1	9200
      1	9211
      1	9237
      2	9240
      1	9299
      1	9317
      1	9336
      2	9337
      1	9345
      1	9359
      1	9380
      1	9398
      1	9498
      1	9503
      3	9530
      1	9542
      2	9562
      1	9597
      4	9610
      1	9618
      1	9621
      2	9667
      1	9681
      3	9705
      2	9765
      2	9773
      1	9797
      1	9812
      1	9900
      1	9937
      1	9952
      7	9965
      1	10023
      1	10026
      1	10030
      1	10042
      1	10059
      2	10085
      1	10137
      1	10157
      1	10194
      1	10214
      1	10230
      2	10241
      1	10243
      1	10275
      1	10321
      1	10365
      1	10401
      1	10424
      1	10447
      2	10493
      5	10512
      1	10517
      1	10520
      1	10534
      1	10557
      1	10591
      1	10628
      1	10659
      1	10662
      1	10732
      1	10782
      1	10809
      1	10814
      1	10818
      1	10822
      2	10824
      1	10844
      1	10846
      1	10848
      3	10868
      1	10918
      1	10922
      1	10944
      1	10974
      1	10977
      1	10979
      1	10995
      1	11100
      1	11124
      1	11146
      1	11154
      1	11272
      1	11297
      1	11358
      2	11378
      1	11380
      3	11382
      1	11402
      1	11495
      1	11523
      2	11544
      1	11553
      7	11608
      1	11612
      1	11618
      2	11640
      1	11641
      1	11650
      1	11664
      1	11683
      1	11705
      1	11735
      1	11743
      1	11751
      1	11763
      1	11812
      3	11893
      1	11931
      1	11971
      1	12050
      1	12062
      2	12123
      2	12163
      1	12188
      1	12189
      1	12195
      1	12215
      2	12253
      2	12295
      3	12320
      1	12322
      1	12326
      2	12330
      1	12356
      1	12396
      1	12457
      1	12458
      1	12500
      1	12515
      1	12534
      1	12552
      1	12567
      1	12597
      1	12627
      1	12638
      1	12652
      1	12705
      2	12708
      1	12728
      1	12757
      1	12764
      1	12771
      1	12816
      1	12854
      1	12896
      2	12936
      1	12945
      1	12948
      1	12952
      1	12967
      1	12970
      2	13008
      1	13042
      2	13118
      1	13162
      1	13213
      1	13266
      1	13273
      1	13315
      1	13319
      2	13390
      1	13391
      2	13403
      3	13460
      1	13481
      2	13490
      1	13502
      1	13527
      1	13528
      1	13545
      2	13572
      2	13595
      1	13671
      1	13681
      1	13682
      1	13699
      1	13738
      1	13740
      1	13745
      1	13749
      1	13844
      1	13857
      3	13871
      1	13890
      1	13934
      1	14016
      1	14022
      1	14061
      1	14065
      1	14118
      3	14127
      1	14159
      1	14163
      2	14184
      1	14217
      1	14222
      1	14223
      1	14226
      2	14229
      2	14289
      4	14297
      2	14361
      1	14364
      1	14392
      2	14404
      1	14436
      2	14446
      1	14469
      1	14507
      1	14523
      1	14540
      2	14543
      1	14554
      5	14569
      1	14593
      1	14595
      1	14602
      1	14654
      1	14745
      1	14747
      5	14768
      1	14797
      2	14876
      2	14891
      1	14938
      1	14949
      1	14963
      1	14973
      1	14986
      1	14989
      2	14996
      1	14999
      1	15036
      1	15067
      1	15070
      2	15084
      1	15098
      1	15188
      1	15234
      1	15260
      1	15272
      2	15282
      1	15303
      2	15320
      1	15321
      1	15399
      1	15414
      1	15427
      1	15453
      4	15458
      1	15467
      2	15492
      1	15496
      4	15530
      7	15536
      1	15544
      1	15590
      1	15602
      1	15619
      1	15653
      1	15661
      1	15663
      1	15724
      1	15816
      1	15829
      1	15839
      2	15856
      3	15868
      1	15889
      1	15902
     10	15915
      1	15951
      1	15952
      1	15993
      3	16007
      2	16015
      1	16017
      2	16023
      1	16050
      1	16124
      1	16129
      1	16148
      1	16164
      1	16171
      2	16181
      1	16200
      1	16226
      5	16230
      1	16239
      3	16261
      2	16269
      1	16276
      1	16284
      1	16331
      1	16340
      1	16394
      1	16424
      2	16442
      1	16447
      1	16493
      1	16560
      1	16573
      1	16594
      3	16614
      3	16620
      1	16635
      1	16649
      2	16689
      1	16715
      1	16728
      1	16788
      2	16798
      2	16810
      1	16812
      1	16853
      1	16887
      1	16896
      1	16907
      1	16977
      1	17010
      2	17017
      1	17019
      1	17070
      1	17128
      1	17129
      5	17143
      1	17214
      1	17220
      2	17225
      1	17267
      1	17315
      1	17317
      1	17343
      2	17352
      1	17361
      2	17368
      1	17381
      1	17389
      1	17414
      2	17553
      1	17557
      1	17592
      1	17623
      1	17628
      1	17655
      1	17736
      1	17756
      1	17759
      1	17807
      1	17835
      2	17887
      2	17901
      1	17923
      1	17947
      1	17954
      1	17968
      1	17972
      1	17975
      1	17990
      1	18002
      2	18003
      1	18040
      1	18077
      1	18100
      2	18109
      8	18144
      2	18230
      1	18264
      1	18271
      5	18348
      1	18354
      1	18402
      1	18405
      1	18472
      1	18498
      1	18499
      2	18515
      6	18590
      1	18636
      1	18641
      1	18643
      1	18649
      1	18666
      1	18688
      1	18700
      1	18704
      1	18720
      1	18780
      1	18790
      2	18796
      1	18851
      1	18883
      2	18907
      1	19016
      1	19101
      2	19131
      2	19150
      1	19173
      2	19212
      1	19223
      1	19224
      1	19239
      1	19268
      1	19339
      1	19362
      2	19405
      1	19411
      1	19418
      1	19475
      1	19481
      1	19489
      1	19498
      4	19527
      3	19543
      1	19578
      1	19580
      1	19582
      1	19585
      1	19631
      1	19678
      1	19745
      1	19763
      2	19774
      1	19794
      1	19831
      1	19879
      1	19880
      1	19890
      1	19897
      2	19904
      1	19931
      1	19944
      1	19958
      1	20018
      1	20035
      1	20049
      1	20118
      1	20122
      1	20160
      1	20170
      1	20226
      1	20249
      1	20251
      1	20280
      1	20284
      1	20307
      2	20324
      1	20358
      1	20375
      1	20385
      2	20480
      1	20491
      1	20549
      1	20599
      1	20648
      1	20681
      1	20687
      1	20721
      1	20740
      1	20752
      2	20768
      1	20780
      1	20808
      2	20831
      1	20846
      1	20852
      3	20865
      2	20882
      2	20892
      1	20906
      1	20991
      1	21019
      1	21042
      1	21078
      1	21121
      1	21133
      1	21135
      1	21154
      1	21180
      1	21201
      1	21237
      1	21271
      1	21276
      2	21297
      1	21303
      1	21314
      1	21380
      2	21399
      1	21406
      1	21483
      1	21533
      1	21573
      2	21607
      1	21610
      1	21623
      1	21639
      1	21665
      6	21699
      2	21761
      1	21783
      1	21791
      2	21830
      2	21833
      1	21838
      2	21842
      1	21877
      3	21882
      1	21915
      1	21946
      2	21949
      1	21971
      2	22019
      1	22023
      2	22063
      5	22070
      1	22077
      3	22171
      1	22194
      1	22234
      1	22290
      1	22304
      1	22309
      1	22333
      1	22355
      2	22365
      1	22426
      1	22427
      1	22459
      1	22508
      1	22515
      1	22516
      1	22576
      1	22606
      1	22626
      1	22682
      4	22689
      1	22721
      1	22834
      1	22836
      1	22884
      1	22889
      1	22911
      1	22929
      1	22954
      1	22970
      1	22973
      1	23013
      3	23023
      5	23029
      1	23031
      1	23048
      2	23052
      2	23061
      1	23092
      1	23094
      1	23113
      1	23134
      1	23136
      1	23204
      1	23255
      1	23298
      1	23309
      1	23328
      1	23329
      1	23335
      2	23354
      1	23393
      1	23397
      1	23410
      1	23412
      1	23426
      1	23439
      1	23449
      1	23452
      1	23483
      1	23498
      2	23526
      1	23549
      1	23557
      1	23566
      3	23577
      1	23599
      2	23670
      1	23673
      1	23685
      1	23720
      2	23726
      1	23742
      4	23828
      1	23843
      1	23844
      3	23851
      1	23857
      1	23875
      1	23904
      3	23918
      1	23932
      1	23936
      4	23961
      1	23983
      1	24067
      2	24135
      1	24136
      1	24144
      1	24149
      1	24168
      1	24178
      1	24184
      1	24200
      1	24228
      1	24266
      1	24270
      1	24274
      1	24321
      1	24325
      1	24338
      2	24339
      1	24370
      1	24376
      1	24383
      2	24394
      2	24412
      1	24476
      1	24511
      1	24570
      1	24590
      1	24640
      1	24741
      1	24794
      1	24806
      1	24817
      1	24821
      3	24829
      1	24830
      1	24852
      1	24883
      1	24895
      1	24934
      1	24941
      1	24956
      1	24961
      1	25004
      1	25024
      1	25049
      1	25054
      1	25087
      1	25125
      2	25189
      1	25202
      1	25218
      1	25289
      1	25338
      1	25347
      1	25394
      1	25419
      1	25454
      1	25482
      1	25511
      1	25523
      2	25527
      2	25538
      1	25556
      1	25563
      3	25598
      1	25630
      3	25663
      1	25695
      1	25700
      1	25732
      1	25845
      2	25852
      1	25857
      1	25869
      6	25889
      2	25891
      1	25894
      1	25899
      2	25908
      1	25939
      2	25960
      4	26014
      1	26043
      5	26045
      1	26072
      1	26108
      3	26111
      1	26114
      2	26127
      5	26135
      1	26176
      1	26229
      1	26249
      1	26290
      1	26296
      2	26341
      1	26359
      2	26399
      1	26417
      1	26420
      3	26435
      1	26460
      1	26482
      1	26520
      1	26533
      1	26542
      1	26552
      1	26597
      1	26625
      3	26682
      1	26748
      1	26777
      1	26788
      1	26791
      1	26826
      1	26827
      1	26866
      1	26917
      1	26923
      1	26929
      1	26947
      1	26959
      1	27016
      1	27023
      2	27033
      1	27039
      2	27046
      1	27051
      2	27065
      1	27076
      1	27120
      5	27121
      1	27151
      1	27153
      1	27223
      1	27226
      1	27230
      1	27292
      1	27297
      1	27310
      1	27319
      1	27323
      2	27326
      1	27409
      1	27440
      1	27446
      1	27459
      1	27474
      1	27495
      1	27503
      1	27509
      1	27519
      1	27568
      1	27571
      1	27603
      1	27740
      2	27773
      1	27822
      1	27825
      1	27849
      1	27880
      1	27890
      1	27915
      1	27944
      1	27959
      1	27966
      1	27968
      1	27972
      1	28020
      3	28025
      1	28031
      1	28059
      1	28062
      1	28088
      1	28098
      2	28106
      1	28241
      2	28244
      1	28278
      1	28293
      1	28305
      1	28331
      1	28340
      1	28342
      1	28364
      1	28366
      1	28415
      2	28463
      1	28469
      1	28486
      2	28538
      1	28584
      1	28631
      1	28658
      2	28675
      1	28678
      1	28692
      1	28746
      2	28824
      1	28840
      1	28859
      1	28865
      2	28905
      1	28916
      1	28929
      1	28939
      4	28960
      3	28967
      1	28993
      1	29024
      2	29028
      1	29061
      1	29105
      1	29110
      1	29120
      1	29136
      1	29171
      1	29178
      1	29206
      1	29207
      2	29246
      1	29271
      1	29277
      1	29298
      4	29311
      1	29324
      1	29350
      2	29374
      1	29385
      2	29438
      1	29456
      1	29467
      1	29477
      2	29515
      1	29516
      2	29524
      1	29595
      1	29632
      2	29646
      1	29723
      1	29733
      1	29767
      1	29771
      1	29772
      1	29780
      1	29826
      1	29864
      1	29879
      1	29945
      1	29948
      1	29966
      1	29971
      1	29988
      1	30048
      5	30060
      1	30179
      1	30200
      1	30206
      1	30288
      1	30289
      1	30313
      1	30318
      2	30321
      1	30391
      3	30402
      2	30410
      1	30422
      1	30430
      1	30443
      1	30486
      1	30527
      1	30578
      1	30621
      1	30628
      1	30658
      1	30661
      1	30668
      1	30676
      1	30688
      1	30704
      1	30716
      1	30754
      1	30760
      1	30776
      1	30804
      1	30820
      1	30863
      1	30877
      1	30880
      2	30957
      1	30964
      1	31042
      1	31063
      1	31074
      1	31105
      1	31130
      1	31201
      5	31227
      1	31232
      2	31360
      1	31389
      1	31395
      1	31456
      1	31472
      3	31473
      2	31481
      1	31499
      1	31536
      1	31550
      1	31574
      1	31588
      1	31590
      1	31630
      1	31644
      1	31700
      2	31718
      1	31780
      1	31787
      1	31806
      1	31848
      1	31937
      1	31979
      2	32011
      1	32014
      1	32032
      1	32079
      1	32114
      1	32129
      3	32137
      1	32186
      1	32193
      2	32194
      1	32211
      1	32249
      1	32283
      1	32351
      1	32404
      1	32426
      2	32446
      1	32453
      1	32466
      1	32481
      2	32483
      2	32484
      1	32490
      1	32498
      1	32547
      1	32551
      1	32587
      1	32651
      1	32657
      1	32661
      1	32672
      1	32698
      1	32717
      1	32718
      1	32749
      1	32761
      1	32776
      1	32793
      1	32857
      4	32863
      1	32876
      1	32889
      1	32893
      1	32895
      1	32950
      1	32951
      1	32970
      1	32980
      1	32994
      1	33002
      1	33004
      1	33028
      1	33066
      1	33069
      1	33125
      2	33192
      2	33194
      4	33292
      1	33313
      1	33356
      1	33391
      1	33401
      3	33442
      2	33465
      1	33499
      1	33505
      1	33519
      1	33662
      1	33693
      6	33768
      1	33869
      1	33921
      1	33962
      2	33971
      2	33972
      1	33980
      1	33990
      3	33992
      2	33999
      1	34011
      1	34035
      1	34054
      2	34123
      1	34146
      1	34217
      1	34219
      4	34261
      2	34308
      1	34324
      1	34382
      1	34405
      1	34423
      1	34446
     17	34452
      1	34479
      1	34496
      1	34513
      3	34531
      1	34567
      1	34579
      1	34666
      1	34676
      2	34678
      1	34706
      5	34708
      2	34721
      1	34725
      1	34732
      1	34746
      2	34758
      1	34763
      2	34773
      1	34787
      1	34797
      1	34805
      2	34817
      1	34918
      1	34921
      2	34975
      1	34979
      1	34992
      1	35004
      1	35033
      1	35056
      1	35067
      1	35096
      1	35124
      1	35142
      1	35181
      4	35223
      2	35229
      1	35230
      1	35269
      1	35325
      1	35349
      2	35376
      1	35382
      3	35391
      1	35397
      1	35518
      1	35519
      1	35534
      1	35547
      1	35571
      1	35590
      1	35591
      1	35596
      1	35613
      1	35618
      1	35655
      1	35666
      1	35667
      2	35684
      1	35720
      1	35744
      2	35818
      1	35825
      1	35854
      1	35886
      2	35897
      2	35908
      1	35931
      1	35949
      1	35978
      1	36044
      3	36056
      1	36083
      1	36107
     10	36112
      1	36205
      1	36282
      5	36437
      1	36447
      1	36534
      1	36559
      1	36566
      1	36584
      1	36587
      1	36604
      3	36608
      1	36636
      2	36642
      1	36693
      1	36706
      1	36710
      1	36719
      1	36734
      1	36750
      1	36774
      2	36800
      1	36838
      1	36840
      2	36863
      1	36896
      1	36924
      1	36930
      1	36945
      2	36946
      1	36959
      1	36970
      1	36982
      1	36985
      8	37016
      2	37052
      2	37087
      2	37127
      1	37188
      2	37247
      1	37250
      3	37271
      2	37277
      1	37292
      1	37308
      1	37321
      3	37333
      1	37341
      1	37350
      1	37354
      1	37358
      1	37363
      1	37380
      1	37388
      1	37410
      1	37432
      2	37465
      1	37475
      1	37493
      3	37499
      1	37513
      2	37521
      2	37526
      1	37535
      1	37540
      1	37553
      3	37573
      1	37574
      1	37597
      1	37628
      1	37640
      1	37648
      2	37738
      1	37744
      1	37765
      1	37784
      2	37792
      1	37802
      1	37804
      1	37850
      1	37856
      1	37883
      2	37895
      1	37904
      1	37922
      1	37939
      1	37945
      1	37959
      1	38019
      1	38039
      1	38052
      2	38058
      1	38121
      3	38171
      1	38184
      1	38210
      1	38224
      1	38240
      1	38243
      1	38259
      2	38265
      3	38285
      1	38302
      2	38324
      1	38334
      1	38352
      1	38381
      1	38398
      4	38447
      1	38480
      1	38484
      1	38512
      1	38524
      2	38544
      1	38557
      1	38564
      1	38596
      1	38600
      1	38631
      1	38632
      1	38652
      1	38687
      1	38688
      1	38713
      1	38775
      1	38802
      1	38807
      1	38813
      6	38839
      3	38926
      1	38938
      1	39030
      3	39032
      1	39049
      2	39075
      1	39094
      4	39159
      1	39175
      2	39176
      2	39184
      1	39193
      1	39206
      3	39234
      3	39265
      1	39319
      1	39330
      1	39337
      2	39361
      1	39377
      1	39381
      1	39394
      2	39403
      1	39436
      1	39448
      1	39484
      1	39489
      1	39500
      1	39515
      1	39530
      3	39561
      3	39578
      1	39622
      1	39638
      1	39747
      1	39754
      1	39788
      1	39789
      2	39807
      1	39869
      1	39933
      1	39947
      1	39969
      1	39999
      1	40020
      1	40051
      1	40056
      1	40057
      1	40063
      2	40085
      1	40091
      1	40093
      1	40143
      1	40210
      1	40223
      1	40332
      1	40354
      1	40358
      1	40370
      1	40389
      1	40412
      1	40432
      1	40480
      1	40517
      1	40530
      1	40537
      1	40617
      2	40659
      1	40668
      1	40694
      1	40788
      1	40789
      1	40791
      1	40802
      1	40817
      2	40835
      1	40860
      1	40878
      1	40883
      1	40898
      1	40955
      1	40958
      1	40972
      1	41080
      1	41147
      1	41152
      1	41174
      1	41185
      1	41198
      1	41203
      1	41242
      1	41347
      1	41355
      1	41358
      1	41376
      1	41396
      1	41411
      1	41414
      1	41438
      1	41443
      1	41480
      1	41569
      1	41576
      1	41582
      1	41601
      1	41618
      1	41619
      1	41636
      1	41656
      1	41700
      1	41721
      1	41744
      1	41749
      1	41751
      1	41753
      1	41760
      1	41791
      1	41892
      1	41896
      1	41928
      1	41936
      1	41962
      1	41973
      1	41986
      1	42013
      1	42083
      1	42107
      1	42120
      1	42121
      1	42135
      1	42163
      1	42196
      1	42218
      1	42265
      1	42277
      2	42321
      7	42328
      1	42343
      3	42372
      1	42388
      2	42404
      1	42489
      1	42536
      3	42549
      1	42554
      2	42597
      1	42674
      1	42699
      1	42755
      1	42757
      1	42797
      1	42888
      1	42914
      1	42965
      2	42970
      1	42992
      4	43026
      1	43053
      1	43056
      1	43057
      1	43061
      1	43078
      2	43080
      1	43107
      1	43111
      1	43168
      1	43171
      1	43212
      1	43215
      1	43221
      1	43228
      2	43277
      2	43304
      1	43308
      1	43336
      2	43337
      1	43345
      1	43366
      1	43386
      1	43394
      1	43456
      1	43498
      1	43506
      3	43531
      1	43583
      1	43588
      1	43598
      7	43611
      1	43627
      1	43629
      1	43645
      1	43669
      1	43689
      2	43693
      1	43714
      1	43744
      3	43763
      1	43833
      1	43835
      1	43845
      1	43853
      1	43890
      1	43913
      1	43953
      1	43961
      1	43987
      1	44029
      1	44058
      1	44067
      1	44072
      2	44078
      1	44105
      1	44117
      1	44169
      1	44190
      2	44226
      1	44228
      1	44248
      1	44254
      1	44262
      1	44305
      1	44341
      1	44346
      1	44374
      1	44381
      2	44407
      1	44448
      1	44479
      2	44489
      1	44499
      1	44558
      1	44572
      2	44666
      1	44724
      2	44759
      1	44777
      1	44801
      1	44816
      1	44879
      2	44968
      2	45018
      2	45145
      1	45147
      1	45210
      1	45219
      1	45227
      1	45248
      1	45278
      1	45289
      1	45294
      2	45368
      2	45371
      2	45397
      1	45443
      2	45456
      1	45464
      4	45465
      1	45539
      1	45570
      1	45594
      1	45603
      1	45641
      1	45700
      1	45703
      2	45708
      1	45770
      1	45808
      1	45847
      1	45877
      1	45913
      1	45916
      1	45921
      1	45938
      1	45942
      1	45958
      1	45995
      1	45998
      3	46026
      1	46125
      1	46149
      1	46173
      5	46180
      1	46208
      1	46232
      2	46267
      1	46290
      1	46300
      1	46301
      1	46328
      1	46354
      1	46372
      1	46383
      1	46388
      1	46409
      2	46412
      1	46417
      1	46433
      1	46436
      1	46450
      2	46488
      1	46499
      1	46551
      1	46554
      1	46598
      1	46604
      1	46615
      1	46643
      1	46650
      1	46652
      1	46656
      5	46733
      1	46734
      1	46753
      2	46767
      1	46784
      1	46788
      1	46793
      1	46873
      1	47059
      3	47073
      1	47104
      1	47165
      1	47191
      1	47226
      1	47229
      1	47293
      1	47307
      3	47311
      1	47384
      1	47388
      1	47392
      1	47421
      1	47440
      2	47491
      1	47552
      1	47575
      2	47597
      1	47621
      2	47660
      2	47698
      1	47704
      1	47721
      1	47731
      1	47768
      1	47769
      1	47778
      1	47787
      1	47788
      1	47811
      1	47844
      1	47845
      1	47855
      2	47882
      2	47902
      2	47905
      1	47924
      1	47950
      5	47989
      1	48104
      2	48128
      3	48135
      2	48164
      1	48170
      1	48178
      1	48180
      8	48189
      1	48205
      1	48213
      5	48279
      1	48331
      1	48348
      1	48354
      1	48362
      2	48367
      1	48369
      1	48426
      2	48427
      1	48447
      1	48455
      1	48470
      3	48514
      1	48521
      1	48533
      1	48544
      1	48613
      1	48621
      1	48623
      1	48651
      2	48681
      2	48698
      1	48699
      6	48708
      1	48759
      1	48760
      1	48773
      1	48776
      1	48839
      1	48847
      2	48870
      1	48887
      1	48965
      1	48977
      1	48980
      2	48995
      1	48997
      1	49007
      1	49012
      2	49082
      1	49106
      2	49121
      2	49131
      1	49191
      1	49200
      1	49218
      1	49229
      1	49247
      3	49250
      1	49273
      2	49330
      2	49387
      1	49394
      1	49444
      1	49513
      2	49519
      1	49536
      1	49567
      1	49598
      1	49623
      1	49640
      1	49646
      1	49658
      1	49678
      1	49684
      1	49697
      2	49709
      1	49755
      1	49804
      1	49842
      1	49884
      2	49922
      1	49943
      1	49967
      1	49971
      2	50001
      1	50072
      1	50205
      1	50214
      2	50216
      1	50233
      1	50302
      1	50323
      1	50352
      1	50362
      2	50389
      1	50394
      1	50485
      1	50503
      3	50508
      2	50537
      1	50584
      1	50590
      1	50606
      1	50607
      1	50645
      1	50646
      1	50668
      1	50686
      1	50697
      1	50731
      1	50798
      1	50810
      2	50844
      1	50860
      1	50862
      1	50899
      1	50910
      1	50948
      1	50954
      1	51042
      1	51073
      1	51078
      1	51108
      1	51127
      3	51151
      1	51166
      1	51183
      1	51313
      1	51320
      1	51334
      1	51362
      4	51369
      2	51392
      1	51394
      1	51433
      3	51444
      1	51493
      1	51525
      1	51582
      2	51593
      1	51644
      1	51766
      1	51771
      1	51795
      1	51812
      1	51822
      1	51835
      1	51881
      1	51888
      1	51908
      1	51925
      1	51932
      1	51949
     15	52044
      1	52143
      7	52181
      2	52224
      2	52243
      1	52261
      1	52266
      1	52308
      2	52311
      2	52323
      1	52343
      1	52360
      1	52406
      2	52414
      1	52425
      1	52450
      1	52453
      1	52462
      1	52479
      1	52618
      1	52620
      1	52645
      1	52679
      1	52694
      1	52724
      1	52734
      1	52769
      1	52811
      1	52814
      1	52832
      1	52895
      1	52906
      1	52914
      1	52917
      1	52968
      2	53004
      1	53014
      4	53032
      2	53048
      1	53051
      1	53069
      1	53091
      1	53093
      1	53104
      1	53120
      1	53218
      1	53224
      1	53256
      1	53301
      1	53337
      2	53349
      1	53364
      1	53423
      1	53450
      2	53494
      1	53495
      1	53500
      1	53511
      1	53516
      1	53531
      1	53552
      2	53583
      4	53584
      1	53610
      1	53612
      1	53618
      1	53624
      1	53775
      1	53820
      1	53864
      1	53866
      1	53883
      1	53895
      1	53898
      1	53925
      1	53951
      2	53971
      1	53992
      1	54001
      1	54025
      1	54059
      1	54102
      1	54127
      1	54166
      1	54182
      4	54184
      1	54229
      2	54356
      1	54370
      1	54372
      1	54416
      1	54429
      1	54461
      1	54495
      1	54508
      1	54520
      1	54592
      1	54594
      1	54600
      1	54605
      1	54661
      1	54662
      1	54725
      1	54729
      2	54733
      1	54787
      1	54804
      1	54806
      2	54811
      1	54834
      4	54838
      1	54842
      1	54857
      1	54874
      2	54878
      1	54888
      1	54926
      1	54944
      1	54983
      1	55085
      1	55198
      6	55217
      1	55224
      1	55237
      1	55282
      1	55303
      1	55342
      1	55362
      2	55382
      1	55390
      2	55418
      1	55436
      1	55445
      1	55475
      5	55477
      1	55496
      1	55498
      1	55500
      1	55520
      1	55543
      1	55547
      1	55607
      1	55608
      1	55615
      2	55655
      1	55676
      1	55717
      1	55736
      3	55746
      1	55747
      1	55795
      4	55818
      2	55828
      1	55843
      1	55849
      1	55864
      1	55899
      1	55908
      1	55919
      1	55981
      1	55998
      1	56006
      1	56027
      1	56058
      1	56064
      1	56078
      1	56080
      1	56133
      2	56153
      2	56187
      1	56229
      1	56261
      1	56305
      1	56318
      1	56323
      7	56348
      1	56366
      1	56473
      1	56564
      1	56573
      1	56615
      1	56625
      1	56647
      2	56693
      1	56720
      1	56758
      1	56774
      1	56821
      1	56860
      1	56903
      1	56921
      1	56950
      1	56975
      1	57001
      1	57063
      1	57074
      1	57101
      1	57105
      9	57110
      1	57119
      1	57131
      1	57144
      1	57171
      1	57181
      1	57187
      1	57209
      1	57218
      1	57315
      2	57332
      1	57375
      2	57383
      1	57393
      1	57409
      1	57464
      1	57470
      1	57502
      1	57503
      1	57525
      1	57527
      1	57554
      1	57566
      1	57643
      1	57645
      1	57684
      1	57688
      1	57719
      1	57751
      1	57764
      1	57808
      1	57823
      1	57829
      1	57887
      1	57950
      1	57958
      1	58011
      1	58033
      1	58062
      2	58069
      1	58121
      1	58134
      1	58177
      1	58208
      1	58214
      1	58241
      1	58248
      1	58385
      1	58393
      1	58416
      1	58434
      1	58448
      2	58459
      2	58468
      3	58515
      1	58527
      1	58555
      2	58578
      1	58620
      1	58723
      1	58734
      1	58750
      2	58786
      1	58815
      1	58876
      2	58887
      1	58953
      8	58968
      1	58988
      1	58993
      1	59001
      1	59003
      1	59016
      1	59069
      1	59076
      1	59103
      1	59110
      1	59120
      1	59134
      1	59139
      1	59158
      1	59165
      1	59177
      1	59178
      2	59210
      1	59215
      1	59231
      1	59245
      1	59247
      3	59255
      1	59288
      3	59304
      1	59397
      2	59401
      4	59421
      1	59434
      1	59440
      2	59441
      2	59571
      1	59582
      1	59590
      1	59619
      2	59624
      1	59658
      1	59666
      1	59669
      1	59696
      1	59697
      1	59700
      1	59715
      1	59748
      3	59758
      1	59788
      1	59818
      1	59884
      1	59947
      1	59976
      1	59984
      1	59987
      1	60017
      1	60059
      1	60062
      1	60063
      4	60085
      1	60103
      2	60210
      1	60232
      2	60247
      1	60263
      1	60278
      1	60284
      1	60306
      1	60307
      2	60335
      1	60382
      1	60403
      1	60427
      1	60482
      1	60499
      6	60501
      2	60563
      1	60565
      1	60584
      3	60631
      1	60653
      1	60682
      2	60687
      1	60712
      2	60714
      1	60724
      1	60761
      1	60762
      1	60773
      1	60792
      1	60813
      1	60877
      2	60909
      3	60910
      1	60922
      1	60926
      1	60959
      1	61021
      1	61048
      1	61086
      1	61105
      1	61119
      1	61156
      2	61234
      1	61235
      2	61261
      1	61272
      1	61281
      1	61317
      1	61330
      1	61369
      1	61374
      1	61445
      1	61447
      1	61460
      1	61507
      1	61547
      1	61590
      3	61602
      1	61705
      1	61759
      1	61773
      1	61776
      2	61785
      1	61787
      1	61817
      1	61848
      1	61855
      1	61875
      1	61886
      1	61934
      1	61945
      1	61961
      1	61971
      1	62004
      1	62013
      1	62047
      2	62051
      3	62053
      3	62063
      1	62084
      1	62087
      2	62108
      1	62119
      1	62126
      1	62149
      1	62158
      2	62183
      1	62189
      1	62223
      1	62284
      1	62296
      1	62313
      1	62337
      1	62339
      1	62343
      1	62353
      1	62360
      1	62392
      1	62395
      1	62447
      1	62461
      1	62518
      1	62519
      1	62532
      1	62534
      1	62602
      2	62607
      1	62609
      2	62650
      1	62654
      1	62665
      1	62730
      1	62762
      1	62790
      1	62794
      2	62808
      2	62809
      1	62868
      1	62908
      1	62967
      1	63018
      2	63036
      2	63044
      1	63050
      1	63055
      2	63058
      1	63060
      1	63072
      1	63075
      1	63078
      1	63126
      1	63130
      1	63147
      1	63160
      1	63173
      2	63176
      1	63259
      1	63313
      1	63338
      1	63341
      1	63363
      1	63409
      1	63433
      1	63450
      1	63481
      1	63499
      1	63617
      1	63632
      1	63635
      1	63641
      2	63642
      1	63656
      1	63667
      2	63696
      1	63733
      6	63743
      1	63751
      1	63797
      1	63830
      1	63832
      1	63834
      1	63885
      1	63890
      1	63904
      1	63946
      4	63950
      1	63984
      2	63999
      3	64017
      1	64032
      1	64036
      1	64095
      2	64111
      1	64117
      1	64164
      1	64239
      1	64261
      1	64307
      1	64313
      1	64344
      2	64395
      2	64446
      1	64476
      1	64502
      1	64510
      1	64513
      1	64520
      1	64533
      1	64537
      2	64552
      1	64594
      2	64649
      1	64674
      1	64679
      1	64752
      1	64776
      1	64791
      1	64837
      1	64884
      1	64932
      1	64958
      1	64978
      1	65048
      1	65053
      2	65060
      1	65161
      1	65187
      1	65206
      1	65274
      1	65278
      1	65294
      1	65296
      1	65322
      1	65356
      1	65408
      1	65414
      1	65422
      1	65436
      1	65443
      1	65459
      1	65478
      1	65499
