      2	11
      3	91
      1	98
      1	233
      2	515
      1	658
      1	719
      1	897
      1	925
      1	945
      2	1139
      1	1180
      1	1184
      1	1229
      2	1236
      2	1366
      1	1370
      1	1527
      1	1552
      1	1649
      1	1822
      1	1841
      1	1966
      1	2068
      4	2221
      1	2231
      1	2260
      1	2284
      2	2302
      1	2335
      1	2342
      1	2417
      1	2452
      2	2600
      1	2635
      1	2654
      1	2683
      2	3121
      2	3188
      1	3322
      1	3332
      1	3353
      1	3391
      1	3492
      1	3493
      1	3503
      1	3650
      1	3690
      1	3778
      2	4063
      1	4098
      1	4146
      1	4292
      2	4434
      1	4445
      2	4486
      1	4664
      1	4671
      6	4928
      1	5028
      1	5042
      1	5057
      1	5059
      6	5210
      1	5287
      1	5314
      7	5472
      2	5477
      1	5640
      1	5673
      1	5757
      1	6095
      1	6108
      1	6173
      1	6183
      1	6194
      1	6217
      1	6271
      1	6321
      1	6518
      2	6563
      1	6626
      1	6753
      1	6775
      1	6949
      1	7024
      2	7120
      4	7195
      2	7198
      1	7209
      1	7231
      1	7301
      1	7313
      2	7376
      1	7550
      1	7612
      3	7651
      1	7887
      1	7956
      2	7967
      1	7981
      3	8217
      1	8376
      1	8548
      2	8583
      1	8675
      7	8715
      1	8730
      1	8739
      1	8834
      8	8888
      1	8902
      1	8977
      2	9011
      2	9038
      1	9135
      1	9154
      1	9185
      1	9220
      2	9269
      1	9484
      1	9503
      1	9755
      1	9784
      1	9855
      3	9900
      1	9936
      1	9950
      1	10053
      1	10064
      1	10094
      1	10095
      1	10102
      2	10106
      1	10148
      1	10283
      1	10385
      1	10391
      2	10428
      1	10589
      1	10595
      1	10724
      2	10965
      1	11106
      1	11213
      1	11278
      1	11347
      1	11378
      1	11382
      1	11548
      1	11721
      1	11766
      1	11969
      1	12010
      1	12041
      1	12117
      1	12253
      1	12312
      7	12369
      1	12397
      1	12593
      1	12768
      2	12809
      1	12910
      1	12919
      1	12970
      1	13047
      1	13081
      1	13185
      2	13294
      1	13335
      1	13411
      3	13528
      1	13555
      1	13643
      1	13825
      2	13937
      1	13994
      1	14038
      2	14062
      1	14079
      1	14227
      1	14249
      1	14258
      1	14299
      1	14381
      1	14475
      1	14539
      1	14643
      1	14876
      1	14897
      1	14985
      1	15058
      1	15099
      1	15103
      2	15185
      1	15318
      1	15357
      2	15362
      1	15509
      1	15511
      2	15631
      1	15655
      1	16017
      1	16059
      1	16151
      2	16153
      1	16240
      1	16297
      1	16322
      1	16355
      1	16359
      2	16491
      1	16505
      1	16549
      1	16553
      1	16796
      1	16818
      1	16827
      1	17080
      1	17149
      2	17226
      1	17251
      1	17313
      1	17357
      1	17411
      1	17584
      1	17665
      3	17699
      7	17746
      5	17773
      1	17810
      1	17840
      1	17934
      2	17989
      1	18270
      1	18342
      1	18348
      1	18590
      1	18707
      1	18823
      1	18824
      1	18932
      2	18968
      1	19143
      3	19148
      2	19221
      2	19241
      2	19353
      1	19385
      1	19417
      2	19481
      1	19486
      1	19543
      1	19608
      1	19644
      1	19668
      2	19743
      1	19760
      1	19974
      1	20049
      3	20213
      1	20333
      1	20348
      1	20369
      1	20469
      1	20493
      1	20497
      2	20516
      2	20618
      1	20620
      3	20683
      1	20777
      1	20848
      1	20883
      2	21022
      1	21042
      1	21236
      1	21285
      1	21315
      1	21318
      1	21389
      4	21532
      1	21612
      2	21710
      1	21713
      1	21717
      1	21802
      1	21842
      1	21939
      2	21944
      1	22127
      1	22178
      1	22194
      1	22275
      1	22350
      1	22417
      2	22590
      1	22633
      1	22727
      1	22731
      4	22822
      1	22829
      1	22902
      1	22926
      4	23021
      1	23053
      1	23066
      7	23178
      1	23199
      1	23353
      1	23411
      1	23412
      1	23528
      1	23549
      1	23645
      1	23822
      1	23948
      1	23991
      1	24007
      1	24097
      1	24251
      1	24514
      1	24582
      1	24589
      1	24734
      2	24740
      1	24764
      1	24892
      1	24980
      1	24991
      1	25044
      1	25195
      4	25219
      1	25311
      1	25318
      1	25469
      1	25627
      1	25759
      1	25805
      1	25905
      7	25996
      1	26043
      1	26055
      2	26072
      2	26101
      1	26262
      4	26286
      1	26290
      1	26364
      1	26589
      2	26590
      1	26690
      1	26724
      1	26726
      1	26748
      1	26851
      1	26911
      1	26912
      1	27039
      1	27135
      1	27162
      2	27276
      1	27414
      1	27677
      1	27686
      1	27716
      2	27765
      2	28070
      4	28297
      1	28314
      1	28316
      3	28697
      1	28910
      1	28986
      4	29164
      1	29211
      1	29253
      1	29286
      1	29314
      1	29541
      2	29612
      1	29747
      2	29760
     14	29772
      1	29773
      7	29925
      1	29945
      4	29948
      1	30056
      1	30104
      1	30591
      1	31078
      1	31435
      1	31480
      1	31510
     15	31615
      1	31789
      1	31895
      1	31901
      1	31934
      1	31966
      1	32252
      1	32257
      1	32283
      1	32337
      2	32358
      1	32368
      1	32390
      1	32398
      1	32510
      1	32583
      1	32622
      1	32652
      1	32654
      1	32698
      1	32825
      1	33064
      1	33069
      2	33082
      1	33143
      1	33332
      1	33454
      1	33480
      1	33674
      1	33759
      1	33825
      1	33871
      1	33908
      1	33972
      1	34090
      1	34129
      1	34188
      1	34277
      1	34356
      1	34398
      7	34414
      1	34449
      5	34486
      1	34516
      1	34778
      1	34832
      1	34928
      1	34961
      1	35119
      1	35194
      1	35254
      1	35320
      2	35366
      1	35391
      1	35521
      1	35570
      1	35806
      1	35833
      1	36094
      1	36213
      2	36239
      1	36260
      1	36371
      1	36428
      1	36493
      1	36532
      1	36636
      1	36696
      1	36735
      2	36868
      1	36922
      1	37035
      1	37252
      1	37357
      1	37379
      2	37511
      1	37594
      1	37683
      1	37761
      1	37789
      1	37900
      1	37963
      2	38034
      1	38447
      1	38498
      1	38549
      1	38640
      1	38836
      1	38939
      1	38958
      1	38960
      1	39053
      1	39133
      1	39227
      1	39277
      1	39420
      1	39484
      1	39727
      2	39738
      4	39759
      2	40038
      2	40045
      2	40068
      2	40195
      1	40314
      1	40341
      2	40362
      1	40542
      1	40597
      1	40624
      1	40637
      1	40869
      1	40923
      2	40933
      1	40995
      1	41043
      1	41056
      1	41133
      1	41159
      1	41249
      1	41493
      9	41669
      2	41749
      1	41774
      1	41871
      1	42015
      1	42036
      2	42165
      1	42183
      1	42204
      1	42217
      1	42522
      1	42657
      1	42693
      3	42852
      1	42888
      1	43032
      1	43055
      1	43518
      1	43536
      2	43730
      2	43958
      1	43961
      1	43994
      1	44001
     11	44078
      1	44194
      1	44228
      2	44232
      1	44321
      1	44330
      1	44386
      2	44409
      2	44528
      2	44536
      1	44636
      2	44655
      1	44793
      1	45001
      1	45005
      1	45093
      1	45178
      2	45251
      1	45401
      1	45506
      1	45595
      2	45660
      1	45757
      1	45963
      3	45975
      1	46067
      1	46075
      4	46356
      1	46368
      1	46474
      1	46513
      2	46608
      1	46735
      1	46904
      1	46931
      1	46963
      1	47053
      1	47102
      1	47144
      1	47277
      3	47463
      1	47497
      2	47689
      1	48064
      2	48251
      1	48326
      2	48349
      1	48353
      1	48376
      1	48401
      1	48462
      1	48504
      7	48764
      1	48864
      1	48925
      1	48946
      1	49025
      1	49071
      4	49104
      1	49147
      1	49342
      1	49345
      1	49441
      1	49506
      1	49566
      2	49575
      1	49588
      1	49659
      1	49753
      3	49823
      1	49885
      2	50059
      1	50068
      4	50290
      1	50420
      1	50483
      1	50494
      1	50526
      1	50536
      1	50564
      1	50850
      1	50895
      1	50901
      1	50983
      1	51002
      1	51051
      1	51136
      2	51175
      2	51253
      1	51270
      3	51493
      1	51520
      1	51644
      1	51745
      2	51749
      1	51757
      1	52000
      1	52069
      3	52398
      2	52414
      1	52596
      1	52685
      1	52700
      2	52735
      7	52797
      2	52861
      1	53205
      1	53223
      1	53288
      1	53423
      1	53477
      1	53744
      2	53902
      1	53943
      1	54059
      1	54087
      1	54098
      1	54135
      1	54230
      1	54245
      5	54393
      1	54479
      1	54666
      2	54696
      1	54743
      4	54777
      1	54813
      1	54834
      1	54947
      1	55047
      1	55054
      1	55093
      2	55102
      1	55181
      1	55287
      5	55429
      1	55486
      1	55554
      1	55578
      1	55585
      1	55609
      1	55813
      1	55854
     14	55919
      1	55998
      1	56001
      3	56142
      1	56232
      1	56245
      1	56258
      1	56292
      2	56350
      3	56368
      2	56450
      2	56483
      2	56524
      1	56673
      1	56702
      1	56768
      1	56791
      1	56861
      1	56874
      1	56914
      2	56930
      1	56935
      1	57050
      1	57125
      1	57238
      1	57283
      2	57367
      1	57624
      1	57634
      4	57711
      1	57714
      1	57735
      1	57784
      2	57909
      2	57978
      1	58009
      1	58104
      2	58206
      1	58207
      2	58216
      2	58240
      1	58395
      1	58500
      1	58543
      1	58647
      1	58655
      1	58700
      1	58769
      1	58805
      1	58812
      3	58821
      1	58845
      1	58886
      1	59097
      3	59140
      1	59202
      1	59279
      2	59324
      3	59441
      1	59467
      1	59677
      2	59691
      1	59720
      2	59737
      1	59781
      1	59811
      1	59837
      6	60048
      1	60226
      1	60268
      2	60292
      1	60307
      1	60327
      1	60529
      1	60531
      1	60935
      1	61148
      1	61244
      1	61251
      4	61261
      2	61276
      1	61280
      1	61312
      1	61322
      1	61382
      2	61548
      2	61753
      1	61761
      1	61973
      2	62007
      1	62014
      2	62067
      1	62298
      1	62345
      2	62412
      1	62752
      1	62930
      1	62980
      1	63150
      3	63165
      1	63633
      2	63657
      1	63723
      7	63997
      1	64145
      1	64152
      1	64174
      1	64239
      1	64498
      2	64535
      1	64670
      1	64680
      1	64744
      2	64829
      1	64969
      8	64981
      1	64990
      1	65138
      1	65160
      1	65215
      1	65230
      1	65330
      3	65419
      1	65467
