      6	11
      1	91
     25	121
      1	171
      1	192
      8	201
     11	202
      1	218
      1	235
      6	251
      1	303
      1	328
      1	329
     10	362
      3	377
      1	379
     10	419
      1	477
      3	488
      1	494
      2	525
      1	531
      1	532
      3	538
      1	554
      1	556
      1	585
    143	590
      1	612
      1	614
      6	662
      1	664
      1	693
      5	702
      1	713
      4	754
      2	775
      2	781
      1	782
      1	806
      1	809
      3	813
      1	834
      1	841
      1	850
      5	855
      1	865
      1	877
      2	880
      2	931
      1	934
      1	959
      1	970
      1	994
      1	995
      3	1016
      1	1018
      1	1039
      2	1070
      1	1089
      1	1106
      1	1116
      1	1142
      1	1155
      1	1160
      2	1162
      1	1182
      1	1196
      2	1232
      3	1248
      1	1253
      4	1254
      1	1261
      1	1264
      1	1273
      2	1275
      1	1305
      1	1331
     10	1358
      1	1359
      2	1373
      1	1378
      1	1387
     21	1441
      1	1493
      1	1502
      2	1505
      1	1518
      7	1554
      2	1656
      1	1676
      2	1680
      2	1704
      1	1728
      6	1729
      6	1733
      1	1738
      5	1782
      2	1800
      4	1802
     12	1813
      2	1814
      8	1857
      4	1860
      1	1896
      1	1908
      1	1913
      1	1928
      1	1929
      3	1930
      2	1940
      7	1943
      1	1947
      1	1974
      2	1989
      1	2008
      2	2020
      1	2024
     15	2030
      1	2031
      1	2034
      1	2041
      1	2057
      4	2067
      1	2072
      1	2087
      1	2093
      1	2103
      1	2114
      1	2153
      1	2154
      1	2170
      1	2183
      1	2248
      1	2347
      7	2349
      3	2350
      1	2356
      1	2369
      2	2388
      1	2417
      1	2426
     32	2457
     12	2471
      9	2474
      2	2475
      2	2481
      1	2490
      4	2504
      3	2505
      3	2509
      1	2514
     41	2566
      1	2589
      2	2600
      2	2617
      1	2665
      1	2667
      1	2688
      4	2693
      1	2722
      1	2735
      7	2743
      1	2757
      3	2767
      1	2793
      2	2802
      1	2813
      4	2836
      1	2849
      1	2866
      1	2973
      1	2995
      2	2999
      1	3005
      1	3010
      1	3014
     10	3026
      9	3058
      2	3108
      1	3119
      1	3123
      2	3175
      1	3200
      4	3212
      2	3255
      1	3257
      1	3273
      1	3275
      3	3278
      2	3279
     24	3307
      1	3333
      1	3343
      2	3358
      1	3379
      2	3388
      4	3417
      2	3425
      1	3450
      1	3486
      2	3499
      1	3525
      4	3569
      1	3572
      1	3612
      1	3616
      2	3636
      2	3637
      2	3645
      5	3651
      2	3663
      3	3671
      3	3678
      1	3690
      1	3709
      5	3732
      3	3754
      5	3779
      8	3781
      3	3792
      1	3808
      1	3811
      2	3822
      1	3824
      7	3826
      1	3846
      1	3857
      1	3874
      1	3894
      1	3896
      3	3907
      1	3914
      3	3922
      2	3925
      1	3933
      1	3936
      1	3950
     17	3962
      6	3977
      1	3995
      1	4008
      1	4020
      1	4032
      1	4047
      1	4064
      6	4071
      1	4073
      1	4106
      3	4108
      1	4113
      3	4120
      5	4122
      1	4129
      1	4137
      1	4139
      1	4145
      1	4153
      2	4162
      1	4176
      1	4186
      1	4191
      3	4198
      1	4208
      1	4230
      1	4232
      1	4238
      1	4264
      1	4291
      3	4292
      3	4318
      1	4321
      7	4336
      1	4361
      2	4379
      1	4419
      1	4434
      1	4444
      1	4462
      2	4496
      3	4524
      9	4552
      1	4561
      1	4585
      1	4609
      1	4634
      4	4639
      2	4640
      1	4644
      1	4667
      5	4684
      1	4689
      1	4780
      2	4801
     47	4849
      1	4860
      1	4871
      2	4878
      4	4888
      1	4904
      1	4922
      1	4926
      4	4937
      1	4938
      1	4964
     24	4969
      1	4982
      1	4993
      1	5005
      1	5033
      5	5043
      2	5069
      5	5102
      2	5136
      2	5142
      2	5151
      1	5161
      1	5178
      1	5187
      2	5188
      1	5218
      1	5231
      1	5238
      1	5254
      3	5261
      1	5266
      2	5287
      6	5313
      1	5358
      1	5377
      5	5389
      1	5403
      7	5405
      4	5408
      1	5424
      3	5432
      1	5441
      1	5457
      1	5473
      3	5476
      2	5492
      1	5521
      2	5526
      1	5532
      4	5541
      1	5564
      1	5585
      6	5588
      1	5589
      1	5591
      3	5598
      1	5607
      1	5612
     11	5613
      1	5618
      3	5622
      1	5662
      1	5674
      1	5680
      2	5701
      2	5723
      6	5731
      1	5743
      2	5745
      1	5753
      1	5768
      2	5794
      1	5810
      1	5814
     15	5830
      5	5844
     22	5860
      2	5867
      1	5885
      3	5891
      1	5915
      2	5921
      1	5926
      6	5931
      2	5936
      4	5959
      7	5963
      3	5969
      2	5988
      1	6004
      6	6020
     14	6064
      1	6070
      8	6088
      1	6098
      1	6115
    125	6124
      2	6128
      1	6143
      2	6148
      1	6156
      4	6172
      7	6180
      6	6208
      1	6219
      1	6283
      3	6286
      2	6299
      4	6332
      1	6338
      1	6339
      1	6361
      1	6384
      1	6415
      1	6416
      1	6423
      1	6440
     24	6494
    217	6497
      1	6518
      1	6543
      2	6551
      1	6555
     18	6558
      5	6603
     10	6614
      1	6710
      1	6796
      8	6821
      1	6825
      3	6827
      1	6833
      3	6855
      7	6881
     14	6915
      1	6949
      2	6969
      2	6980
      1	6981
      2	7011
      1	7041
      4	7101
      7	7109
      1	7118
      1	7129
      1	7139
      1	7141
      2	7152
      1	7187
      1	7191
      1	7198
      1	7202
      1	7223
      1	7224
      1	7248
      1	7252
     12	7273
      1	7276
      2	7281
      1	7321
      2	7326
      8	7356
      1	7361
      3	7364
      2	7404
      9	7449
      3	7450
      5	7457
      1	7466
      1	7496
      2	7499
      1	7526
      1	7528
      2	7544
      1	7554
      1	7586
      1	7603
      2	7610
      2	7616
      1	7638
      1	7647
      2	7651
      1	7652
      1	7670
      1	7687
      1	7689
      5	7692
      1	7713
      1	7723
      1	7724
      2	7783
      8	7814
     14	7817
      1	7828
      1	7833
      1	7842
      1	7849
      1	7863
      1	7892
      1	7911
      1	7941
      1	7942
      1	7956
     39	7970
      4	8011
      1	8018
      1	8054
      3	8089
      3	8091
      2	8101
      4	8105
      2	8117
      1	8118
      1	8119
      2	8128
      1	8129
      2	8143
      1	8150
      2	8153
      4	8154
      3	8172
      1	8198
      2	8212
      7	8248
      2	8268
      1	8269
      1	8279
      1	8281
      7	8312
      2	8331
     13	8341
      6	8354
      1	8364
      5	8365
      1	8405
      1	8410
      1	8416
     14	8472
      1	8473
      1	8482
      2	8490
      1	8495
      7	8497
      1	8501
      3	8506
      1	8525
      1	8558
      1	8567
      1	8618
      1	8629
      1	8634
      3	8647
     46	8657
      2	8664
      4	8667
      2	8668
      4	8671
      1	8672
      1	8677
      1	8702
      1	8718
      8	8728
      2	8745
     12	8760
      2	8777
      1	8787
      1	8790
      2	8800
      1	8812
      5	8814
      1	8835
     22	8839
      1	8947
      1	8960
      1	8962
      1	8966
      2	8969
      5	8987
      3	8991
     20	9007
     11	9028
      1	9031
      1	9063
      5	9066
      1	9122
      6	9155
      1	9164
      1	9178
      1	9182
      6	9185
      1	9190
      3	9205
      1	9229
      1	9234
     22	9240
      7	9254
      1	9259
      3	9267
      2	9315
      1	9316
      1	9317
      2	9326
      1	9368
      2	9383
      1	9386
      6	9432
      2	9434
      1	9466
      1	9473
      1	9485
      1	9489
      1	9506
      1	9530
      1	9543
      1	9573
      1	9582
      1	9663
     32	9670
      4	9705
      2	9760
      6	9765
      1	9773
      1	9781
      2	9805
      2	9835
      1	9868
      1	9869
      1	9872
      1	9891
      4	9900
      2	9901
      1	9928
      1	9949
      1	9967
      1	9985
      2	10014
      1	10026
      7	10030
      1	10062
      1	10066
      1	10074
      1	10093
      1	10100
      1	10167
      1	10208
      1	10214
      1	10274
      2	10275
      5	10314
      1	10316
      2	10327
      1	10338
      1	10357
     10	10368
      1	10407
     20	10413
      1	10447
      5	10454
      3	10456
      2	10491
      4	10504
      2	10536
      1	10552
      3	10555
      1	10558
      1	10591
      1	10612
      1	10616
      1	10631
      2	10654
      2	10705
      1	10724
      3	10746
      3	10758
      2	10770
      1	10796
      2	10822
      1	10824
      1	10845
      2	10864
      5	10871
      1	10875
      1	10877
      2	10908
      1	10913
      3	10938
      3	10996
      2	11007
      1	11012
      1	11013
      2	11048
      1	11059
      1	11067
      3	11071
      3	11090
      1	11109
      3	11124
      6	11125
      1	11172
      9	11235
      2	11250
      1	11290
      2	11298
      2	11339
      4	11366
      3	11402
      1	11443
      1	11524
      1	11534
      2	11548
      1	11561
      1	11569
     15	11580
      1	11608
     25	11611
      4	11655
      1	11677
      2	11711
      1	11713
      4	11718
      4	11736
      1	11741
     23	11751
      1	11753
      1	11760
      2	11765
      1	11772
      1	11784
      1	11793
      9	11795
      1	11832
      1	11834
      2	11868
      1	11871
     14	11876
      1	11892
      1	11910
      1	11921
      3	11926
      1	11930
      2	11975
      1	12121
      8	12127
      1	12170
      1	12188
      1	12298
      5	12303
      1	12304
      1	12322
      1	12323
      1	12336
      1	12339
      1	12345
      3	12358
      1	12359
      1	12363
      5	12384
      4	12388
      1	12396
      2	12397
      2	12409
      2	12447
      1	12488
      2	12496
      1	12500
      1	12516
      1	12567
      1	12650
     14	12666
      4	12674
      1	12694
      1	12705
      1	12722
      1	12740
     13	12741
      1	12745
      1	12750
      1	12767
      4	12792
      4	12814
      1	12828
      2	12854
      7	12862
      1	12896
      2	12928
      3	12932
      1	12933
      1	12936
      1	12945
      2	12948
      2	12956
      1	13005
      8	13016
      2	13031
      1	13054
      2	13065
      3	13083
      2	13118
      5	13119
      1	13177
      1	13184
      1	13194
      1	13236
      2	13249
      1	13266
      7	13291
     15	13292
      2	13298
      1	13300
      1	13338
      4	13343
      1	13344
      1	13349
      3	13362
      9	13371
      1	13377
      1	13384
      1	13390
      2	13414
      1	13418
      1	13431
      1	13439
      4	13477
      3	13499
      1	13503
      2	13522
      3	13525
      1	13539
      1	13571
      2	13572
      2	13654
      1	13668
      9	13675
      1	13679
      1	13681
      1	13682
      3	13714
      1	13734
      1	13745
      1	13756
      1	13757
      1	13797
      2	13805
      2	13854
      2	13865
      3	13870
      3	13871
      1	13880
      1	13886
      1	13927
      1	13928
      1	13937
     29	13945
      1	13952
      4	13954
      1	13970
      1	13972
      1	13979
      2	13983
      1	14025
      4	14029
      1	14052
      2	14137
      1	14138
      1	14148
      1	14184
      1	14192
      1	14198
      1	14229
      2	14261
      9	14288
      1	14289
      3	14292
      1	14293
      4	14297
      2	14305
      1	14325
      1	14328
      5	14349
      1	14400
      1	14410
     13	14416
      1	14424
      2	14429
      1	14442
      1	14443
      1	14481
      2	14518
      8	14540
      1	14580
      1	14597
      3	14665
      1	14674
      4	14675
      7	14684
      1	14705
      1	14714
      1	14719
      1	14748
      1	14764
      2	14767
      2	14768
      1	14775
      4	14800
      1	14804
      2	14824
      1	14827
      1	14839
      4	14867
     38	14876
      1	14880
      5	14898
      2	14921
      2	14930
      1	14936
      1	14969
      1	14980
      1	14986
      3	14999
      1	15029
      1	15085
      1	15120
      2	15131
      1	15163
      3	15183
      1	15206
      1	15225
      1	15247
      4	15248
      4	15260
      2	15266
     13	15282
      2	15290
      1	15292
      4	15304
      3	15310
      1	15345
      1	15349
      1	15360
      2	15362
      7	15372
      8	15399
      1	15401
      2	15425
      1	15431
      1	15438
     15	15458
      2	15466
     17	15467
      1	15472
      1	15483
      1	15498
      3	15499
      2	15515
      4	15520
     16	15530
      1	15534
      1	15611
      1	15614
      3	15615
      2	15619
      1	15650
      3	15659
      6	15671
      1	15687
      1	15704
      2	15708
      1	15722
      1	15724
      4	15739
      1	15747
      1	15748
      1	15754
      1	15818
      1	15839
      5	15853
      2	15854
     26	15857
      1	15884
      1	15906
      1	15920
     10	15923
      1	15925
      4	15939
      2	15955
      1	15957
      1	15974
      1	15975
      1	15977
      9	15984
      1	16014
      1	16017
      3	16022
      1	16033
      1	16070
      5	16094
      2	16099
      4	16108
      1	16117
      1	16122
      1	16136
      2	16144
      4	16148
     31	16153
      5	16181
      3	16195
      1	16209
      1	16225
      1	16226
      2	16234
      5	16247
      5	16254
      4	16276
      3	16281
      1	16285
      1	16291
      1	16297
      4	16312
      1	16317
      1	16345
      1	16360
      1	16394
      2	16408
      1	16439
      1	16482
      1	16503
      2	16526
      1	16534
     10	16554
      1	16563
      2	16581
      1	16583
      1	16602
      1	16608
      7	16620
     28	16622
      2	16628
      3	16637
      1	16656
      1	16660
      2	16675
      1	16678
      4	16679
      2	16682
      1	16704
      1	16711
      1	16712
      1	16725
      1	16741
      1	16748
      9	16753
      1	16788
      2	16812
      5	16814
     12	16823
      1	16852
      1	16866
      3	16935
      4	16944
      1	16960
      1	16976
      6	16977
      2	17014
      1	17015
      1	17018
     29	17019
      1	17057
      2	17061
      1	17062
      1	17087
      4	17115
      2	17134
      2	17161
      1	17198
      2	17225
      2	17238
      2	17252
      1	17255
      1	17258
      2	17267
      4	17280
      1	17287
      1	17296
      1	17328
      1	17333
      2	17354
      1	17365
      4	17399
      1	17404
      1	17434
      1	17439
      3	17447
      1	17451
      1	17466
      1	17489
      2	17500
      2	17550
      7	17569
      1	17603
      3	17613
      1	17641
      1	17652
      1	17761
      3	17780
      1	17821
      1	17828
      1	17837
      4	17880
      1	17887
      4	17908
     24	17917
      1	17921
     10	17934
      1	17964
      2	17968
      7	17975
      4	17989
      1	17990
      2	18023
      2	18037
      1	18050
      1	18092
      1	18108
    450	18144
      1	18147
      2	18164
      3	18180
      1	18203
      1	18210
     10	18215
      2	18227
      1	18257
      1	18292
      9	18302
      4	18333
     47	18348
      1	18364
      4	18377
      1	18387
      2	18403
      1	18414
      7	18417
      1	18444
      1	18451
      1	18492
      1	18498
     10	18500
      1	18520
      1	18529
      3	18551
      2	18567
      2	18575
      1	18589
      1	18590
      1	18606
      1	18607
      3	18612
      1	18636
      2	18656
      2	18672
      1	18694
      1	18696
      1	18698
      1	18707
      1	18726
      1	18736
      1	18749
      9	18761
      1	18764
      1	18776
      6	18801
      1	18803
      1	18805
      2	18810
      1	18830
      2	18833
      2	18864
     14	18899
      3	18907
      2	18939
      1	18980
      1	18981
      1	18983
      2	18992
      2	19008
      1	19012
      7	19062
      1	19081
      3	19085
      1	19131
      1	19139
      2	19150
      1	19173
      2	19195
      1	19202
      9	19221
      1	19247
      1	19255
      1	19280
     14	19305
      1	19321
      1	19322
     22	19330
      1	19354
      1	19356
      3	19362
      1	19364
      3	19399
      4	19405
      1	19411
     30	19425
      2	19429
      3	19441
      8	19457
      1	19467
      1	19474
      2	19480
      1	19510
      1	19513
      1	19520
      8	19543
      1	19547
      2	19560
      2	19568
      1	19572
      5	19580
      1	19611
      1	19648
      1	19651
      4	19664
      1	19675
      2	19678
      1	19680
      1	19688
      2	19696
      4	19745
      1	19765
      2	19779
      2	19781
      2	19801
      1	19850
      4	19888
      1	19904
      1	19925
      2	19936
      1	19943
      2	19946
      1	19957
      1	19974
      6	19984
      2	19998
      2	20017
      1	20020
      1	20033
      1	20035
      2	20037
      1	20049
      1	20061
      3	20062
      1	20065
      1	20067
      1	20081
      1	20097
      1	20195
      1	20200
      1	20204
      6	20212
      1	20227
      3	20228
      1	20282
      1	20322
     43	20326
      1	20344
      1	20346
      1	20364
     10	20375
      1	20398
      1	20417
      1	20423
      1	20428
      9	20458
      1	20478
      1	20487
      2	20489
      2	20494
      1	20504
      1	20516
      2	20524
      2	20545
      7	20549
     10	20589
      1	20611
      1	20622
      3	20649
      1	20666
      1	20670
      2	20681
      1	20682
      1	20685
      1	20718
      2	20719
      1	20743
      6	20756
      1	20772
      3	20804
      3	20826
      3	20830
      4	20834
      1	20852
      1	20861
     14	20865
      4	20871
      1	20889
      1	20908
      1	20911
      4	20914
      2	20917
      3	20922
      6	20932
      8	20971
      3	20978
     10	20989
      2	21076
      6	21082
      1	21098
      1	21125
      1	21157
      3	21201
      1	21243
      2	21248
      3	21253
      4	21258
      1	21262
      1	21297
      1	21321
      1	21333
      6	21335
      1	21337
      1	21344
      2	21347
      1	21348
     33	21369
      1	21370
      1	21373
     11	21407
      2	21424
      3	21428
      2	21447
      3	21448
      2	21464
      1	21466
      1	21489
      2	21503
      2	21511
      3	21516
      1	21553
     14	21563
      1	21598
      2	21607
      1	21612
      3	21617
      1	21621
      1	21652
      1	21655
      4	21686
      1	21691
      3	21693
      6	21730
      1	21799
      1	21807
     10	21810
      1	21817
      1	21839
     16	21885
      1	21893
      1	21913
      1	21926
      1	21939
      1	21960
      3	22010
      5	22039
      2	22050
      1	22118
      1	22132
      2	22134
      1	22161
      3	22165
      1	22192
      1	22198
      9	22202
      1	22219
      2	22221
      2	22232
      1	22243
      1	22295
      2	22306
      1	22329
      1	22334
      1	22347
      2	22365
      4	22386
      1	22391
      1	22392
      2	22394
      1	22405
      1	22436
      1	22459
      1	22462
      1	22486
      6	22490
      3	22531
      1	22545
      1	22546
      6	22547
      1	22598
      1	22632
      1	22633
      1	22657
      2	22666
      1	22669
      3	22682
      1	22694
      1	22710
     32	22719
     32	22743
      1	22773
      1	22783
      1	22792
      1	22819
      4	22823
      1	22866
      1	22867
      1	22894
      4	22970
      5	22978
      1	22995
      1	23011
      1	23019
      2	23022
     20	23023
     12	23033
      1	23055
      2	23070
      1	23086
      1	23100
      4	23105
      1	23120
      1	23122
      3	23150
      1	23162
      2	23166
      1	23184
      1	23200
      2	23201
      5	23213
      5	23216
      1	23260
      7	23266
      2	23288
      1	23306
      1	23307
      1	23309
      1	23332
     44	23354
      4	23360
      1	23374
      1	23379
      1	23397
      1	23400
      1	23402
      2	23412
      1	23439
      4	23446
      3	23456
      2	23471
      1	23493
      1	23494
      1	23509
      1	23510
      1	23526
      1	23528
      5	23542
      1	23549
      2	23566
      1	23587
      1	23609
      1	23631
      1	23653
      9	23671
      1	23673
      1	23683
      1	23694
      1	23742
      1	23754
      1	23767
      2	23784
      1	23795
      1	23808
      1	23827
      1	23833
      1	23852
      1	23875
      3	23876
     10	23888
      1	23895
      6	23904
     21	23932
      2	23933
      1	23940
      1	23972
      1	23976
      1	23995
      2	23997
      3	24013
      1	24020
      2	24037
      1	24049
      3	24052
      1	24054
     14	24061
      1	24071
      2	24088
      7	24116
      3	24122
      3	24125
      1	24130
      3	24140
      1	24143
      1	24170
      3	24174
      1	24203
      2	24212
      1	24218
      1	24236
      1	24251
      1	24256
      9	24265
      1	24275
      1	24287
      1	24289
      6	24290
      1	24308
      6	24333
      1	24340
      2	24342
      1	24345
      4	24363
      1	24375
      1	24376
      1	24456
      1	24465
      1	24487
      1	24492
      2	24506
      2	24525
      1	24539
      2	24570
      5	24589
      2	24626
      1	24638
      5	24698
      1	24705
      1	24708
      7	24713
      1	24799
      3	24801
      1	24817
      1	24896
      1	24946
      1	24953
      1	24963
      1	24971
      1	24975
      1	24985
      1	24991
     93	25024
      3	25055
      1	25058
     15	25060
      2	25062
      1	25073
      1	25101
     13	25133
      3	25145
      1	25176
      1	25177
      2	25179
      1	25258
      1	25275
      1	25280
      1	25296
      8	25339
     10	25358
      1	25367
      2	25375
      1	25379
      2	25394
      4	25396
      1	25406
      2	25410
      1	25428
      1	25431
      1	25447
      1	25468
      1	25488
      1	25499
      1	25517
      4	25527
      2	25530
      1	25538
     19	25541
      4	25556
      1	25563
      2	25599
      2	25645
      2	25646
      4	25647
      1	25656
      2	25678
      1	25680
      4	25695
      1	25749
      2	25760
      2	25780
      8	25781
      2	25785
      1	25813
      2	25818
      1	25828
      1	25838
      1	25852
     14	25857
      1	25881
      5	25894
      1	25899
      9	25959
      9	25960
      1	25970
      6	25983
      1	25992
     10	26002
      1	26013
      1	26023
      1	26028
      1	26057
      3	26087
      2	26093
      1	26109
      1	26135
      1	26147
      1	26157
      1	26161
      2	26206
      5	26207
      1	26211
      5	26227
      1	26233
      5	26238
      6	26264
      1	26291
      1	26332
      1	26358
      3	26373
      1	26434
      2	26435
      2	26443
     12	26451
      1	26470
      2	26477
      1	26502
      1	26546
      1	26553
      4	26556
      2	26574
      1	26586
      3	26611
     16	26625
      2	26626
      2	26627
      1	26630
      1	26656
      1	26662
      1	26664
     10	26666
      9	26682
      2	26709
      1	26718
      1	26726
      1	26733
      1	26769
      1	26790
     11	26795
      4	26829
      1	26841
      3	26849
      1	26851
      1	26863
      2	26865
      5	26909
      2	26913
      2	26915
      4	26927
      1	26946
      1	26947
      1	26964
      1	26970
      2	26973
      1	26979
      2	26992
      1	26994
      1	26998
      1	27014
      1	27039
      3	27052
      1	27064
      5	27069
      1	27138
      3	27142
      1	27183
      1	27197
      1	27198
      3	27232
      1	27257
      1	27259
      1	27272
      2	27275
      3	27293
      5	27306
      2	27350
      1	27367
      1	27370
      1	27388
      1	27395
      2	27397
      1	27400
      2	27446
      1	27464
      4	27485
     16	27495
     27	27509
      1	27512
      3	27516
      1	27517
      2	27519
      1	27554
      1	27568
      1	27579
     23	27580
      1	27610
      1	27619
      1	27622
      8	27625
      1	27640
      1	27714
     14	27719
      1	27729
      1	27740
      3	27847
      1	27853
      2	27875
     18	27880
      3	27891
      1	27900
      3	27927
      3	27935
      3	27944
      8	27954
      1	27958
      1	27960
      4	27995
      1	27997
      2	28012
      4	28025
      1	28032
      1	28035
      1	28066
      1	28077
      1	28107
      2	28145
      2	28166
      1	28175
      5	28186
      3	28212
      2	28219
      1	28220
      1	28244
      3	28250
      1	28254
      1	28257
      1	28285
      2	28291
      1	28302
      1	28305
      6	28308
      1	28317
      4	28325
      4	28335
      1	28340
      4	28365
      1	28384
      1	28395
      1	28403
      3	28408
      1	28469
      1	28506
      2	28520
      5	28555
      1	28557
      4	28589
     10	28594
      5	28664
      1	28673
      1	28675
      1	28709
     12	28727
      1	28765
      5	28778
      1	28798
      2	28827
      1	28839
      1	28846
      1	28847
      1	28885
      1	28894
      1	28905
      4	28911
      2	28929
      1	28957
     42	28960
      1	28962
      1	28973
      2	29002
      6	29016
      2	29028
      4	29031
      3	29043
      1	29051
      1	29067
      1	29086
      1	29093
      1	29099
      1	29106
      1	29116
      1	29124
      1	29163
      1	29169
      2	29175
      1	29195
      1	29202
      2	29203
      3	29211
      1	29219
      2	29229
      1	29233
      1	29246
      4	29265
      1	29273
      2	29286
      1	29287
      1	29288
      2	29294
     29	29298
      1	29316
      1	29324
      2	29339
      1	29359
      1	29367
      1	29371
      2	29372
     11	29375
      1	29383
      1	29385
      2	29405
      1	29408
      1	29417
      1	29431
      1	29442
      1	29456
     21	29473
      1	29475
      3	29513
      9	29524
      1	29527
      8	29535
      2	29545
      5	29588
      1	29595
      4	29612
      1	29630
      2	29753
      3	29760
      1	29761
      1	29772
      1	29795
      4	29799
      1	29811
      1	29813
      3	29849
      3	29855
      2	29863
      1	29865
      1	29875
      3	29879
      4	29880
      1	29881
      6	29888
      1	29910
      1	29918
      5	29945
      1	29947
      1	29948
      3	29950
      1	29983
      1	29990
      3	30027
      1	30035
      1	30045
      4	30058
      3	30064
      2	30079
      1	30090
      1	30103
      1	30104
      1	30116
      3	30145
      1	30151
      4	30163
      9	30167
      4	30169
      2	30186
      1	30194
      1	30202
      2	30208
      1	30246
      4	30257
      1	30263
      1	30283
      1	30291
      1	30311
      4	30318
      3	30325
      4	30363
      1	30422
      1	30434
      4	30439
      2	30441
      9	30443
      1	30445
      1	30446
      1	30459
      1	30483
      1	30501
      2	30509
      3	30520
      2	30544
      1	30554
      3	30555
      1	30563
      4	30573
      1	30580
      2	30592
      2	30627
      1	30633
      2	30672
      1	30704
      1	30707
      1	30711
      1	30719
      2	30727
      1	30754
      1	30792
     14	30801
      2	30824
      7	30848
      4	30858
      1	30897
      2	30933
      1	30951
     13	30957
      6	30973
      1	30975
      2	30979
      2	31006
      1	31010
      1	31032
      1	31037
      3	31049
      1	31054
      1	31080
      2	31095
      2	31098
      2	31100
      1	31112
      2	31119
      5	31156
      1	31198
      1	31211
      1	31249
      1	31261
      2	31265
      1	31287
      1	31297
      1	31331
     10	31397
      2	31412
      3	31413
      1	31416
      1	31435
      9	31437
      1	31447
      1	31455
      1	31466
      1	31469
      1	31499
      6	31505
      1	31510
      1	31520
      1	31521
      1	31535
      1	31544
      1	31557
      2	31562
     25	31573
      3	31578
      2	31581
      1	31594
      1	31600
      1	31606
      1	31613
      1	31633
      1	31634
      1	31666
      1	31687
      1	31691
      1	31692
      2	31700
      3	31703
      9	31732
      8	31783
      1	31812
      2	31815
      2	31858
      3	31860
      1	31866
      1	31905
      1	31915
      1	31919
      7	31943
      1	31990
      3	32025
      1	32038
      1	32060
      1	32061
      1	32078
      2	32079
      3	32117
      1	32120
      1	32124
      2	32165
      1	32194
      5	32206
      1	32211
      8	32235
      1	32237
      1	32259
      1	32345
      1	32382
      1	32391
      2	32404
      1	32414
     13	32429
      2	32520
      2	32531
      1	32540
      1	32544
      1	32574
      2	32575
      1	32621
      1	32626
      1	32648
      1	32653
      1	32675
      1	32679
      1	32686
      2	32738
      2	32740
      1	32765
      2	32770
      1	32773
      2	32797
     16	32863
      2	32942
      1	32944
      1	32960
      1	33002
      3	33069
      1	33080
      2	33090
      1	33092
      4	33097
      5	33115
      1	33135
      2	33149
      2	33171
      1	33175
      6	33217
      1	33218
      1	33231
      1	33242
      1	33246
      2	33292
      1	33311
      1	33319
      1	33338
      4	33342
      1	33350
      8	33356
      6	33357
      4	33379
      2	33408
      1	33454
      2	33461
      2	33462
     20	33465
      1	33474
      2	33480
      1	33502
      1	33510
      4	33511
      2	33513
      2	33531
      1	33536
      1	33565
      1	33577
      1	33587
      1	33624
      1	33630
      2	33658
      1	33682
      1	33685
      1	33700
     28	33733
      1	33768
      7	33779
      1	33799
      7	33876
      1	33885
      2	33900
      1	33913
      1	33917
      2	33945
     11	33971
      1	34007
      2	34026
      1	34060
      2	34077
      1	34100
      1	34114
      1	34123
      2	34140
      1	34150
      2	34160
     10	34219
      3	34242
      7	34261
      2	34279
      4	34308
      2	34333
      1	34388
      6	34393
     15	34452
      1	34481
      1	34490
      1	34504
      3	34537
      4	34549
      1	34575
      1	34592
      1	34670
      1	34671
      1	34676
      1	34695
      2	34704
      5	34708
      1	34721
      1	34724
      1	34746
     12	34757
      3	34763
      6	34773
      1	34783
     10	34805
      1	34812
      2	34839
      1	34846
      2	34876
      1	34898
      1	34949
      3	34961
      1	34970
      1	34975
      1	34983
      1	34987
      1	34990
      1	35071
      1	35073
      1	35077
      1	35086
      1	35124
      1	35144
      1	35160
      2	35162
      2	35181
      1	35184
      8	35186
      2	35200
      1	35205
      1	35217
      9	35223
      1	35249
     17	35267
      4	35275
      1	35308
      1	35310
      2	35313
      2	35314
      1	35328
      1	35334
      3	35337
      2	35347
      1	35360
      1	35394
      6	35397
      1	35452
      1	35488
      1	35497
      3	35504
      3	35522
      2	35558
      1	35574
      3	35598
      1	35601
      1	35615
      1	35625
      3	35633
      6	35644
      2	35666
      9	35667
      1	35674
      8	35708
      5	35709
      3	35712
      1	35717
      1	35737
      1	35748
      1	35814
      1	35824
      1	35835
      2	35851
      3	35866
      1	35879
      1	35892
      1	35898
     10	35916
      1	35918
      1	35953
      2	35959
      1	35961
      1	35985
      1	36020
      1	36028
      5	36041
      2	36044
      4	36056
      1	36066
      2	36091
      2	36111
      3	36112
      7	36145
      1	36148
      3	36151
      1	36172
      1	36212
      5	36215
      2	36223
      1	36265
      1	36276
      1	36288
      1	36289
      2	36291
      1	36318
      1	36333
      1	36359
      1	36371
      1	36390
      1	36428
     17	36437
      4	36441
      1	36452
      2	36456
      1	36460
      1	36494
      1	36498
      1	36508
     18	36530
      2	36534
      3	36566
      3	36609
      1	36622
      1	36628
      2	36639
      3	36651
      9	36667
      2	36675
      1	36715
      2	36718
      1	36726
      1	36754
      1	36780
      2	36787
      2	36810
      1	36840
      1	36846
      5	36854
      2	36856
      2	36860
      1	36863
      3	36868
      1	36893
     14	36904
      2	36924
      2	36930
     17	36935
      3	36945
      1	36951
      1	36961
      1	36980
      2	36984
      4	37000
      1	37016
      2	37034
      2	37043
      1	37049
     53	37052
      1	37055
     11	37058
      3	37061
      2	37068
      4	37087
      2	37091
      2	37116
      5	37127
      2	37181
      1	37184
      2	37190
      4	37196
      4	37246
      2	37251
      2	37256
      1	37258
      1	37260
      1	37264
      1	37269
      1	37271
      1	37281
      1	37305
      2	37318
      3	37333
      8	37358
      2	37370
      1	37387
      1	37391
      9	37401
      4	37411
      1	37413
      7	37420
      2	37442
      1	37450
      4	37474
      5	37514
      1	37560
      7	37572
      4	37588
      2	37594
      6	37617
      8	37668
      2	37708
      2	37716
      1	37723
      3	37724
      1	37743
      3	37744
      2	37746
      5	37747
      2	37769
      1	37773
      1	37782
      1	37792
      1	37797
      1	37805
      1	37809
      3	37810
      4	37814
      1	37828
      1	37839
      5	37867
     15	37872
      3	37890
      1	37915
      3	37922
      2	37938
      1	37969
      1	37991
      1	37997
      1	37998
      2	38017
      4	38021
      6	38055
      1	38084
      1	38127
      1	38138
      2	38155
      1	38163
      1	38166
      2	38255
      1	38269
      1	38272
      2	38285
      1	38288
      3	38291
     23	38298
      1	38325
      2	38330
      5	38333
      1	38334
      1	38343
      5	38369
     53	38398
      1	38400
      4	38405
     14	38439
      1	38441
      2	38444
      2	38446
      1	38480
      2	38484
      1	38544
      3	38549
      4	38557
      1	38583
      9	38605
      2	38624
      1	38627
      2	38628
      2	38631
      5	38704
      1	38716
      1	38746
     11	38756
      1	38758
      2	38781
      6	38787
      1	38795
      3	38796
      2	38803
      1	38807
      1	38848
      2	38896
      1	38927
      3	38936
      2	38937
      1	38946
      1	38969
      1	38983
      2	38993
      1	39072
      1	39084
      4	39093
      1	39122
      1	39124
      4	39132
      1	39143
      3	39156
      1	39168
      1	39175
      5	39184
      3	39186
      4	39193
      4	39204
      1	39208
      5	39234
      2	39241
      1	39258
      1	39266
      1	39294
     11	39305
      1	39307
      2	39315
     10	39321
      1	39337
      2	39372
      2	39377
      1	39400
      2	39410
      1	39427
      6	39448
      3	39458
      1	39459
      1	39460
      1	39479
      3	39515
      1	39529
      3	39537
      3	39561
      1	39571
      1	39581
      2	39588
      2	39612
      2	39624
      1	39645
      1	39646
      2	39667
      2	39669
      1	39698
      8	39702
      2	39721
      1	39727
      4	39738
      1	39739
      2	39747
      3	39759
      2	39762
     20	39771
      2	39777
      9	39783
      1	39792
      2	39797
      1	39832
      1	39834
      1	39848
      1	39850
      2	39947
      1	39956
      1	39964
      1	40004
      1	40013
      1	40030
      1	40031
      2	40047
      2	40055
     33	40057
      1	40063
      1	40084
      2	40101
      3	40119
      1	40132
      2	40136
      2	40152
      1	40170
      1	40172
      3	40193
      4	40204
      1	40212
      2	40238
      1	40278
      1	40279
      3	40283
      1	40297
      9	40330
      1	40332
      3	40340
      1	40354
      1	40371
      3	40384
      2	40389
      1	40438
      5	40439
      2	40442
      1	40483
      2	40499
      1	40503
      1	40515
      3	40542
      3	40546
      1	40570
      6	40581
      9	40598
      1	40635
      1	40675
      2	40687
      1	40692
      2	40705
      1	40707
      3	40711
      4	40718
      2	40727
      2	40737
      2	40738
      1	40788
      1	40810
      1	40811
      2	40816
      5	40817
     11	40830
      2	40845
      3	40868
      1	40928
     18	40950
      2	40967
      2	40995
      4	41026
      1	41027
      4	41030
      2	41032
      1	41048
      2	41059
      2	41080
      1	41107
      3	41122
      1	41129
      3	41152
      1	41218
      6	41222
      1	41235
      4	41241
      2	41251
      1	41257
      1	41287
      1	41291
      1	41312
      1	41322
      1	41344
      1	41361
      2	41381
      1	41435
      5	41457
      2	41466
      4	41474
      1	41478
      1	41498
      2	41509
      1	41523
      1	41544
      1	41549
      1	41582
      1	41592
      1	41613
      2	41619
      3	41671
      1	41679
      2	41682
      3	41707
      1	41714
      2	41733
      3	41738
      1	41742
      4	41749
      2	41785
      4	41791
      1	41794
      3	41811
      5	41849
      2	41853
      2	41869
      1	41898
      1	41904
      2	41909
      1	41931
      8	41972
      1	41973
      1	42024
      1	42034
      3	42058
      2	42087
      2	42135
      1	42165
      1	42183
      1	42190
      1	42209
      1	42210
      1	42217
      1	42257
      2	42262
      3	42275
      2	42292
      1	42317
      1	42322
      1	42332
      1	42333
      8	42335
      2	42340
      1	42355
      2	42359
      1	42380
      1	42388
      3	42395
      1	42514
      2	42516
      3	42517
      4	42560
      2	42564
      2	42565
      1	42575
      3	42585
      2	42630
      1	42645
      2	42647
      3	42651
      1	42661
      1	42662
      3	42674
      1	42684
      1	42687
      1	42695
      1	42699
      3	42713
      1	42761
      3	42778
     25	42797
      2	42824
      1	42837
      1	42845
      2	42851
      3	42855
      3	42877
      2	42879
      1	42949
     14	42969
      2	42970
      1	42978
      3	42982
      9	42991
      2	43022
      1	43032
      1	43080
      7	43111
      1	43117
      1	43120
      2	43148
      1	43166
      4	43168
      1	43190
      6	43202
      1	43207
      2	43210
      1	43222
      3	43225
      1	43240
      6	43248
      2	43258
      1	43265
      2	43281
      1	43290
      2	43294
      1	43310
      1	43318
      5	43342
      1	43355
      2	43381
      1	43391
      2	43396
      1	43403
      1	43405
      1	43422
      4	43449
      9	43484
      1	43496
      1	43499
      8	43501
      1	43552
      1	43555
      1	43557
      1	43603
      1	43617
      1	43633
      1	43648
      3	43653
      2	43659
      1	43709
      1	43748
      2	43769
      2	43772
      3	43826
      2	43827
      1	43829
      6	43852
      6	43856
      1	43857
      1	43894
      6	43900
      1	43906
      1	43914
      2	43947
      1	43955
      5	43958
      1	43987
      1	44021
      1	44056
      2	44058
      1	44078
      1	44081
      3	44084
      1	44085
      1	44099
      1	44105
      1	44114
      2	44122
      4	44136
      1	44139
      2	44170
      3	44181
      1	44185
      2	44211
      6	44228
      1	44236
      1	44237
      5	44273
     16	44291
      1	44324
      2	44367
      1	44381
      6	44389
      1	44431
      1	44460
      2	44486
      1	44506
      1	44550
      1	44561
      1	44570
      5	44575
      5	44583
      1	44607
      1	44641
      1	44643
     24	44672
      1	44673
      2	44713
      1	44716
      4	44724
      1	44726
      1	44773
      1	44774
     10	44777
      2	44807
      1	44833
      3	44856
      3	44913
      1	44914
     22	44927
      1	44933
      1	44942
      2	44945
      6	44976
      1	44995
      1	45022
      1	45036
     10	45058
      1	45059
      1	45070
      3	45108
     19	45111
      1	45142
      1	45167
      3	45173
      3	45179
      1	45183
      4	45188
      1	45210
      2	45223
      1	45225
      5	45241
      1	45247
      1	45255
      7	45261
      1	45263
      1	45276
      1	45282
      1	45331
      4	45332
      2	45341
      4	45352
      1	45368
      6	45371
      1	45377
      1	45410
      2	45424
      2	45425
      8	45457
      1	45462
      1	45464
      3	45488
      1	45539
      3	45547
      1	45550
      1	45562
      8	45586
      8	45587
      1	45596
      1	45620
      1	45623
      1	45641
      1	45703
      3	45708
      1	45758
      1	45767
      2	45778
      1	45813
      5	45854
      1	45877
      1	45898
      1	45929
      1	45942
      7	45943
      5	45954
      3	45958
      1	45998
      2	46006
      1	46025
      5	46061
      2	46065
      1	46071
      1	46075
      3	46095
      1	46100
      2	46134
      1	46144
      1	46146
      1	46177
      1	46260
      2	46267
      1	46272
      2	46301
      1	46315
      1	46330
      2	46374
      5	46381
      1	46392
      1	46414
      1	46415
      3	46430
      1	46443
      3	46454
      1	46467
      1	46476
      1	46486
      6	46489
      1	46498
      2	46499
      1	46541
     15	46559
      1	46574
      2	46588
      1	46598
      3	46650
      1	46663
      2	46664
      1	46680
      2	46690
      1	46698
      1	46703
      6	46733
      1	46740
      2	46743
      2	46773
      1	46784
      1	46788
     22	46799
      1	46812
      5	46813
      4	46841
      1	46844
      1	46851
      1	46859
      1	46866
      2	46931
      1	46940
      1	46949
      2	46950
      1	46963
      1	46976
      1	46999
      2	47016
      1	47031
      1	47055
      1	47056
      1	47076
      2	47103
      1	47129
      1	47135
      1	47144
      1	47164
      1	47168
      2	47174
      1	47185
      2	47205
      1	47218
      1	47234
      1	47277
      5	47286
      2	47299
      3	47320
      2	47372
      1	47384
      1	47431
      2	47435
      2	47440
      7	47465
      1	47499
      1	47522
      3	47526
      1	47585
      3	47586
      1	47593
      2	47606
      1	47643
      1	47662
      3	47700
      1	47702
      1	47707
      2	47721
      4	47750
      1	47772
      1	47798
      4	47863
      1	47873
      2	47894
      1	47910
      1	47927
      1	47931
      6	47943
      1	47952
      1	47978
      2	47979
      2	47980
      3	48005
      2	48011
      1	48021
      1	48026
      1	48032
      5	48039
      1	48041
      2	48081
      1	48083
      1	48088
      2	48091
      1	48123
      2	48128
      5	48134
      9	48135
      1	48158
      1	48174
      4	48180
      4	48196
     14	48203
      1	48209
      1	48232
      3	48254
      1	48256
      1	48277
      1	48309
      3	48326
      1	48359
      3	48366
      2	48382
      1	48407
      3	48412
      1	48422
      2	48435
      1	48495
      1	48499
      1	48508
     25	48514
      2	48533
      5	48535
      5	48544
      1	48548
      1	48577
      2	48579
      1	48598
      2	48614
      3	48664
      1	48676
      1	48721
      1	48729
      5	48760
      1	48793
      1	48810
      1	48812
      2	48838
      1	48845
      1	48856
     21	48870
      1	48874
      1	48902
      1	48918
      6	48924
      1	48927
      1	48944
      1	48946
      1	48953
      1	48975
      4	48984
      1	48987
      2	48989
      1	49073
      1	49086
      4	49102
      1	49120
      1	49123
      1	49232
      2	49298
      4	49301
     23	49312
      2	49315
      2	49328
      1	49336
      2	49347
      1	49361
      1	49378
      1	49393
      1	49435
      1	49439
      8	49444
      2	49445
     48	49487
      1	49538
      2	49543
      2	49548
      1	49567
      2	49577
      1	49586
      5	49598
      1	49606
      1	49623
      1	49637
      1	49644
      1	49658
      2	49661
     13	49726
      2	49736
      1	49751
      1	49755
      1	49768
      1	49777
      2	49784
      7	49812
      1	49822
      4	49823
      2	49827
      4	49842
      2	49852
      2	49854
      1	49862
      1	49870
      1	49883
      1	49903
      9	49936
      1	49955
      1	49956
      1	49980
      1	49991
      2	49994
     11	50049
      1	50054
      4	50097
      1	50104
      1	50115
      1	50146
      3	50168
      1	50170
      1	50308
      1	50345
      6	50353
      2	50383
      3	50388
      1	50403
      1	50424
      1	50440
      1	50471
      1	50479
      2	50484
      2	50496
      4	50508
      2	50536
      4	50547
      3	50554
      8	50560
      1	50565
      1	50572
      1	50584
      1	50590
      1	50608
      6	50645
      1	50675
      2	50680
      1	50708
      1	50720
      1	50721
     10	50725
      3	50728
      3	50731
      1	50742
      1	50754
      1	50784
      1	50810
      1	50834
      1	50841
      1	50849
      3	50872
      1	50875
      2	50892
      1	50901
      1	50905
      1	50910
     10	50920
      1	50988
      1	50996
      2	51036
      1	51041
      2	51047
      3	51085
      2	51095
      3	51112
      2	51163
      1	51166
      2	51198
      1	51215
      3	51270
      1	51282
      1	51294
     25	51296
      1	51326
     30	51354
      1	51358
      2	51359
      1	51370
      3	51383
      2	51385
     13	51386
      1	51411
      1	51436
      5	51440
      1	51490
      2	51494
      1	51536
      1	51539
      1	51540
     17	51549
      1	51554
      1	51566
      2	51567
      1	51576
      8	51588
      1	51598
      2	51612
      1	51635
      6	51645
      5	51694
      1	51712
      2	51715
      2	51744
      1	51762
      5	51771
      3	51810
      1	51846
      2	51871
      3	51881
      1	51888
      3	51893
      1	51899
      1	51900
      1	51901
      2	51910
      1	51936
      3	51941
      2	51946
      1	51947
      2	51957
      1	51961
      2	51990
      1	51994
      1	52007
      1	52013
      1	52020
      1	52027
      6	52029
      1	52030
      8	52072
      3	52090
      2	52091
      1	52108
      1	52117
      1	52154
      2	52155
      2	52181
      1	52186
      1	52188
      1	52224
      1	52243
      1	52252
      1	52255
      4	52268
      2	52274
      1	52309
      1	52320
      2	52324
      1	52360
      1	52382
      1	52397
      2	52400
     37	52414
      1	52422
      1	52468
      1	52477
     10	52496
      1	52501
      6	52532
      1	52563
      2	52564
      1	52565
      1	52570
     10	52594
      1	52625
      1	52650
      5	52706
      1	52710
      1	52720
      3	52754
      1	52755
      3	52776
      2	52794
      1	52877
      1	52908
      1	52910
      3	52949
      1	52966
      1	52979
      1	53000
      1	53001
      2	53019
      2	53044
      1	53054
      1	53081
      1	53088
      1	53093
      2	53117
      1	53123
      1	53131
      1	53141
      1	53144
      2	53145
      1	53146
      1	53147
      1	53158
      7	53167
      1	53169
      1	53199
      3	53204
      1	53205
      1	53223
      1	53228
      2	53232
      2	53245
      1	53283
      1	53333
      1	53339
     42	53349
      2	53357
      1	53363
      1	53374
      9	53405
     32	53420
      2	53427
      8	53436
      1	53457
      1	53477
      1	53489
      3	53539
     10	53550
      1	53566
      1	53596
      1	53613
      1	53639
      1	53676
      1	53685
      1	53711
      1	53737
      1	53740
      7	53758
      1	53770
      1	53775
      1	53791
      1	53799
      1	53801
      1	53817
      1	53925
      1	53943
      2	53948
      2	54003
      3	54005
      4	54008
      2	54014
      1	54043
      4	54056
      1	54075
      4	54096
      2	54104
      2	54122
      1	54123
      4	54127
      1	54140
      1	54183
      1	54196
      4	54208
      1	54220
      4	54267
      3	54273
      2	54305
      1	54325
      1	54335
      2	54356
      1	54357
      2	54367
      1	54402
      2	54405
      2	54422
      1	54438
      4	54446
     10	54515
      7	54537
      3	54558
      1	54565
      5	54583
      2	54594
      1	54615
      1	54619
      1	54621
      2	54626
      2	54698
      2	54729
      1	54760
      1	54774
      1	54792
      1	54803
      6	54807
     23	54817
      4	54848
      4	54874
      2	54887
      2	54888
      1	54926
      2	54930
      1	54950
      4	54972
      1	55043
      1	55072
      2	55085
      1	55129
      1	55134
      1	55138
      2	55143
      2	55177
      1	55189
     10	55198
      1	55219
      1	55245
      1	55278
      1	55297
      4	55303
      3	55305
      1	55362
      1	55383
      3	55394
     10	55408
      5	55435
      6	55526
      1	55527
      1	55563
      5	55578
      1	55593
      1	55625
      1	55660
      2	55664
      2	55673
      4	55676
      2	55685
     15	55716
     48	55736
     41	55746
      4	55767
      1	55776
      1	55788
      1	55812
      2	55814
      5	55818
      1	55839
      1	55864
      2	55868
      2	55888
      1	55912
      1	55916
      1	55917
      2	55928
      1	55931
      2	55945
      1	55963
      1	55969
      3	55976
      1	55977
      4	55985
      3	55998
      1	56010
     24	56028
      2	56037
      1	56084
      3	56091
      1	56103
      3	56130
      4	56133
      2	56143
      2	56162
      1	56178
      1	56202
      7	56205
      2	56210
      1	56237
      1	56244
      1	56269
      1	56286
      1	56315
      3	56323
      4	56328
      1	56363
      3	56382
     11	56404
      1	56407
      1	56434
      1	56437
      1	56469
      2	56470
      1	56484
      1	56487
      6	56551
      2	56562
      4	56574
     12	56583
      1	56589
      1	56595
      1	56601
     27	56616
     15	56621
      1	56622
      1	56642
      4	56647
      5	56649
      4	56671
      2	56672
      1	56693
      1	56697
     20	56704
      2	56706
      1	56719
     21	56720
      1	56730
      1	56740
      1	56757
      2	56771
      1	56810
      1	56823
      2	56860
      5	56905
      2	56916
      2	56930
      2	56939
      1	56945
      3	56956
      2	56965
      1	56975
      1	56990
      2	56996
      2	57020
      2	57025
      1	57061
      1	57063
      2	57072
      1	57074
      3	57092
      4	57133
      4	57136
      1	57144
      2	57154
      1	57203
      1	57206
      1	57255
      1	57268
      1	57278
      2	57300
      1	57315
      2	57316
     11	57332
      1	57337
      1	57374
      4	57383
      1	57393
      2	57415
      3	57420
      1	57428
      4	57446
      1	57447
      1	57466
      7	57470
      1	57473
      6	57496
      1	57502
      1	57513
      7	57514
     34	57525
      2	57529
      4	57544
      1	57562
      1	57566
      2	57607
      2	57614
      2	57619
      1	57645
      1	57666
      1	57675
      2	57684
      1	57714
      1	57719
      1	57721
      1	57737
      3	57744
     10	57767
      4	57784
      1	57831
      2	57840
      2	57890
      1	57910
      1	57993
      7	58000
      2	58006
      2	58029
      1	58036
      2	58058
      1	58104
      1	58116
      1	58170
      1	58208
      2	58216
      3	58235
      1	58251
      1	58276
      2	58281
      1	58297
      1	58314
      2	58318
      1	58349
      1	58358
      1	58363
      2	58384
      2	58422
      1	58445
      1	58480
      1	58488
      1	58511
      7	58518
      3	58519
      1	58521
      1	58526
      4	58527
      3	58548
      1	58552
      2	58554
      5	58563
      1	58569
      1	58578
      2	58586
      1	58591
      4	58594
      2	58634
      1	58636
      2	58646
      7	58653
      8	58670
      1	58673
      1	58674
      2	58684
      1	58698
      1	58703
      1	58723
      2	58731
      2	58748
      1	58751
      1	58780
      2	58782
      1	58791
      1	58792
      1	58805
      4	58806
      1	58812
      1	58845
      1	58870
      1	58882
      2	58889
      1	58901
      4	58913
      1	58914
      5	58916
      1	58930
      3	58981
      4	59001
      2	59005
      3	59017
      1	59052
      1	59073
      2	59105
      1	59109
      1	59112
      5	59158
      4	59165
      2	59172
      1	59178
      1	59193
      1	59206
      1	59236
      3	59238
      3	59239
      1	59245
      2	59262
      4	59275
      2	59277
     12	59278
      1	59281
      4	59286
      1	59291
      1	59304
      1	59349
      1	59474
      1	59514
      1	59522
      6	59529
      1	59561
     10	59571
      1	59576
     10	59579
      1	59593
      1	59596
      2	59597
      1	59613
      2	59644
      3	59647
      1	59673
      1	59676
      1	59729
      2	59742
      3	59748
     25	59753
      5	59755
      1	59762
      3	59800
      1	59807
      1	59827
      1	59854
      2	59866
     16	59867
      2	59879
      1	59912
      5	59951
      2	59960
      7	59987
      3	60007
      2	60056
      1	60058
      3	60076
      1	60095
      1	60137
      2	60148
      1	60151
      2	60163
      1	60174
      2	60186
      2	60189
      1	60191
      1	60230
      2	60232
      1	60243
      1	60253
     20	60284
      1	60295
     11	60307
      2	60352
      1	60354
      4	60378
      2	60392
      1	60458
      1	60460
      1	60501
      2	60541
      1	60543
      1	60559
      3	60563
      3	60576
      1	60579
      1	60597
      2	60652
      1	60669
      8	60671
      1	60737
      1	60743
      1	60789
      2	60791
      8	60797
      1	60801
      2	60802
      2	60838
      8	60839
      1	60847
      1	60866
      1	60872
      1	60877
      1	60880
      2	60882
      1	60902
      1	60939
      2	60957
      1	60959
      7	60969
      1	60991
      1	61002
      2	61006
      3	61029
      2	61033
      1	61066
      2	61074
      1	61086
      1	61091
      2	61092
      1	61120
      2	61121
      1	61141
      2	61153
      1	61178
      3	61180
      2	61182
      1	61184
      1	61227
      3	61228
      1	61238
      2	61243
      2	61249
      1	61261
      1	61280
      1	61301
      2	61310
      2	61335
      1	61342
      1	61359
      2	61376
      4	61386
      3	61392
      6	61398
      1	61402
     10	61445
      2	61454
      1	61455
      2	61508
      1	61528
      2	61531
      1	61580
      1	61585
      1	61635
      1	61649
      1	61668
      2	61684
      3	61698
      1	61724
      2	61736
      5	61750
      1	61783
      2	61792
      1	61817
      4	61832
      1	61836
      1	61843
      1	61857
      2	61908
      1	61910
      1	61924
      1	61944
      1	61979
      2	61987
      4	62001
      3	62010
      1	62014
      2	62053
      6	62063
      2	62066
      1	62081
      1	62082
      5	62084
      1	62087
      2	62098
      5	62106
      1	62108
      1	62138
      1	62149
     14	62155
      2	62183
      4	62194
      2	62211
      1	62217
     15	62225
      1	62238
      2	62267
      3	62318
      2	62332
      5	62340
      5	62349
      3	62356
      3	62357
      1	62362
      7	62379
      1	62382
      1	62427
      2	62432
      1	62435
      1	62452
      1	62476
      1	62500
      2	62531
      1	62534
      2	62535
      2	62568
      1	62574
      1	62577
      1	62579
      6	62607
      1	62615
      1	62631
      1	62633
      1	62644
      1	62645
      2	62650
      1	62713
      2	62718
     11	62719
      2	62736
      1	62744
      3	62785
      1	62791
      2	62803
      1	62843
      1	62854
      1	62868
      1	62872
      2	62894
      1	62909
      1	62943
      1	62994
      3	62995
      4	63009
     40	63027
      1	63032
      3	63043
      4	63066
      7	63072
      3	63079
      2	63098
      2	63114
      3	63119
      1	63150
      1	63165
      5	63171
      1	63197
      3	63206
      1	63216
      2	63245
      1	63323
      1	63362
      7	63375
     12	63381
     16	63421
      3	63442
      1	63451
      3	63465
      1	63474
      2	63478
      1	63495
      1	63503
      6	63509
      1	63521
      2	63601
      1	63606
      4	63615
      3	63642
      2	63655
      1	63663
      1	63680
      2	63684
      1	63705
      1	63715
      1	63719
      2	63735
      3	63743
      1	63751
      1	63764
      1	63787
      1	63789
      2	63811
      2	63825
      1	63839
      6	63889
      1	63893
      2	63900
      1	63921
      2	63950
      1	63974
      1	64001
     11	64002
     21	64007
      2	64017
      1	64018
      1	64020
      3	64025
      1	64038
      1	64082
      8	64084
      1	64100
      4	64117
      1	64126
      2	64132
      1	64138
      1	64142
     10	64170
      7	64172
      1	64204
      4	64219
      1	64237
      2	64242
      1	64252
      1	64255
      1	64257
      1	64268
      1	64305
      1	64314
      1	64325
      1	64339
      7	64340
      3	64371
      2	64384
     15	64402
      4	64438
      2	64444
      2	64454
      6	64469
      1	64470
      1	64485
      2	64488
      1	64504
      1	64523
      2	64540
      1	64543
      1	64597
      2	64629
      4	64633
      1	64637
      8	64676
     10	64679
      1	64695
      1	64751
      1	64760
      3	64763
      1	64769
    104	64794
      1	64798
      6	64818
     14	64838
      1	64846
      1	64848
      1	64853
      1	64864
      2	64868
      1	64882
      1	64884
      1	64908
      5	64913
      9	64951
      1	64991
      4	65009
      2	65053
      2	65088
      5	65090
      2	65104
      1	65113
      4	65123
      2	65124
      6	65133
      2	65153
      1	65173
      1	65195
      1	65197
      1	65209
      1	65224
      1	65232
      1	65267
      3	65278
      1	65296
      1	65305
      2	65317
      1	65324
      3	65334
      3	65352
      1	65373
      2	65386
      2	65418
      1	65452
      1	65460
      1	65469
      1	65480
      1	65489
      2	65509
      1	65530
