      1	5
      2	11
      1	17
      1	34
      1	36
     13	48
      5	91
      1	97
      2	100
      1	162
      1	188
      5	196
      1	198
      2	200
      1	201
      1	219
      3	221
      1	253
      1	260
      1	269
      2	317
      2	332
      2	352
      1	389
      1	401
      1	411
      1	422
      1	426
      1	428
      1	431
      1	437
      1	480
      2	481
      1	484
      2	487
      2	494
      7	496
      3	505
      4	531
      1	545
      1	574
      1	581
      3	590
      1	599
      2	602
      1	607
      1	629
      2	645
      1	674
      1	683
      1	691
      1	718
      1	722
      1	723
      2	740
      1	746
      2	787
      7	796
      1	806
      1	841
      2	864
      1	899
      1	970
      1	979
      1	982
      2	986
      2	1038
      1	1042
      1	1049
      2	1056
      1	1065
      1	1092
      2	1093
      1	1144
      1	1149
      2	1157
      1	1160
      1	1172
      1	1173
      1	1177
      2	1190
      1	1196
      1	1208
      2	1214
      1	1224
      1	1227
      7	1245
      1	1258
     21	1261
      1	1264
      1	1290
      1	1298
      2	1352
      1	1362
      3	1366
      1	1370
      1	1389
      2	1457
      1	1468
      1	1496
      1	1505
     13	1508
      1	1514
      1	1543
      2	1553
      8	1558
      1	1571
      3	1577
      1	1597
      1	1598
      1	1629
      4	1645
      2	1649
      1	1663
      2	1683
      1	1685
      1	1744
      1	1757
      1	1777
      2	1782
      1	1785
      1	1789
      1	1792
      1	1794
      2	1797
      3	1802
      5	1813
      1	1824
      1	1838
      6	1857
      1	1861
      1	1870
      1	1882
      1	1908
      1	1911
      2	1913
      2	1918
      3	1937
      1	1942
      1	1958
      1	1976
      1	1993
      1	2006
      1	2008
      3	2015
      1	2020
      3	2030
      3	2031
      1	2036
      2	2041
      1	2044
      1	2057
      1	2067
      1	2079
      2	2080
      1	2082
      2	2086
      1	2095
      1	2120
      3	2141
      1	2163
      2	2164
     14	2172
      1	2175
      2	2185
      1	2187
      1	2198
      3	2217
      1	2222
      1	2243
      1	2275
      1	2297
      1	2312
      1	2321
      1	2348
      1	2349
      2	2402
      2	2403
      1	2408
      1	2410
     15	2417
      1	2426
      1	2438
      2	2446
      2	2456
      1	2479
      1	2484
      2	2492
      1	2494
      1	2519
      1	2549
      1	2550
      1	2589
      1	2633
      1	2665
      3	2683
      1	2688
      1	2702
      1	2721
      2	2735
      1	2741
      1	2757
      1	2792
      1	2796
      1	2812
      1	2819
      2	2827
      1	2833
      4	2836
      1	2839
      2	2848
      4	2849
      1	2858
      2	2863
      3	2877
      1	2911
      1	2926
      2	2928
      1	2932
      1	2937
      2	2949
      1	2966
      1	2976
      1	2984
      1	2999
      3	3000
      1	3007
      1	3008
      1	3014
      6	3017
      1	3026
      1	3031
      2	3040
      1	3061
      1	3068
      1	3084
     14	3091
      1	3103
      1	3107
      1	3109
      8	3110
      1	3123
      1	3132
      1	3164
      1	3173
      2	3175
      2	3188
      2	3202
      1	3206
      2	3209
      3	3212
      1	3246
      1	3252
      1	3255
      1	3256
      2	3263
      1	3296
      1	3311
      2	3318
      1	3319
      2	3322
      2	3328
     14	3351
      1	3358
      1	3376
      1	3379
      7	3388
      1	3396
      1	3402
      1	3414
      1	3418
      1	3454
      1	3459
      1	3467
      1	3479
      1	3486
      1	3507
      1	3517
      2	3524
      1	3526
      1	3532
      1	3543
      1	3594
      1	3599
      1	3608
      2	3636
      2	3638
      1	3648
      2	3651
      1	3663
      1	3682
      1	3685
      5	3688
      1	3699
      1	3706
      1	3708
      1	3717
      4	3720
      1	3723
      1	3732
      3	3764
      1	3793
      1	3798
      1	3811
      4	3824
      1	3842
      1	3857
      1	3925
      1	3932
      6	3951
      1	3964
      2	3968
      1	3973
      2	3995
      1	4001
      1	4012
      7	4014
      1	4040
      1	4071
      3	4075
      2	4080
      1	4082
      1	4088
      1	4106
      1	4109
      3	4113
      1	4114
      2	4148
      1	4176
      1	4187
      1	4193
      1	4198
      1	4211
      4	4218
      2	4230
      1	4254
      1	4262
      1	4263
      1	4267
      2	4292
      2	4297
      1	4299
      1	4306
      1	4315
      1	4336
     20	4358
      1	4360
      5	4405
      2	4437
      6	4442
      1	4464
     17	4485
      1	4488
      1	4501
      1	4502
      1	4505
      1	4523
      2	4552
      1	4562
      1	4567
      1	4583
      1	4609
      1	4621
      1	4640
      2	4655
      1	4659
      1	4663
      1	4672
      1	4678
      1	4695
      1	4703
      1	4704
      1	4733
      1	4751
      1	4785
      2	4790
      1	4808
      7	4812
      1	4843
     17	4848
      2	4860
      1	4866
      1	4869
      2	4881
      1	4888
      3	4926
      1	4934
      1	4938
      1	4946
     10	4959
      1	4969
     12	4982
      1	5042
      1	5067
      1	5078
      2	5109
      1	5111
      2	5113
      4	5125
      1	5141
      1	5145
      1	5154
      2	5163
      1	5169
      1	5239
     30	5253
      1	5256
      1	5266
      1	5276
      1	5282
      2	5291
      1	5311
      1	5313
      2	5322
      1	5327
      1	5330
      1	5331
      1	5332
      3	5335
      3	5385
      1	5389
      1	5394
      1	5432
      1	5452
      6	5453
      2	5456
      1	5457
      2	5458
      2	5472
      5	5502
      1	5509
      3	5510
      1	5522
      2	5526
      1	5527
      1	5546
      1	5564
      1	5570
      1	5580
      1	5588
      3	5612
      1	5620
      1	5631
      2	5640
      1	5643
      2	5660
      1	5662
      1	5670
      1	5672
      1	5699
      1	5701
      1	5711
      7	5731
      1	5738
      1	5744
      1	5748
      2	5768
      1	5770
      1	5807
      3	5810
      1	5811
      1	5825
      2	5834
      1	5858
      1	5862
      1	5876
      2	5888
      3	5892
      1	5923
      2	5941
      1	5949
      1	5984
      1	6002
      1	6016
      4	6035
      1	6058
      1	6062
      2	6088
      1	6095
      1	6112
     11	6128
      1	6129
      1	6148
      1	6156
      1	6164
      1	6183
      1	6195
      1	6198
      4	6226
      2	6229
      1	6235
      1	6239
      2	6243
      2	6276
      1	6285
      1	6291
      1	6330
      2	6345
      1	6353
      1	6359
      1	6365
     10	6384
      1	6394
      2	6401
      2	6457
      1	6463
      2	6471
      1	6482
      1	6491
      1	6494
      5	6497
      1	6518
     55	6575
      8	6583
      2	6586
      1	6610
      1	6613
      1	6620
      8	6622
      1	6624
      1	6631
      1	6651
      1	6654
      2	6665
      1	6678
      1	6685
      5	6748
      1	6752
      2	6758
      1	6765
     13	6774
      1	6781
      2	6794
      1	6801
      2	6806
      1	6829
      1	6845
      1	6858
      5	6881
      1	6900
      3	6908
      1	6914
      1	6918
      1	6943
      1	6944
      2	6949
      1	6951
      1	6959
      7	6971
      1	6982
      1	6989
      3	7032
      6	7041
      1	7061
      1	7066
      7	7075
      1	7080
      1	7081
      1	7099
      1	7101
      2	7114
      2	7144
      1	7178
      5	7181
      1	7208
      4	7224
      1	7249
      1	7250
      9	7271
      1	7282
      9	7300
      1	7322
      2	7337
      2	7340
      1	7369
      2	7373
      2	7399
      2	7402
      3	7403
      2	7407
      1	7423
      1	7435
      1	7448
      1	7457
      1	7467
      1	7486
      1	7487
      1	7494
      1	7526
      2	7563
      1	7567
      1	7578
      1	7609
      1	7616
      5	7623
      1	7669
      4	7671
      1	7713
      1	7742
      1	7746
      1	7750
      1	7770
      1	7776
      2	7789
      1	7802
      2	7817
      2	7819
      2	7842
      1	7846
      1	7856
      3	7868
      2	7871
      2	7881
      1	7888
      2	7890
      1	7910
      1	7911
      2	7935
      1	7941
      2	7970
      1	7982
      2	7988
      1	7993
      1	8011
      1	8012
      1	8034
      2	8048
      2	8054
      1	8076
      1	8085
      2	8110
      1	8114
      1	8146
      2	8156
      1	8161
      1	8187
      1	8197
      3	8217
      2	8219
      2	8243
      2	8273
      2	8287
      1	8289
      2	8297
      1	8312
      1	8353
      1	8362
      1	8369
      1	8370
      1	8409
      1	8410
      1	8427
      1	8470
      1	8481
      3	8489
      3	8508
      1	8522
      2	8530
      1	8547
      1	8558
      1	8570
      2	8579
      1	8584
      2	8585
      1	8602
      2	8603
      1	8631
      1	8645
      1	8657
      2	8662
      1	8670
      1	8685
      1	8695
      1	8706
      2	8708
      2	8715
      1	8728
      4	8736
      4	8740
      1	8746
      3	8754
      1	8760
      1	8774
      2	8806
      1	8808
      1	8827
      3	8839
      2	8840
      5	8856
      5	8859
      2	8888
      1	8897
      1	8910
      2	8916
      1	8920
      6	8944
      1	8956
      3	8978
     18	9007
      2	9024
      1	9032
      1	9062
      2	9077
      1	9083
      5	9121
      1	9138
      1	9151
      1	9152
      1	9165
      1	9167
      2	9188
      2	9191
      1	9200
      1	9220
      6	9234
      1	9243
      1	9244
      2	9261
      1	9267
      1	9281
      2	9299
      1	9300
      1	9304
      1	9306
      2	9316
      5	9317
      1	9336
      1	9343
      8	9345
      2	9355
      1	9359
      2	9363
      1	9383
      2	9384
      2	9409
      1	9440
      1	9456
      2	9461
      1	9462
      1	9463
      1	9476
      1	9483
      1	9530
      3	9558
      1	9562
      1	9571
      1	9583
      3	9585
      1	9587
      1	9591
      1	9594
      1	9603
      5	9610
      1	9628
      1	9643
      8	9667
      1	9687
      1	9697
      1	9705
      5	9709
      1	9710
      1	9726
      4	9735
      1	9741
      2	9760
      1	9765
      2	9780
      1	9787
      2	9820
      1	9824
      3	9862
      1	9868
      5	9871
      1	9875
      1	9888
      1	9965
      1	9969
      1	10020
      6	10022
      2	10026
      1	10027
      1	10034
      1	10042
      1	10050
      1	10053
      2	10064
      1	10077
      1	10098
      3	10102
      1	10114
      1	10121
      3	10160
      4	10174
     12	10214
      2	10232
      2	10245
      1	10261
      1	10275
      2	10281
      3	10283
      1	10297
      1	10303
      2	10320
      1	10321
      1	10327
      1	10331
      1	10340
      1	10361
      1	10365
      1	10376
      1	10393
      2	10394
      1	10397
      1	10423
      1	10446
      1	10447
      3	10453
      1	10475
      2	10477
      1	10502
      1	10528
      2	10536
      1	10595
    141	10616
      1	10637
      2	10659
      1	10667
      1	10681
      1	10691
      1	10732
      1	10750
      1	10764
      1	10780
      2	10824
      1	10848
      1	10871
      1	10907
      2	10942
     10	10987
      2	11023
      1	11049
      1	11067
     13	11071
      1	11077
      4	11082
      1	11091
      2	11096
      4	11126
      2	11127
      1	11143
      1	11153
      1	11189
     10	11197
      1	11223
      1	11246
      1	11257
      1	11261
      1	11283
      2	11286
      1	11296
      1	11304
      1	11307
      1	11308
      4	11336
      1	11358
      2	11370
      4	11371
      4	11382
      1	11402
      1	11404
      1	11414
      1	11428
      1	11432
      1	11441
      2	11449
      2	11451
      1	11454
      3	11461
      1	11477
      1	11534
      1	11545
      1	11548
      1	11553
      1	11559
     10	11580
      1	11589
      1	11606
      1	11627
      1	11630
      1	11640
      1	11642
      1	11653
     12	11668
      3	11677
      1	11686
      1	11688
      1	11701
      1	11704
      1	11735
      1	11749
      2	11750
      3	11751
      2	11766
      1	11770
      1	11794
      2	11804
      5	11812
      1	11833
      1	11838
      2	11854
      1	11856
      1	11858
      1	11871
      1	11880
      1	11890
      1	11910
      2	11926
      2	11951
      1	11961
      1	11969
      1	11970
      2	11973
      1	12005
      2	12006
      3	12012
      1	12018
      1	12038
      1	12050
      2	12059
      4	12065
      1	12066
      2	12114
      2	12125
      1	12173
      1	12191
      4	12195
      2	12207
      1	12231
      3	12278
      1	12290
      1	12304
      1	12322
      1	12331
      1	12332
      2	12334
      1	12336
      1	12339
      2	12345
      1	12356
      1	12357
      1	12358
      2	12369
      1	12375
      2	12381
      1	12387
      1	12397
      2	12404
      2	12443
      3	12457
      1	12467
      1	12472
      2	12478
      2	12483
      1	12500
      1	12505
      5	12515
      1	12547
      1	12579
      1	12584
      1	12600
      1	12622
      2	12625
      2	12627
      1	12650
      1	12663
      1	12691
      1	12696
      1	12697
      1	12703
      1	12708
      1	12733
      1	12754
      1	12767
      1	12768
      1	12781
      1	12798
      3	12816
      1	12826
      1	12831
      1	12840
      1	12860
      1	12866
      1	12868
      2	12886
      1	12896
      2	12915
      2	12942
      1	12945
      1	12948
      1	12976
      2	12977
      2	12982
      2	12983
      2	12991
      1	13002
      1	13049
      1	13054
      1	13090
      1	13105
      1	13114
      5	13118
      1	13135
      1	13173
      1	13179
      2	13180
      7	13196
      1	13203
      1	13237
      7	13238
      1	13250
      1	13257
      4	13270
      1	13273
      5	13291
      1	13300
      2	13304
      2	13322
      1	13330
      4	13335
      1	13362
      1	13363
      2	13391
      1	13392
      1	13409
      1	13419
      1	13428
      1	13437
      2	13439
      1	13440
      1	13453
      1	13456
      1	13461
      1	13483
      6	13490
      3	13492
      1	13545
      1	13581
      1	13586
      2	13595
      1	13620
      4	13668
      1	13679
      1	13688
      1	13695
      2	13699
      1	13734
      1	13745
      1	13757
      2	13779
      2	13806
      1	13815
      1	13819
      2	13825
     42	13865
      1	13871
      5	13883
      1	13896
      1	13899
      1	13912
      1	13913
      2	13915
      2	13931
      1	13944
      1	13966
      1	13970
      1	13984
      1	14013
      2	14025
      1	14034
      1	14055
      1	14062
      2	14074
      2	14083
      7	14085
      1	14127
      1	14164
      2	14169
      1	14177
      1	14188
      1	14251
      1	14256
      2	14261
      1	14264
      3	14270
      1	14271
      1	14284
      1	14285
      2	14289
      2	14292
      2	14297
      2	14321
      1	14322
      1	14325
      1	14326
      1	14340
      1	14349
      1	14365
      1	14376
      1	14380
      1	14384
      1	14385
      1	14388
      1	14395
      1	14400
      1	14404
      1	14413
     20	14429
      2	14439
      1	14441
      1	14443
      1	14463
      1	14467
      2	14475
      1	14476
      2	14485
      1	14490
      2	14513
      1	14522
      4	14540
      1	14542
      2	14545
      1	14569
      2	14580
     24	14606
      2	14653
      1	14681
     16	14702
      2	14710
      1	14713
      1	14822
      1	14826
      1	14829
      2	14876
      2	14896
      1	14902
      1	14908
      1	14919
      1	14921
      1	14936
      1	14950
      1	14980
      1	14989
      1	14996
      1	15010
      1	15029
      1	15035
      1	15036
      1	15041
      2	15086
      1	15089
      1	15107
      1	15108
      2	15119
      1	15125
      1	15144
      1	15147
      1	15154
      2	15184
      1	15215
      1	15217
      2	15254
      3	15259
      1	15270
      1	15282
      1	15290
      1	15330
      1	15368
      2	15396
      1	15399
      2	15403
     12	15429
      1	15437
     36	15458
      1	15461
      1	15463
      1	15466
      3	15467
      2	15483
      2	15496
      1	15497
      1	15516
      2	15530
      1	15534
      1	15535
      1	15592
      2	15595
      1	15598
      1	15602
      1	15607
      3	15619
      2	15625
      2	15631
      9	15639
      6	15645
      1	15663
      2	15666
      1	15680
      1	15684
      1	15702
      1	15710
      8	15756
      1	15768
      1	15772
      1	15776
      1	15779
      1	15783
      2	15789
      1	15833
      1	15839
      1	15862
      1	15867
      1	15871
      6	15892
      1	15894
      2	15925
      1	15951
      1	15952
      1	15963
      1	15974
      4	15984
      3	15985
      4	15987
      1	15988
      3	16007
      1	16022
      1	16023
      1	16030
      2	16032
      1	16049
      2	16056
      3	16065
      1	16066
      1	16099
      3	16122
      8	16148
      1	16161
      1	16164
      1	16181
      2	16201
      1	16202
      2	16219
      1	16227
      3	16255
      1	16256
      2	16269
      1	16290
      1	16305
      1	16316
      1	16355
      1	16368
      2	16382
      1	16383
     27	16417
      1	16418
      2	16437
      1	16453
      1	16454
      1	16466
      1	16469
      1	16493
      1	16503
      1	16513
      2	16524
      2	16526
      1	16545
      2	16565
      1	16609
      3	16620
      1	16622
      1	16628
      2	16634
      1	16638
      1	16698
      1	16701
      1	16743
      1	16744
      3	16753
      2	16762
      1	16780
      1	16801
      1	16802
      1	16806
      1	16812
      2	16818
      1	16823
      2	16833
      1	16836
      1	16845
      1	16851
      1	16863
      1	16904
      1	16916
      1	16934
      1	16935
      1	16945
      1	16969
      1	16974
      3	16976
      1	16982
      1	16997
      2	17014
      1	17017
      2	17022
      1	17027
      1	17055
      1	17066
      1	17070
      1	17076
      1	17077
      1	17089
      1	17094
      1	17107
      3	17118
      2	17135
      1	17139
      2	17190
      2	17201
      1	17210
      6	17214
      1	17223
      2	17228
      1	17234
      1	17242
      2	17259
      2	17267
      1	17282
      3	17287
      1	17350
      1	17352
      1	17369
      1	17413
      1	17434
      1	17442
      1	17446
      1	17454
      1	17459
      1	17464
      1	17489
      1	17495
      1	17514
      2	17519
      2	17530
      1	17543
      1	17574
      1	17594
      1	17608
      1	17609
      4	17613
      1	17632
      1	17644
      1	17655
      1	17665
      1	17695
      2	17719
      2	17721
      2	17746
      1	17759
      3	17771
      1	17796
      8	17802
      1	17813
      1	17825
      1	17838
      1	17841
      2	17887
      1	17889
      1	17912
      2	17926
      1	17934
      2	17944
      1	17949
      2	17964
      1	17968
      1	17982
      1	18003
      1	18006
      2	18036
      1	18071
      1	18091
      1	18092
      2	18112
      1	18114
     12	18117
      1	18142
      1	18149
      1	18151
      4	18160
      1	18161
      1	18202
      1	18208
      1	18214
      2	18222
      2	18230
      1	18254
      2	18262
      1	18269
      2	18298
      1	18308
      1	18317
     16	18348
      1	18353
      1	18357
      1	18364
      3	18376
      2	18387
      1	18391
      1	18395
      1	18402
      1	18411
      6	18413
      1	18427
      1	18443
     30	18444
      1	18475
      1	18504
      3	18511
      1	18530
     21	18534
      1	18542
      1	18548
      1	18551
      2	18553
      1	18561
      2	18590
      1	18602
      2	18631
      6	18636
      1	18660
      1	18665
      1	18672
      1	18685
      1	18720
      4	18723
      1	18735
      1	18738
      1	18740
      1	18745
      1	18748
      1	18749
      8	18770
      1	18778
      1	18804
      2	18805
      2	18823
      1	18825
      1	18840
      2	18870
      1	18880
      1	18907
     11	18928
      9	18934
      2	18968
      1	19001
      2	19015
      1	19029
      3	19034
      1	19040
      1	19057
      1	19062
      7	19066
      1	19123
      2	19129
      7	19138
      1	19173
      4	19179
      1	19190
      3	19198
      1	19202
      2	19228
      1	19239
      1	19245
      2	19248
      3	19255
      2	19258
      2	19261
      1	19263
      1	19276
      2	19326
      1	19354
      6	19356
     14	19375
      1	19388
      2	19392
      1	19402
      2	19405
      1	19423
      2	19425
      1	19454
      4	19471
      1	19475
      1	19483
      2	19486
      1	19503
      1	19513
      1	19516
      1	19522
      1	19576
      1	19580
      1	19611
      1	19614
      1	19616
      2	19641
      1	19648
      1	19670
      3	19677
      1	19678
      2	19696
      1	19708
      1	19738
      2	19744
      1	19752
      1	19760
      1	19765
      2	19773
      1	19789
      1	19804
      1	19819
      1	19831
      1	19847
      1	19873
      2	19875
      5	19879
      2	19886
      4	19897
      2	19900
      1	19903
      1	19912
      1	19919
      1	19925
      1	19928
      1	19931
      2	19960
      1	19967
      2	19974
      2	19976
      1	19993
      1	20003
     11	20028
      1	20029
      1	20030
      1	20032
      1	20035
      1	20049
      2	20065
      1	20073
      2	20085
      1	20089
      1	20091
      1	20097
      2	20106
     10	20170
      3	20191
      1	20196
      1	20208
      2	20227
      1	20231
      1	20239
      1	20313
      1	20333
      1	20335
      1	20343
      1	20359
      1	20367
      3	20368
      1	20375
      2	20386
      1	20391
      1	20441
      2	20448
      1	20450
      2	20454
      1	20466
      1	20487
      3	20497
      2	20515
      2	20525
      2	20564
      1	20587
      1	20591
      1	20596
      1	20599
      3	20605
      1	20611
      1	20617
      1	20678
      1	20681
      1	20682
      1	20687
      3	20726
      1	20780
      1	20782
      1	20785
      2	20787
      1	20788
      1	20791
      1	20800
      3	20802
      1	20816
      2	20827
      2	20831
      1	20837
      1	20865
      1	20871
      1	20894
      1	20901
      2	20905
      1	20921
      1	20926
      1	20934
      1	20977
      2	20984
     20	20994
      1	20997
      2	20998
      1	21009
      1	21014
      1	21038
      2	21049
      1	21060
      1	21066
      5	21068
      1	21079
      1	21121
      3	21125
      1	21129
      1	21170
      1	21173
      1	21179
      3	21202
      1	21212
      1	21248
      1	21249
      2	21251
      8	21256
      1	21258
      1	21277
      1	21332
      2	21341
      2	21348
      1	21369
      5	21380
      1	21405
      1	21437
      2	21443
      1	21444
      2	21469
      1	21499
      1	21503
      2	21518
      2	21540
      1	21552
      1	21569
     11	21623
      1	21627
      1	21628
      1	21642
      1	21643
      1	21654
      3	21661
      1	21667
      1	21679
      3	21681
      2	21686
      1	21712
      1	21722
      1	21746
      8	21755
      2	21770
      1	21778
      5	21819
      3	21822
      1	21842
      1	21874
      2	21882
      1	21953
      1	21963
      1	21974
      1	22033
      1	22058
      2	22063
      5	22065
     10	22077
      1	22098
      1	22132
      2	22138
      1	22140
      1	22144
      1	22148
      1	22151
      1	22162
      1	22164
      1	22171
      1	22190
      1	22197
      1	22207
      1	22220
      1	22226
      1	22251
      1	22264
      1	22281
      1	22290
      2	22292
      1	22306
      4	22314
      1	22340
      2	22344
      1	22365
      1	22411
      1	22417
      2	22445
      1	22451
      1	22486
      1	22494
      3	22513
      1	22516
      1	22520
      1	22526
      1	22527
      2	22533
      2	22536
      3	22545
      2	22569
      4	22571
      1	22582
      1	22601
      1	22621
      1	22624
      1	22625
      2	22632
      1	22633
      2	22638
      1	22665
      1	22666
      1	22671
      1	22708
    570	22719
      1	22724
      1	22738
      1	22739
      2	22742
      5	22743
      1	22751
      1	22782
      1	22784
      1	22818
      2	22823
      1	22859
      2	22866
      1	22899
      1	22905
      1	22926
      1	22929
      1	22931
      1	22957
      1	22967
      2	22970
      2	22978
      1	22983
      1	23010
      3	23013
      1	23023
      1	23039
      1	23041
      1	23050
      1	23070
      2	23097
      1	23134
      1	23216
      1	23221
      1	23226
      1	23238
      1	23243
      1	23264
      2	23274
      1	23311
      2	23332
      1	23350
      1	23367
      1	23368
      1	23395
      2	23396
      1	23400
      1	23404
      1	23413
     10	23427
      1	23437
      1	23443
      1	23449
      2	23452
      1	23483
      1	23486
      3	23509
      1	23522
      1	23549
      1	23553
      1	23571
      2	23577
      1	23585
      3	23594
      1	23596
      3	23611
      2	23620
      2	23623
      1	23651
      1	23662
      1	23670
      1	23676
      2	23683
      4	23685
      3	23692
      1	23727
      1	23735
      1	23736
      1	23756
      1	23787
      2	23793
      1	23811
      1	23828
      1	23835
      1	23836
      1	23839
      1	23852
      2	23869
      1	23888
      1	23911
      1	23952
      2	23962
      1	23966
      2	23972
      2	23973
      1	23982
      1	23997
      1	23998
      2	24002
      1	24010
      1	24011
      1	24013
      1	24023
      1	24033
      1	24037
     18	24049
      2	24062
      1	24076
      1	24088
      1	24092
      2	24110
      1	24136
      1	24144
      1	24149
      1	24178
      1	24182
      2	24188
      1	24234
      5	24242
      1	24261
      1	24271
      1	24279
      1	24283
      1	24287
      1	24290
      2	24326
      1	24334
      1	24339
      3	24342
      1	24345
      2	24358
      2	24386
      1	24394
      1	24400
      1	24412
      2	24418
      2	24434
      1	24458
      3	24460
      2	24479
      1	24489
      1	24507
      1	24516
      1	24519
      1	24536
      3	24562
      3	24577
      1	24590
      1	24596
      1	24608
      1	24612
      2	24613
      4	24638
      1	24641
      2	24645
      1	24649
      1	24660
      1	24665
      3	24676
      1	24680
      1	24698
      2	24705
      1	24712
      2	24713
      1	24716
      1	24718
      1	24722
      1	24740
      1	24755
      2	24797
      2	24800
      1	24801
      1	24806
      3	24809
      1	24810
      1	24839
      1	24874
      1	24896
      2	24947
      2	24967
      1	24982
      1	24990
      1	24991
      1	25009
      2	25024
      1	25054
      2	25079
      1	25101
      1	25128
      1	25147
      1	25154
      1	25162
      2	25167
      1	25192
      1	25193
      4	25195
      1	25197
      2	25219
      1	25232
      1	25236
      1	25247
      2	25249
      1	25257
      1	25261
      1	25269
      7	25313
      1	25317
      2	25332
      1	25339
      1	25364
      2	25368
      1	25436
      2	25458
      1	25459
      1	25475
      2	25496
      1	25499
      1	25512
      1	25539
     16	25541
      1	25556
      2	25566
      1	25588
      2	25596
      2	25600
      2	25628
      1	25656
      3	25659
      2	25680
      1	25692
      1	25693
      1	25702
      1	25708
      2	25711
      1	25724
      1	25742
      3	25746
      2	25760
      2	25762
      2	25778
      1	25785
      1	25788
      1	25798
      1	25806
      1	25826
      2	25836
      1	25837
      1	25861
      2	25869
      2	25891
      1	25896
      2	25899
      2	25942
      2	25955
      1	25959
      2	25961
      1	25979
      1	25983
      2	25985
      2	25996
      1	26002
      1	26036
      1	26069
      1	26070
      1	26071
      1	26095
      1	26111
      1	26135
      2	26146
      1	26165
      1	26174
      1	26202
      2	26207
      1	26214
      1	26226
      3	26227
      1	26230
      1	26235
      1	26242
      1	26244
      1	26246
      1	26251
      2	26282
      4	26289
      2	26338
      2	26340
      1	26341
      1	26352
      2	26355
      1	26369
      1	26379
      1	26385
      1	26398
      1	26414
      3	26416
      1	26417
      1	26419
      1	26420
      1	26425
      5	26435
      2	26436
      1	26444
      1	26445
      1	26448
      1	26449
      3	26454
      1	26463
      1	26520
      2	26542
      2	26555
      1	26559
      1	26562
      2	26563
      6	26564
      1	26576
      1	26610
      1	26611
      5	26630
      1	26672
      2	26678
     20	26679
      1	26685
      1	26701
      3	26711
      1	26718
      1	26738
      2	26739
      1	26747
      1	26749
      2	26756
      1	26770
      4	26777
      1	26803
      1	26834
      1	26849
      2	26857
      1	26862
      1	26870
      2	26897
      1	26930
      2	26959
      1	26994
      3	26998
      1	27008
      1	27031
      1	27041
      1	27052
      2	27082
      1	27112
      1	27119
      1	27136
      2	27142
      3	27153
      1	27154
      4	27208
      1	27221
      1	27227
      1	27230
      1	27250
      1	27257
      1	27259
      2	27264
      1	27266
      2	27276
      1	27277
      3	27285
      2	27286
      1	27287
      1	27288
      1	27293
      2	27294
      1	27305
      2	27327
      2	27347
      1	27352
      1	27354
      1	27395
      1	27400
      1	27401
     10	27429
      1	27438
      1	27446
      1	27463
      3	27467
      1	27476
      1	27492
      3	27495
      1	27544
      1	27549
      3	27564
      1	27604
      1	27606
      1	27640
      1	27647
      1	27660
      2	27677
      1	27686
      1	27694
      1	27737
      1	27740
      1	27749
      1	27758
      2	27765
      2	27773
      1	27797
      1	27800
      1	27833
      3	27834
      1	27860
      2	27862
      1	27893
      1	27896
      1	27898
      1	27913
      1	27948
      1	27954
      1	27963
      1	27992
      4	28007
      1	28012
      1	28019
      1	28053
      1	28055
     15	28060
      1	28062
      1	28070
      1	28084
      2	28089
      1	28109
      6	28123
      1	28128
      1	28155
      2	28166
      2	28173
      1	28210
      4	28219
      1	28233
      2	28250
      1	28258
      1	28272
      1	28275
      1	28291
      1	28295
      1	28296
      3	28306
      1	28308
      1	28316
      2	28321
      1	28327
      1	28343
      1	28370
      2	28393
      3	28427
      8	28431
      1	28448
      1	28469
      1	28480
      2	28487
      2	28493
      1	28498
      1	28506
      2	28520
      1	28522
      1	28530
      1	28531
      1	28536
      1	28552
      1	28558
      1	28575
      1	28609
      1	28613
      3	28626
      1	28657
     40	28658
      1	28688
      1	28693
      1	28695
      8	28704
      1	28718
      1	28743
      1	28749
      2	28758
      1	28760
      2	28787
      6	28824
      1	28832
      1	28875
      1	28879
      1	28895
      1	28896
      1	28898
      1	28903
      1	28916
      1	28929
      1	28957
      1	28967
     10	28980
      1	28991
      1	29002
      1	29003
      1	29021
      2	29023
      1	29025
      4	29043
      1	29045
      1	29050
      1	29091
      1	29094
      1	29110
      1	29114
      2	29125
      1	29137
      1	29166
      1	29193
      3	29195
      1	29197
      1	29203
      1	29207
      1	29237
      1	29252
      2	29255
      2	29266
      1	29271
      1	29286
      2	29290
      1	29295
      1	29307
      1	29311
      2	29350
      2	29351
      1	29360
      1	29370
      1	29412
      5	29437
      2	29452
      1	29456
      1	29474
      1	29481
      1	29514
      1	29545
      1	29547
      2	29552
      1	29566
      1	29575
      2	29578
      1	29594
      3	29638
      1	29648
      2	29652
      1	29682
      1	29692
      1	29708
      1	29722
      1	29753
      1	29768
      1	29772
      2	29777
      1	29799
      1	29822
      1	29837
      1	29849
      1	29852
      1	29854
      1	29857
      1	29875
      2	29880
      2	29925
      8	29948
      1	29988
      2	30000
      1	30024
      2	30037
      1	30055
      5	30069
      2	30085
      2	30096
      2	30104
      2	30106
      2	30125
      2	30133
      1	30157
      8	30167
      1	30194
      1	30202
      6	30233
      2	30236
      1	30257
      1	30287
      2	30312
      1	30322
     11	30344
      1	30360
      1	30364
      3	30366
      3	30367
      1	30368
      1	30384
      2	30394
      2	30396
      2	30398
      1	30404
      1	30423
      1	30424
      2	30439
      1	30440
      1	30458
      2	30462
      1	30472
      1	30524
     17	30544
      9	30551
      8	30556
      1	30573
      1	30582
      1	30613
      1	30624
     12	30661
      1	30687
      1	30707
      9	30710
      1	30718
      1	30726
      1	30735
      1	30736
      1	30764
      3	30769
      9	30776
      1	30780
      2	30788
      1	30790
      1	30817
      1	30836
      1	30850
      1	30903
      1	30906
      1	30930
      1	30932
      2	30941
      1	30950
      1	30957
      1	30974
      1	30977
      1	30995
      3	31013
      1	31061
      1	31069
      1	31074
      1	31081
      6	31089
      1	31095
      1	31097
      1	31098
      1	31120
      1	31143
      1	31152
      1	31161
      1	31174
      4	31178
      1	31184
      1	31197
      1	31207
      1	31228
      1	31240
      1	31271
      1	31300
      1	31303
      1	31322
      7	31329
      1	31345
      1	31353
      1	31360
      1	31381
      1	31395
      4	31397
      1	31404
      2	31432
      1	31443
      2	31471
      2	31473
      1	31492
      1	31505
      1	31523
      4	31535
      2	31557
      1	31563
      3	31573
      2	31578
      1	31585
      1	31602
      1	31603
      2	31616
      1	31620
      3	31650
      2	31671
      1	31683
      1	31694
      1	31696
      1	31701
      1	31703
      5	31718
      1	31731
      1	31765
      1	31774
      2	31777
      1	31787
      1	31804
      1	31814
      1	31826
      1	31903
      1	31911
      1	31936
      1	31949
      1	31971
      1	31982
      2	31985
      1	31989
      1	31995
     35	32019
      2	32038
      1	32060
      1	32089
      1	32114
      2	32115
      1	32125
      1	32129
      2	32173
      1	32174
      1	32180
      1	32194
      1	32196
      1	32206
      1	32208
      3	32239
      3	32251
      1	32256
      2	32257
      1	32283
      2	32313
      4	32345
      2	32350
      7	32353
      1	32382
      1	32390
     10	32405
      1	32408
      2	32409
      2	32425
      1	32426
     10	32431
     10	32439
      3	32444
      2	32450
      1	32469
      1	32510
      2	32512
      2	32515
      1	32520
      1	32531
      1	32547
      4	32567
      1	32575
      5	32583
      1	32588
      1	32611
      1	32620
      1	32626
      1	32646
      2	32653
      3	32657
      1	32660
      1	32663
      1	32675
      1	32683
      1	32689
      1	32704
      1	32735
      1	32737
      1	32738
      1	32740
      1	32743
      2	32744
      2	32750
      3	32756
      2	32794
      2	32795
      1	32809
      1	32810
      1	32822
      1	32851
      1	32864
      1	32876
      1	32890
      1	32899
      2	32931
      1	32934
      1	32942
      1	32967
      1	32970
      1	32978
      1	32980
      3	33028
      1	33036
      1	33044
      2	33045
      2	33066
      1	33069
      1	33074
      1	33086
      2	33087
      1	33115
      1	33123
      1	33124
      1	33131
      2	33134
      1	33139
      1	33149
      1	33183
      1	33201
      2	33203
      1	33221
      1	33277
      2	33291
      1	33294
      4	33356
      1	33358
      1	33408
      1	33409
      1	33426
      2	33428
      1	33430
      1	33446
      1	33496
      2	33499
      1	33503
      1	33514
      1	33517
      1	33520
      1	33526
      2	33527
      1	33531
      1	33541
      1	33560
      1	33571
      1	33595
      2	33606
      1	33623
      1	33640
      1	33662
      3	33700
      1	33708
      1	33733
      1	33759
      1	33762
      2	33769
      1	33779
      1	33783
      1	33787
      1	33821
      2	33825
      1	33840
      2	33853
      2	33866
      1	33874
      2	33876
      1	33885
      1	33888
      1	33889
      1	33897
      1	33900
      2	33916
      1	33942
      2	33964
      1	33981
      1	33982
      1	34004
      1	34007
      9	34030
      1	34054
      1	34062
      1	34098
      2	34133
      1	34144
      1	34158
      2	34177
      1	34188
      1	34190
      1	34210
      1	34219
      1	34248
      1	34256
      1	34259
      1	34283
      6	34313
      1	34315
      1	34324
      3	34356
      1	34374
      2	34388
      1	34390
      1	34394
      2	34411
      2	34414
      1	34426
      2	34439
      2	34451
      3	34452
      1	34457
      1	34458
      1	34526
      1	34528
      1	34530
      1	34531
      1	34536
      1	34538
      1	34542
      1	34548
      1	34550
      1	34553
      1	34555
      1	34556
      1	34567
      2	34570
      2	34590
      1	34592
      2	34606
      1	34608
      1	34625
      1	34657
      1	34658
      1	34670
      1	34678
      1	34689
      2	34721
      6	34727
      1	34749
      2	34750
      1	34764
      1	34774
      2	34780
      1	34827
      1	34846
      1	34853
      1	34860
      1	34864
      1	34922
      1	34925
      1	34931
      1	34943
      1	34945
      1	34961
      1	34974
      3	34975
      1	34992
      1	34994
      1	35008
      1	35009
      2	35021
      1	35032
      1	35067
      1	35074
      2	35086
      3	35087
      1	35093
      1	35135
      1	35141
      1	35142
      3	35146
      3	35179
      4	35187
      2	35190
      1	35191
      3	35203
      6	35216
      1	35218
      1	35227
      1	35284
      1	35311
      7	35316
      2	35322
      1	35327
      1	35328
      3	35336
      2	35347
      2	35365
      3	35376
      2	35408
      1	35435
      1	35452
      2	35471
      1	35496
      1	35498
      3	35508
      2	35514
      1	35518
      3	35527
      1	35542
     18	35545
      1	35554
      1	35559
      1	35575
     16	35576
      1	35582
      1	35587
      4	35591
      1	35596
      2	35597
      1	35601
      1	35622
      1	35630
      1	35651
      1	35686
      1	35697
      6	35708
      1	35717
      2	35725
      2	35731
      1	35733
      1	35748
      1	35750
      2	35767
      1	35777
      1	35778
      1	35782
      2	35800
      2	35801
      1	35806
      1	35818
      1	35820
      1	35826
      1	35835
      1	35838
      3	35839
      2	35866
      3	35897
      1	35906
      2	35940
      2	35948
      1	35953
      1	35955
      1	35962
      1	35978
      2	35993
      3	35996
      3	35997
      1	36023
      4	36030
      1	36044
      1	36058
      1	36062
      3	36089
      1	36100
      9	36112
      1	36116
      1	36123
      1	36145
      1	36157
      1	36163
      1	36166
      1	36172
      1	36183
      1	36209
      1	36214
      1	36215
      1	36220
      1	36222
      1	36223
      1	36239
      1	36243
      1	36244
      1	36268
      1	36289
      1	36292
      1	36293
      2	36334
      1	36339
      1	36341
      1	36350
      1	36353
      1	36374
      1	36390
      1	36395
      1	36406
      8	36437
      2	36438
      1	36463
      2	36465
      1	36472
      1	36474
      2	36481
      1	36483
      1	36496
      1	36499
     17	36540
      2	36542
      1	36549
      1	36553
      3	36568
      1	36580
      1	36584
      1	36621
      3	36641
      1	36646
      1	36651
      1	36737
      1	36743
      1	36778
      2	36800
      1	36809
      2	36838
      1	36846
      4	36848
      1	36856
      1	36883
      1	36886
      1	36909
      2	36924
      1	36938
      1	36945
      1	36946
      1	36953
      1	36967
      2	36969
      2	36987
      1	37000
     11	37010
      2	37016
      1	37021
      1	37025
      1	37048
      1	37052
      1	37062
      1	37064
      9	37087
      1	37091
      1	37111
      4	37127
      1	37135
      6	37139
      1	37141
      1	37149
      1	37161
      1	37173
      2	37180
      1	37181
      1	37201
      2	37205
      1	37217
      1	37223
      1	37243
      2	37264
      1	37307
      3	37308
      1	37321
      1	37333
      1	37348
      1	37349
      3	37358
      1	37367
      2	37370
      1	37374
      1	37392
      1	37400
      1	37425
      1	37429
      3	37442
      1	37445
      1	37465
      1	37478
      1	37481
      1	37493
      1	37503
      2	37511
      1	37513
      1	37535
      1	37553
      2	37565
      1	37566
      1	37601
      1	37610
      2	37617
      1	37638
      4	37640
      1	37661
      1	37672
      1	37679
      2	37704
      1	37708
      2	37710
      2	37731
      1	37735
      1	37738
      1	37741
      1	37743
      3	37744
      1	37757
      1	37773
      1	37782
      1	37785
      2	37816
      2	37817
      1	37846
      1	37849
      1	37853
      2	37856
      1	37865
      1	37870
      2	37878
      5	37885
      1	37895
      2	37896
      4	37906
      1	37910
     94	37916
      1	37938
      1	37939
      1	37943
      3	37973
      7	37980
      2	37983
      1	38018
      2	38034
      1	38047
      1	38050
      3	38062
      1	38094
      2	38102
      1	38116
      1	38163
      3	38195
      1	38218
      2	38226
      1	38229
      3	38238
      1	38239
      2	38251
      1	38255
      2	38304
      2	38322
      1	38325
     10	38336
      1	38345
      1	38357
      1	38367
      1	38388
      1	38390
      1	38392
      1	38394
      1	38397
      2	38398
      1	38419
      1	38438
      2	38439
      1	38441
      5	38447
      1	38459
      3	38466
      1	38468
      1	38473
      2	38480
      1	38483
      1	38503
      2	38513
      1	38523
      2	38538
      1	38544
      1	38557
      2	38583
      1	38596
      2	38611
      1	38627
      1	38628
      2	38631
      1	38652
      1	38659
      1	38676
      1	38677
      2	38681
      7	38687
      1	38708
      2	38714
      1	38716
      1	38720
     34	38736
     72	38743
      1	38746
      1	38753
      6	38756
      2	38795
      1	38803
      1	38809
      2	38852
      1	38856
      2	38865
      1	38881
      2	38893
      1	38896
      2	38925
      3	38927
      2	38943
      1	38950
      1	38960
      1	39018
      1	39024
      1	39032
      3	39040
      1	39049
      1	39071
      4	39072
      1	39109
      1	39119
      1	39126
      1	39127
      1	39156
    107	39159
      1	39167
      7	39175
      1	39176
      1	39190
      1	39199
      1	39202
      3	39213
      2	39239
      1	39241
      1	39257
      1	39258
      1	39265
      1	39295
      1	39296
      1	39305
      1	39315
      5	39325
      3	39337
      2	39344
      4	39365
      2	39368
      1	39377
      1	39379
      2	39432
      1	39434
      7	39437
      2	39445
      3	39458
      1	39485
      1	39515
      1	39524
      2	39533
      2	39561
      1	39569
      2	39570
      2	39628
      1	39631
      1	39645
      1	39665
      1	39673
      1	39702
      2	39709
      1	39721
      4	39748
      4	39759
      1	39762
      2	39770
      1	39822
      1	39842
      1	39862
      4	39868
      1	39887
      1	39915
      3	39921
      1	39928
      1	39959
      1	39971
      1	39979
      2	39990
      1	40010
      1	40022
      1	40029
      2	40031
      1	40034
      3	40063
      1	40082
      8	40097
      2	40101
      1	40103
      1	40110
      1	40112
      1	40123
      3	40132
      4	40152
      1	40169
      1	40179
      1	40193
      1	40202
      1	40209
      5	40210
      1	40223
      3	40224
      1	40262
      1	40279
      1	40312
      1	40313
      1	40317
      4	40320
      1	40322
      1	40330
      5	40347
      2	40371
      2	40394
      1	40424
      1	40439
      1	40442
      1	40463
      3	40473
      1	40477
      3	40483
      1	40499
      1	40521
      2	40540
      2	40542
      1	40566
      2	40577
      2	40597
      2	40629
      2	40638
      1	40639
      2	40641
      1	40648
      1	40652
      1	40662
      1	40675
      1	40692
      1	40710
     14	40713
      1	40718
      1	40734
      1	40737
      1	40759
      1	40811
      1	40815
      1	40835
      1	40879
      1	40899
      1	40905
      1	40916
      2	40950
      1	40952
      1	40953
      2	40959
      1	40963
      1	40991
      8	40995
      1	41003
      1	41030
      2	41032
      1	41051
      2	41053
      1	41056
      1	41070
      1	41080
      1	41086
      2	41096
      1	41108
      1	41119
      2	41122
      1	41132
      1	41133
      1	41141
      2	41148
      1	41152
      2	41168
      1	41174
      2	41185
      1	41198
      1	41213
      2	41216
      1	41247
      1	41251
      1	41274
      1	41287
      1	41292
      1	41293
      1	41298
      1	41322
      1	41333
      1	41339
      1	41345
      1	41355
      1	41357
      1	41361
      1	41376
      1	41379
      3	41380
      1	41406
      1	41429
      1	41478
     22	41490
      1	41492
      1	41509
      1	41580
      1	41592
      1	41618
      2	41622
      1	41656
      2	41733
      1	41738
      1	41744
      1	41753
      1	41774
      1	41782
      4	41811
      1	41817
      1	41849
      2	41857
      5	41861
      2	41871
      1	41888
      2	41902
      1	41904
      3	41936
      1	41945
      2	41956
      1	41965
      1	41983
      2	41985
      3	41997
      1	42006
      1	42011
      1	42015
      3	42016
      1	42060
      1	42069
      1	42085
      1	42087
      1	42114
      1	42144
      1	42155
      1	42177
      1	42193
      1	42197
      1	42229
      1	42251
      1	42257
      2	42277
      1	42286
      2	42300
      1	42316
      1	42333
      1	42346
      1	42359
      1	42365
      1	42372
      3	42388
      2	42389
      1	42394
      5	42411
      1	42447
      3	42459
      2	42472
      3	42475
      1	42476
      2	42516
      1	42517
      1	42530
      1	42547
      1	42564
      2	42569
      1	42575
      1	42593
      3	42597
      2	42605
      1	42627
      1	42647
      2	42661
      2	42670
      1	42677
      1	42679
      1	42686
      1	42689
      1	42708
      3	42713
      1	42726
      2	42728
      1	42744
      2	42748
      8	42797
      1	42835
      1	42845
      1	42866
      1	42879
      1	42888
      1	42910
      1	42930
      1	42957
      1	42969
      1	42991
     10	42992
      1	43022
      1	43026
      1	43030
      1	43039
      2	43040
      1	43042
      1	43053
      1	43055
      1	43080
      1	43090
      9	43094
      1	43095
      1	43100
      2	43112
      1	43113
      1	43134
      2	43164
      1	43165
      1	43166
      1	43168
      2	43169
      1	43171
      1	43180
      6	43204
      1	43207
      1	43208
      1	43215
      1	43223
      5	43225
      1	43227
      1	43228
      1	43229
      1	43240
      1	43250
      1	43252
      8	43257
      1	43276
      1	43277
      1	43278
      1	43281
      1	43286
      1	43305
      1	43317
      2	43322
      1	43336
     11	43337
      5	43339
      1	43343
      1	43346
      2	43385
      1	43396
      1	43397
      1	43418
      2	43424
      3	43427
      1	43429
      1	43461
      1	43462
      1	43472
      1	43499
      1	43506
      1	43518
      4	43531
      2	43543
      1	43554
      1	43558
      1	43582
      1	43599
      2	43611
      1	43617
      1	43627
      2	43645
      1	43647
      1	43659
      1	43673
      2	43685
      1	43689
      1	43719
      3	43730
      1	43737
      1	43739
      1	43762
      1	43770
      2	43795
      2	43811
      1	43827
      1	43831
      2	43832
      1	43858
      2	43901
      1	43906
      2	43907
      3	43920
      2	43931
      1	43947
      3	43958
      1	43969
      1	43972
      1	43989
      3	44010
      1	44012
      1	44018
      2	44021
      1	44024
      3	44029
      1	44032
      1	44046
      1	44061
      1	44063
      1	44064
      1	44073
      1	44076
      5	44078
      1	44084
      2	44094
      2	44102
      2	44105
      3	44112
      2	44117
      2	44123
      1	44150
      1	44170
      1	44181
      1	44182
      1	44185
      1	44194
      2	44195
      1	44199
      1	44214
      2	44228
      2	44247
      2	44249
      2	44252
      2	44273
      1	44297
      1	44311
      2	44314
      1	44316
      2	44322
      2	44330
      1	44367
      1	44386
      1	44407
      1	44438
      2	44442
      1	44478
      1	44481
      1	44483
      2	44487
      2	44489
      2	44536
      1	44575
      3	44583
      1	44600
      1	44628
      2	44636
      1	44639
      1	44644
      1	44646
      2	44649
     10	44672
      2	44700
      1	44713
      1	44715
      1	44716
      3	44726
      2	44741
      1	44758
      1	44777
      1	44793
      1	44794
      1	44799
      1	44801
      1	44812
      1	44813
      4	44829
      1	44832
      2	44833
      1	44843
      1	44866
      2	44876
      1	44884
      1	44885
      7	44896
      2	44903
      2	44913
      1	44932
      1	44939
      3	44959
      1	44982
      2	44999
      1	45010
     16	45022
      1	45031
      1	45044
      2	45058
      1	45098
      1	45108
      3	45132
      1	45134
      1	45135
      1	45141
      2	45142
      1	45143
      2	45145
      2	45152
      1	45156
      1	45157
      1	45167
      1	45178
      1	45180
      1	45186
      1	45213
      1	45223
      1	45225
      2	45250
      1	45253
      1	45255
      2	45308
      1	45349
      2	45358
      1	45393
      2	45396
      1	45397
      1	45406
      1	45422
      1	45437
      1	45444
      2	45464
      1	45486
      1	45488
      1	45500
      2	45517
      2	45538
      1	45547
      1	45570
      1	45596
      2	45599
      2	45615
      1	45620
      1	45623
      1	45642
      1	45645
      1	45646
      1	45647
      1	45663
      1	45671
      5	45678
      2	45704
      1	45708
      1	45733
      1	45752
      2	45757
      1	45778
      1	45854
      1	45900
      1	45901
      1	45920
      1	45921
      1	45940
      1	45943
      1	45947
      3	45949
      1	45955
      1	45958
      2	45969
      1	45977
      1	45983
      1	45995
      1	46006
      1	46008
      3	46012
      2	46034
      1	46040
      2	46075
      1	46077
      1	46108
      1	46115
      1	46154
      1	46160
      1	46163
      1	46172
      1	46174
      1	46177
      1	46210
      1	46228
      1	46232
      1	46236
      2	46237
      6	46249
      1	46253
      1	46264
      2	46267
      3	46274
      1	46288
      2	46303
      1	46347
      1	46348
      1	46354
      1	46357
      1	46374
      1	46377
      1	46408
     10	46417
      1	46429
      1	46430
      1	46432
      1	46437
      1	46450
      2	46458
      6	46499
      1	46511
      7	46514
      1	46526
      3	46544
      1	46554
      1	46588
      2	46598
      1	46606
      1	46608
      1	46642
      1	46645
      1	46680
      1	46690
      2	46698
      1	46703
      4	46716
     16	46721
      1	46724
     12	46733
      1	46734
      1	46740
      2	46745
      1	46767
      4	46773
      1	46783
      1	46834
      1	46917
      1	46925
      1	46992
      5	47016
      5	47024
      1	47025
      1	47044
      1	47046
      1	47060
      1	47089
      1	47103
      1	47126
      1	47133
      5	47175
      2	47197
      1	47205
      1	47213
      2	47223
      1	47226
      1	47230
      2	47260
      1	47293
      1	47295
      1	47299
      1	47309
      1	47351
      2	47366
      3	47373
      2	47375
      5	47380
      1	47384
      2	47394
      3	47410
      2	47419
      1	47425
      1	47435
      1	47437
      1	47440
      2	47443
      1	47444
      1	47447
      1	47464
      4	47486
     23	47491
      2	47492
      2	47527
      1	47546
      1	47551
      1	47552
      1	47573
      2	47584
      1	47593
      1	47600
      1	47615
      2	47622
      1	47655
      1	47659
      1	47672
      2	47675
      1	47684
      1	47693
      1	47700
      1	47719
      1	47772
      1	47787
      2	47789
      1	47802
      1	47803
      1	47806
      2	47847
      1	47851
      4	47858
      1	47873
      1	47877
      1	47905
      1	47915
      2	47931
      1	47954
      1	47980
      2	47981
      1	47992
      1	48013
      2	48029
      1	48035
      4	48047
      1	48062
      3	48067
      1	48101
      1	48123
      3	48125
      1	48128
      3	48135
      1	48144
      1	48180
      2	48181
      1	48208
      1	48232
      1	48256
      1	48272
      1	48274
      2	48279
      1	48292
      1	48300
      1	48312
      1	48318
      1	48319
      1	48329
      2	48336
      2	48359
      1	48390
      1	48406
      2	48412
      1	48414
      2	48415
      3	48420
      1	48434
      1	48438
     11	48455
      1	48458
      1	48485
      2	48526
      1	48533
      1	48561
      1	48567
      2	48578
      1	48579
      3	48590
      1	48599
      1	48602
      1	48607
      1	48614
      1	48623
      2	48651
      1	48658
      5	48675
      1	48680
      1	48689
      1	48692
      1	48699
      2	48721
      2	48749
      2	48756
      2	48764
      1	48777
      1	48806
      1	48808
      1	48824
      1	48843
      3	48870
     14	48885
      1	48901
      1	48903
      2	48921
      8	48924
      1	48948
      1	48964
      1	48965
      1	48974
      1	48983
      1	49010
      1	49012
      1	49030
      2	49104
      1	49118
      8	49120
      3	49160
      1	49177
      2	49180
      1	49201
      1	49206
      1	49235
      3	49247
      1	49251
      1	49268
      1	49272
      2	49277
      1	49305
      1	49312
      2	49314
      2	49315
      1	49329
      4	49344
      2	49361
      5	49362
      1	49377
      1	49398
      2	49403
      2	49415
      1	49421
      1	49422
      1	49435
      2	49445
      1	49453
      6	49465
      1	49483
      2	49490
     23	49491
      2	49501
      1	49505
      1	49506
      1	49519
      2	49532
      1	49548
      1	49568
      1	49577
      1	49582
      1	49584
      1	49588
      1	49595
      1	49606
      2	49625
      1	49633
      1	49640
      1	49655
      3	49667
      1	49668
      1	49680
      1	49697
      1	49720
      2	49733
      1	49736
      1	49746
      1	49758
      1	49768
      2	49770
      1	49795
      3	49825
      2	49842
      1	49855
      2	49890
      1	49899
      2	49905
      1	49908
      2	49926
      2	49929
      1	49936
      1	49944
      1	49956
      3	49962
      1	49966
      3	49971
      1	49982
      1	50027
      1	50038
      1	50057
      1	50072
      1	50083
      1	50096
      1	50139
      1	50168
      1	50177
      1	50184
      1	50185
      2	50210
      1	50217
      1	50227
      1	50247
      2	50267
      1	50288
      1	50291
      1	50323
      4	50340
      1	50345
      4	50349
      1	50352
      1	50366
      1	50372
      2	50377
      1	50384
      1	50387
      1	50388
      6	50413
      9	50465
      5	50466
      1	50483
      1	50496
      4	50499
      1	50517
      1	50522
      1	50541
      2	50544
      3	50573
      1	50580
      1	50590
      2	50591
      1	50597
      1	50618
      1	50627
      1	50629
      1	50645
      1	50654
      2	50670
      1	50680
      2	50686
      1	50690
      1	50725
      1	50735
      1	50738
      1	50742
      1	50760
      1	50772
      1	50773
      2	50811
      1	50828
      1	50838
      1	50841
      2	50855
      3	50859
      1	50860
      5	50862
      2	50866
      1	50868
      1	50881
      1	50890
      1	50892
      1	50899
      1	50900
      4	50913
      2	50916
      2	50920
      1	50952
      1	50999
      1	51024
      9	51044
      1	51047
      1	51065
      2	51067
      8	51071
      1	51081
      1	51083
      1	51089
      1	51112
      1	51113
      2	51128
      1	51144
      1	51145
      1	51153
      5	51154
      1	51156
      1	51163
      1	51183
      3	51198
      1	51246
      1	51272
      1	51284
      1	51315
      1	51326
      2	51354
      1	51355
      1	51357
      1	51359
      1	51369
      4	51373
      1	51390
      6	51394
      1	51420
     26	51435
      1	51436
      4	51449
      1	51465
      1	51478
      1	51483
      1	51512
      1	51525
      2	51557
      1	51558
      1	51574
      1	51598
      3	51601
      1	51611
      1	51612
      1	51632
      1	51647
      1	51658
      2	51673
      2	51686
      1	51716
      1	51733
      2	51740
      1	51741
      2	51745
      1	51779
      1	51821
      1	51829
      1	51830
      1	51835
      1	51843
      3	51850
      1	51881
     10	51888
      1	51910
      1	51925
      1	51929
      2	51957
      1	51990
      1	51998
      2	52000
      1	52005
      1	52015
      1	52027
      1	52050
      2	52054
      1	52099
      1	52111
      1	52121
      1	52155
      1	52156
      1	52167
      2	52169
      2	52175
      1	52208
      2	52257
      1	52258
      4	52266
      2	52300
      1	52322
      1	52324
      1	52327
      1	52344
      1	52370
      2	52382
      1	52395
      1	52405
      1	52409
      5	52414
      1	52421
      1	52438
      1	52439
      1	52470
      2	52485
      2	52491
      1	52509
      1	52522
      1	52534
      1	52541
      1	52561
      2	52565
      2	52596
      2	52613
      1	52618
      1	52641
      1	52679
      1	52736
      1	52742
      1	52754
      1	52757
      2	52771
      1	52772
      2	52791
      1	52793
      1	52794
      1	52796
      4	52797
      1	52825
      1	52840
      1	52863
      1	52892
      1	52898
      1	52907
      1	52917
      1	52921
      1	52938
      1	52951
      2	52968
      1	52988
      1	52999
      1	53000
      1	53019
      1	53028
      1	53032
      1	53165
      2	53167
      1	53180
      2	53206
      1	53217
      1	53229
      4	53249
      1	53278
      1	53283
      1	53284
      3	53288
      1	53312
      3	53319
      1	53333
      1	53347
      7	53349
      4	53385
      1	53387
      1	53395
      1	53401
      1	53409
      1	53418
      3	53423
      2	53443
      1	53454
      1	53467
      1	53479
      1	53486
      1	53494
      1	53505
      1	53521
      1	53528
      2	53531
      1	53559
      1	53565
      2	53568
      1	53581
      1	53584
      1	53588
      1	53596
      1	53617
      1	53632
      1	53658
      1	53661
      1	53669
      1	53676
      1	53689
      1	53691
      1	53707
      8	53718
      1	53719
      2	53727
      1	53732
      2	53738
      1	53743
      1	53746
      1	53751
      1	53757
      3	53762
      1	53778
      1	53802
      2	53808
      1	53811
      1	53817
      1	53846
      2	53862
     19	53865
      1	53882
      1	53887
      1	53912
      4	53918
      1	53948
      1	53967
      1	53989
      2	53990
      1	54003
      1	54051
      1	54052
      3	54073
      1	54084
      1	54092
      2	54096
      2	54102
      1	54104
      5	54150
      2	54157
      1	54197
      3	54210
      1	54245
      1	54267
      6	54272
      1	54285
      1	54321
      1	54335
      2	54340
      1	54367
      1	54372
      1	54395
      1	54401
      1	54405
      1	54438
      9	54474
      1	54477
      1	54479
      1	54508
      2	54517
      1	54529
      1	54573
      2	54594
      1	54617
      1	54626
      2	54653
      1	54656
      1	54669
      1	54700
      1	54745
      1	54752
      1	54753
      2	54774
      1	54776
      1	54787
      1	54801
      1	54803
     11	54811
      1	54834
      1	54837
      1	54866
      1	54877
      1	54887
      1	54897
      1	54930
      1	54948
      1	54972
      2	55013
      1	55019
      1	55031
      1	55044
      1	55045
      1	55054
      1	55070
      1	55084
      1	55092
      6	55143
      1	55172
      3	55175
      1	55183
      2	55189
      1	55198
     12	55217
      1	55220
      7	55224
      1	55226
      2	55231
      1	55235
      7	55238
      5	55245
      1	55246
      1	55250
      1	55262
      3	55268
      1	55275
      2	55285
      1	55291
      2	55312
      1	55315
      1	55332
      1	55342
      2	55360
      1	55362
      7	55368
      2	55377
      1	55383
      1	55396
      1	55401
      1	55411
      2	55421
      3	55429
      2	55460
      2	55475
      1	55497
      2	55498
      1	55574
      2	55586
      3	55587
      1	55594
      1	55595
      1	55625
      1	55629
      2	55633
      1	55638
      1	55640
      2	55654
      1	55655
      6	55660
      1	55667
      4	55669
      1	55673
      1	55676
      1	55695
      1	55698
      6	55701
      1	55734
      1	55747
      4	55758
      1	55767
      1	55782
      3	55818
      1	55832
      1	55837
      1	55855
      2	55861
      1	55863
      2	55872
      2	55885
      1	55888
      4	55894
      1	55899
      3	55920
      9	55962
      2	55983
      1	55990
      1	55998
      4	56004
      7	56027
      7	56028
      2	56035
      4	56036
      1	56037
      1	56058
      5	56063
      1	56073
      2	56084
      1	56090
      1	56133
      1	56144
      2	56151
      1	56153
      1	56164
      1	56167
     73	56187
      2	56191
      2	56194
      1	56201
      1	56203
      3	56205
      1	56210
      1	56214
      1	56226
      1	56232
      2	56242
      1	56261
     12	56271
      1	56273
      3	56309
      2	56313
      2	56320
      1	56322
      1	56338
      1	56348
      1	56382
      1	56385
      1	56414
      2	56427
      4	56434
      1	56437
    179	56441
      1	56450
      1	56454
      2	56472
      1	56510
      1	56524
      1	56526
      4	56533
      1	56542
      1	56552
      1	56557
      1	56560
      1	56562
      2	56583
      1	56604
      1	56615
      1	56617
      1	56621
      1	56645
      1	56663
      2	56689
      2	56702
      1	56733
      5	56751
      1	56776
      1	56791
      1	56795
      1	56811
      2	56812
      1	56837
      1	56839
      1	56841
      1	56843
      1	56847
      2	56857
      1	56874
      1	56909
      1	56916
      1	56927
      1	56932
      1	56944
      2	56947
      2	56956
      1	56972
      1	57020
      1	57063
      2	57081
      1	57084
      1	57089
      1	57103
      2	57110
      2	57111
      1	57118
      2	57144
      1	57170
      2	57171
      1	57177
      1	57203
      1	57206
      1	57207
      1	57223
      2	57239
      1	57241
      2	57261
      1	57262
      1	57268
      1	57282
      2	57296
      1	57323
      5	57332
      1	57352
      3	57354
      1	57359
      1	57375
      2	57384
      1	57393
      1	57409
      1	57420
      1	57428
      1	57436
      2	57438
      4	57439
      1	57444
      7	57489
      2	57496
      1	57501
      1	57514
      3	57528
      1	57568
      1	57574
      1	57577
      1	57589
      2	57595
      1	57607
      2	57609
      1	57622
      2	57644
      1	57647
      2	57675
      3	57681
      2	57683
      1	57705
      1	57706
      1	57721
      4	57735
      2	57737
      1	57741
      2	57746
      2	57758
      3	57767
      1	57777
      2	57784
      1	57792
      3	57797
      1	57812
      1	57821
      1	57823
      1	57840
      1	57877
      1	57910
      2	57917
      1	57921
      1	57934
      2	57965
      1	58029
      4	58034
      1	58043
      3	58104
      1	58111
      1	58116
      1	58119
      3	58121
      3	58128
      3	58137
      1	58157
      4	58172
      1	58175
      1	58192
      5	58205
      1	58210
      1	58211
      2	58214
      1	58216
      1	58221
      1	58226
      1	58235
      1	58244
      1	58251
      1	58271
      4	58297
      6	58303
      1	58329
      1	58352
      2	58359
      1	58383
      3	58385
      1	58396
      1	58400
      1	58407
      1	58425
      1	58432
      2	58434
      1	58443
      1	58456
      1	58460
      1	58479
      1	58489
      2	58495
      1	58496
      2	58515
      1	58569
      1	58582
      1	58595
      3	58618
      1	58621
      1	58634
      2	58677
      1	58679
      1	58684
      1	58698
      2	58703
      1	58716
      2	58722
      1	58731
      1	58748
      1	58757
      1	58766
      2	58790
      1	58792
      1	58805
      2	58808
      3	58833
      1	58838
      1	58852
      4	58872
      1	58879
      2	58906
      2	58913
      2	58915
      3	58926
      1	58936
      1	58947
      1	58953
      1	58964
      1	58988
      1	58989
      3	58997
      1	58999
      1	59005
      1	59011
      1	59014
      2	59031
      1	59048
      1	59055
      1	59068
      2	59089
      1	59091
      1	59094
      1	59107
      1	59111
      1	59113
      2	59115
      1	59118
      1	59140
      1	59142
      2	59144
      1	59158
      1	59160
      1	59172
      2	59177
      2	59193
      1	59206
      1	59250
      1	59259
      3	59261
      1	59266
      2	59286
      2	59291
      1	59293
      1	59326
      1	59332
      3	59352
      7	59369
      2	59374
      1	59396
      1	59406
      2	59431
      1	59434
      1	59438
      1	59443
      1	59474
      1	59478
      1	59483
      1	59485
      1	59493
      3	59503
      1	59507
      1	59513
      3	59522
      1	59535
      1	59536
      1	59572
      1	59577
      1	59580
      1	59603
      1	59626
      1	59631
      2	59639
      1	59672
      1	59673
      1	59688
      1	59696
      1	59726
      1	59734
      1	59744
      2	59748
      1	59755
      1	59758
      1	59783
      1	59800
      1	59816
      1	59858
      1	59859
      1	59866
      1	59882
      2	59898
      1	59908
      8	59941
      1	59947
      1	59949
      2	59953
      1	59961
      2	59973
      1	59974
      2	59986
      1	59988
      1	59992
      1	59994
      1	60015
      1	60020
      1	60060
      1	60065
      2	60078
      1	60081
      1	60090
      2	60103
      2	60120
      1	60123
      1	60131
      2	60145
      1	60163
      1	60166
      1	60168
      1	60174
      2	60180
      1	60186
      1	60189
      1	60192
      2	60204
      1	60216
      1	60232
      1	60238
      1	60247
      2	60299
      1	60304
      2	60364
      1	60382
      1	60392
      2	60409
      1	60427
      1	60428
      1	60441
      1	60446
      1	60453
      1	60454
      2	60462
      1	60480
      1	60486
      1	60489
      1	60495
      1	60501
      2	60529
      1	60541
     10	60542
     10	60563
      3	60570
      6	60581
      1	60599
      2	60602
      1	60626
     10	60652
      2	60671
      1	60731
      1	60745
      1	60749
      1	60753
      1	60791
      2	60794
      2	60808
      1	60832
      1	60842
     10	60861
      2	60868
      1	60880
      2	60885
      4	60935
      2	60942
      1	60945
      1	60946
      9	60965
      2	60995
     10	61002
      1	61006
      1	61019
      3	61021
      1	61027
      2	61054
      5	61091
      2	61098
      1	61099
     15	61152
      1	61203
      1	61227
      1	61228
      1	61231
      2	61252
      1	61261
      2	61277
      1	61282
      1	61287
      4	61300
      1	61365
      2	61394
      2	61402
      1	61405
      1	61424
      2	61434
      2	61444
      2	61445
      1	61447
      1	61502
      1	61510
      2	61548
      1	61555
      1	61588
      1	61601
      1	61606
      1	61607
      2	61633
      2	61636
      1	61649
      1	61698
      1	61699
      5	61714
      2	61760
      2	61761
      1	61774
      1	61789
      2	61809
      1	61829
      2	61866
      1	61876
      1	61893
      1	61901
      1	61908
      2	61937
      1	61950
      2	61953
      1	61959
     15	61964
      1	61984
      1	62007
      2	62017
      1	62023
      1	62030
      1	62034
      2	62053
      2	62063
      2	62084
      2	62090
     20	62094
      2	62095
      1	62106
      1	62108
      1	62109
      1	62111
      4	62126
      1	62149
      3	62176
      8	62183
      1	62189
      1	62202
      1	62211
      1	62223
      1	62225
      1	62230
      1	62238
      1	62240
      1	62249
      1	62259
      3	62267
      1	62268
      1	62345
      1	62358
      2	62382
      1	62396
      2	62401
      1	62444
      1	62454
      1	62459
      2	62489
      1	62531
      1	62532
     15	62536
      1	62537
      1	62583
      1	62585
      1	62586
      1	62592
     77	62593
      1	62605
      1	62609
      1	62610
      1	62615
      1	62650
      1	62664
      2	62669
      1	62675
      2	62681
      1	62718
      1	62719
      1	62726
      1	62727
      1	62730
      1	62736
      1	62737
      1	62744
      1	62746
      1	62749
      1	62759
      2	62765
      1	62799
      4	62808
      1	62830
      2	62844
      1	62847
      1	62866
      1	62871
      1	62878
      1	62882
      3	62897
      5	62927
      1	62930
      1	62961
      2	62976
      2	62980
      1	63015
      1	63041
      1	63050
      9	63066
      1	63073
     11	63079
      2	63097
      7	63121
      1	63150
      1	63173
      3	63181
      2	63183
      1	63197
      3	63242
      1	63262
      1	63338
      1	63363
      2	63380
      1	63387
      1	63398
     37	63421
      1	63430
      2	63432
      2	63440
      2	63443
      1	63446
      1	63503
      1	63514
     16	63532
      2	63559
      1	63579
      1	63601
      1	63615
      7	63619
      1	63634
      1	63635
      1	63636
      1	63651
      1	63655
      2	63657
      2	63663
      2	63685
      1	63691
      1	63696
      8	63710
      1	63715
      2	63716
      1	63735
      1	63736
      1	63737
      1	63738
     73	63743
      1	63753
      1	63772
     17	63783
      1	63787
      1	63804
      6	63807
      1	63817
      1	63837
      1	63862
      1	63873
      1	63893
      1	63935
      1	63940
      1	63951
      1	63984
      2	63997
      1	64001
      2	64003
      1	64020
      1	64032
      1	64038
      1	64043
      1	64056
      1	64071
      1	64074
      1	64082
      1	64100
      9	64108
      2	64128
      1	64132
      1	64133
      1	64155
      3	64170
      1	64176
      1	64185
      1	64237
      1	64255
      1	64266
      2	64273
      2	64284
      1	64286
      1	64295
      3	64304
      1	64313
      2	64314
      1	64323
      1	64376
      1	64380
      1	64381
      1	64382
      1	64396
      3	64402
      1	64412
      1	64430
      1	64433
      1	64446
     19	64447
      1	64473
      1	64478
      1	64480
      2	64485
      1	64488
      1	64501
      1	64504
      3	64509
      1	64524
      1	64529
      2	64530
      1	64533
      1	64540
      1	64542
      3	64545
      2	64557
      1	64566
      1	64568
      1	64569
      1	64573
      1	64601
      2	64603
      1	64626
      1	64629
      1	64648
      1	64649
      1	64651
      6	64657
      1	64755
      1	64780
      1	64789
      1	64808
      1	64818
      1	64840
      1	64851
      3	64876
      5	64908
      1	64942
      3	64950
      1	64966
      2	64981
      3	64990
      1	64996
      1	64997
      1	65004
      1	65042
      2	65049
      1	65081
      1	65091
      1	65095
      7	65108
      2	65114
      1	65117
      1	65153
      1	65154
      1	65156
      1	65195
      1	65199
     24	65206
      1	65209
      1	65213
      1	65221
      1	65232
      1	65242
      1	65247
      1	65272
      1	65296
      2	65304
      1	65317
      1	65324
      1	65334
      1	65348
      1	65357
      1	65363
      1	65381
      1	65386
      1	65389
      2	65408
      3	65419
      2	65422
      3	65460
      2	65463
      2	65472
      1	65484
      1	65489
     26	65492
      1	65502
      2	65506
      1	65509
      3	65525
      2	65527
      8	65534
