      1	11
      5	192
      3	198
      2	317
      1	322
     16	356
      1	363
      3	405
      1	436
      3	664
      1	774
      1	792
      1	809
      2	912
      5	926
      1	1079
      1	1160
      1	1232
      2	1248
      2	1261
      5	1511
      1	1656
      1	1658
      1	1733
      1	1870
      2	1913
      1	2100
      1	2131
      1	2204
      1	2239
      2	2271
      1	2481
      1	2489
      1	2498
      3	2506
      1	2792
      2	2798
      1	2898
      3	2982
      1	3151
      1	3328
      2	3384
      1	3493
      1	3627
      3	3645
      1	3750
      1	3881
      1	3989
      1	4162
      3	4174
      1	4245
      1	4269
      1	4422
      1	4581
      1	4587
      1	4598
      1	4618
      3	4663
      2	4667
      1	4676
      1	4812
      1	4875
      1	4906
      1	4945
      1	4967
      4	4983
      1	5373
      2	5444
      1	5823
      1	5895
      1	6053
      3	6275
      3	6347
      1	6435
      1	6531
      1	6583
      3	6590
      1	6727
      2	6773
      1	6856
      1	6860
      1	6980
      1	6989
      1	7061
      1	7096
      1	7221
      1	7335
      1	7403
      1	7520
      2	7533
      1	7560
      1	7672
      2	7808
      1	8015
      1	8016
      1	8201
      2	8296
      8	8332
      1	8471
      1	8609
      1	8812
      1	8956
      2	9168
      3	9182
     13	9200
      1	9211
      5	9304
      1	9336
      1	9391
      1	9583
      1	9606
      3	9610
      7	9662
      1	9802
      2	9884
      1	10026
      3	10045
      2	10075
      1	10114
     18	10245
      1	10280
      1	10385
      1	10393
      4	10520
      1	10606
      1	10700
      1	10811
      1	10824
      2	10834
      1	10872
      1	10903
      1	11181
      1	11211
      1	11380
      4	11535
      1	11650
      3	11830
      2	11850
      1	11887
      1	11964
      1	11975
      1	12435
      1	12447
      1	12471
      1	12528
      1	12622
      5	12942
      2	12952
      3	12989
     14	13118
      1	13153
     11	13221
      1	13222
     16	13503
      2	13521
      1	13549
      1	13613
      3	13695
      1	13699
      1	13749
      1	13766
      3	13787
      1	13805
      1	13885
      2	13940
      1	14050
      1	14073
      2	14137
     11	14177
      1	14392
      1	14472
      1	14569
      1	14606
      3	14637
      1	14658
      1	14967
      1	15029
      1	15252
      1	15328
      3	15355
      1	15356
      1	15414
      2	15443
      1	15530
      1	15659
      1	15686
      1	15789
      1	15900
      1	15979
      1	15985
      1	16196
      1	16201
      4	16614
      1	16620
      2	16714
      1	16721
      1	16796
      1	17003
      1	17063
      2	17128
      2	17239
      1	17267
      3	17282
      1	17335
      1	17472
      1	17489
      1	17864
      1	18207
      1	18219
      1	18221
      1	18348
      2	18354
      1	18440
      2	18498
      4	18514
      1	18603
      1	18641
      1	18691
      1	18842
      1	18905
      5	19110
      6	19165
      1	19198
      1	19226
      1	19305
      1	19364
      1	19539
      1	19632
     10	19664
      2	19752
      1	19904
      5	19944
      2	20148
      1	20208
      1	20268
      1	20294
      1	20364
      1	20386
      1	20466
      1	20645
      1	20663
      1	20710
      1	20727
      1	20896
      1	20914
     13	20984
      1	21017
      3	21082
      2	21153
      1	21166
      5	21180
      1	21248
      1	21334
      1	21533
      1	21764
      6	22007
      5	22023
      1	22122
      2	22134
      1	22171
      1	22202
      1	22244
      4	22336
      1	22392
      1	22402
      1	22447
      3	22482
      1	22715
      6	22867
      1	22911
      1	22912
      2	22945
      1	23023
      1	23029
      1	23526
      2	23594
      3	23611
      1	23692
      2	23753
      1	23888
      1	23932
      1	24017
      2	24038
      1	24333
      2	24469
      1	24541
      2	24703
      1	24755
      1	24827
      1	24956
      1	24975
      1	25087
      1	25168
      4	25421
      1	25455
      1	25491
      6	25543
      3	25586
      1	25650
      1	25666
      2	25669
      1	25680
      1	25749
      1	25791
      3	25813
      1	25815
      1	25818
      1	26010
      7	26359
      1	26399
      6	26435
      3	26564
      2	26583
      2	26703
      1	26741
      2	26824
      5	27286
      1	27327
      1	27438
      1	27619
      1	27731
      1	27764
      1	28049
      3	28071
      1	28396
      1	28429
      3	28463
      2	28468
      1	28482
      1	28560
      1	28609
      2	28624
      1	28675
      1	28915
      1	28990
      1	29032
      1	29035
    342	29043
      2	29166
      1	29298
      1	29435
      1	29558
      1	29576
      1	29936
      4	30119
      2	30177
      3	30306
      1	30434
      1	30460
      2	30481
      3	30613
      1	30668
      1	30671
      1	30686
      1	30811
      1	30859
      1	30909
      1	30964
      4	30999
      1	31150
      2	31179
      1	31453
      1	31527
      3	31573
      1	31865
      1	32391
      2	32538
      1	32567
      2	32613
      2	32712
      1	32778
      1	32965
      1	33004
      3	33074
      1	33230
      1	33247
      4	33408
      1	33476
      1	33738
      2	34138
      1	34193
      1	34227
      1	34234
      1	34269
      2	34326
      4	34371
      2	34385
      2	34401
      1	34615
      2	34617
      1	34730
      1	34938
      1	34957
      1	35024
      1	35193
      1	35223
      1	35313
      1	35385
      7	35392
      2	35418
      1	35440
      1	35472
      1	35508
      1	35591
      1	35613
      3	35670
      1	35724
      1	35900
      2	35908
      3	35936
      2	36005
      1	36028
      1	36188
      1	36200
      2	36427
      1	36482
      1	36711
      2	36753
      1	36810
      2	37021
      3	37023
      1	37308
      1	37493
      1	37625
      1	37640
      1	37648
      1	37651
      1	37672
      3	37716
      1	37743
      1	37782
      1	37871
      1	38265
      1	38589
      1	38719
      1	38783
      1	38893
      1	39082
      2	39159
      1	39219
      1	39297
      1	39325
      1	39416
      1	39482
      2	39504
      4	39529
      1	39621
     10	39739
      1	39895
      1	40005
      1	40014
      1	40104
      1	40145
      1	40614
      1	40767
      1	40806
      1	40817
      1	40901
      1	40923
      2	41030
      1	41078
      7	41080
      1	41148
      1	41185
      5	41540
      1	41707
      2	41768
      1	41963
      1	41983
      1	41986
      1	41997
      1	42008
      1	42177
      1	42230
      2	42511
      1	42514
      1	42523
      1	42563
      1	42699
      2	42747
      1	42796
      1	43037
      1	43091
      1	43148
      1	43204
      1	43463
      1	43555
      2	43558
      1	43582
      3	43653
      1	43656
      1	43723
      1	43789
      8	43818
      1	43835
      1	43953
      1	44031
      1	44094
      1	44112
     38	44329
      1	44397
      2	44570
      3	44579
      1	44709
     50	44777
      1	44959
      1	45052
      1	45059
      2	45550
      8	45593
      2	45624
      1	45643
      1	45665
      1	45715
      1	45718
      1	45776
      2	45847
      2	45875
      1	45943
     14	45986
      3	46099
      1	46132
      4	46163
      1	46166
      1	46261
      1	46274
      1	46329
      6	46388
      2	46417
      1	46479
      1	46743
      1	46813
      1	47012
      1	47045
      9	47127
      1	47287
      1	47324
      1	47428
      1	47446
      1	47447
      3	47478
      1	47597
      1	47829
      7	47992
      1	47999
      1	48064
      1	48127
      1	48241
      1	48291
      1	48495
      1	48496
      8	48636
      1	48832
      2	48995
      3	49180
      6	49222
      1	49277
      2	49491
      1	49582
      6	49584
      1	49796
      1	49886
      1	49966
      1	50206
      1	50257
      2	50382
      1	50466
      1	50584
      1	50590
      1	50756
      1	50784
      1	50879
      1	50910
      1	51065
      1	51166
      1	51179
      7	51254
      1	51366
      1	51433
      1	51441
      3	51475
      1	51478
      1	51639
      4	51812
      1	51822
      1	51888
     23	51948
      1	51983
      2	52034
      2	52224
      1	52236
      1	52272
      2	52370
      2	52414
      2	52441
      1	52498
      2	52532
      1	52584
      1	52742
      1	52746
      2	52794
      1	52796
      1	52831
      1	52887
      1	52954
      3	53147
      2	53167
      2	53256
      1	53846
      7	53925
      1	54089
      8	54150
      1	54183
      1	54626
      1	54687
      1	54703
      1	54739
      1	54861
      1	55017
      1	55032
      1	55099
      1	55136
      1	55139
      1	55393
      4	55418
      9	55425
      1	55539
      1	55587
      2	55674
      2	55758
      7	55818
      1	55865
      4	55908
      1	55930
      2	56023
      3	56027
      1	56034
     12	56119
      1	56374
      1	56441
      2	56517
      1	56693
      1	56720
      5	56751
      7	56797
      1	56831
      2	56874
      1	56907
      1	56911
      1	56915
      2	56929
      1	57215
      1	57337
      1	57354
      2	57375
      7	57383
      1	57475
      5	57525
      1	57659
      1	57677
      1	57678
      1	57922
      1	57951
      1	58006
      1	58135
      1	58223
      1	58347
      2	58400
      1	58476
      1	58496
      1	58577
      1	58649
      3	58723
      1	58785
      1	58942
      6	58970
      1	59049
      4	59107
     11	59188
      2	59571
      2	59585
      1	59594
      1	59720
      1	59726
      1	59787
      1	59843
      1	59887
      2	59935
      1	60207
      1	60208
      1	60237
      1	60249
      1	60390
      1	60454
      3	60563
      3	60565
      1	60640
      1	60674
      3	60696
      5	60772
      1	60810
      1	60854
      2	60931
      3	61034
      1	61099
      1	61119
      1	61234
      1	61261
      1	61312
      1	61443
      1	61487
      1	61507
      1	61554
      1	61698
      1	61752
      3	61772
      1	61927
      1	61961
      1	62051
      1	62063
      6	62119
      1	62126
      1	62180
      1	62189
      1	62311
      1	62402
      1	62471
      1	62664
      1	62812
     12	62846
      1	62947
      2	62948
      1	63058
      7	63181
      1	63346
      1	63382
      2	63522
      1	63544
      1	63641
      3	63696
      1	63733
      1	63749
      5	63764
      3	63807
      2	63872
      1	63982
      3	64001
      1	64032
      1	64065
      5	64196
      1	64268
      1	64371
      4	64488
      9	64528
      1	64576
      1	64656
      1	64950
      2	65101
      2	65206
      4	65263
      1	65352
      1	65484
      2	65534
