      1	24
      8	91
      1	328
      1	367
      1	449
      1	462
      1	515
      1	538
      1	646
      2	708
      1	712
      1	758
      1	775
      2	1070
      1	1072
      1	1160
      1	1182
      1	1248
      1	1304
      4	1405
      1	1552
      1	1554
      9	1911
      4	1918
      1	2020
      1	2044
      1	2087
      1	2090
      1	2156
      6	2182
      8	2475
      1	2503
      1	2532
      1	2562
      1	2663
      1	2796
      1	2803
      1	3004
      1	3005
      1	3060
      2	3104
      1	3221
      2	3351
      1	3525
      9	3572
      1	3599
      1	3645
      1	3663
      1	3874
      1	3967
      4	3988
      1	4032
      1	4106
      1	4244
      1	4318
      1	4341
      1	4417
      1	4586
      1	4640
      1	4645
      1	4651
      1	4681
      1	4695
      1	4787
      1	4790
      1	4926
      1	4951
      2	5023
      1	5113
      1	5137
      1	5161
      1	5287
      1	5300
      1	5337
      1	5346
      1	5473
      2	5605
      1	5622
      1	5770
      1	5810
      1	5916
      1	5926
      1	5928
      2	6055
      1	6140
      4	6156
      2	6197
      1	6403
      1	6405
      1	6423
      1	6542
      1	6603
      2	6614
      1	6626
      3	6691
      1	6839
      1	6842
      4	6980
      2	7152
      1	7330
      1	7359
      4	7403
      1	7449
      1	7612
      1	7638
      1	7799
      1	8078
      1	8082
      1	8118
      1	8185
      1	8281
      2	8365
      1	8375
      1	8472
      6	8508
      1	8526
      1	8560
      3	8760
      1	9041
      2	9148
      2	9167
      3	9317
      1	9384
      1	9484
      1	9543
      2	9888
      7	9900
      1	10026
      2	10030
      1	10158
      1	10198
      1	10216
      1	10314
      1	10374
      1	10402
      1	10724
      1	10848
      1	10935
      7	10950
      1	10987
     15	11071
      1	11374
      2	11402
      1	11437
      1	11524
      1	11569
      1	11634
      1	11867
      2	11964
      1	11967
      3	11990
      1	12288
      7	12397
      1	12407
      1	12450
      1	12549
      2	12597
      1	12880
      1	13022
      1	13035
      1	13077
      1	13166
      1	13252
      1	13382
      1	13679
      1	13682
      1	13762
      1	13777
      1	13790
      1	13805
      1	13871
      1	13965
      1	14127
      1	14305
      8	14385
      1	14420
      1	14436
      1	14485
      1	14497
      1	14554
      2	14589
      1	14635
      1	14957
      1	14980
      1	15197
      1	15302
      1	15408
      3	15461
      1	15530
      2	15587
      1	15607
      1	15661
      1	15766
      1	15869
      1	15892
      1	15985
      1	15995
      1	16077
      1	16148
      2	16153
      2	16200
      2	16442
      1	16503
      7	16620
      2	16679
      1	16823
      1	16935
      2	16937
      3	16944
      1	17105
      1	17164
      1	17298
      1	17352
     17	17434
      1	17498
      1	17507
      1	17743
      1	17771
      1	17989
      1	18203
      2	18504
      1	18567
      1	18589
     14	18590
      3	18696
     10	18735
      3	18776
      1	18827
      1	18874
      1	18893
      1	18907
      1	18919
      2	18992
      1	19028
      1	19066
      1	19197
      1	19226
      1	19269
      1	19277
      2	19339
      2	19371
      1	19543
      2	19549
      2	19622
      2	19645
      1	19904
      1	19947
      1	19976
      1	20031
      1	20195
      1	20315
      5	20450
      1	20589
      1	20649
      1	20687
      1	20772
      2	20827
      1	20849
      1	20865
      1	20978
      1	21102
      2	21149
      1	21207
      1	21280
      1	21285
      2	21325
      1	21400
      1	21432
      4	21552
      2	21642
      1	21646
      3	21911
      2	22039
      1	22305
      5	22330
      6	22365
      1	22392
      5	22447
      1	22484
      1	22528
      1	22564
      1	22589
      1	22713
      1	22862
      2	22902
      1	22957
      1	22960
      1	22980
      1	23019
      1	23030
      2	23062
      1	23251
      1	23266
      1	23354
      1	23456
      1	23572
      1	23577
      2	23620
      2	23626
      1	23828
      1	24063
      1	24288
      1	24334
      2	24360
      1	24376
      2	24506
      1	24639
      2	24670
      1	24673
      1	24941
      1	25007
      3	25096
      1	25154
      1	25432
      1	25445
      1	25556
      2	25650
      1	25663
      1	25689
      1	25869
      9	25871
      5	25899
      2	25959
      4	25960
      1	25985
      2	26002
      1	26026
      1	26045
      3	26111
      2	26135
      1	26246
      1	26472
      2	26588
      1	26685
      1	26821
      1	26887
      1	26947
      1	26965
      2	27039
      1	27051
      1	27178
      1	27259
     10	27350
      2	27516
      1	27519
      2	27797
      2	27890
      1	27972
      2	28091
      1	28203
      3	28250
      1	28270
      2	28365
      1	28603
      1	28911
      1	28960
     13	29023
      1	29086
      1	29169
      1	29233
      1	29367
      1	29545
      1	29596
      1	29615
      1	29875
      1	29892
      1	29988
      2	30168
      1	30214
      1	30285
      1	30363
      1	30365
      1	30402
      8	30427
      1	30445
      1	30462
      1	30570
      1	30590
      1	30655
      1	30707
      1	30899
      1	30931
      1	30993
      1	31011
      1	31032
      1	31050
      1	31156
      1	31435
      1	31557
      1	31571
      3	31833
      1	32128
      1	32410
      2	32477
      1	32515
      1	32526
      1	32704
      1	32714
      1	32718
      1	32844
      5	32995
      1	33069
      1	33226
      1	33444
      1	33461
      3	33462
      3	33685
      1	34223
      1	34225
      2	34237
      6	34340
      1	34394
      1	34412
      1	34457
      1	34479
      1	34550
      1	34773
      1	35100
      1	35308
      2	35473
      1	35522
      1	35644
      1	35667
      1	35748
      1	35814
      3	35836
      1	35851
      3	35897
      1	36029
      4	36056
      1	36112
      1	36151
      1	36479
      1	36553
      4	36559
      1	36609
      2	36671
      3	36690
      2	36810
      1	36946
      2	36982
      1	37064
      2	37226
      1	37244
      1	37324
      1	37493
      1	37608
      1	37681
      1	37743
      1	37814
      2	37997
      1	38007
      2	38021
      1	38224
      1	38243
      1	38271
      1	38334
      1	38345
      1	38398
      1	38447
      4	38480
      3	38544
      1	38642
      5	38681
      1	38713
      1	38727
      1	38738
      1	38742
      2	38756
      1	38772
      2	38781
      1	38888
      1	39043
      1	39049
      1	39072
      1	39079
      5	39086
      1	39157
      1	39193
      1	39285
      1	39393
      1	39443
      1	39537
      2	39931
      1	40047
      2	40093
      1	40223
      1	40317
      1	40370
      2	40394
      1	40405
      1	40439
      1	40544
      1	40554
      1	40661
      3	40712
      3	40830
      1	40901
      1	40917
      1	41048
      2	41082
      2	41355
      2	41632
      1	41669
      1	41690
      1	41791
      1	41848
      1	41931
      1	42010
      2	42013
      1	42144
      1	42151
      1	42165
      1	42248
      1	42272
      2	42275
      1	42576
      2	42669
      3	42689
      1	42723
      2	42767
      1	42852
      2	42855
      1	43058
      1	43103
      1	43148
      1	43256
      1	43336
      1	43609
      3	43714
      1	43919
      1	43932
      1	43967
      2	44063
      1	44141
      1	44169
      3	44211
      1	44228
      1	44392
      1	44438
      1	44699
      1	44721
      1	44896
     12	44959
      1	44961
      1	44980
      1	45135
      1	45219
      1	45293
      1	45368
      1	45425
      1	45464
      1	45753
      1	45898
      1	45921
      1	46081
      1	46102
      1	46111
      1	46254
      1	46409
      1	46447
      1	46541
      1	46551
      1	46595
      1	46598
      1	46623
      1	46680
      1	46733
      2	46743
      1	47091
      3	47168
      1	47250
      2	47305
      1	47311
      3	47320
      2	47401
      1	47442
      1	47497
      2	47641
      1	47646
      2	47650
      1	47717
      3	47721
      2	47883
      1	47962
      1	47985
      1	48005
      1	48064
      1	48086
      1	48132
      1	48203
      1	48235
      1	48247
      1	48273
      1	48305
      2	48355
      1	48369
      2	48513
      1	48651
      1	48690
      1	48708
      1	48746
      9	48834
      1	48924
      1	49158
      1	49169
      2	49267
      1	49308
      1	49346
      1	49606
      1	49644
      1	49882
      3	49884
      2	50216
      1	50350
      1	50351
      1	50370
      1	50372
      1	50565
      1	50645
      1	50771
      1	50815
      2	50899
      1	50915
      1	50930
      1	51051
      1	51196
      1	51493
      1	51527
      1	51532
      1	51599
      1	51662
      1	51766
      1	51800
      2	51822
      2	51888
      1	52273
      1	52365
      1	52370
      1	52395
      1	52397
      1	52398
      1	52406
      1	52414
      1	52445
      1	52475
      1	52485
      1	52603
      1	52723
      1	52851
      1	52983
      1	53229
      2	53349
      1	53363
      1	53423
      1	53434
      1	53639
      1	53654
      1	53657
      1	53696
      1	53820
      1	54007
      1	54015
      1	54075
      1	54232
      1	54345
      1	54394
      2	54778
      1	55176
      1	55198
      1	55207
      1	55217
      3	55355
      4	55396
      1	55410
      1	55478
      2	55562
      1	55565
      1	55574
      1	55680
      1	55861
      2	55879
      1	55963
      1	56108
      1	56583
      1	56614
      1	56621
      1	56663
      1	56722
      1	57034
      1	57061
      1	57092
      1	57114
      1	57132
      2	57144
      1	57211
      1	57258
      1	57278
      1	57419
      1	57470
      1	57539
      7	57750
      1	57896
      2	57904
      1	57949
      2	57951
      1	58036
      2	58097
      1	58208
      1	58235
      1	58468
      1	58521
      2	58589
      1	58620
      1	58651
      1	58653
      1	58938
      1	59017
      2	59107
      1	59109
      1	59112
      1	59134
      2	59158
      2	59178
      1	59210
      2	59231
      1	59369
      1	59512
      1	59608
      2	59615
      1	59623
      1	59758
      1	59864
      1	59938
      2	59939
      4	59987
      2	60007
      4	60232
      1	60297
      1	60367
      1	60375
      1	60378
      1	60433
      3	60488
      2	60499
      1	60563
      1	60630
      1	60631
      1	60821
      1	60959
      1	61068
      1	61147
      1	61226
      1	61230
      1	61246
      2	61261
      1	61300
      1	61466
      1	61469
      1	61799
      1	61829
      1	61832
      1	61855
      1	61918
      1	62063
      1	62070
      1	62106
      4	62119
      1	62195
      1	62491
      2	62534
      1	62575
      3	62715
      1	62794
      1	62846
      1	62896
      1	62899
      2	62967
      1	63002
      1	63136
      2	63147
      1	63165
      8	63363
      1	63607
      4	63710
      3	63743
      1	63780
      3	63807
      1	63940
      1	63944
      1	64131
      2	64146
      2	64170
      1	64469
      1	64582
      1	64637
      3	64657
      1	64687
      1	64780
      6	64818
      1	64876
      1	64978
      2	65133
      1	65159
      1	65235
      1	65272
      1	65314
      2	65408
      3	65528
