      1	5
      1	11
      1	49
      4	58
      1	583
      1	646
      1	755
      1	1023
      1	1024
      1	1229
      1	1304
      1	1508
      1	1518
      1	1647
      1	1704
      1	1733
      1	1762
      1	1834
      1	1857
      1	1918
      1	1966
      2	2041
      1	2219
      3	2349
      1	2388
      2	2482
      1	2509
      1	2566
      1	2589
      1	2613
      2	2619
      1	2648
      2	2687
      1	2743
      1	2745
      1	2926
      2	3014
      1	3018
      1	3026
      1	3279
      1	3328
      1	3409
      1	3529
      1	3644
      1	3726
      1	3778
      3	3779
      1	3794
      1	3823
      1	3830
      1	3867
      1	3872
      1	3932
      1	3991
      2	4113
      1	4267
      1	4301
      1	4372
      1	4379
      1	4557
      2	4584
      1	4666
      1	4720
      1	4749
      1	4848
      1	4982
      1	5022
      1	5214
      1	5277
      1	5300
      1	5432
      1	5622
      1	5709
      2	5731
      1	5774
      1	5823
      1	5852
      2	5918
      1	6098
      1	6124
      1	6156
      1	6197
      2	6551
      3	6614
      1	6633
      1	6649
      1	6688
      1	6728
      1	6828
      1	6895
      1	6971
      1	6980
      2	6993
      1	7101
      1	7207
      2	7246
      1	7252
      1	7356
      1	7377
      1	7422
      1	7502
      1	7638
      1	7692
      1	7793
      3	7817
      1	7876
      1	7980
      2	8011
      1	8014
      1	8016
      2	8018
      1	8054
      1	8061
      1	8172
      2	8599
      1	8760
      1	8772
      1	8954
      1	8962
      2	9112
      1	9133
      2	9317
      1	9319
      2	9371
      2	9424
      1	9435
      1	9441
      1	9452
      1	9591
      1	9593
      1	9731
      1	9787
      1	9886
      1	9900
      1	9905
      1	9937
      1	9992
      1	10097
      1	10230
      1	10301
      3	10314
      1	10349
      1	10396
      1	10412
      1	10694
      1	10848
      1	10927
      1	10967
      1	11119
      1	11524
      1	11535
      1	11563
      1	11638
      1	11650
      1	11688
      1	11696
      1	11767
      1	11930
      1	11964
      1	11967
      4	12122
      2	12163
      2	12288
      1	12597
      1	12627
      1	12826
      1	12879
      1	12880
      1	12881
      1	12915
      1	12967
      1	12995
      2	13025
      1	13188
      1	13209
      1	13238
      1	13300
      1	13369
      1	13435
      1	13679
      1	13682
      1	13899
      2	13975
      1	14128
      1	14142
      1	14171
      1	14179
      2	14184
      1	14277
      1	14290
      1	14392
      3	14398
      1	14507
      2	14537
      1	14540
      2	14688
      1	14768
      1	14790
      1	14827
      1	14923
      2	15033
      2	15039
      1	15244
      2	15282
      1	15458
      1	15611
      1	15653
      1	15708
      1	15866
      1	15895
      1	15956
      1	16017
      1	16047
      1	16094
      2	16148
      1	16153
      1	16209
      1	16230
      1	16278
      1	16425
      1	16465
      1	16479
      1	16554
      2	16627
      1	16788
      1	16852
      1	16862
      1	17121
      1	17164
      1	17181
      2	17314
      1	17323
      1	17424
      1	17773
      1	17824
      2	17879
      1	18230
      1	18329
      1	18504
      2	18538
      2	18590
      9	18696
      5	18735
      1	18777
      1	18791
      2	18842
      1	19200
      1	19201
      1	19255
      1	19280
      1	19329
      1	19525
      1	19539
      2	19543
      8	19582
      1	19612
      1	19678
      1	19686
      1	19707
      4	19859
      1	19897
      1	19945
      1	19955
      1	19976
      1	20062
      1	20102
      1	20118
      4	20267
      1	20268
      1	20444
      1	20480
      2	20506
      1	20827
      1	20932
      1	20963
      1	20978
      1	21060
      1	21290
      1	21303
      1	21326
      1	21401
      1	21591
      2	21602
      1	21822
      1	22047
      1	22156
      1	22181
      1	22204
      1	22515
      2	22686
      1	22692
      1	22742
      1	22744
      1	22812
      1	22902
      1	22915
      1	22944
      1	22978
      1	22980
      1	23234
      1	23400
      1	23429
      1	23456
      1	23526
      2	23566
      1	23609
      1	24076
      1	24207
      1	24265
      1	24394
      2	24703
      1	24902
      1	24990
      2	25024
      1	25054
      1	25063
      1	25102
      2	25144
      2	25211
      1	25299
      1	25312
      1	25325
      1	25363
      1	25450
      1	25511
      1	25553
      1	25656
      1	25666
      1	25709
      1	25714
      1	25759
      2	25920
      1	25938
      1	26111
      1	26135
      1	26290
      2	26471
      1	26927
      1	26947
      1	27075
      1	27401
      1	27464
      1	27491
      2	27499
      1	27519
      2	27569
      1	27854
      1	27873
      1	27975
      1	28089
      2	28214
      2	28273
      1	28358
      1	28376
      1	28427
      1	28615
      1	28683
      1	28716
      1	28733
      1	28784
      1	29207
      1	29298
      1	29513
      1	29676
      1	29677
      1	29798
      1	29826
      3	30167
      1	30236
      1	30319
      1	30322
      2	30365
      1	30434
      2	30443
      1	30642
      2	30708
      1	30716
      1	30727
      6	30843
      1	30921
      1	30995
      5	31156
      1	31251
      3	31271
      1	31329
      1	31350
      1	31435
      1	31450
      1	31800
      1	31945
      1	32014
      1	32021
      1	32032
      1	32043
      1	32099
      1	32206
      1	32212
      1	32426
      1	32444
      1	32554
      2	32580
      1	32657
      1	32704
      1	32809
      1	32831
      1	32857
      1	32871
      1	32893
      1	33004
      1	33150
      1	33250
      1	33311
      1	33335
      1	33494
      1	33523
      2	33762
      1	33896
      2	34308
      1	34335
      3	34382
      1	34543
      1	34569
      2	34684
      1	34723
      1	34750
      1	34773
      2	34788
      2	35056
      2	35320
      1	35348
      1	35354
      1	35391
      1	35494
      1	35528
      1	35557
      1	35617
      1	35644
      2	35893
      2	36056
      1	36324
      1	36359
      1	36414
      1	36438
      1	36548
      1	36666
      1	36672
      1	36719
      1	36720
      1	36780
      2	36993
      1	37052
      1	37062
      1	37149
      1	37184
      3	37246
      1	37351
      1	37535
      1	38099
      3	38216
      1	38278
      1	38295
      2	38322
      1	38389
      3	38398
      2	38480
      1	38515
      1	38547
      1	38553
      1	38592
      1	38625
      1	38642
      1	38781
      1	38854
      1	38900
      1	38913
      1	38993
      1	39003
      1	39005
      1	39032
      6	39122
      1	39250
      1	39513
      1	39524
      1	39598
      1	39670
      1	39841
      1	39875
      1	40170
      1	40319
      1	40377
      1	40412
      1	40473
      1	40638
      1	40661
     10	40725
      1	40817
      1	41027
      1	41143
      1	41168
      1	41197
      1	41241
      1	41347
      3	41478
      1	41605
      1	41623
      2	41669
      1	41696
      4	42144
      1	42165
      1	42197
      1	42218
      1	42281
      1	42369
      1	42489
      1	42884
      2	43058
      1	43066
      2	43168
      1	43169
      1	43332
      1	43412
      1	43501
      1	43506
      1	43763
      1	43784
      1	43808
      2	43811
      1	43910
      1	43972
      4	44019
      1	44105
      2	44117
      1	44136
      1	44148
      1	44192
      2	44228
      3	44386
      1	44425
      1	44453
      1	44457
      1	44702
      1	44777
      1	44807
      1	44881
      1	44896
      1	44900
      1	44959
      1	45135
      1	45162
      1	45165
      1	45227
      1	45292
      2	45466
      3	45750
      1	45767
      1	45778
      1	45897
      1	46075
      5	46177
      1	46225
      1	46554
      2	46586
      1	46595
      1	47038
      1	47129
      1	47226
      1	47231
      1	47365
      1	47376
      1	47475
      1	47547
      1	47579
      1	48011
      2	48047
      1	48241
      1	48316
      1	48368
      1	48485
      3	48666
      1	48870
      2	49180
      1	49281
      2	49361
      1	49428
      1	49453
      1	49477
      1	49620
      1	49758
      1	49831
      1	50083
      1	50209
      1	50401
      1	50721
      1	50777
      1	50991
      1	51336
      2	51387
      1	51433
      1	51620
      1	51624
      1	51758
      2	51766
      1	51810
      1	51892
      1	51959
      1	51987
      1	51994
      1	52370
      1	52400
      1	52491
      1	52551
      3	52626
      2	52648
      1	52708
      1	52836
      1	53015
      1	53077
      1	53147
      1	53215
      1	53310
      3	53349
      1	53357
      1	53434
      1	53517
      2	53600
      1	53754
      1	53820
      1	53882
      2	53918
      1	53947
      1	53983
      1	53990
      1	54171
      1	54196
      1	54212
      1	54363
      1	54366
      1	54395
      1	54679
      1	54759
      1	54834
      1	54861
      1	54867
      1	55013
      1	55219
      1	55233
      1	55238
      1	55273
      3	55292
      1	55382
      1	55460
      2	55486
      1	55567
      1	55814
      3	55818
      1	55849
      2	55881
      1	56035
      1	56189
      1	56203
      2	56271
      2	56386
      3	56489
      1	56614
      1	56806
      1	56930
      2	57092
      1	57332
      1	57375
      1	57503
      1	57534
      1	57552
      2	57709
      1	57836
      2	57950
      1	57964
      1	57981
      1	58012
      1	58111
      1	58155
      1	58335
      1	58548
      1	58552
      1	58586
      1	58606
      1	58760
      1	58768
      1	58887
      1	59008
      1	59010
      1	59089
      2	59327
      1	59582
      1	59698
      1	59864
      2	60002
      1	60023
      3	60284
      1	60311
      1	60389
      1	60462
      4	60521
      1	60671
      1	60909
      1	60997
      1	61251
      2	61252
      2	61261
      1	61277
      1	61388
      1	61503
      1	61567
      1	61641
      1	61648
      1	61649
      1	61658
      2	61665
      2	61683
      2	61826
      2	61832
      1	62019
      1	62119
      1	62159
      2	62183
      2	62261
      1	62414
      1	62488
      1	62534
      1	62575
      1	62588
      1	62808
      1	62846
      2	62849
      1	62952
      1	63002
      1	63050
      1	63121
      1	63242
      1	63291
      1	63363
      1	63381
      1	63409
      1	63450
      1	63807
      1	63889
      3	63987
      1	64261
      1	64313
      2	64402
      1	64459
      1	64474
      1	64485
      2	64552
      1	64668
      1	64699
      1	64780
      1	64856
      1	65206
      1	65258
      2	65329
