      1	162
      1	567
      1	758
      2	926
      2	984
      1	1172
      1	1248
      1	1532
      1	1565
      1	2325
      3	2677
      1	3337
      1	4733
      1	5204
      1	5510
      2	7798
      1	9317
      1	9345
      1	10050
      1	10389
      1	10610
      1	11964
      1	14111
      1	14710
      1	15590
      2	15593
      1	16503
      1	17128
      1	17225
      1	17771
      1	18003
      1	18074
      1	18422
      1	19790
      1	20323
      1	20960
      1	20991
      1	21326
      1	21476
      1	21492
      1	22012
      1	22086
      1	22392
      3	22447
      1	23626
      2	23720
      1	23761
      1	24469
      1	25096
      1	25338
      1	25899
      1	26661
      1	26680
      1	27357
      1	29555
      1	30565
      1	30983
      2	32114
      1	32249
      1	33143
      1	34428
      1	34731
      1	34963
      1	34981
      1	35844
      1	36147
      1	36411
      1	36437
      1	37124
      1	38665
      1	38839
      1	39159
      1	39294
      1	39664
      1	40720
      1	42037
      1	42185
      1	42414
      1	42723
      1	43080
      1	43417
      1	44683
      1	44929
      1	46417
      1	50550
      1	50920
      1	51237
      1	52167
      1	52323
      1	52365
      2	53846
      1	54146
      1	55680
      1	57730
      1	57772
      1	58188
      1	59330
      2	59715
      1	60427
      1	61230
      1	61298
      1	61829
      1	62024
      4	63363
      1	63432
