      2	11
      1	48
      1	67
      1	70
     20	91
      1	171
      1	222
      1	231
      1	235
      1	251
      1	255
      1	297
      1	332
      1	347
      1	365
      1	368
      1	412
      1	444
      2	515
      1	517
      2	538
      2	581
      7	590
      1	649
      1	707
      1	708
      1	779
     17	813
      2	833
      1	895
      1	907
      1	952
      1	970
      1	1031
      2	1070
      1	1099
      2	1121
      1	1138
      1	1142
      1	1157
      1	1162
      3	1173
      4	1229
      1	1232
      1	1251
      1	1290
      1	1317
      1	1357
      2	1358
      1	1384
      1	1405
      1	1406
      2	1445
      1	1529
      1	1552
      1	1612
      1	1616
      1	1645
      1	1656
      1	1670
      1	1673
      1	1738
      1	1740
      1	1802
      1	1813
      2	1861
      1	1889
      1	1908
      1	1974
      1	1981
      2	1983
      1	2020
      1	2025
      1	2056
      2	2057
      1	2072
      1	2087
      2	2238
      1	2249
      1	2301
      2	2312
      1	2417
      1	2460
      1	2466
      2	2475
      1	2484
      1	2486
      1	2509
      1	2527
      3	2548
      1	2566
      1	2576
      1	2589
      1	2667
      1	2733
      6	2743
      1	2757
      2	2836
      1	2849
      1	2937
      2	3026
      2	3058
      1	3091
      1	3098
      2	3101
      2	3121
      1	3243
      3	3255
      1	3293
      1	3307
      1	3319
      1	3370
      1	3393
      1	3418
      1	3451
      1	3486
      1	3490
      1	3526
      1	3608
      1	3651
      1	3678
      2	3709
      1	3732
      1	3756
      2	3793
      1	3798
      1	3819
      1	3916
      2	3925
      1	3932
      1	3946
      1	3962
      1	3964
      1	3983
      1	4020
      1	4040
      1	4109
      2	4174
      1	4190
      2	4211
      1	4233
      1	4260
      2	4286
      2	4318
      1	4489
      1	4497
      1	4523
      2	4640
      1	4666
      1	4675
      1	4730
      1	4758
      1	4766
      1	4780
      1	4849
      1	4876
      1	4907
      2	4926
      2	4930
      1	4964
      1	4967
      4	4969
      1	4993
      1	5030
      1	5043
      1	5102
      1	5154
      2	5161
      1	5173
      1	5266
      1	5379
      3	5389
      2	5475
      1	5476
      1	5482
      3	5510
      1	5522
      2	5562
      3	5598
      2	5637
      1	5643
      3	5658
      5	5726
      1	5774
      2	5819
      1	5830
      2	5844
      1	5852
      1	5874
      1	5905
      2	5915
      1	6000
      1	6001
      2	6031
      1	6049
      1	6079
      1	6108
      8	6124
      1	6133
      2	6156
      1	6171
      7	6180
      1	6183
      6	6197
      1	6334
      1	6338
      1	6393
      1	6422
      3	6423
      2	6494
      1	6497
      1	6555
      1	6582
      1	6603
      1	6612
      1	6614
      1	6635
      1	6638
      1	6651
      1	6654
      1	6691
      3	6717
      1	6778
      2	6822
      1	6889
      1	6909
      1	6947
      1	6956
      1	6980
      1	7114
      1	7220
      1	7222
      1	7254
      2	7259
      2	7326
      1	7402
      1	7419
      1	7456
      6	7466
      1	7496
      1	7565
      1	7579
      1	7586
      1	7594
      1	7620
      2	7667
      1	7692
      1	7746
      2	7793
      1	7797
      1	7817
      1	7819
      1	7862
      1	7935
      1	8009
      1	8076
      2	8091
      1	8101
      1	8141
      1	8166
      2	8172
      1	8201
      1	8273
      3	8281
      1	8313
      1	8364
      1	8375
      1	8376
      1	8455
      1	8579
      1	8620
      2	8645
      1	8667
      1	8736
      1	8740
      5	8760
      1	8817
      1	8859
      1	8895
      3	8920
      1	8938
      1	8953
      1	8955
      6	8991
      1	8999
      1	9086
      1	9142
      1	9148
      1	9158
      1	9193
      1	9211
      4	9317
      1	9345
      1	9368
      1	9384
      1	9414
      1	9456
      1	9496
      1	9515
      1	9545
      3	9562
      1	9590
      1	9650
      3	9688
      1	9747
      1	9758
      1	9765
      2	9797
      1	9861
      1	9898
      1	9900
      1	9937
      1	9996
      6	10014
      1	10119
      2	10168
      1	10198
      1	10241
      4	10275
     20	10314
      1	10348
      1	10353
      1	10369
      1	10374
      1	10424
      1	10431
      1	10550
      2	10557
      2	10578
      6	10591
      1	10612
      1	10672
      1	10680
      2	10724
      1	10814
      1	10905
      1	10907
      2	10919
      3	10950
      1	10958
      1	11059
      1	11067
      6	11071
      1	11307
      1	11364
      1	11398
      1	11402
      1	11445
      1	11472
      1	11480
      4	11509
      2	11524
      2	11534
      1	11546
      4	11557
      1	11584
      1	11621
      1	11662
      1	11732
      1	11769
      1	11868
      1	11877
      1	11887
      1	11930
      1	11960
      1	11967
      1	12098
      1	12186
      5	12253
      1	12304
      1	12419
      2	12420
      1	12457
      1	12535
      1	12554
      1	12636
      1	12651
      2	12674
      1	12680
      1	12684
      1	12703
      1	12736
      1	12757
      1	12762
      1	12782
      1	12783
      5	12814
      1	12880
      1	12948
      2	13194
      1	13221
      1	13237
      3	13266
      1	13300
      1	13310
      1	13376
      1	13390
      1	13418
      1	13431
      1	13451
      1	13460
      1	13461
      1	13485
      2	13595
      1	13721
      1	13753
      4	13844
      1	13927
      2	13945
      1	13947
      4	13954
      1	14085
      1	14127
      1	14142
      2	14166
      1	14171
      1	14179
      1	14224
      1	14229
      1	14290
      1	14292
      1	14367
      1	14376
      1	14378
      1	14410
      1	14430
      1	14497
      1	14524
      1	14556
      1	14606
      3	14768
      1	14835
      1	14857
      1	14867
      1	14883
      1	14908
      1	14921
      2	14939
      1	14952
      1	14980
      1	14996
      1	15024
      1	15088
      1	15108
      1	15236
      2	15260
      1	15282
      1	15332
      1	15420
      1	15461
      1	15481
      1	15501
      3	15516
      1	15544
      1	15551
      1	15590
      1	15708
      1	15724
      3	15748
      1	15754
      1	15770
      1	15812
      1	15829
      1	15846
      1	15868
      1	15902
      1	15925
      5	15977
      1	16024
      1	16036
      1	16039
      2	16053
      1	16094
      1	16130
      1	16152
      1	16200
      1	16226
      1	16230
      1	16269
      1	16276
      1	16278
      1	16295
      1	16317
      2	16348
      1	16415
      1	16433
      2	16438
      1	16465
      1	16475
      1	16503
      1	16505
      1	16561
      1	16565
      1	16566
      1	16585
      1	16604
      1	16608
      1	16610
      6	16620
      3	16628
      1	16641
      1	16672
      1	16679
      2	16704
      1	16717
      1	16969
      1	17015
      1	17018
      1	17039
      2	17062
      1	17123
      2	17164
      2	17175
      2	17239
      1	17267
      2	17302
      1	17349
      1	17393
      1	17434
      1	17498
      1	17502
      2	17540
      1	17628
      1	17662
      1	17663
      3	17665
      1	17697
      1	17736
      1	17773
      2	17848
      2	17861
      1	17879
      1	17880
      1	17896
      7	17975
      5	17989
      1	18007
      1	18017
      1	18040
      1	18083
      1	18241
      1	18244
      1	18298
      1	18358
      1	18387
      1	18500
      2	18504
      1	18529
      2	18538
      1	18589
      2	18590
      1	18594
      1	18672
      1	18694
      8	18696
     10	18735
      5	18770
      1	18874
      1	18907
      1	18919
      1	18922
      1	18937
      1	18969
      1	19025
      1	19049
      1	19124
      1	19139
      1	19150
      2	19197
      1	19202
      2	19268
      5	19305
      1	19355
      1	19362
      1	19462
      1	19467
      1	19480
      1	19549
      1	19611
      1	19624
      1	19678
      2	19683
      1	19707
      1	19766
      1	19781
      2	19785
      1	19832
      1	19904
      1	19916
      2	19928
      1	19936
      2	19991
      1	20011
      1	20020
      2	20031
      1	20118
      1	20143
     10	20212
      1	20226
      1	20268
      1	20283
      3	20326
      1	20369
      1	20375
      1	20454
      3	20506
      1	20612
      1	20647
      1	20681
      1	20686
      1	20687
      2	20788
      1	20821
      1	20829
      1	20830
      1	20849
      2	20852
      4	20865
      3	20871
      1	20893
      1	20925
      2	20971
      1	20978
      1	21042
      1	21050
      1	21118
      1	21138
      1	21145
      1	21201
      1	21207
      1	21224
      1	21233
      1	21253
      1	21293
      1	21319
      2	21346
      1	21352
      1	21364
      1	21369
      1	21382
      1	21386
      1	21428
      3	21466
      1	21513
      1	21563
      1	21643
      2	21719
      1	21734
      1	21785
      1	21817
      1	21832
      1	21833
      1	21885
      1	21962
      6	22010
      1	22140
      2	22194
      1	22234
      1	22236
      1	22287
      1	22292
      3	22340
      1	22348
      1	22374
      1	22386
      1	22417
      2	22436
      4	22467
      1	22495
      1	22576
      1	22598
      1	22625
      1	22682
      1	22688
      2	22689
      1	22694
      1	22702
      1	22806
      2	22835
      1	22906
      1	22919
      1	22962
      1	22988
      2	23023
      1	23033
      1	23050
      1	23086
      1	23091
      1	23105
      1	23113
      2	23146
      1	23162
      1	23168
      1	23191
      1	23228
      1	23245
      1	23251
      1	23253
      4	23309
      1	23343
      1	23351
      1	23357
      1	23376
      1	23396
      2	23456
      2	23472
      1	23526
      1	23543
      2	23577
      1	23620
      1	23670
      1	23692
      2	23799
      4	23828
      1	23870
      1	23875
      1	23916
      1	23934
      1	23982
      1	24061
      1	24117
      1	24118
      1	24125
      1	24178
      1	24265
      1	24306
      1	24308
      5	24345
      1	24352
      1	24364
      2	24376
      1	24386
      1	24506
      1	24590
      1	24626
      1	24645
      1	24692
      1	24703
      1	24708
      1	24770
      1	24789
      2	24800
      1	24807
      1	24818
      1	24839
      1	24917
      1	24933
      3	24990
      1	25154
      1	25235
      1	25387
      1	25432
      2	25454
      1	25459
      1	25482
      1	25488
      1	25494
      1	25495
      2	25538
      1	25556
      3	25573
      1	25575
      1	25666
      1	25678
      1	25689
      1	25724
      2	25757
      1	25780
      1	25781
      1	25813
      1	25865
      3	25899
      7	25960
      1	26005
      1	26025
      1	26035
      1	26037
      1	26045
      1	26108
      8	26135
      1	26139
      1	26171
      1	26202
      6	26207
      1	26242
      1	26246
      2	26290
      1	26328
      1	26332
      1	26362
      1	26368
      1	26383
      1	26443
      1	26447
      1	26458
      1	26537
      1	26563
      3	26597
      1	26602
      1	26617
      4	26666
      1	26682
      1	26713
      1	26714
      1	26756
      2	26772
      1	26826
      1	26828
      1	26850
      1	26888
      1	26900
      1	26919
      1	26968
      1	27009
      1	27052
      1	27138
      1	27193
      1	27259
      1	27263
      2	27272
      1	27340
      3	27350
      1	27361
      1	27409
      1	27443
      1	27452
      1	27481
      3	27495
      1	27519
      1	27529
      1	27579
      1	27625
      1	27709
      1	27767
      1	27773
      1	27784
      1	27814
      1	27858
      1	27862
      2	27880
      1	27944
      1	27964
      2	28012
      9	28025
      1	28040
      1	28047
      1	28066
      2	28109
      1	28204
      1	28220
      1	28231
      1	28250
      1	28272
      1	28273
      6	28308
      1	28318
      2	28324
      1	28338
      1	28427
      1	28430
      1	28466
      1	28486
      2	28495
      1	28520
      1	28594
      1	28616
      1	28623
      1	28651
      1	28664
      2	28675
      3	28692
      1	28727
      1	28749
      1	28762
      1	28846
      1	28855
      1	28872
      1	28878
      1	28903
      1	28906
      2	28960
      1	29086
      1	29090
      1	29099
      1	29106
      1	29164
      1	29166
      1	29184
      1	29207
      1	29216
      1	29219
     11	29255
      1	29259
     11	29364
      2	29374
      2	29383
      1	29438
      1	29497
      1	29517
      2	29524
      1	29562
      3	29596
      1	29619
      1	29766
      2	29772
      1	29789
      1	29826
      1	29880
      2	29889
      1	29946
      2	29988
      1	29995
      2	30021
      1	30023
      1	30066
      1	30152
      1	30167
      1	30168
      2	30185
      1	30209
      1	30211
      1	30257
      1	30311
      1	30319
      1	30328
      1	30378
      1	30402
      1	30435
      2	30443
      1	30524
      1	30544
      1	30555
      2	30595
      1	30613
      1	30628
      2	30672
      1	30686
      2	30707
      1	30769
      1	30770
      3	30816
      1	30824
      1	30867
      1	30876
      1	30878
      1	30896
      2	30910
      1	30921
      1	30931
      1	30941
      1	30951
      1	30955
      1	30995
      1	31043
      1	31074
      1	31130
      1	31153
      3	31156
      1	31169
      1	31265
      1	31289
      1	31310
      2	31331
      1	31347
      1	31354
      1	31395
      1	31397
      2	31416
      1	31493
      2	31557
      1	31613
      1	31626
      1	31651
      1	31687
      1	31693
      2	31706
      1	31720
      1	31829
      1	31833
      3	31859
      3	31964
      1	32018
      3	32046
      1	32117
      1	32120
      1	32184
      1	32198
      1	32229
      1	32237
      1	32279
      1	32342
      1	32389
      1	32426
      1	32429
      2	32515
      1	32560
      1	32574
      2	32603
      1	32621
      2	32646
      1	32675
      1	32802
      1	32804
      1	32808
      3	32863
      1	32874
      1	32915
      1	32925
      1	32995
      1	33205
      1	33221
      1	33292
      1	33306
      1	33314
      1	33348
      1	33465
      1	33535
      1	33597
      1	33611
      1	33668
      1	33682
      1	33724
      1	33733
      1	33897
      1	33941
      1	33948
      3	33971
      1	33982
      2	33992
      1	34010
      1	34257
      1	34371
      2	34375
      1	34393
      1	34446
      1	34479
      1	34496
      1	34530
      1	34576
      1	34635
      1	34708
      1	34710
      1	34725
      1	34728
      1	34745
      1	34761
      1	34770
      1	34775
      1	34776
      1	34790
      1	34795
      2	34803
      3	34805
      1	34817
      3	34898
      1	34949
      1	34990
      3	35005
      1	35012
      1	35048
      1	35055
      1	35086
      1	35112
      1	35128
      1	35207
      4	35223
      1	35250
      1	35267
      1	35337
      1	35344
      1	35349
      1	35385
      1	35391
      1	35443
      2	35498
      1	35516
      1	35527
      2	35545
      2	35576
      1	35586
      1	35616
      1	35625
      2	35667
      1	35684
      2	35717
      1	35720
      1	35722
      1	35744
      1	35834
     12	35861
      1	35915
      1	36004
      1	36044
      2	36056
      1	36091
      1	36096
      1	36112
      1	36180
      1	36240
      3	36247
      1	36252
      2	36295
      1	36325
      1	36335
      1	36384
      2	36400
      1	36414
      1	36450
      2	36559
      2	36566
      1	36604
      1	36636
      1	36650
      1	36671
      1	36681
      1	36747
      1	36754
      1	36774
      1	36778
      2	36870
      2	36906
      2	36930
      1	36969
      1	36993
      2	37006
      1	37052
      1	37062
      1	37087
      1	37188
      1	37233
      1	37260
      4	37271
      1	37316
      1	37321
      1	37333
      1	37335
      1	37342
      1	37348
      2	37414
      1	37466
      1	37580
      1	37651
      3	37691
      1	37699
      1	37723
      1	37743
      2	37744
      3	37747
      4	37804
      2	37846
      1	37867
      1	37883
      1	37885
      1	37918
      2	37935
      3	37997
      5	37998
      1	38018
      3	38068
      1	38099
      1	38102
      1	38153
      1	38184
      1	38259
      1	38270
      1	38271
      4	38295
      1	38311
      3	38334
      1	38346
      1	38380
     12	38398
      1	38411
      2	38439
      1	38447
      2	38520
      1	38549
      1	38652
      1	38672
      1	38676
      1	38714
      1	38729
      1	38742
      1	38756
      6	38781
      1	38802
      2	38807
      7	38839
      1	38909
      4	38993
      1	39043
      1	39075
      1	39079
      2	39193
      1	39196
      3	39234
      1	39239
      1	39265
      1	39294
      1	39394
      1	39398
      1	39437
      1	39494
      1	39521
      2	39537
      2	39544
      1	39555
      1	39578
      1	39593
      1	39598
      1	39619
      1	39629
      1	39669
      1	39697
      1	39751
      1	39780
      2	39868
      1	39880
      1	39952
      1	39964
      2	39977
      1	40010
      1	40061
      2	40109
      2	40120
      1	40156
      1	40270
      1	40314
      1	40317
      1	40324
      1	40340
      1	40354
      1	40367
      1	40379
      1	40407
      2	40432
      1	40449
      2	40465
      2	40538
      1	40616
      1	40620
      2	40635
      1	40674
      1	40679
      2	40711
      2	40740
      1	40789
      1	40821
      1	40830
      2	40950
      1	40985
      1	41023
      1	41027
      1	41052
      1	41095
      1	41143
      1	41185
      1	41224
      1	41479
      1	41547
      1	41570
      6	41582
      1	41588
      3	41592
      1	41622
      1	41640
      1	41654
      1	41671
      1	41690
      1	41691
      1	41742
      1	41760
      1	41771
      1	41775
      2	41794
      1	41815
      1	41849
      1	41869
      1	41874
      1	41884
      1	41922
      1	41938
      1	41973
      1	41977
      1	42034
      1	42112
      1	42150
      1	42163
      1	42211
      1	42292
      1	42340
      1	42372
      1	42380
      9	42388
      1	42399
      2	42404
      1	42409
      1	42418
      1	42419
      1	42476
      1	42597
      1	42628
      1	42671
      1	42679
      1	42719
      1	42728
      1	42820
      1	42860
      1	42888
      1	42970
      1	43010
      1	43061
      2	43080
      1	43107
      1	43117
      1	43139
      1	43176
      1	43184
      3	43201
      2	43202
      1	43214
      1	43367
      1	43411
      1	43457
      2	43461
      5	43478
      1	43502
      1	43513
      1	43552
      1	43554
     22	43603
      1	43669
      1	43685
      1	43700
      1	43702
      5	43763
      1	43780
      1	43789
      1	43827
      1	43838
      1	43856
      1	43889
      1	44078
      2	44112
      1	44123
      1	44211
      3	44228
      2	44238
      1	44248
      1	44249
      1	44262
      1	44311
      1	44362
      1	44381
      1	44443
      2	44446
      1	44480
      1	44558
      1	44572
      2	44666
      1	44683
      1	44726
      1	44767
      2	44777
      1	44807
      1	44833
      1	44843
      1	44866
      1	44907
      1	44927
      1	44960
      1	45033
      1	45043
      1	45093
      1	45102
      1	45147
      1	45150
      1	45169
      1	45188
      1	45200
      2	45279
      1	45289
      1	45341
      1	45358
      1	45383
      1	45407
      2	45464
      1	45523
      1	45534
      3	45590
      1	45594
      1	45596
      1	45672
      1	45696
      1	45703
      1	45708
      1	45717
      1	45780
      1	45847
      1	45916
      1	45943
      1	45998
      1	46033
      1	46059
      1	46120
      2	46123
      2	46145
      1	46173
      1	46179
      1	46231
      1	46383
      1	46441
      1	46446
      1	46514
      1	46541
      1	46573
      1	46595
      1	46615
      1	46623
      1	46636
      1	46645
      2	46656
      1	46705
      1	46733
      1	46850
      1	46859
      1	46873
      2	46921
      1	46932
      1	47006
      1	47038
      1	47043
      1	47050
      5	47054
      1	47055
      2	47073
      1	47163
      1	47165
      1	47197
      1	47213
      1	47245
      1	47286
      1	47301
      1	47311
      1	47351
      1	47376
      1	47472
      1	47486
      1	47492
      1	47584
      1	47593
      6	47597
      1	47602
      2	47641
      1	47647
      1	47740
      1	47768
      1	47769
      1	47776
      1	47811
      5	47894
      8	47905
      1	47928
      1	47932
      1	47935
      1	47938
      1	47976
      1	47994
      1	48005
      1	48046
      2	48086
      1	48101
      1	48134
      3	48139
      1	48174
      1	48180
      1	48214
      1	48219
      1	48307
      1	48330
      2	48362
      2	48412
      1	48413
      1	48527
      6	48690
      2	48743
      1	48746
      1	48797
      1	48845
      2	48870
      1	48924
      2	48951
      1	48989
      1	48993
      1	48995
      1	49078
      2	49094
      1	49107
      1	49113
      1	49124
      1	49182
      1	49200
      1	49212
      1	49221
      1	49232
      1	49247
      2	49267
      1	49387
      1	49439
      4	49458
      1	49481
      1	49563
      2	49598
      1	49631
      1	49657
      1	49722
      1	49753
      1	49757
      1	49773
      1	49779
      1	49825
      1	49834
      1	49844
      1	49909
      2	49943
      1	49944
      1	49975
      1	50040
      1	50262
      1	50294
      1	50313
      1	50327
      1	50369
      1	50385
      1	50401
      1	50416
      1	50428
      1	50471
      2	50508
      1	50580
      1	50585
      1	50645
      1	50679
      2	50686
      3	50810
      1	50811
      1	50841
      1	50872
      1	50934
      1	51041
      2	51042
      2	51044
      1	51160
      2	51179
      1	51194
      1	51263
      1	51291
      2	51314
      1	51321
      1	51354
      1	51369
      1	51392
      1	51394
      1	51419
      1	51452
      1	51537
      2	51587
      1	51637
      1	51697
      1	51739
      2	51766
      1	51773
      1	51777
      1	51808
      1	51822
      1	51849
      3	51888
      4	51959
      2	51994
      1	52007
      1	52030
      1	52056
      1	52099
      1	52121
      1	52178
      1	52181
      1	52205
      1	52224
      1	52305
      6	52370
      1	52389
      1	52393
      3	52398
      1	52422
      1	52528
      3	52532
      1	52551
      1	52625
      1	52633
      1	52635
      1	52659
      1	52690
      1	52720
      1	52724
      1	52746
      1	52762
      1	52769
      1	52824
      1	52848
      2	52858
      1	52918
      1	52961
      2	53054
      2	53093
      1	53100
      1	53120
      7	53153
      1	53160
      2	53167
      1	53194
      1	53218
      2	53232
      3	53243
      1	53328
      1	53333
      8	53349
      1	53412
      1	53427
      1	53449
      1	53479
      2	53494
      1	53503
      1	53556
      1	53578
      1	53584
      1	53596
      1	53623
      1	53636
      1	53661
      1	53696
      1	53918
      1	53947
      1	53962
      2	53971
      6	54059
      5	54127
      2	54136
      2	54165
      1	54184
      2	54215
      1	54232
      3	54235
      1	54356
      2	54420
      1	54460
      1	54495
      1	54520
      1	54551
      1	54554
      1	54595
      1	54600
      1	54619
      1	54628
      1	54691
      1	54713
      1	54729
      1	54834
      1	54885
      1	54888
      1	54892
      3	54950
      1	54955
      1	54983
      1	55045
     10	55085
      1	55135
      1	55176
      2	55182
      1	55237
      1	55312
      1	55345
      1	55383
      1	55398
      3	55408
      1	55421
      6	55460
      1	55475
      1	55594
      1	55633
      1	55643
      1	55670
      1	55736
      1	55763
      1	55788
      1	55808
      1	55812
      1	55837
      1	55839
      1	55847
      1	55924
      2	55962
      1	55980
      1	56027
      3	56028
      1	56044
      1	56078
      2	56084
      1	56144
      1	56151
      1	56160
      1	56199
      1	56264
      5	56273
      1	56291
      4	56371
      1	56414
      1	56427
      1	56623
      1	56625
      1	56657
      1	56663
      1	56668
      1	56672
      1	56710
      1	56747
      1	56801
      1	56810
      1	56814
      1	56823
      1	56856
      1	56874
      1	56940
      1	56941
      1	57007
      1	57092
      1	57100
      2	57133
      4	57144
      1	57185
      2	57218
      1	57226
      1	57264
      1	57315
      1	57325
      1	57332
      1	57419
      1	57424
      1	57438
      1	57489
      1	57502
      1	57525
      1	57544
      1	57566
      1	57577
      1	57606
      1	57617
      1	57657
      1	57736
      1	57740
      1	57758
      1	57767
      1	57784
      1	57904
      3	57913
      1	57949
      1	57950
      1	57970
      1	58002
      1	58116
      1	58118
      2	58191
      1	58281
      1	58319
      1	58351
      1	58406
      1	58471
      1	58516
      4	58521
      1	58563
      1	58578
      1	58582
      1	58586
      1	58594
      1	58637
      1	58654
      1	58679
      1	58711
      1	58721
      1	58781
      1	58858
      1	58887
      1	58895
      1	58915
      2	59001
      2	59003
      1	59017
      1	59031
      1	59064
      2	59107
      1	59140
      1	59148
      1	59171
      1	59215
      1	59270
      1	59429
      1	59617
      1	59623
      1	59660
      1	59698
      1	59748
      1	59875
      1	59981
      2	59994
      2	60007
      3	60023
      1	60157
      1	60179
      1	60202
      1	60211
      1	60220
      1	60266
      1	60307
      1	60312
      1	60334
      1	60367
      1	60433
      1	60446
      1	60497
      2	60501
      2	60563
      1	60574
      1	60581
      4	60750
      1	60753
      2	60821
      1	60866
      1	60874
      1	60922
      1	61019
      3	61092
      1	61120
      1	61121
      1	61234
      1	61251
      2	61254
      2	61257
      5	61261
      1	61310
      1	61363
      1	61473
      1	61519
      1	61562
      1	61633
      1	61638
      1	61662
      1	61665
      1	61686
      1	61736
      1	61757
      1	61787
      3	61832
      1	61864
      1	61959
      1	61998
      1	62053
      1	62095
      1	62106
      1	62119
      1	62180
      1	62183
      1	62271
      1	62296
      1	62320
      1	62382
      1	62479
      1	62534
      1	62535
      1	62600
      1	62615
      1	62625
      1	62679
      1	62737
      1	62812
      1	62841
      2	62846
      1	62849
      1	62897
      1	62901
      1	63002
      1	63022
      1	63041
      1	63050
      1	63097
      1	63140
      1	63143
      1	63258
      1	63330
      2	63360
      4	63363
      1	63382
      1	63398
      2	63409
      1	63413
      1	63440
      1	63443
      1	63462
      1	63563
      2	63642
      2	63743
      1	63801
      1	63809
      1	63820
      1	63830
      1	63898
      1	63935
      1	63950
      1	63986
      4	64007
      1	64053
      3	64068
      1	64172
      1	64274
      3	64340
      1	64402
      1	64425
      1	64465
      1	64468
      1	64470
      1	64641
      1	64649
      1	64657
      1	64668
      1	64743
      1	64775
      1	64793
      1	64809
      1	64876
      1	64913
      1	64920
      1	64931
      1	65114
      1	65121
      1	65159
      1	65272
      2	65278
      1	65318
      1	65352
      2	65372
      2	65381
      3	65408
      1	65413
      1	65414
      1	65430
      2	65467
