      3	11
      1	45
      2	49
      1	67
      1	71
      1	77
      1	80
      1	89
     10	91
      2	108
      2	113
      3	121
      3	162
      1	179
      1	182
      1	188
      1	200
      1	201
      1	243
      1	250
      1	251
      3	262
      1	277
      1	285
      1	335
      1	357
      1	367
      1	462
      1	482
      2	515
      1	517
      2	531
     11	538
      1	550
      1	581
      5	590
      3	607
      1	623
      1	633
      1	648
      3	664
      4	690
      1	702
      1	704
      2	708
      1	770
      1	806
      2	808
      2	813
      3	823
      1	851
      2	865
      1	887
      1	931
      1	944
      2	965
      1	974
      1	1046
      1	1066
      1	1069
      7	1070
      1	1072
      1	1104
      1	1106
      1	1130
      1	1144
      2	1157
      1	1169
      1	1173
      1	1187
      1	1213
      1	1230
      3	1248
      1	1259
      1	1270
      3	1285
     10	1288
      2	1293
      7	1358
      1	1361
      1	1391
      2	1421
      1	1438
      2	1449
      1	1452
      2	1468
      1	1486
      3	1497
      1	1505
      6	1508
      1	1515
      1	1544
      3	1552
      1	1565
      1	1569
      2	1588
      1	1616
      1	1642
      4	1656
      1	1704
      1	1738
      1	1758
      3	1782
      1	1813
      1	1834
      1	1867
      1	1873
      2	1888
      1	1911
      2	1937
      1	1959
      2	1961
      1	1968
      1	1976
      1	1977
      5	2002
      1	2020
      2	2046
      2	2051
      9	2057
      2	2077
      5	2087
      6	2090
     12	2093
      1	2150
      1	2170
      1	2173
      1	2206
      1	2249
      2	2267
      2	2371
      1	2386
      1	2417
      1	2442
      1	2452
      3	2474
      4	2475
      3	2504
      1	2514
      2	2516
      1	2559
      9	2566
      1	2581
      1	2589
      1	2593
      3	2601
      1	2609
      1	2614
      1	2634
      1	2636
      1	2646
      1	2656
      9	2659
      1	2677
      1	2687
      2	2688
      3	2695
     14	2743
      1	2761
      1	2795
      1	2819
      1	2902
      1	2916
      5	2983
      1	2997
      1	3003
      2	3013
      2	3014
      3	3020
      1	3022
      1	3026
      1	3028
      1	3078
      2	3092
      1	3098
      1	3105
      4	3126
      1	3132
      1	3137
      1	3147
      1	3207
      1	3212
      1	3221
      1	3236
      1	3243
      1	3245
      2	3252
      1	3284
      1	3300
      1	3307
      1	3311
      1	3328
      1	3336
      5	3351
      1	3361
      2	3367
      3	3376
      1	3425
      1	3431
      7	3486
      1	3490
      1	3497
      4	3514
      4	3552
      1	3583
      5	3607
      1	3627
      2	3644
      5	3651
      3	3671
      1	3678
      4	3684
      2	3745
      1	3750
      3	3764
      1	3780
      1	3781
      1	3798
      2	3810
      1	3824
      5	3830
      1	3840
      5	3842
      1	3914
      2	3916
      1	3935
      1	3946
      3	3967
      1	3982
      2	3988
      1	3995
      1	4001
      1	4046
      3	4061
      3	4064
      1	4072
      1	4109
      1	4120
      1	4134
      1	4169
      1	4173
      1	4211
      1	4216
      1	4223
      1	4233
      1	4262
      1	4293
      1	4336
      1	4368
      1	4388
      1	4415
      1	4444
      1	4447
      1	4453
      2	4479
      1	4489
      2	4515
      1	4546
      1	4567
      1	4578
      2	4596
      1	4604
      1	4606
      1	4609
      1	4620
      4	4621
      1	4650
      1	4651
      2	4652
      1	4675
      1	4681
      1	4682
      1	4724
     12	4732
      1	4754
      2	4773
      2	4785
      1	4787
      2	4790
      1	4810
      1	4848
      2	4849
      3	4869
      1	4906
      1	4915
      5	4926
      5	4930
      2	4931
      1	4939
      1	4960
     18	4969
      2	5009
      2	5023
      1	5026
      1	5029
      1	5046
      1	5116
      1	5136
      1	5160
      6	5161
      2	5166
      1	5188
      1	5219
      1	5222
      1	5253
      1	5261
      1	5267
      1	5287
      1	5297
      2	5329
      1	5349
      1	5358
      5	5405
      1	5412
      1	5427
      2	5436
      2	5444
      3	5475
      1	5487
      3	5505
      1	5510
      1	5542
      1	5546
      1	5565
      2	5598
      1	5613
      1	5627
      1	5637
      1	5659
      2	5699
      2	5707
      1	5717
      4	5731
      1	5770
      1	5792
      2	5809
      1	5817
      1	5830
      1	5846
      1	5848
      1	5852
      1	5874
      1	5876
      1	5893
      2	5907
      1	5915
      1	5949
      1	5954
      1	5956
      1	5959
      1	5963
      1	6020
      4	6029
      4	6031
      5	6045
      4	6073
      1	6117
      2	6124
      1	6126
      1	6128
      1	6156
      1	6175
      1	6183
      2	6197
      1	6217
      1	6226
      2	6244
      1	6247
      1	6276
      1	6281
      1	6293
      2	6299
      1	6328
      2	6334
      1	6338
      2	6357
      1	6365
      1	6382
      1	6387
      1	6402
      1	6429
      1	6439
      1	6455
     14	6494
      2	6505
      1	6534
      1	6541
      1	6553
      2	6555
      1	6557
      1	6558
      6	6575
      1	6587
      1	6594
      2	6596
      1	6614
      2	6622
      1	6626
      3	6647
      1	6661
      4	6691
      1	6717
      1	6745
      1	6746
      1	6775
      1	6781
      3	6805
      1	6828
      1	6836
      1	6842
      2	6855
      2	6882
      1	6899
      1	6912
      1	6915
      1	6918
      1	6934
      1	6949
      1	6959
      1	6961
      1	6964
      1	6965
      1	6969
      1	6971
      3	6980
      1	7011
      1	7037
      1	7042
      1	7081
      8	7109
      4	7113
      1	7124
      1	7170
      1	7246
      2	7271
      1	7297
      1	7326
      1	7346
      1	7372
      1	7376
      5	7403
      1	7420
      1	7430
      1	7442
      5	7466
      1	7520
      2	7522
      1	7527
      1	7559
      1	7572
      3	7579
      1	7594
      6	7615
      2	7647
      2	7651
      1	7680
      1	7695
      1	7704
      3	7706
      2	7778
      4	7793
      1	7817
      5	7829
      1	7842
      1	7846
      1	7852
      1	7876
      1	7910
      1	7913
      1	7920
      1	7955
      2	7970
      2	7981
      6	8011
      1	8062
      1	8076
      2	8091
      1	8123
      1	8147
      5	8172
      1	8183
      3	8192
      2	8201
      1	8246
      4	8281
      1	8316
      4	8374
      1	8378
      1	8448
      1	8472
      1	8473
      4	8508
      3	8516
      1	8560
      1	8574
      2	8617
      1	8640
     15	8657
      1	8659
      2	8666
      5	8700
      2	8707
      2	8709
      1	8710
      1	8717
      1	8718
      1	8753
      4	8754
      1	8760
      1	8764
      1	8777
      1	8782
      2	8812
      2	8817
      1	8844
      1	8846
      1	8853
      1	8859
      1	8873
      1	8897
      2	8920
      1	8930
      1	8934
      1	8944
      1	8956
      1	8964
      1	8976
      3	8983
      4	8987
     15	8991
      1	8995
      1	8999
      3	9006
      2	9011
      1	9014
      1	9041
      1	9058
      1	9059
      1	9060
      1	9061
      1	9066
      1	9080
      2	9104
      1	9108
      2	9109
      1	9120
      2	9121
      1	9147
      3	9152
      1	9157
      1	9182
      4	9211
      5	9234
      1	9236
      1	9240
      1	9241
      1	9244
      1	9281
      1	9286
      1	9290
      1	9299
      2	9304
      2	9317
      1	9324
      5	9345
      1	9359
      5	9384
      1	9391
      1	9411
      1	9445
      1	9461
      3	9463
      1	9486
      1	9488
      2	9491
      1	9498
      1	9517
      1	9519
      1	9558
      1	9563
      1	9564
      1	9572
      1	9582
      1	9590
      1	9610
      1	9657
      5	9705
      1	9727
      1	9752
      1	9761
      1	9765
      3	9793
      4	9826
      4	9872
      1	9873
      1	9874
      1	9883
      2	9886
      4	9888
      1	9898
      1	9900
      1	9933
      1	9965
      1	9992
      1	9999
     16	10026
      1	10035
      1	10040
      1	10042
      1	10069
      3	10070
      1	10104
      1	10114
      1	10160
      2	10181
      4	10198
      2	10216
      1	10241
      1	10243
      1	10245
      1	10280
      1	10320
      1	10324
      1	10327
      4	10346
      1	10353
      2	10389
      1	10420
      1	10447
      1	10454
      1	10456
      1	10485
      1	10510
      1	10516
      2	10520
      1	10533
      1	10557
      1	10558
      2	10607
      1	10610
      1	10649
      1	10673
      1	10681
      1	10710
     15	10724
      3	10732
      2	10744
      1	10750
      1	10762
      1	10770
      1	10777
      1	10790
      4	10822
      1	10827
      4	10845
      6	10860
      1	10893
      1	10895
      1	10899
      1	10922
      1	10935
      2	10942
      9	10950
      7	10974
      1	10986
      3	10987
      2	10996
      1	11059
      1	11071
      1	11084
      4	11090
      1	11124
      3	11144
      1	11146
      2	11203
      2	11298
      2	11321
      1	11382
      1	11385
      1	11393
      1	11394
      1	11402
      1	11411
      2	11419
      2	11420
      1	11437
      2	11439
      6	11490
      4	11524
      1	11535
     13	11569
      4	11584
      1	11611
      2	11612
      1	11616
      2	11621
      1	11642
      2	11652
      1	11662
      1	11668
      1	11736
      1	11749
      1	11751
      2	11759
      1	11762
      1	11765
      1	11785
      1	11799
      3	11800
      1	11801
      1	11832
      4	11837
      1	11846
      1	11854
      1	11856
      1	11868
      1	11905
      1	11928
      1	11939
      2	11964
      2	11967
      2	11969
      1	11970
      2	11986
      2	12005
      1	12028
      1	12042
      1	12049
      1	12050
      2	12059
      1	12091
      1	12098
      1	12117
      1	12163
      2	12186
      1	12191
      1	12196
      1	12271
      1	12288
      1	12290
      1	12334
      2	12339
      2	12350
      9	12356
      2	12363
      1	12364
      1	12388
      2	12389
      6	12397
      1	12405
      1	12409
      1	12424
      2	12426
      1	12477
      2	12495
      1	12500
      1	12503
      7	12505
      1	12545
      1	12559
      2	12572
      1	12597
      1	12603
      1	12674
      8	12684
      1	12689
      1	12703
      2	12708
      2	12725
      1	12762
      2	12763
      1	12768
      2	12804
      3	12809
      1	12814
      1	12819
      1	12826
      1	12880
      1	12905
      3	12915
      2	12921
      1	12936
      1	12946
      5	12948
      1	12952
      2	12956
      1	12960
      8	12967
      1	12989
      4	13008
      1	13024
      1	13049
      1	13054
      1	13074
      1	13076
      2	13090
     10	13118
      2	13130
      1	13180
      1	13244
      2	13252
      1	13262
      1	13273
      8	13288
      2	13300
      5	13333
      1	13382
      1	13388
      1	13390
      1	13409
      1	13416
      2	13423
      1	13427
      1	13456
      1	13460
      2	13461
      1	13462
      1	13464
      2	13480
      1	13481
      1	13488
      4	13490
      1	13499
      1	13502
      1	13504
      1	13515
      2	13562
      1	13581
      1	13594
      1	13636
      1	13668
      1	13678
      4	13679
      1	13723
      2	13735
      2	13737
      1	13738
      2	13768
      1	13787
      2	13803
      3	13806
      1	13810
      1	13826
      1	13844
      1	13846
      4	13871
      1	13898
      3	13913
      3	13945
      1	13950
      2	13954
      1	13961
      1	13964
      1	14002
      1	14026
      1	14033
      9	14053
      1	14070
      1	14083
      1	14111
      1	14114
      2	14127
      2	14128
      2	14134
      1	14156
      2	14166
      1	14229
      1	14231
      1	14256
      6	14287
      1	14297
      1	14326
      1	14332
      1	14343
      2	14352
      2	14385
      3	14392
      1	14401
      1	14411
      2	14430
      1	14458
      1	14475
      1	14497
      2	14506
      1	14518
      2	14538
      1	14540
      1	14565
      2	14592
      1	14602
      2	14606
      1	14650
      1	14654
      3	14665
      1	14708
      7	14768
      1	14779
      1	14787
      1	14790
      2	14837
      1	14849
      1	14880
      1	14881
      1	14900
      1	14912
      1	14936
      1	14950
      1	14956
      1	14960
      2	14967
      1	14969
      3	14999
      2	15033
      1	15052
      1	15076
      1	15098
      1	15120
      1	15147
      2	15151
      1	15163
      2	15173
      3	15183
      1	15188
      1	15204
      2	15247
      1	15256
      1	15259
      1	15260
      1	15261
      1	15268
      1	15282
      2	15290
      1	15291
      1	15303
      2	15355
      1	15359
      1	15361
      1	15386
      1	15397
      2	15399
      1	15420
      2	15458
      3	15461
      2	15467
      1	15516
      5	15530
      1	15535
      1	15549
      1	15558
      1	15566
      1	15592
      1	15599
      1	15619
      2	15639
      7	15661
      1	15679
     10	15684
      2	15702
      1	15703
      2	15708
      2	15724
      1	15733
      1	15754
      3	15789
      1	15845
      1	15847
      1	15854
      1	15862
      2	15895
      1	15933
      1	15939
      1	15950
      1	15957
      1	15975
     10	15984
      5	15985
     11	16007
      1	16024
      1	16038
      1	16102
      1	16104
      2	16110
      1	16112
      2	16135
      6	16148
      3	16163
      1	16181
      3	16202
      3	16211
      1	16276
      1	16278
      1	16321
      6	16368
      1	16394
      1	16400
      2	16442
      1	16465
      2	16482
      1	16488
      1	16493
      1	16516
      1	16526
      1	16529
      1	16532
      1	16554
      1	16560
      1	16561
      1	16585
      1	16614
      6	16620
      4	16628
      2	16644
      1	16648
      1	16649
      1	16672
      3	16679
      2	16704
      2	16729
      3	16738
      1	16753
     10	16754
      1	16775
      1	16785
      2	16798
      1	16823
      1	16852
      1	16887
      3	16916
      1	16924
      2	16935
      1	16944
      2	16969
      1	16977
     10	17005
      1	17017
      6	17019
      1	17027
      1	17055
      3	17062
      1	17067
      1	17072
      1	17074
      5	17164
      6	17210
      2	17214
      1	17216
      4	17225
      5	17267
      1	17293
      2	17296
      1	17300
      2	17315
      1	17333
      2	17338
      6	17341
      2	17352
      1	17393
      1	17425
      1	17439
      1	17452
      2	17474
      2	17495
      1	17524
      5	17540
      2	17572
      2	17578
      2	17580
      1	17592
      1	17603
      1	17642
      1	17667
      1	17697
      1	17708
      3	17736
      1	17759
      2	17835
      1	17838
      1	17845
      1	17870
      2	17895
      1	17896
      1	17901
      2	17916
      1	17934
      1	17973
     79	17975
      4	17990
      1	17997
      2	18001
      2	18003
      2	18010
      1	18035
      1	18069
      4	18116
      1	18142
      1	18145
      2	18166
      4	18179
      1	18180
      1	18219
      1	18227
      1	18271
      1	18304
      7	18348
      1	18353
      1	18402
      1	18420
      2	18422
      1	18436
      5	18444
      1	18455
      1	18492
      1	18511
      1	18515
      1	18567
      2	18568
      2	18590
      1	18618
      3	18636
      1	18650
      1	18651
      4	18656
      2	18660
      2	18677
      3	18696
      1	18710
      1	18720
      1	18749
      1	18750
      1	18761
      1	18787
      1	18796
      3	18812
      1	18814
      1	18907
      1	18925
      1	18976
      1	18992
      6	19016
      1	19049
      1	19051
      3	19113
      1	19138
      1	19150
      2	19212
      1	19221
      2	19226
      1	19251
      1	19259
      2	19268
      2	19269
      1	19274
      2	19277
     13	19305
      5	19321
      1	19345
      1	19356
      3	19402
      1	19411
      2	19418
      1	19422
      5	19425
      1	19460
      1	19513
      2	19539
      1	19543
      2	19549
      1	19585
      4	19622
      1	19641
      2	19664
      1	19674
      4	19692
      6	19707
      1	19708
      3	19721
      1	19731
      1	19761
      2	19780
      1	19790
      2	19803
      1	19819
      1	19825
      3	19869
      5	19879
      1	19900
      1	19919
      1	19923
      1	19941
      1	19955
      4	19991
      1	20003
      2	20009
      1	20023
      2	20028
      1	20036
      1	20058
      1	20081
      2	20118
      1	20172
      1	20188
      1	20195
      1	20203
      1	20226
      1	20267
      5	20268
      1	20275
      1	20311
      3	20323
      3	20326
      2	20357
      2	20375
      2	20390
      1	20402
      1	20419
      1	20440
      2	20445
      1	20480
      1	20483
      1	20506
      2	20513
      1	20515
      1	20573
      7	20611
      1	20613
      1	20615
      2	20635
      1	20649
      1	20657
      4	20683
      1	20696
      1	20715
      1	20729
      2	20750
      1	20784
      1	20794
      2	20802
      1	20803
      1	20816
      5	20827
      1	20865
      1	20869
      2	20871
      1	20885
      1	20932
      1	20956
      5	20974
      2	20989
      2	20994
      1	20995
      1	20997
      3	21018
      1	21034
      3	21096
      1	21114
      1	21122
      1	21144
      3	21149
      1	21158
      3	21162
      2	21180
      1	21201
      8	21231
      1	21256
      1	21258
      4	21276
      1	21278
      1	21282
      1	21342
      1	21380
      1	21393
      1	21466
      1	21470
      1	21474
      1	21476
      3	21507
      3	21532
      4	21552
      2	21563
      1	21595
      1	21605
      1	21606
      1	21623
      1	21625
      1	21628
      2	21650
      1	21652
      2	21684
      1	21686
      1	21693
      1	21712
      1	21800
      1	21842
      2	21850
      4	21856
      1	21862
      1	21874
      4	21882
      2	21885
      2	21892
      1	21905
      5	21911
      1	21915
      3	21920
      2	21989
      2	22010
      1	22027
      1	22084
      1	22116
      1	22140
      5	22164
      1	22186
      3	22188
      1	22194
      1	22236
      1	22253
      2	22292
      1	22294
      1	22305
      1	22314
      5	22329
      1	22348
      1	22350
      3	22365
      2	22386
      1	22391
      2	22392
      2	22417
      1	22426
      2	22441
      1	22447
      3	22466
      1	22467
      1	22495
      1	22508
      1	22546
      1	22547
      1	22573
      1	22576
      1	22598
      1	22624
      2	22626
      1	22631
      1	22636
      1	22643
      1	22649
      1	22657
      4	22682
      1	22689
      1	22694
      4	22699
      1	22710
      1	22713
      5	22719
      2	22731
      3	22744
      1	22806
      2	22807
      4	22812
      1	22829
      2	22841
      1	22842
      6	22862
      1	22866
      2	22876
      2	22887
      1	22893
      1	22895
      1	22902
      1	22904
      1	22910
      1	22911
      1	22964
      8	22970
      1	22974
      2	22980
      2	23000
      1	23004
      4	23006
      1	23010
      1	23013
      2	23019
     10	23023
      1	23029
      6	23033
      1	23055
      2	23065
      1	23092
      1	23100
      3	23114
      1	23137
      1	23179
      1	23216
      1	23255
     10	23266
      1	23288
      3	23309
      1	23323
      1	23326
      3	23354
      1	23385
      2	23391
      1	23396
      2	23399
      1	23401
      4	23410
      1	23440
      2	23444
      1	23473
      1	23476
      1	23521
      1	23526
      2	23536
      1	23539
      1	23547
      1	23559
      1	23566
      1	23574
      1	23577
      1	23594
      1	23626
      1	23638
      1	23639
      1	23650
      2	23653
      1	23670
      1	23680
      1	23683
      1	23711
      2	23720
      2	23729
      1	23767
      1	23775
      1	23815
      2	23828
      2	23857
      1	23887
      1	23890
      1	23947
      1	23968
      1	23980
      2	24013
      1	24022
      1	24026
      1	24044
      1	24052
      2	24058
      1	24092
      1	24114
      2	24136
      1	24141
      1	24175
      1	24194
      1	24212
      1	24253
      1	24265
      1	24284
      1	24303
      1	24306
      1	24311
      4	24333
      1	24334
      1	24338
      1	24339
     16	24345
      1	24376
      1	24384
      2	24406
      1	24412
      1	24429
      3	24466
      1	24469
      1	24479
      1	24492
      2	24506
      1	24574
      1	24589
      1	24622
      1	24656
      1	24716
      1	24722
      1	24740
      2	24741
      1	24750
      1	24766
      2	24794
      1	24800
      5	24817
      1	24830
      1	24837
      6	24839
      1	24858
      1	24881
      1	24914
      1	24917
      2	24939
      1	24940
      1	24958
      1	24971
      3	24990
      1	24995
      1	25031
      2	25046
      1	25054
      1	25073
      1	25125
      4	25129
      3	25133
      1	25141
      2	25193
      1	25228
      2	25233
      1	25240
      1	25242
      1	25267
      1	25329
      1	25338
      1	25387
      1	25399
      1	25439
      1	25444
      1	25451
      2	25455
      1	25484
      1	25491
      1	25496
      1	25507
      1	25508
      2	25516
      2	25517
      1	25527
      1	25533
      3	25538
      3	25541
      4	25563
      2	25565
      1	25575
      2	25595
      3	25620
      4	25628
      1	25647
      1	25689
      3	25695
      1	25714
      1	25749
      1	25750
      2	25760
      1	25781
      2	25798
      1	25805
      3	25813
      2	25852
      4	25857
      2	25866
      2	25869
      5	25891
      1	25894
      1	25899
      1	25939
      2	25950
      1	25959
     11	25960
      2	25961
      1	25967
      1	25974
      2	25979
      3	25985
      1	26002
      1	26021
      1	26031
      2	26037
      1	26043
      1	26045
      1	26055
      1	26069
      3	26093
      1	26107
      1	26108
      4	26111
      4	26135
      1	26144
      3	26171
      1	26190
      1	26192
      1	26202
      4	26207
      1	26216
      1	26219
      1	26223
      1	26234
      1	26246
      2	26290
      1	26324
      2	26345
      1	26379
      1	26399
      1	26409
      1	26416
      1	26428
      1	26433
      1	26434
      3	26435
      1	26451
      1	26453
      2	26458
      1	26472
      1	26497
      1	26520
      1	26534
      1	26553
      3	26556
      5	26564
      1	26574
      2	26597
      1	26611
      1	26612
      3	26625
      1	26637
      2	26641
      3	26644
      1	26646
      2	26661
      2	26666
      1	26703
      1	26711
      1	26760
      7	26777
      2	26782
      1	26821
      1	26849
      4	26857
      2	26864
      1	26873
      1	26880
      1	26884
      1	26927
      1	26940
      3	26959
      2	26964
      1	27025
      3	27039
      1	27043
      1	27051
      1	27077
      2	27084
      1	27120
      1	27147
      4	27151
      1	27155
      2	27173
      1	27186
      1	27192
      1	27212
      1	27257
      1	27261
      1	27263
      3	27272
      1	27275
      1	27285
      1	27292
      1	27323
      3	27349
      4	27350
      1	27357
      3	27382
      1	27397
      1	27409
      2	27443
      1	27467
      1	27469
      2	27485
      7	27495
      1	27509
      1	27510
     13	27519
      1	27532
      1	27563
      1	27568
      1	27615
      2	27620
      1	27622
      1	27652
      1	27665
      1	27670
      3	27672
      1	27673
      2	27726
      1	27731
      1	27740
      1	27771
      5	27773
      2	27784
      2	27790
      2	27828
      1	27830
      4	27880
      1	27920
      8	27944
      1	27966
      2	27972
      2	27991
      2	28012
      3	28015
      8	28025
      1	28031
      1	28060
      2	28066
      1	28074
      1	28078
      1	28107
      1	28109
      1	28196
      1	28204
      1	28211
      1	28234
      1	28244
      1	28258
      2	28313
      1	28330
      1	28343
      1	28383
      1	28430
      1	28435
      1	28438
      1	28442
      1	28461
      3	28463
      2	28466
      1	28467
      6	28482
      1	28499
     12	28520
      2	28522
      1	28531
      1	28550
      1	28552
      1	28557
      1	28565
      1	28578
      1	28580
      1	28589
      1	28614
      6	28615
      1	28628
      1	28651
      1	28675
      1	28692
      2	28731
      1	28751
      1	28781
      1	28784
      1	28809
      1	28813
      5	28824
      1	28825
      1	28827
      2	28879
      2	28906
      1	28908
      1	28919
      1	28943
      5	28960
      1	28962
      1	28963
      2	28967
      2	28986
      1	28995
      1	28997
      4	29002
      1	29021
      1	29028
      1	29035
      1	29061
      2	29085
      2	29106
      1	29137
      1	29150
      1	29168
      1	29185
      1	29202
      2	29213
      2	29229
      1	29235
     26	29255
      1	29268
      2	29286
      1	29309
      2	29311
      1	29350
      1	29357
      1	29364
      3	29377
      2	29431
      2	29438
      1	29456
      3	29497
      1	29516
      2	29524
      1	29576
      1	29588
      9	29596
      1	29715
      2	29742
      1	29772
      1	29777
      1	29781
      1	29815
      1	29823
      2	29826
      1	29841
      1	29875
      1	29879
      2	29880
      1	29907
      1	29938
      1	29945
      4	29946
      7	29948
      2	29964
      2	29969
      5	29988
      1	29990
      1	29997
      1	30007
      3	30027
      3	30057
      1	30075
      1	30090
      1	30152
      1	30161
      1	30167
      2	30236
      1	30245
      2	30270
      1	30277
      2	30313
      1	30352
      4	30360
      1	30385
      3	30388
      3	30390
      5	30410
      4	30427
      1	30439
      4	30443
      1	30448
      1	30450
      2	30460
      2	30509
      2	30534
      1	30544
      4	30555
      1	30562
      1	30564
      2	30565
      2	30590
      1	30594
      5	30613
      1	30653
      3	30659
      1	30680
      1	30682
      1	30686
      1	30720
      1	30726
      1	30735
      1	30742
      3	30754
      1	30783
      3	30801
      2	30819
      1	30879
      1	30893
      1	30912
      2	30913
      1	30931
      3	30941
      1	30944
      1	30947
     10	30957
      1	30964
      1	30977
      1	30980
     11	30983
      1	30993
      1	31032
      1	31038
      2	31050
      2	31052
      1	31059
      1	31063
      2	31078
      1	31130
      1	31153
      1	31185
     11	31205
      1	31252
      1	31263
      1	31308
      1	31350
      2	31360
      3	31378
     27	31395
      1	31397
      1	31404
      1	31417
      1	31435
      1	31470
      1	31499
      1	31511
      1	31543
      1	31545
      1	31562
      5	31573
      1	31580
      1	31603
      3	31606
      3	31613
      1	31615
      1	31623
      1	31691
      1	31693
      1	31701
      1	31732
      1	31748
      1	31757
      1	31758
      2	31766
      3	31787
      1	31813
      1	31823
      3	31831
      1	31833
      1	31847
      1	31848
      2	31859
      1	31868
      2	31890
      1	31896
      1	31913
      1	31919
      1	31936
      2	31982
      1	32031
      4	32032
      1	32046
      4	32079
      2	32097
      1	32110
      2	32117
      1	32164
      2	32174
      1	32194
      1	32204
      1	32206
      1	32221
      2	32224
      2	32235
      3	32249
      1	32265
      3	32266
      1	32288
      1	32295
      4	32309
      2	32343
      5	32345
      1	32374
      2	32391
      2	32392
      1	32426
      1	32439
      1	32446
      2	32477
      1	32496
      5	32515
      1	32517
      1	32520
      1	32526
      1	32574
      1	32582
      1	32611
      1	32621
      1	32631
      4	32647
      1	32648
      1	32651
      1	32657
      1	32672
      1	32683
      2	32687
      4	32714
      1	32747
      1	32768
      2	32809
      3	32813
      3	32863
      1	32903
      1	32909
      1	32915
      1	32931
      1	32940
      2	32967
      4	32970
      1	32972
      1	33027
      2	33051
      1	33069
      7	33074
      1	33092
      1	33095
      1	33124
      2	33143
      1	33145
      2	33149
      1	33179
      1	33223
      1	33226
      1	33229
      4	33272
      1	33291
      2	33292
      7	33306
      1	33314
      2	33328
      1	33329
      2	33337
      1	33375
      2	33379
      1	33388
      1	33400
      2	33419
      1	33424
      3	33456
      3	33465
      1	33472
      1	33477
      5	33480
      3	33484
      2	33499
      2	33511
      1	33527
      2	33565
      1	33585
      1	33586
      1	33619
      2	33631
      1	33641
      1	33651
      1	33669
      1	33674
      1	33682
      1	33692
      1	33718
      1	33724
      1	33736
      2	33758
      1	33764
      1	33779
      1	33812
      2	33814
      1	33844
      1	33879
      3	33921
      4	33971
      1	33972
      1	33982
      7	33992
      1	34010
      1	34014
      2	34035
      1	34042
      1	34052
      1	34056
      6	34060
      3	34110
      1	34118
      1	34165
      1	34166
      2	34170
      1	34175
      1	34184
      1	34193
      1	34219
      7	34241
      1	34288
      1	34303
      1	34313
      2	34326
      1	34332
      1	34388
      1	34412
      1	34423
      1	34445
      1	34460
      4	34463
      1	34473
      1	34479
      1	34503
      1	34521
      1	34537
      2	34550
      2	34552
      1	34555
      3	34576
      1	34599
      1	34608
      1	34670
      4	34674
      1	34697
      2	34698
      1	34704
      3	34708
      2	34721
      2	34723
      1	34728
      3	34763
      2	34773
      1	34775
      5	34805
      1	34818
      2	34827
      3	34836
      1	34848
      1	34852
      1	34854
      2	34865
      1	34914
      1	34917
      1	34921
      2	34925
      1	34975
      1	34984
      1	34994
      1	35021
      1	35024
      3	35067
      2	35093
      1	35095
      2	35102
      2	35110
      1	35122
      1	35130
      1	35142
      2	35162
      1	35183
      1	35198
      3	35210
      2	35212
      1	35223
      3	35263
      1	35298
      1	35308
      1	35326
      2	35337
      1	35362
      1	35378
      2	35391
      1	35410
      1	35418
      1	35432
      1	35452
      3	35471
      1	35496
      1	35522
      1	35528
      2	35551
      1	35566
      4	35591
      1	35605
      8	35644
      2	35659
      2	35667
      1	35704
      3	35708
      1	35722
      1	35737
      2	35748
      2	35754
      1	35776
      1	35782
      2	35807
      1	35814
      1	35820
      2	35824
      1	35835
      1	35836
      1	35854
      1	35874
      1	35904
      1	35916
      1	35918
      1	35928
      1	35931
      1	35949
      2	35959
      1	35961
      1	35964
      1	35968
      1	35996
      1	36015
      1	36030
      2	36056
      1	36062
      3	36084
      1	36087
      1	36091
      2	36096
      2	36098
      2	36112
      1	36151
      1	36186
      1	36188
      1	36221
      1	36240
      1	36243
      1	36244
      1	36250
      1	36267
      1	36283
      1	36295
      1	36334
      1	36335
      1	36368
      2	36390
      1	36404
      1	36414
      5	36437
      1	36438
      1	36443
      1	36484
      2	36509
      1	36515
      1	36520
      1	36526
      2	36549
      6	36559
      3	36566
      1	36572
      2	36578
      1	36587
      1	36650
      2	36656
      2	36659
      1	36663
      1	36674
      1	36700
      2	36719
      1	36733
      1	36744
      1	36775
      1	36779
      1	36810
      1	36814
      2	36820
      1	36831
      1	36846
      1	36862
      1	36870
      1	36883
      1	36910
      1	36924
      1	36967
      1	36970
      3	36973
      4	36981
      1	37009
      2	37052
      5	37061
      1	37086
      3	37087
      1	37090
      1	37111
      2	37124
     16	37127
      1	37132
      1	37149
      1	37219
      1	37243
      5	37271
      4	37277
      1	37278
      1	37284
      1	37312
      1	37320
      2	37321
      1	37331
      1	37348
      3	37355
      4	37358
      1	37387
      1	37392
      2	37393
      1	37411
      3	37414
      1	37429
      1	37444
      1	37465
      2	37471
      3	37493
      1	37528
      1	37531
      1	37536
      6	37552
      1	37586
      1	37588
      1	37601
      2	37608
      2	37617
      1	37621
      5	37640
      1	37670
      1	37697
      1	37707
      1	37716
      1	37743
      3	37744
      4	37747
      3	37777
      1	37788
      1	37795
      1	37814
      2	37819
      1	37825
      1	37847
      1	37863
      1	37867
      1	37883
      4	37885
      2	37904
      2	37966
      1	37976
      5	37980
      3	37997
      1	38018
      1	38033
      1	38049
      2	38058
      1	38068
      1	38120
      1	38134
      1	38160
      1	38163
      3	38171
      1	38181
      5	38216
      3	38224
      4	38238
      1	38265
      4	38269
      1	38270
      1	38295
      2	38311
      3	38315
      1	38325
      1	38331
      1	38334
      1	38346
      1	38347
      4	38353
      1	38389
      2	38398
      1	38401
      1	38420
      1	38468
      1	38480
      1	38489
      1	38492
      1	38498
      1	38503
      1	38512
      1	38520
      3	38544
      1	38578
      2	38582
      1	38592
      1	38600
      1	38605
      1	38608
      2	38652
      3	38654
      3	38659
      2	38665
      1	38673
      1	38675
      3	38677
      1	38681
      7	38687
      1	38713
      1	38714
      1	38716
      1	38727
      1	38731
      7	38747
      2	38796
      1	38836
     57	38839
      1	38852
      1	38854
      1	38863
      1	38877
      1	38888
      2	38896
      1	38902
      3	38926
      1	38932
      2	38939
      2	38950
      1	38958
      1	39031
      2	39032
      2	39043
      1	39049
      1	39064
      5	39072
      1	39075
      2	39077
      2	39093
      2	39098
      1	39122
      1	39144
      1	39145
      1	39157
      1	39159
      1	39160
      2	39176
      1	39197
      1	39200
      2	39201
      1	39213
      1	39216
      1	39219
      1	39234
      2	39241
      1	39248
      1	39262
      1	39263
      2	39265
      1	39271
      1	39275
      1	39296
      2	39305
      1	39312
      1	39330
      1	39348
      4	39361
      1	39379
      1	39432
      1	39441
      3	39460
      1	39484
      1	39509
      1	39537
      1	39561
     12	39574
      2	39578
      1	39593
      2	39624
      1	39689
      3	39698
      1	39702
      1	39711
      6	39751
      3	39759
      1	39770
      1	39780
      1	39808
      2	39827
      1	39856
      1	39881
      1	39948
      1	39952
      2	39978
      1	40014
      1	40031
      1	40050
      2	40063
      1	40065
      1	40079
      1	40082
      2	40101
      1	40115
      1	40124
      1	40136
      1	40175
      2	40180
      1	40184
      1	40193
      1	40212
      1	40279
      1	40314
      1	40322
      1	40329
      3	40340
      1	40347
      1	40354
      2	40387
      1	40393
      1	40394
      1	40412
      1	40437
      3	40479
      1	40483
      2	40502
      4	40515
      1	40519
      4	40574
      1	40592
      1	40611
      1	40616
      1	40619
      3	40661
      1	40674
      2	40693
      2	40707
     13	40712
      1	40713
      3	40725
      1	40733
      1	40769
      1	40770
      4	40779
      2	40791
      1	40798
      1	40813
      5	40817
      2	40830
      1	40839
      1	40841
      1	40845
      1	40860
      1	40871
      1	40889
      1	40964
      5	40966
      1	40985
      1	41027
      4	41032
      1	41047
      2	41048
      1	41100
      1	41119
      1	41133
      1	41144
      1	41155
      1	41159
      3	41185
      1	41216
      1	41218
      1	41238
      1	41241
      1	41244
      1	41245
      1	41297
      1	41328
      2	41333
      1	41347
      1	41348
      1	41355
      1	41356
      1	41361
      1	41364
      1	41377
      2	41394
      1	41414
      1	41460
      2	41461
      2	41471
      1	41478
      1	41524
      1	41537
      1	41554
      1	41555
      1	41570
      5	41582
      1	41588
      1	41605
      1	41616
      1	41617
      3	41620
      8	41640
      2	41671
      1	41691
      2	41771
      1	41791
      1	41813
      2	41823
      1	41861
      2	41896
      1	41983
      1	41988
      2	41994
      1	42008
      1	42010
      1	42013
      1	42021
      1	42024
      1	42027
      1	42069
      1	42086
      1	42102
      1	42123
      1	42128
      1	42140
      1	42145
      1	42147
      1	42149
      1	42150
      2	42196
      1	42203
      1	42207
      1	42237
      1	42248
      1	42261
      1	42288
      1	42340
      2	42359
      1	42369
      1	42372
      1	42381
      1	42389
      1	42390
      1	42391
      1	42414
      1	42419
      1	42438
      1	42487
      3	42519
      2	42554
      2	42564
      1	42579
      1	42627
      2	42646
      3	42669
      1	42672
      1	42674
      1	42679
      1	42689
      2	42691
      1	42696
      2	42699
     11	42723
      2	42735
      2	42744
      1	42770
      1	42772
     16	42797
      2	42810
      1	42820
      1	42840
      4	42842
      1	42862
      2	42868
      1	42888
      1	42901
      4	42912
      1	42914
      1	42959
      1	42965
      1	42966
      1	42969
      1	43033
      1	43073
      2	43080
      4	43104
      1	43105
      1	43113
      1	43127
      1	43145
      3	43148
      1	43154
      1	43169
      1	43176
      1	43201
      2	43225
      1	43247
      1	43271
      1	43322
      1	43327
      1	43366
      2	43369
      1	43372
      1	43379
      2	43440
      2	43441
      1	43461
      1	43468
      2	43476
      1	43478
      1	43513
      1	43518
      4	43531
      2	43620
      1	43625
      6	43669
      1	43726
      3	43737
      3	43763
      1	43765
      1	43779
      2	43811
      1	43819
      4	43832
      1	43853
      2	43857
      1	43862
      1	43889
      1	43972
      1	43990
      1	44030
      2	44063
     12	44078
      1	44084
      3	44094
      6	44112
      5	44117
      1	44137
      3	44141
      1	44169
      1	44190
      1	44210
      5	44252
      1	44261
      1	44274
      1	44291
      1	44313
      1	44321
     11	44329
      1	44338
      1	44346
      1	44381
      7	44389
      4	44410
      1	44415
      1	44429
      1	44455
      1	44473
      1	44493
      1	44555
      1	44568
      1	44570
      1	44583
      2	44615
      1	44641
      1	44644
      3	44672
      4	44674
      1	44683
      1	44691
      1	44702
      1	44716
      1	44722
      4	44724
      1	44725
      1	44726
      1	44735
      2	44758
      1	44820
      1	44828
      6	44830
      6	44833
      2	44853
      1	44875
      1	44881
      1	44882
      2	44896
      1	44897
      6	44907
      3	44912
      1	44936
      1	44945
      2	44959
      8	44961
      1	44968
      1	44991
      3	45022
      1	45033
      1	45036
      1	45043
      4	45058
      2	45059
      1	45135
      1	45138
      2	45147
      1	45148
      1	45226
      1	45241
      1	45261
      1	45265
      1	45299
      1	45308
      1	45341
      1	45368
      1	45373
      3	45450
     11	45457
      3	45464
      1	45465
      1	45466
      1	45471
      2	45520
      1	45534
      1	45540
      1	45541
      9	45570
      1	45590
      1	45596
      1	45645
      1	45690
      1	45692
      2	45726
      1	45733
      1	45747
      1	45748
      2	45750
      1	45778
      1	45817
      2	45818
      1	45828
      1	45835
      3	45847
      1	45869
      2	45901
      1	45914
      3	45943
      2	45958
      1	45969
      1	45986
      1	45997
      2	45998
      1	46012
      2	46070
      2	46075
      1	46076
      1	46086
     25	46100
      4	46118
      1	46120
      1	46140
      2	46150
      1	46157
      1	46168
      2	46234
      1	46252
      3	46261
      1	46267
      1	46272
      2	46274
      2	46278
      1	46284
      1	46290
      1	46300
      6	46302
      1	46315
      1	46341
      1	46356
      1	46361
      3	46417
      1	46418
      1	46419
      1	46426
      2	46451
      1	46452
      1	46478
      1	46479
      1	46498
      1	46499
      2	46541
      4	46554
      1	46558
      1	46559
      1	46573
      4	46576
      1	46593
      1	46595
      1	46645
      1	46656
      1	46659
      1	46663
      1	46669
      1	46680
      2	46701
      1	46702
      1	46708
      2	46713
      2	46724
      1	46733
      2	46734
      1	46758
      1	46773
      1	46781
      2	46801
      1	46827
      4	46850
      2	46853
      1	46859
     14	46925
      1	46982
      2	47012
      1	47015
      1	47023
      3	47038
      1	47043
      1	47044
      1	47045
      1	47054
      9	47073
      1	47076
      1	47089
      1	47099
      1	47101
      3	47102
      1	47131
      1	47153
      1	47159
      1	47161
      1	47204
      2	47208
      1	47216
      1	47232
      2	47250
      1	47256
      1	47286
      1	47293
      2	47294
      1	47302
      1	47303
      3	47311
      1	47348
      1	47351
      1	47382
      2	47398
      3	47425
      2	47429
      1	47478
      6	47486
      2	47488
      2	47497
      1	47526
      1	47538
      1	47547
      1	47563
      1	47584
      1	47593
      1	47599
      3	47602
      1	47618
      2	47621
      1	47632
      1	47647
      7	47650
      9	47660
      2	47662
      1	47697
      1	47707
      1	47715
      2	47721
      1	47729
      2	47730
      3	47732
      1	47750
      2	47753
      1	47761
      1	47788
      1	47851
      4	47883
      2	47893
      1	47894
      1	47899
      3	47905
      1	47931
      1	47943
      1	47958
      2	47969
      1	47975
      2	47992
      1	47994
      1	48004
      1	48017
      1	48020
      2	48021
      1	48040
      1	48046
      1	48047
      4	48064
      2	48071
      1	48086
      3	48125
     26	48128
      1	48135
      2	48138
      4	48164
      2	48203
      1	48215
      1	48235
      1	48256
      1	48292
      1	48316
      1	48333
      1	48354
      1	48355
      1	48362
      1	48369
      1	48392
      1	48404
      2	48412
      1	48414
      1	48431
      2	48434
      1	48484
      1	48513
      2	48514
      1	48523
      2	48535
      1	48553
      1	48569
      2	48570
      1	48577
      2	48578
      1	48599
      1	48602
      1	48607
      1	48649
      4	48651
      2	48653
      5	48695
      2	48701
      1	48743
      9	48760
      2	48761
      1	48773
      3	48776
      1	48806
      1	48834
      1	48838
      1	48847
     11	48870
      2	48884
      2	48908
      1	48924
      1	48933
      2	48945
      1	48965
      2	48989
      1	49009
      2	49020
      5	49073
      1	49113
      1	49128
      1	49140
      1	49163
      2	49180
      1	49181
      2	49201
      1	49263
      1	49278
      1	49305
      1	49361
      5	49362
      4	49387
      1	49398
      1	49427
      2	49445
     73	49458
      2	49487
      1	49532
      2	49548
      3	49556
      3	49606
      2	49607
      2	49614
      1	49618
      6	49644
      1	49650
      2	49682
      1	49697
      1	49698
      3	49715
      1	49728
      1	49733
      1	49753
      4	49755
      1	49779
      1	49785
      3	49788
      1	49797
      1	49799
      1	49804
      1	49815
      1	49822
      2	49834
      2	49844
      3	49897
      5	49922
      1	49926
      1	49929
      1	49933
      2	49938
      1	49958
      1	49965
      2	49966
      1	49971
      1	50011
      1	50015
      1	50044
      1	50049
      1	50069
      2	50166
      1	50168
      1	50190
      1	50209
      3	50216
      1	50244
      1	50255
      1	50277
      1	50294
      1	50309
      1	50323
      1	50329
      1	50349
      2	50366
      1	50369
      2	50372
      1	50394
      1	50410
      2	50419
      1	50439
      2	50453
      2	50474
      2	50496
      1	50508
      7	50539
      1	50569
      1	50572
      2	50587
      3	50602
      1	50608
      1	50613
      1	50648
      1	50668
      1	50692
      1	50717
      1	50731
      4	50738
      1	50756
      3	50794
      3	50798
      2	50810
      1	50835
      2	50839
      4	50844
      1	50859
      1	50874
      1	50894
      1	50895
      4	50899
      2	50901
      1	50910
      1	50915
      4	50940
      5	50955
      1	51003
      1	51024
      1	51042
      2	51044
      2	51065
      1	51093
      1	51095
      1	51100
      1	51106
      1	51110
      1	51112
      3	51116
      2	51151
      1	51220
      1	51263
      4	51270
      2	51279
      1	51291
      2	51294
      1	51305
      1	51314
      1	51321
      1	51326
      2	51334
     13	51354
     10	51392
      5	51394
      3	51427
      1	51433
      1	51440
      7	51475
      5	51483
      2	51493
      3	51498
      1	51516
      1	51524
      1	51537
      1	51548
      1	51549
      2	51587
      1	51612
      1	51644
      1	51645
      1	51707
      1	51716
      1	51806
     13	51822
      1	51881
      3	51888
      1	51899
      4	51920
      1	51949
     36	51959
      2	51990
      4	51994
      2	52027
      1	52036
      3	52058
      2	52067
      1	52069
      2	52078
      1	52112
      4	52121
      2	52154
      1	52160
      3	52181
      1	52205
      4	52224
      3	52225
      3	52256
      1	52258
      1	52261
      2	52323
      2	52329
      1	52331
      3	52344
      1	52365
      7	52370
      1	52371
      1	52376
      2	52395
      1	52397
      1	52400
      6	52414
      1	52459
      1	52477
      3	52541
      1	52563
      1	52575
      1	52616
      1	52717
      1	52730
      2	52735
      1	52747
      1	52796
      1	52801
      1	52829
      1	52840
      3	52848
      1	52860
      1	52907
      1	52914
      1	52918
      1	52957
      1	52959
      1	52961
      1	52968
      1	52989
      2	53000
      1	53007
      1	53063
      1	53086
      2	53093
      2	53104
      1	53117
      5	53147
      1	53155
      1	53156
      1	53166
      1	53195
      1	53209
      1	53211
      4	53222
      1	53232
      1	53245
      1	53296
      1	53324
      1	53330
     11	53349
      1	53357
      1	53368
      1	53384
      1	53398
      1	53400
      2	53405
      8	53408
      1	53409
      6	53420
      1	53423
      1	53434
      1	53462
      3	53479
      1	53488
      2	53489
      2	53494
      1	53498
      1	53502
      4	53511
      1	53521
      1	53539
      9	53584
      1	53608
      2	53612
      1	53614
      1	53624
      1	53651
      1	53695
      1	53705
      2	53743
      1	53758
      1	53762
      1	53778
      1	53786
      1	53798
      1	53802
      1	53808
      2	53854
      2	53855
      2	53865
      1	53881
      1	53882
      4	53925
      1	53928
      2	53945
      1	53947
      5	53965
      2	53996
      2	54001
      1	54005
      1	54043
      2	54059
      1	54073
      3	54097
      1	54102
      1	54103
      1	54119
      1	54127
      1	54135
      1	54136
      2	54178
      2	54180
      1	54208
      1	54215
      2	54245
      1	54248
      1	54249
      1	54251
      1	54270
      1	54316
      1	54321
      3	54331
      3	54337
      2	54345
      5	54356
      5	54357
      1	54359
      2	54370
      1	54372
      4	54395
      1	54401
      1	54405
      2	54446
      1	54468
      1	54499
      1	54506
      2	54509
      1	54513
      1	54525
      1	54528
      1	54531
      1	54540
      1	54546
      2	54573
      1	54594
      1	54622
      1	54632
      1	54636
      1	54647
      1	54676
      1	54679
      1	54691
      1	54745
      2	54752
      1	54786
      1	54787
      1	54811
      1	54813
      1	54855
      3	54889
      2	54892
      2	54894
      1	54930
      4	54945
      1	54948
      4	54950
      1	54972
      1	54988
     10	54989
      1	55010
      2	55093
      2	55094
      1	55099
      2	55118
      1	55176
      3	55198
      1	55205
      4	55207
     10	55217
      1	55231
      4	55237
      1	55239
      3	55275
      1	55282
      1	55288
      2	55296
      1	55299
      1	55330
      1	55382
      1	55408
      1	55410
      8	55429
      1	55440
      4	55460
      1	55470
      3	55475
      2	55524
      3	55541
      1	55565
      1	55566
      1	55576
      4	55587
      1	55592
      1	55619
      1	55660
      1	55670
      1	55674
      2	55676
      1	55715
      1	55733
      1	55736
      8	55749
      3	55765
      1	55772
      3	55808
      3	55814
      4	55818
      1	55821
      1	55824
      6	55828
      1	55837
      1	55872
      1	55879
      1	55881
      1	55891
      2	55908
      5	55910
      1	55919
      3	55935
      1	55941
      1	55962
      1	55965
      1	55998
     11	56027
      4	56028
      1	56041
      1	56052
      1	56064
      3	56084
      1	56091
      2	56133
      2	56142
      1	56162
      1	56165
      1	56175
      3	56184
      4	56187
      1	56209
      1	56214
      1	56221
      1	56254
      4	56266
      2	56313
      3	56328
      1	56331
      1	56348
      2	56371
      1	56382
      1	56404
      1	56410
      3	56423
      2	56427
      4	56434
      1	56489
      1	56496
      1	56502
      1	56518
      1	56524
      1	56533
      2	56566
      1	56569
      1	56579
      3	56583
      3	56614
     15	56621
      2	56655
      1	56658
      6	56663
      1	56718
      1	56743
      6	56751
      1	56756
      1	56765
      1	56801
      1	56807
      2	56810
      1	56823
      1	56856
      1	56894
      1	56900
      1	56912
      2	56916
      1	56952
      3	56956
      2	56981
      1	56996
      1	57060
      2	57064
      1	57074
      1	57078
      6	57092
      1	57099
      1	57114
      1	57130
      3	57144
      1	57178
      4	57179
      1	57189
      1	57204
      2	57212
      1	57214
      3	57226
      2	57235
      1	57246
      2	57264
      1	57274
      1	57311
      2	57331
      1	57332
      1	57334
      1	57349
      1	57376
      1	57396
      4	57420
      1	57436
      4	57449
      1	57459
      1	57492
     10	57514
      2	57519
      2	57521
      1	57525
      1	57541
      1	57555
      1	57593
      1	57597
      1	57606
      1	57622
      1	57631
      2	57654
      2	57679
      2	57682
      1	57684
      1	57744
      1	57764
      2	57791
      1	57808
      1	57823
      1	57904
      3	57906
      1	57922
      1	57940
      1	57944
      1	57951
      1	57956
      1	57981
      1	57994
      1	58002
      1	58007
      1	58027
      1	58041
      1	58104
      3	58118
      1	58119
      1	58140
      1	58141
      2	58147
      1	58155
      2	58168
      1	58196
      2	58208
     10	58216
      1	58239
      6	58240
      2	58259
      1	58281
      4	58288
      1	58297
      1	58326
      3	58351
      1	58395
      3	58441
      1	58460
      1	58466
      1	58467
      1	58472
      1	58488
      1	58500
      1	58503
      2	58506
      2	58521
      2	58524
      1	58527
      1	58545
      1	58554
      2	58555
      1	58563
      1	58578
      2	58594
      2	58654
      1	58699
      1	58712
      3	58735
      1	58766
      1	58768
      1	58782
      1	58786
      1	58800
      4	58805
      1	58808
      1	58815
      1	58866
      1	58876
      4	58887
      6	58901
      1	58968
      1	58993
      1	58997
      7	59003
      1	59016
      1	59017
      1	59054
      1	59059
      3	59064
      2	59089
      1	59112
      3	59119
      3	59126
      2	59142
      3	59144
      1	59158
      2	59178
      1	59183
      1	59210
      1	59215
      4	59231
      1	59249
      1	59255
      1	59304
      1	59305
      1	59308
      2	59327
      1	59360
      1	59396
      1	59407
      4	59440
      2	59452
      4	59466
      2	59488
      1	59513
      1	59515
      2	59527
      3	59536
      1	59540
      2	59544
      1	59549
      1	59561
      1	59571
      2	59605
      1	59627
      2	59630
      1	59698
      4	59720
      1	59723
      4	59726
      1	59742
      1	59744
      1	59748
     11	59758
      1	59764
      1	59817
      1	59842
      1	59848
      2	59866
      2	59867
      4	59878
      1	59879
      1	59884
      1	59891
      1	59908
      1	59947
      1	59972
      1	59987
      1	60016
      1	60023
      3	60024
      1	60054
      3	60071
      2	60072
      1	60076
      1	60085
      2	60120
      1	60123
      1	60131
      3	60143
      1	60148
      2	60156
      3	60179
      1	60185
      1	60210
      3	60265
      5	60284
      2	60287
      2	60312
      2	60344
      1	60360
      4	60367
      2	60378
      3	60409
      1	60416
      1	60429
      1	60441
      1	60446
      1	60488
      1	60496
      2	60499
      6	60501
      2	60523
      4	60557
      4	60563
      2	60572
      1	60579
      1	60580
      7	60581
      5	60613
      1	60621
      1	60628
      4	60631
      1	60635
      3	60652
      2	60653
      1	60710
      4	60724
      1	60745
      1	60753
      1	60762
      1	60797
      1	60820
      1	60855
      2	60866
      3	60867
      1	60882
      1	60892
      1	60898
      1	60909
      1	60910
      1	60939
      4	60983
      9	60997
      1	61032
      1	61045
      1	61063
      1	61064
      1	61068
      7	61091
      1	61105
      4	61116
      1	61120
      3	61125
      1	61147
      2	61152
      1	61191
      1	61215
      2	61230
      2	61234
     13	61261
      2	61277
      1	61281
      1	61309
      1	61312
      2	61330
      1	61363
      1	61366
      1	61374
      1	61383
      1	61386
      1	61388
      1	61392
      1	61451
      2	61454
      1	61466
      1	61469
      2	61489
      2	61492
      1	61530
      1	61553
      2	61599
      1	61638
      1	61648
      1	61658
      1	61659
      2	61662
      1	61671
      2	61734
      1	61752
      1	61772
      2	61787
      5	61832
      1	61872
      2	61912
      1	61928
      3	61943
      1	61971
      2	62012
      3	62021
      2	62024
      1	62042
      1	62051
      1	62053
      5	62063
      1	62082
      2	62084
      2	62087
      2	62106
     11	62119
      1	62145
      1	62155
      1	62159
      1	62161
      1	62182
      6	62183
      1	62195
      1	62214
      1	62217
      3	62223
      6	62236
      1	62293
      1	62318
      1	62320
      2	62349
      1	62357
      1	62384
      3	62426
      1	62442
      1	62446
      1	62480
      2	62514
      1	62524
      2	62534
      5	62537
      1	62582
      1	62592
      2	62593
      1	62624
      1	62650
      2	62651
      2	62664
      1	62703
      1	62719
      1	62766
      1	62780
      1	62808
      1	62826
      1	62841
      7	62846
      1	62869
      1	62890
      1	62963
      1	62965
      1	62967
      1	63002
      1	63027
      2	63047
      4	63050
      1	63056
      1	63092
      1	63097
      1	63101
      1	63112
      2	63130
      1	63134
      1	63156
      1	63173
      2	63174
      4	63177
      1	63198
      1	63231
      1	63291
      1	63313
      1	63338
      1	63360
      3	63363
      1	63390
      1	63398
      7	63409
      1	63411
      1	63413
      2	63418
      4	63421
      2	63433
      1	63486
      1	63488
      1	63509
      1	63514
      1	63537
      1	63543
      1	63596
      1	63620
      1	63633
      1	63635
      2	63651
      1	63693
      2	63710
      1	63726
      2	63737
      1	63742
      2	63743
      1	63780
      1	63783
      1	63791
      3	63792
      1	63797
      5	63807
      1	63819
      2	63824
      1	63827
      1	63830
      1	63839
      1	63853
      2	63884
      1	63889
      2	63898
      1	63921
      2	63950
      1	63968
      1	63986
     10	63987
      4	64002
      2	64007
      2	64020
      1	64062
      1	64065
      1	64071
      4	64081
      3	64084
      2	64091
      1	64105
      1	64144
      1	64146
      1	64153
      2	64170
      1	64172
      1	64185
      7	64196
      1	64204
      1	64274
      1	64278
      1	64286
      1	64298
      2	64321
      6	64325
      1	64339
      4	64340
      1	64366
      1	64371
      2	64386
      1	64396
     12	64402
      1	64406
      2	64411
      1	64424
      1	64442
      1	64454
      1	64465
      8	64469
      1	64470
      3	64474
      1	64501
      1	64502
      1	64504
      1	64506
      1	64509
      1	64520
      1	64530
      4	64539
      2	64540
      1	64563
      1	64581
      1	64586
      2	64629
      2	64637
      1	64641
      1	64657
      1	64680
      1	64699
      2	64702
      1	64743
     20	64794
      6	64818
      4	64829
      1	64840
      1	64883
      2	64908
      2	64964
      1	65011
      1	65049
      1	65060
      2	65062
      1	65080
      1	65094
      1	65108
      1	65110
      1	65116
      1	65121
      1	65129
      1	65133
      3	65138
      1	65140
      1	65145
      1	65160
      1	65168
      1	65184
      1	65190
      1	65201
      1	65206
      1	65235
      3	65251
      1	65258
      1	65271
      3	65294
      1	65304
      3	65334
      1	65353
      1	65377
      3	65401
      1	65402
     11	65408
      2	65413
      1	65418
      1	65462
      1	65467
      1	65486
      1	65500
      1	65506
      2	65509
      3	65516
