      1	64
      2	66
      1	73
      1	173
      1	335
      1	416
      5	479
      1	481
      1	494
      1	542
      1	669
      1	707
      1	779
      1	910
      1	982
      1	1091
      1	1172
      1	1248
      1	1368
      3	1418
      1	1639
      1	1640
      1	1740
      2	1991
      1	2209
      2	2284
      1	2375
      6	2396
      1	2426
      1	2469
      1	2490
      4	2521
      1	2600
      1	2667
      8	2725
      1	2745
      1	2827
      2	2839
      1	3013
      2	3044
      1	3057
      1	3084
      1	3136
      1	3239
      1	3367
      2	3395
      1	3458
      1	3503
      1	3524
      1	3553
      3	3630
      1	3639
      1	3694
      2	3750
      2	3839
      2	3878
      1	4030
      1	4088
      1	4112
      1	4292
      1	4308
      1	4478
      1	4489
      1	4557
      1	4668
      2	4845
      4	4856
      1	4980
      1	5022
      1	5028
      1	5062
      2	5224
      1	5484
      1	5639
      2	5733
      1	5737
      1	5748
      1	5753
      1	5756
      1	5757
      1	5767
      1	5856
      1	5876
      2	5933
      1	5989
      1	6002
      1	6031
      1	6115
      6	6183
      1	6226
      1	6293
      1	6321
      3	6429
      1	6455
      1	6457
      1	6491
      1	6568
      1	6569
      1	6752
      1	6762
      2	6949
      1	6964
      1	6988
      2	7054
      2	7060
      1	7067
      1	7120
      1	7166
      1	7299
      1	7315
      1	7376
      1	7448
      1	7456
      1	7472
      1	7478
      3	7573
      1	7603
      1	7832
      2	7887
      1	7888
      1	7964
     13	7981
      1	7984
      1	8138
      1	8203
      2	8242
      2	8273
      1	8579
      2	8617
      1	8639
      2	8695
      1	8739
      1	8782
      1	8798
      1	8893
      3	9182
      1	9286
      1	9470
      2	9556
      1	9708
      1	9709
      1	9772
      1	9780
      1	9788
      1	9813
      1	9906
      2	9969
      1	9985
      1	10009
      1	10031
      1	10063
      1	10102
      1	10239
      2	10281
      1	10283
      1	10286
      6	10456
      1	10477
      1	10528
      1	10610
      2	10712
      1	10780
      1	11016
      4	11065
      1	11154
      1	11321
      6	11382
      1	11385
      1	11453
      1	11477
      1	11488
      1	11524
      1	11548
      1	11558
      1	11589
      2	11636
      2	11665
      1	11744
      3	11785
      1	11871
      2	12028
      1	12029
     14	12158
      1	12301
      2	12320
      1	12323
      2	12359
      2	12488
      3	12671
      1	12676
      1	12684
      1	12697
      2	12722
      1	12777
      1	12845
      1	12860
      1	12983
      2	13037
      1	13059
      1	13152
      1	13185
      2	13322
      1	13439
      3	13483
      1	13487
      2	13555
      1	13647
      1	13682
      1	13750
      1	13788
      1	13801
      1	13937
      1	13966
      1	13996
      2	14146
      2	14177
      1	14290
      1	14292
      1	14318
      1	14322
      1	14361
      1	14385
      1	14437
      1	14534
      1	14543
      1	14580
      1	14681
      7	14732
      2	14791
      1	14878
      2	14882
      1	14962
      2	14993
      1	15029
      3	15068
      1	15086
      1	15147
      1	15249
      1	15252
      2	15278
      1	15345
      1	15362
      1	15399
      1	15446
      1	15622
      1	15702
      1	15705
      2	15749
      1	15779
      1	15884
      1	15972
      6	16089
      1	16188
      1	16276
      2	16297
      1	16365
      2	16404
      2	16418
      1	16454
      1	16538
      1	16695
      1	16734
      1	16785
      1	16787
      1	16807
      1	16827
      2	16920
      1	16942
      2	16955
      1	16982
      1	17077
      1	17088
      3	17107
      2	17225
      1	17297
      1	17337
      1	17338
      1	17519
      1	17654
      1	17695
      2	17763
      1	17796
      1	17825
      2	17840
      1	17964
      2	17982
      2	18024
      1	18043
      1	18114
      1	18356
     15	18443
      1	18466
      1	18496
      1	18561
      1	18616
      1	18842
      2	18976
      1	19022
      1	19079
      4	19092
      1	19124
      1	19207
      1	19237
      1	19241
      2	19276
      1	19355
      1	19482
      1	19486
      1	19487
      1	19533
      1	19578
      3	19603
      1	19615
      2	19777
      1	19989
      3	20015
      2	20024
      1	20085
      1	20162
      2	20187
     14	20205
      1	20227
      1	20268
      1	20398
      1	20454
      1	20469
      1	20502
      1	20516
      2	20645
      1	20786
      2	21046
      1	21200
      1	21212
      1	21315
      1	21355
      1	21374
      1	21401
      1	21518
      1	21612
      1	21662
      1	21749
      1	21802
      1	21854
      1	21866
      1	21901
      1	22062
      1	22176
      1	22178
      1	22220
      1	22230
      1	22254
      1	22292
     13	22351
      1	22357
      1	22450
      1	22580
      2	22584
      1	22884
      3	22893
      1	22902
      1	23031
      1	23118
      1	23235
      1	23304
      1	23396
      3	23623
      1	23688
      2	23895
      1	23938
      3	24018
      1	24037
      3	24049
      1	24068
      1	24092
      1	24121
      1	24160
      2	24279
      1	24342
      1	24523
      1	24584
      2	24589
      1	24608
      2	24780
      1	24840
      1	24853
      1	24915
      2	24927
      2	24991
      1	25100
      1	25232
      1	25237
      2	25256
      3	25430
      2	25444
      1	25566
      2	25658
      1	25662
      1	25680
      1	25709
      1	25942
      1	26212
      1	26279
      1	26287
      1	26306
     15	26308
      1	26340
      1	26369
      1	26418
      1	26463
      1	26623
      1	26679
      2	26726
      1	26770
      1	26840
      1	26848
      1	26897
      1	27067
      1	27083
      1	27090
      1	27142
      1	27177
      1	27212
      1	27265
      1	27277
      1	27294
      2	27411
      3	27439
      2	27462
      1	27536
      1	27630
     25	27636
      1	27750
      1	27816
      1	27820
      1	27943
      3	27975
      1	27992
      1	28013
      1	28015
      1	28078
      1	28144
      1	28245
      1	28403
      2	28459
      2	28489
      1	28506
      1	28541
      1	28609
      1	28661
      1	28731
      1	28875
      2	29137
      1	29211
      3	29270
      1	29326
      2	29457
      1	29481
      6	29490
      2	29575
      2	29593
      2	29760
      1	29870
      3	30104
      1	30125
      3	30129
      1	30202
      2	30248
      2	30318
      2	30394
      1	30428
      3	30460
      1	30522
      1	30627
      1	30702
      1	30719
      1	30817
      1	30857
      1	30893
      2	30981
      1	31043
      1	31061
      1	31219
      1	31247
      1	31273
      1	31300
      4	31376
      4	31419
      2	31653
      1	31789
      1	31985
      1	32288
      1	32350
      1	32487
      1	32568
      1	32580
      1	32762
      1	32769
      4	33064
      1	33080
      1	33094
      1	33098
      1	33126
      1	33175
      1	33201
      1	33248
      2	33355
      1	33405
      1	33485
      2	33514
      1	33562
      2	33587
      1	33593
      2	33630
      1	33758
      1	33780
      1	33814
      1	33885
      3	33997
      1	34042
      1	34105
      1	34323
      1	34439
      1	34536
      1	34574
      1	34592
      1	34606
      1	34750
      1	34903
      1	34965
      1	35051
      1	35074
      1	35095
      1	35102
      1	35119
      1	35169
      1	35220
      1	35313
      1	35319
      1	35348
      1	35390
      2	35399
      1	35404
      1	35451
      1	35492
      2	35635
      1	35720
      1	35777
      1	35810
      1	35819
      1	35940
      1	35949
      2	35968
      1	36069
      3	36070
      1	36138
      1	36222
      2	36256
      1	36300
      1	36347
      1	36477
      1	36532
      1	36552
      1	36614
      3	36651
      1	36680
      2	36770
      2	36893
      1	37205
      1	37237
      1	37243
      1	37307
      1	37387
      1	37481
      1	37539
      2	37602
      2	37610
      1	37682
      2	37724
      1	37731
      1	37817
      1	37963
      1	38050
      2	38122
      1	38152
      1	38189
      1	38216
      2	38294
      1	38486
      1	38495
      1	38521
      1	38856
      1	38874
      2	38925
      1	38943
      1	39000
      2	39024
      1	39049
      1	39109
      1	39131
      3	39176
      2	39237
      1	39365
      1	39391
      2	39746
      1	39775
      2	39819
      1	39886
      1	39903
      3	39920
      1	39931
      1	40038
      1	40178
      2	40179
      1	40235
      1	40314
      1	40374
      3	40522
      1	40527
      2	40542
      1	40625
      1	40646
      1	40810
      1	40846
      2	40856
      1	40994
      1	41139
      4	41269
      1	41311
      1	41412
      1	41419
      1	41632
      1	41759
      1	41884
      1	41923
      1	41997
      1	42002
      1	42130
      1	42215
      1	42217
      1	42247
      1	42357
      2	42414
      1	42433
      2	42479
      1	42493
      1	42512
      1	42547
      1	42575
      2	42630
      1	42661
      2	42723
      1	42733
      3	42767
      1	42864
      1	42876
      6	42888
      1	43106
      1	43149
     16	43369
      1	43445
      1	43504
      1	43618
      1	43640
      1	43643
      1	43665
      3	43680
      1	43711
      3	43733
      1	43751
      1	43811
      3	43832
      1	43858
      1	43906
      1	43931
      1	43989
      1	44021
      1	44029
      1	44046
      1	44094
      1	44120
      1	44123
      1	44183
      1	44197
      1	44297
      1	44405
      1	44482
      1	44505
      1	44536
      1	44579
      1	44619
      1	44636
      1	44750
      2	44793
      1	44802
      1	44823
      1	44930
      1	44951
      1	44989
      1	45001
      1	45089
      4	45178
      2	45180
      4	45251
      1	45296
      1	45317
      2	45358
      1	45449
      1	45599
      1	45767
      1	45815
      1	45828
      1	45847
      2	45853
      1	45951
      1	45962
      1	46033
      1	46069
      1	46113
      1	46208
      2	46302
      1	46359
      3	46372
      1	46499
      2	46550
      1	46680
      2	46929
      1	46965
      1	46984
      2	47144
      1	47231
      1	47270
      1	47305
      1	47322
      1	47351
      1	47410
      1	47432
      1	47622
      2	47668
      2	47696
      1	47707
      1	47713
      3	47846
      1	47856
      1	47897
      1	47968
      1	48195
      1	48251
      1	48326
      3	48397
      2	48462
      1	48553
      1	48563
      1	48569
      1	48579
      1	48599
      1	48889
      1	48921
      1	48946
      1	48961
      1	49075
      1	49247
      2	49305
      1	49349
      2	49450
      1	49458
      1	49525
      2	49529
      1	49566
      1	49567
      1	49757
      1	49765
      1	49770
      1	49825
      1	49885
      1	49905
      1	49933
      1	49957
      1	49962
      1	49968
      2	50139
      1	50184
      1	50210
      8	50269
      1	50378
      1	50394
      3	50439
      2	50506
      1	50602
      1	50629
      1	50717
      1	50727
      1	51011
      1	51067
      1	51088
      1	51107
      1	51128
      1	51152
      1	51156
      1	51315
      1	51331
      3	51482
      1	51509
      1	51520
      1	51532
      1	51621
      3	51662
      1	51739
      1	51745
      1	51795
      1	51804
      2	51900
      2	52085
      1	52304
      2	52327
      1	52425
      2	52541
      1	52562
      1	52606
      1	52635
      1	52680
      1	52698
      1	52757
      1	52824
      3	52912
      1	52966
      1	53224
      1	53237
      7	53243
      1	53283
      2	53398
      1	53659
      1	53745
      1	53749
      1	53811
      1	53882
      1	53965
      1	53976
      5	54091
      1	54124
      1	54132
      1	54167
      1	54215
      3	54225
      2	54332
      2	54407
      3	54507
      1	54557
      1	54622
      1	54666
      1	54700
      1	54703
      4	54735
      4	54777
      1	54784
      1	54963
      1	55043
      1	55098
      1	55452
      1	55525
      1	55578
      1	55592
      1	55646
      2	55678
      6	55697
      1	55767
      2	55789
      1	55791
      1	55842
      1	55882
      1	55914
      1	55973
      1	55979
      2	56035
     22	56113
      4	56139
      1	56151
      1	56245
      1	56254
      2	56266
      2	56427
      1	56502
      1	56510
      1	56556
      1	56611
      1	56625
      1	56693
      1	56715
      4	56765
      1	56807
      1	56812
      1	56837
      1	56932
      1	56953
      2	56990
      1	57125
      1	57207
      2	57225
      1	57376
      1	57384
      1	57428
      1	57432
      1	57481
      1	57490
      1	57552
      2	57624
      2	57629
      2	57708
      1	57737
      2	57746
      1	57758
      1	57836
      1	57904
      1	57974
      1	57994
      1	58009
      2	58078
      2	58195
      1	58223
      1	58383
      2	58431
      1	58466
      1	58470
      1	58483
      1	58517
      2	58545
      1	58716
      2	58757
      1	58798
      1	58879
      7	58895
      1	58915
      1	59105
      1	59106
      1	59115
      2	59118
      1	59135
      1	59286
      1	59324
      2	59398
      1	59525
      1	59558
      2	59582
      2	59643
      2	59674
      1	59737
      2	59781
      1	59818
      1	59913
      1	60006
      3	60120
      1	60204
      1	60216
      1	60336
      1	60345
      1	60364
      1	60380
      1	60427
      1	60555
      1	60658
      4	60719
      1	60731
      1	60757
      1	60822
      1	60852
      1	60952
      1	60984
      1	61009
      1	61032
      1	61129
      1	61251
     12	61261
      7	61277
     25	61346
      1	61377
      1	61383
      1	61396
      1	61426
      1	61501
      1	61524
      1	61530
      1	61581
      1	61603
      2	61703
      4	61818
      1	61838
      1	61904
      1	61955
      2	62006
      2	62107
      1	62238
      2	62270
      1	62382
      1	62412
      1	62428
      2	62489
      1	62507
      4	62524
      1	62669
      1	62680
      1	62681
      1	62703
      1	62796
      1	62897
      1	62985
      2	63013
      1	63032
      2	63056
      1	63112
      1	63145
      2	63150
      1	63197
      1	63409
      1	63603
      1	63661
      1	63771
      2	63807
      1	63862
      1	63985
      1	64003
      1	64170
      1	64171
      2	64225
      1	64286
      1	64312
      1	64314
      1	64328
      1	64585
      1	64598
      1	64702
      1	64706
      1	64990
      5	65002
      1	65010
      1	65174
      2	65271
      1	65324
      1	65338
      1	65461
      1	65489
