      2	11
      2	29
      1	45
      6	91
      1	128
      1	165
      1	171
      1	175
      1	251
      2	324
      1	332
      1	355
      2	431
      1	436
      1	505
      1	515
      1	524
      7	531
      4	590
      1	690
      1	709
      2	743
      1	753
      2	754
      1	779
      1	792
      1	810
      1	823
      1	851
      1	926
      1	994
      1	1049
      1	1070
      1	1089
      1	1109
      2	1111
      1	1112
      2	1157
      2	1190
      1	1245
      1	1248
      6	1285
      1	1358
      2	1361
      1	1392
      2	1458
      1	1503
      1	1505
      1	1508
      1	1632
      1	1656
      1	1670
      2	1673
      2	1689
      3	1690
      1	1714
      1	1761
      1	1777
      1	1782
      1	1802
      2	1857
      1	1859
      1	1882
      1	2020
      1	2024
      1	2057
      3	2087
      5	2093
      1	2095
      1	2107
      1	2154
      2	2163
      1	2185
      1	2222
      1	2225
      1	2260
      1	2342
      1	2377
      1	2396
      8	2417
      1	2475
      1	2485
      1	2503
      1	2525
      2	2566
      2	2579
      1	2638
      1	2644
      1	2659
      1	2664
      1	2700
      1	2715
      1	2802
      1	2804
      1	2819
      1	2848
      1	2872
      1	2898
      1	3014
      1	3141
      1	3147
      1	3191
      3	3212
      1	3315
      5	3351
      1	3391
      1	3397
      1	3402
      1	3418
      1	3448
      1	3503
      1	3564
      1	3599
      2	3607
      2	3624
      1	3630
      1	3651
      1	3669
      1	3671
      1	3690
      1	3704
      1	3708
      3	3715
      1	3737
      1	3778
      1	3781
      1	3797
      1	3824
      2	3830
      1	3849
      1	3919
      1	3932
      2	3968
      2	3995
      3	4106
      2	4211
      1	4244
      1	4254
      1	4318
      2	4336
      1	4349
      1	4365
      1	4368
      1	4434
      2	4480
      1	4481
      9	4546
      1	4581
      2	4613
      1	4645
      1	4650
      1	4652
      1	4671
      1	4745
      1	4760
      1	4773
      2	4848
      1	4849
      2	4869
      1	4885
      2	4926
      1	4967
      1	5050
      1	5059
      2	5169
      1	5208
      1	5210
      1	5271
      1	5282
      1	5312
      1	5327
      1	5408
      2	5451
      2	5476
      1	5492
      1	5497
      1	5505
      1	5613
      1	5637
      1	5686
      1	5702
      1	5709
      3	5720
      1	5748
      1	5763
      1	5769
      2	5830
      1	5837
      1	5853
      2	5874
      1	5894
      1	5931
      1	5955
      1	5998
      1	6005
      2	6012
      1	6055
      1	6058
      1	6062
      1	6124
      2	6128
      1	6191
      1	6194
      1	6197
      1	6207
      1	6263
      1	6330
      1	6338
      1	6345
      1	6361
      2	6384
      1	6425
      1	6440
      2	6494
      1	6551
      3	6647
      1	6702
      3	6731
      1	6755
      1	6763
      1	6828
      2	6836
      1	6845
      1	6912
      2	6928
      1	6949
      1	6962
      1	6971
      1	6980
      1	6981
      1	7054
      1	7102
      1	7113
      1	7114
      1	7115
      2	7120
      1	7186
      1	7208
      2	7224
      1	7233
      1	7250
      1	7300
      1	7330
      1	7335
      1	7359
      1	7412
      1	7457
      1	7485
      1	7490
      1	7513
      1	7549
      1	7550
      1	7578
      1	7587
      1	7646
      2	7651
      1	7660
      1	7681
      1	7704
      1	7705
      1	7778
      2	7842
      1	7887
      2	7912
      1	7929
      1	7936
      1	8054
      1	8151
      2	8154
      1	8172
      1	8173
      1	8198
      1	8279
      1	8313
      1	8332
      3	8370
      1	8382
      1	8403
      1	8432
      1	8516
      1	8550
      1	8586
      2	8589
      1	8656
      3	8658
      1	8672
      2	8736
      1	8754
      2	8760
      1	8839
      1	8844
      1	8849
      1	8853
      2	8920
      2	8987
      2	8991
      1	9027
      1	9096
      3	9112
      1	9121
      1	9182
      1	9207
      7	9240
      1	9259
      1	9260
      1	9411
      1	9452
      1	9470
      1	9542
      1	9585
      1	9613
      1	9643
      1	9688
      1	9726
      1	9747
      1	9752
      1	9772
      1	9869
      1	9888
      3	9900
      1	9920
      1	10014
      2	10022
      2	10026
      1	10030
      1	10032
      1	10035
      1	10047
      1	10055
      1	10094
      2	10106
      1	10124
      1	10156
      1	10174
      1	10194
      1	10198
      1	10214
      1	10216
      1	10262
      1	10275
      1	10314
      1	10345
      2	10378
      1	10385
      1	10414
      1	10428
      1	10443
      1	10446
      1	10453
      2	10454
      3	10538
      1	10549
      1	10576
      1	10578
      1	10607
      1	10612
      2	10672
      1	10680
      1	10681
      1	10724
      1	10756
      1	10777
      2	10824
      1	10847
      2	10860
      1	10919
      1	10996
      2	11082
      1	11090
      1	11116
      1	11126
      1	11276
      1	11302
      1	11353
      1	11417
      1	11536
      1	11569
      1	11650
      1	11701
      1	11743
      1	11821
      1	11876
      2	11921
      2	11930
      2	11967
      1	11969
      1	12042
      1	12059
      1	12117
      3	12186
      3	12226
      1	12386
      1	12388
      4	12397
      2	12418
      1	12419
      1	12502
      2	12505
      1	12543
      2	12582
      1	12597
      1	12660
      6	12684
      1	12695
      1	12708
      2	12804
      1	12810
      1	12880
      1	12930
      3	12936
      1	12967
      1	12981
      1	12989
      2	13001
      1	13012
      1	13014
      1	13172
      1	13193
      1	13194
      1	13267
      1	13273
      1	13286
      1	13291
      2	13300
      1	13304
      3	13333
      2	13371
      1	13411
      1	13444
      1	13451
      1	13457
      1	13461
      1	13490
      2	13499
      1	13572
      1	13653
     17	13682
      1	13685
      2	13709
      3	13734
      1	13750
      2	13803
      3	13871
      1	13913
      3	13937
      1	13945
      2	13952
      1	14002
      2	14026
      2	14053
      1	14083
      1	14128
      1	14140
      1	14159
      1	14256
      5	14287
      1	14332
      2	14343
      1	14392
      1	14416
      1	14417
      2	14430
      1	14475
      1	14483
      2	14506
      1	14513
      2	14540
      2	14587
      1	14595
      1	14616
      1	14649
      1	14684
      1	14693
      1	14708
      1	14790
      1	14801
      1	14872
      2	14876
      1	14898
      1	14983
      1	15017
      1	15029
      1	15039
      1	15058
      1	15148
      1	15197
      1	15203
      1	15237
      1	15259
      2	15293
      1	15420
      1	15458
      1	15530
      1	15552
      1	15561
      1	15590
      1	15599
      1	15611
      1	15650
      1	15651
      1	15671
      1	15734
      1	15789
      1	15977
      1	15985
      1	16007
      2	16018
      1	16033
      1	16036
      1	16049
      3	16117
      1	16122
      1	16143
      2	16149
      1	16153
      1	16232
      2	16240
      3	16247
      1	16297
      1	16306
      1	16345
      2	16359
      1	16375
      1	16412
      1	16418
      1	16440
      1	16442
      2	16465
      1	16478
      2	16482
      1	16526
      1	16553
      1	16555
      1	16620
      1	16628
      1	16661
      1	16703
      1	16704
      1	16762
      1	16771
      1	16818
      1	16863
      1	16887
      1	16940
      1	16958
      1	16968
      1	17015
      1	17017
      1	17018
      1	17023
      1	17027
      2	17037
      1	17063
      1	17149
      1	17183
      1	17220
      2	17225
      1	17251
      1	17282
      1	17295
      1	17303
      1	17314
      4	17338
      1	17352
      1	17417
      1	17454
      1	17540
      1	17557
      2	17592
      1	17615
      2	17655
      1	17699
      1	17708
      1	17736
      1	17773
      1	17781
      1	17825
      2	17835
      1	17870
      1	17987
      1	18010
      1	18017
      1	18052
      1	18055
      1	18109
      1	18142
      1	18143
      2	18144
      1	18160
      1	18203
      1	18207
      1	18259
      1	18339
      1	18348
      1	18356
      1	18367
      3	18387
      1	18402
      1	18417
      1	18427
      3	18444
      1	18447
      1	18487
      1	18500
      1	18506
      3	18515
      3	18538
      1	18542
      1	18548
      5	18590
      1	18611
      1	18656
      2	18672
      1	18770
      1	18790
      1	18845
      1	18867
      1	18992
      2	19101
      1	19192
      1	19195
      1	19212
      1	19229
      1	19268
      1	19305
      2	19310
      1	19362
      3	19425
      1	19429
      2	19446
      1	19462
      1	19472
      1	19481
      1	19539
      1	19549
      1	19572
      1	19585
      2	19616
      1	19620
      1	19622
      1	19633
      1	19648
      1	19678
      1	19707
      1	19708
      1	19713
      1	19724
      1	19745
      1	19766
      1	19783
      2	19879
      1	19900
      1	19923
      1	19930
      1	19976
      1	20008
      1	20009
      1	20010
      3	20030
      1	20046
      1	20204
      1	20213
      1	20230
      1	20250
      3	20268
      1	20315
      1	20322
      2	20357
      1	20386
      4	20438
      1	20444
      1	20545
      2	20611
      2	20649
      2	20682
      1	20693
      1	20739
      1	20766
      1	20827
      1	20837
      1	20842
      1	20871
      2	21042
      1	21049
      1	21060
      1	21062
      2	21065
      1	21089
      1	21095
      1	21126
      1	21157
      2	21183
      1	21236
      1	21247
      1	21251
      2	21256
      1	21271
      1	21284
      1	21285
      1	21289
      3	21293
      2	21314
      1	21315
      1	21340
      1	21362
      1	21393
      1	21399
      2	21409
      1	21410
      1	21432
      1	21591
      1	21605
      2	21626
      1	21655
      1	21660
      1	21681
      1	21703
      1	21706
      1	21766
      1	21791
      1	21822
      1	21901
      1	21911
      1	21930
      1	21988
      1	22005
      5	22010
      1	22027
      1	22029
      1	22050
      1	22097
      2	22098
      1	22127
      1	22190
      1	22227
      1	22234
      2	22244
      1	22265
      1	22290
      1	22309
      1	22321
      1	22330
      1	22414
      1	22511
      2	22527
      2	22529
      1	22530
      1	22573
      1	22600
      1	22626
      1	22694
      3	22741
      2	22743
      2	22744
      2	22780
      1	22827
      1	22847
      1	22853
      1	22925
      1	22933
      2	22957
      1	23050
      1	23083
      1	23105
      1	23167
      1	23188
      2	23191
      1	23273
      3	23307
      1	23308
      1	23309
      1	23351
      1	23354
      2	23383
      1	23395
      2	23456
      1	23482
      1	23538
      1	23542
      1	23548
      1	23623
      2	23728
      7	23790
      3	23799
      1	23828
      3	23856
      1	23895
      1	23927
      1	23933
      1	23936
      2	23945
      1	23953
      1	23976
      1	23999
      1	24004
      1	24036
      2	24058
      1	24060
      1	24065
      1	24130
      1	24144
      1	24148
      1	24290
      1	24334
      1	24341
      1	24345
      2	24412
      1	24449
      1	24456
      1	24466
      2	24486
      2	24506
      1	24539
      1	24672
      1	24684
      1	24691
      1	24758
      1	24793
      1	24807
      1	24886
      2	24915
      1	24917
      1	24963
      5	24990
      1	24994
      1	25061
      1	25144
      1	25233
      1	25281
      1	25325
      1	25339
      1	25358
      1	25367
      1	25399
      1	25410
      2	25431
      1	25439
      1	25499
      1	25511
      1	25517
      2	25527
      1	25563
      1	25566
      2	25592
      6	25630
      3	25647
      1	25663
      2	25695
      1	25759
      2	25780
      1	25827
      3	25891
      1	25898
      2	25899
      1	25959
      1	25960
      1	25976
      1	26002
      1	26053
      2	26111
      1	26114
      9	26135
      1	26146
      1	26162
      1	26202
      2	26203
      2	26207
      1	26211
      2	26236
      1	26262
      1	26290
      1	26327
      1	26401
      1	26416
      1	26458
      1	26482
      1	26587
      1	26597
      1	26623
      1	26625
      1	26628
      1	26648
      2	26666
      1	26674
      1	26697
      1	26705
      1	26726
      3	26777
      1	26806
      1	26818
      1	26838
      1	26857
      1	26883
      1	26888
      1	26966
      1	26994
      1	27016
      1	27052
      2	27076
      1	27138
      1	27155
      2	27171
      1	27178
      1	27220
      1	27230
      1	27238
      1	27259
      1	27261
      1	27301
      2	27350
      1	27361
      1	27382
      3	27395
      1	27414
      1	27419
      1	27485
      3	27495
      1	27538
      2	27549
      1	27623
      1	27677
      1	27726
      1	27740
      1	27767
      1	27790
      1	27800
      1	27867
      2	27880
      1	27881
      1	27882
      2	27901
      1	27944
      1	27967
      1	27968
      2	28012
      2	28025
      1	28048
      1	28197
      1	28231
      1	28390
      1	28489
      1	28523
      1	28683
      1	28718
      1	28824
      3	28885
      1	28898
      5	28960
      1	29021
      1	29028
      1	29041
      1	29047
      1	29171
      1	29220
      2	29247
      1	29266
      1	29283
      1	29311
      1	29374
      1	29375
      1	29399
      1	29440
      1	29511
      1	29541
      1	29573
      1	29575
      1	29593
      3	29596
      1	29639
      1	29653
      1	29669
      1	29816
      2	29826
      1	29852
      1	29853
      1	29855
      1	29875
      1	29879
      1	29880
      1	29888
      2	29907
      1	29917
     10	29948
      1	29989
      1	30119
      1	30145
      6	30167
      1	30200
      2	30211
      1	30225
      1	30245
      1	30277
      1	30288
      1	30289
      1	30307
      1	30313
      1	30319
      1	30360
      1	30391
      1	30427
      1	30433
      1	30443
      1	30450
      1	30462
      2	30672
      2	30673
      1	30710
      1	30733
      2	30776
      1	30847
      1	30910
      1	30921
      1	30956
      1	30957
      1	31021
      1	31038
      1	31111
      1	31203
      2	31249
      1	31258
      1	31261
      1	31276
      1	31360
      1	31369
      1	31376
      1	31393
      2	31395
      1	31397
      1	31404
      1	31424
      1	31455
      1	31535
      1	31536
      1	31538
      1	31562
      1	31626
      1	31741
      1	31780
      1	31797
      1	31803
      2	31849
      2	31868
      1	31873
      1	31990
      1	32030
      2	32064
      1	32071
      1	32113
      1	32177
      1	32180
      2	32194
      1	32260
      2	32261
      1	32287
      1	32328
      1	32345
      1	32358
      1	32368
      1	32382
      1	32397
      1	32425
      2	32520
      1	32621
      1	32647
      1	32653
      2	32657
      1	32709
      1	32722
      1	32746
      1	32871
      1	32936
      1	33064
      6	33069
      1	33178
      1	33194
      1	33291
      2	33292
      1	33293
      1	33335
      1	33376
      1	33456
      2	33461
      1	33469
      1	33484
      1	33511
      1	33523
      1	33599
      1	33699
      1	33718
      1	33830
      1	33971
      1	34002
      1	34055
      1	34063
      1	34129
      2	34133
      1	34216
      1	34219
      1	34256
      1	34261
      1	34323
      1	34374
      1	34403
      1	34421
      1	34432
      1	34479
      1	34543
      2	34560
      1	34574
      1	34608
      1	34705
      1	34713
      1	34721
      1	34763
      2	34773
      1	34775
      1	34818
      1	34918
      1	35004
      1	35051
      1	35109
      1	35198
      1	35210
      1	35212
      1	35223
      1	35232
      3	35263
      6	35267
      1	35327
      1	35344
      1	35348
      1	35391
      2	35496
      1	35518
      1	35545
      1	35547
      1	35582
      6	35591
      1	35622
      1	35635
      4	35644
      1	35650
      1	35659
      1	35666
      3	35667
      1	35690
      1	35748
      1	35754
      2	35791
      1	35812
      1	35821
      2	35835
      1	35869
      1	35886
      1	35949
      1	35976
      1	36018
      4	36056
      1	36096
      1	36149
      1	36173
      1	36233
      1	36239
      1	36247
      1	36265
      1	36267
      1	36336
      1	36404
      1	36427
      1	36438
      1	36532
      1	36559
      1	36579
      2	36610
      1	36674
      8	36690
      1	36692
      1	36786
      1	36838
      1	36894
      1	36984
      2	37000
      1	37026
      1	37042
      1	37052
      2	37111
      7	37127
      2	37162
      1	37240
      2	37321
      2	37333
      1	37354
      1	37380
      1	37472
      1	37483
      1	37504
      1	37513
      1	37521
      1	37536
      1	37636
      1	37651
      1	37670
      2	37724
      1	37743
      1	37752
      1	37836
      1	37867
      1	37961
      2	37980
      2	37993
      1	38007
      1	38045
      1	38122
      1	38151
      1	38164
      1	38205
      1	38221
      1	38232
      1	38269
      1	38295
      3	38315
      3	38359
      1	38367
      1	38392
      1	38395
      2	38398
      3	38412
      2	38417
      1	38489
      1	38495
      1	38568
      1	38577
      1	38595
      1	38624
      3	38631
      1	38652
      1	38654
      3	38676
      2	38704
      1	38712
      1	38756
      2	38839
      1	38900
      1	38909
      1	38927
      1	38928
      1	38939
      1	38993
      1	39032
      1	39053
      2	39079
      1	39127
      1	39156
      1	39171
      4	39184
      1	39189
      1	39193
      1	39218
      2	39234
      1	39239
      1	39241
      2	39265
      2	39330
      1	39337
      2	39365
      1	39372
      1	39390
      1	39420
      1	39440
      2	39515
      1	39521
      1	39537
      1	39649
      1	39714
      1	39750
      1	39789
      3	39807
      1	39868
      1	39948
      1	39996
      2	40031
      1	40057
      1	40085
      2	40093
      1	40101
      1	40119
      1	40132
      1	40170
      1	40175
      1	40196
      2	40199
      2	40204
      1	40223
      1	40354
      1	40382
      2	40387
      1	40437
      1	40475
      1	40538
      1	40551
      1	40552
      1	40575
      1	40578
      2	40598
      1	40619
      1	40640
      1	40641
      1	40659
      1	40661
      1	40711
      1	40721
      1	40722
      2	40733
      1	40740
      1	40779
      1	40817
      1	40884
      1	40957
      1	41027
      2	41032
      1	41041
      1	41048
      1	41080
      1	41084
      1	41095
      1	41100
      2	41122
      1	41136
      1	41185
      1	41315
      2	41333
      2	41388
      1	41435
      1	41473
      3	41478
      1	41497
      1	41561
      2	41572
      1	41582
      1	41600
      1	41637
      1	41669
      1	41682
      1	41690
      1	41750
      1	41804
      1	41813
      2	41861
      1	41871
      1	41912
      1	41920
      1	41951
      1	41952
      2	42010
      1	42011
      1	42013
      1	42107
      2	42136
      1	42195
      1	42217
      2	42265
      2	42303
      1	42333
      4	42346
      1	42372
      1	42519
      1	42565
      1	42597
      1	42643
      1	42657
      1	42701
      1	42744
      1	42748
      1	42758
      2	42789
      1	42797
      1	42816
      1	42863
      1	42884
      1	42906
      1	42947
      1	42996
      1	43006
      1	43019
      1	43030
      1	43032
      1	43058
      1	43068
      1	43100
      2	43113
      1	43119
      1	43169
      1	43256
      1	43257
      1	43342
      2	43343
      1	43366
      2	43379
      1	43385
      1	43440
      1	43493
      3	43536
      2	43549
      1	43552
      1	43631
      1	43646
      3	43669
      1	43681
      1	43714
      1	43735
      2	43763
      1	43767
      1	43808
      1	43839
      1	43858
      1	43931
      1	43982
      1	44001
      1	44024
      1	44063
      1	44064
      2	44078
      1	44094
      1	44105
      1	44153
      1	44190
      1	44197
      1	44232
      1	44263
      1	44291
      1	44300
      1	44320
      3	44329
      1	44346
      1	44360
      2	44389
      1	44446
      1	44513
      1	44532
      1	44533
      1	44548
      2	44570
      2	44576
      1	44674
      1	44716
      1	44722
      1	44724
      1	44759
      1	44792
      1	44818
      5	44833
      1	44881
      1	44897
      1	44912
      3	44961
      2	45018
      1	45036
      2	45059
      1	45083
      1	45147
      1	45162
      1	45228
      1	45274
      1	45278
      1	45302
      1	45324
      4	45371
      1	45401
      2	45407
      1	45422
      1	45425
      3	45450
      1	45457
      1	45506
      1	45529
      1	45587
      1	45590
      1	45599
      1	45706
      1	45710
      1	45726
      1	45793
      2	45817
      1	45847
      1	45872
      1	45955
      1	45969
      1	45994
      2	46019
      1	46030
      1	46047
      1	46058
      2	46070
      1	46075
      1	46094
      1	46134
      1	46145
      1	46154
      1	46168
      1	46177
      1	46262
      1	46267
      2	46308
      1	46309
      2	46315
      2	46392
      1	46530
      1	46573
      1	46604
      1	46606
      2	46615
      1	46663
      2	46667
      1	46703
      1	46722
      1	46724
      1	46734
      2	46773
      3	46822
      1	46995
      3	47016
      1	47073
      1	47124
      1	47144
      1	47226
      1	47248
      1	47260
      1	47286
      1	47309
      2	47311
      1	47313
      2	47318
      1	47360
      1	47380
      1	47384
      1	47410
      1	47414
      3	47425
      1	47457
      2	47472
      1	47584
      1	47597
      1	47634
      2	47652
      1	47772
      2	47857
      1	47931
      1	47952
      1	48053
      1	48083
      1	48121
      1	48128
      1	48135
      1	48177
      1	48198
      1	48213
      1	48228
      1	48233
      1	48307
      1	48355
      1	48359
      1	48390
      1	48462
      1	48605
      1	48607
      1	48609
      1	48653
      1	48699
      1	48712
      1	48777
      2	48808
      1	48840
      1	48843
      1	48844
      3	48870
      1	48924
      1	49009
      4	49014
      1	49073
      1	49111
      1	49123
      1	49133
      1	49191
      1	49201
      2	49214
      1	49258
      1	49280
      1	49339
      1	49342
      2	49361
      1	49362
      1	49453
      3	49458
      2	49513
      2	49606
      3	49614
      1	49618
      1	49627
      2	49650
      1	49658
      1	49752
      1	49755
      1	49757
      1	49834
      1	49899
      1	49958
      1	49966
      1	50049
      1	50070
      1	50163
      2	50184
      1	50209
      1	50274
      1	50284
      1	50290
      1	50371
      1	50394
      1	50409
      1	50421
      1	50439
      1	50477
      1	50508
      3	50565
      1	50646
      1	50660
      1	50664
      1	50668
      1	50683
      2	50728
      1	50738
      1	50754
      1	50776
      1	50843
      1	50853
      1	50859
      1	50899
      2	50915
      1	50920
      1	50991
      2	50996
      1	51003
      1	51004
      4	51044
      1	51065
      1	51272
      1	51326
      1	51336
      2	51354
      1	51387
      2	51392
      1	51394
      1	51509
      2	51528
      1	51561
      1	51643
      1	51645
      1	51664
      1	51716
      1	51806
      1	51872
      1	51893
      1	51925
      9	51959
      1	52029
      2	52058
      1	52072
      1	52090
      1	52121
      8	52181
      3	52224
      1	52289
      1	52320
      1	52323
      1	52332
      1	52343
      1	52370
      2	52388
      1	52398
      3	52414
      1	52415
      1	52452
      1	52462
      1	52491
      1	52543
      1	52564
      1	52581
      1	52594
      1	52635
      2	52640
      1	52679
      1	52836
      3	52856
      1	52871
      1	52894
      1	52908
      1	52938
      2	52980
      1	52991
      1	52995
      3	53054
      1	53066
      1	53068
      1	53093
      1	53101
      1	53156
      1	53257
      1	53357
      1	53384
      1	53400
      1	53420
      1	53423
      1	53450
      2	53470
      1	53538
      1	53550
      2	53584
      1	53624
      2	53701
      1	53727
      1	53750
      5	53775
      1	53791
      1	53835
      4	53865
      1	53882
      2	53947
      1	53965
      2	54024
      1	54097
      1	54102
      1	54154
      1	54196
      1	54212
      2	54256
      1	54267
      1	54272
      1	54305
      1	54351
      1	54352
      1	54393
      1	54403
      2	54422
      1	54463
      1	54477
      1	54493
      1	54525
      1	54552
      1	54565
      1	54679
      3	54745
      1	54759
      1	54792
      1	54810
      1	54842
      2	54858
      1	54889
      1	54894
      1	54908
      3	54950
      1	54960
      2	55070
      1	55141
      2	55143
      2	55217
      1	55219
      1	55227
      1	55251
      1	55336
      1	55345
      1	55362
      1	55366
      1	55382
      2	55429
      6	55460
      1	55486
      1	55496
      1	55498
      1	55500
      2	55517
      1	55540
      5	55565
      1	55567
      1	55585
      1	55587
      2	55675
      1	55676
      1	55777
      1	55818
      1	55848
      1	55884
      1	55918
      1	56009
      1	56065
      2	56084
      2	56113
      1	56232
      1	56245
      1	56292
      1	56386
      1	56404
      1	56434
      1	56470
      1	56487
      1	56568
      1	56791
      1	56813
      1	56837
      1	56940
      4	56956
      1	56975
      1	56995
      3	57091
      1	57125
      1	57136
      2	57144
      1	57179
      1	57197
      1	57200
      1	57268
      1	57297
      1	57327
      1	57334
      2	57344
      1	57375
      2	57383
      1	57478
      1	57480
      1	57489
      1	57503
      1	57514
      1	57517
      1	57525
      2	57534
      1	57566
      1	57629
      1	57648
      2	57703
      1	57707
      3	57709
      1	57719
      1	57746
      1	57748
      2	57767
      2	57791
      1	57798
      1	57922
      1	58115
      2	58119
      1	58140
      1	58155
      1	58208
      1	58216
      2	58224
      1	58239
      1	58240
      2	58281
      1	58445
      1	58477
      1	58496
      2	58569
      1	58598
      2	58635
      1	58652
      2	58699
      1	58700
      1	58712
      1	58729
      2	58731
      1	58732
      1	58735
      1	58756
      1	58760
      1	58767
      1	58786
      1	58804
      1	58838
      1	58853
      1	58872
      1	58887
      1	58895
      1	58915
      1	59024
      1	59094
      1	59103
      1	59123
      2	59131
      1	59134
      1	59148
      2	59158
      1	59171
      1	59175
      1	59178
      1	59199
      1	59222
      1	59291
      1	59302
      1	59304
      1	59308
      1	59316
      2	59327
      1	59332
      1	59401
      1	59463
      1	59472
      2	59515
      1	59535
      1	59558
      1	59559
      1	59561
      2	59644
      1	59666
      2	59687
      1	59807
      4	59867
      1	59869
      1	59896
      1	59897
      2	60006
      1	60023
      1	60029
      2	60076
      1	60081
      1	60121
      1	60131
      1	60192
      1	60232
      1	60278
      2	60284
      2	60287
      1	60307
      1	60344
      1	60396
      1	60501
      1	60505
      2	60521
      1	60563
      1	60621
      1	60638
      1	60660
      1	60671
      1	60772
      1	60774
      1	60853
      1	60890
      1	60909
      1	60928
      1	60984
      1	61001
      1	61064
      2	61066
      1	61121
      1	61148
      1	61152
      1	61171
      1	61231
      1	61234
     11	61261
      1	61275
      1	61282
      1	61289
      1	61299
      1	61300
      1	61405
      1	61445
      1	61447
      2	61454
      1	61522
      1	61528
      1	61649
      2	61849
      1	61912
      2	61937
      1	62053
      1	62070
      1	62095
      4	62119
      1	62140
      1	62155
      1	62160
      5	62183
      1	62189
      1	62270
      1	62296
      1	62340
      1	62344
      1	62410
      1	62431
      1	62489
      1	62607
      1	62615
      1	62664
      1	62701
      1	62796
      1	62808
      2	62846
      1	62948
      1	63018
      1	63055
      1	63097
      2	63119
      1	63178
      1	63254
      1	63266
      1	63338
      3	63363
      1	63375
      1	63381
      1	63409
      1	63421
      1	63617
      1	63641
      1	63667
     11	63743
      1	63796
      2	63807
      1	63811
      1	63849
      1	63859
      1	63877
      1	63950
      1	63981
      1	63987
      2	63999
      1	64002
      1	64007
      1	64065
      1	64094
      1	64117
      1	64129
      2	64155
      1	64157
      1	64172
      1	64196
      2	64198
      1	64219
      1	64278
      1	64344
      1	64411
      5	64446
      1	64454
      1	64469
      1	64470
      1	64485
      1	64496
      1	64509
      1	64520
      1	64624
      1	64625
      1	64670
      2	64780
      1	64793
      1	64794
      1	64864
      1	64876
      5	64908
      1	64913
      1	64969
      1	64990
      2	64995
      1	65023
      1	65121
      2	65226
      1	65229
      1	65334
      1	65401
      1	65408
      1	65419
      1	65452
