      1	11
      1	26
      1	99
      1	111
      1	239
      2	243
      2	271
      1	332
      1	372
      1	412
      1	416
      1	481
      1	494
      1	545
      1	553
      1	627
      2	646
      1	660
      1	696
      1	704
      1	742
      1	766
      1	767
      1	789
      2	857
      2	1114
      1	1148
      3	1168
      1	1232
      1	1245
      1	1285
      1	1368
      1	1434
      1	1496
      2	1595
      3	1656
      1	1667
      1	1784
      1	1808
      1	1815
      1	1914
      2	1981
      2	1983
      1	2004
      1	2057
      3	2074
      1	2077
      1	2092
      1	2175
      1	2219
      1	2243
      1	2261
      1	2284
      1	2286
      1	2356
      2	2473
      1	2519
      1	2526
      2	2589
      1	2591
      1	2600
      2	2634
      2	2738
      1	2750
      1	2804
      1	2827
      2	2902
      2	2908
      1	2949
      1	3008
      1	3089
      3	3098
      1	3123
      5	3170
      1	3198
      2	3242
      1	3244
      2	3322
      1	3395
      1	3425
      1	3458
      2	3487
      2	3507
      1	3517
      1	3524
      1	3559
      1	3622
      3	3675
      1	3678
      1	3717
      1	3719
      2	3845
      1	4088
      1	4224
      1	4245
      2	4292
      1	4401
      1	4445
      1	4464
      2	4513
      2	4545
      1	4587
      1	4594
      2	4637
      1	4682
      1	4694
      2	4713
      2	4718
      1	4744
      1	4772
      1	4808
      3	4856
     13	4878
      1	4880
      1	4915
      3	5042
      1	5051
      1	5052
      1	5059
      2	5099
      2	5109
      1	5163
      2	5206
      1	5212
      1	5224
      1	5238
      1	5262
      1	5312
      1	5387
      1	5389
      1	5452
      2	5480
      1	5484
      3	5547
      1	5612
      1	5707
      1	5728
      1	5867
      1	5876
      3	5892
      1	5908
      2	5974
      1	6055
      1	6074
      1	6115
      1	6156
      9	6256
      1	6332
      2	6363
      1	6429
      1	6457
      2	6569
      1	6573
      1	6688
      3	6710
      2	6731
      1	6754
      1	6771
      1	6886
      1	6900
      2	6949
      1	7057
      2	7058
      2	7106
      1	7113
      1	7129
      1	7164
      1	7189
      2	7343
      1	7402
      1	7435
      1	7574
      3	7582
      1	7673
      1	7678
      1	7705
      1	7773
      1	7819
      1	7827
      1	7881
      1	7887
      1	7981
      1	7988
      1	8020
      1	8023
      1	8040
      1	8153
      2	8203
      3	8219
      1	8264
      1	8273
      2	8287
      1	8303
      1	8305
      1	8313
      1	8353
      1	8371
      1	8390
      1	8451
      1	8517
      1	8585
      1	8700
      2	8739
      1	8845
      2	8876
      1	8877
      5	8878
      2	8974
      2	8983
      1	8986
      1	9121
      1	9188
      1	9207
      2	9220
      1	9235
      1	9337
      2	9338
      1	9363
      1	9384
      1	9386
      1	9399
      1	9484
      1	9528
      1	9591
      1	9661
      3	9705
      1	9780
      1	9949
      1	9972
      1	10018
      3	10035
      1	10083
      1	10085
      3	10174
      1	10188
      1	10248
      1	10255
      1	10281
      1	10324
      1	10354
      1	10373
      1	10399
      1	10420
      2	10453
      1	10456
      1	10477
      2	10487
      1	10525
      1	10528
      1	10531
      1	10574
      1	10577
      1	10610
      1	10612
      1	10859
      1	10970
      1	11023
      5	11058
      1	11085
      3	11126
      1	11154
      1	11155
      1	11203
      1	11226
      1	11408
      1	11451
      4	11477
      1	11548
      1	11785
      1	11839
      2	11869
      2	11871
      1	11973
      3	12005
      2	12056
      1	12125
      1	12147
      2	12247
      2	12253
      1	12312
      1	12354
      1	12356
      1	12359
      2	12381
      1	12414
      1	12419
      1	12424
      1	12457
      1	12461
      1	12478
      1	12499
      1	12570
      1	12626
      2	12684
      1	12694
      1	12747
      2	12754
      1	12837
      2	12888
      4	12907
      1	12977
      1	12993
      1	13187
      1	13292
      3	13304
      1	13322
      2	13370
      1	13392
      2	13439
      1	13488
      1	13523
      1	13528
      1	13543
      1	13567
      1	13591
      1	13631
      1	13679
      1	13788
      2	13825
      5	13826
      1	13918
      2	14053
      2	14079
      1	14080
      1	14095
      2	14120
      1	14190
      1	14211
      1	14271
      1	14444
      1	14446
      1	14478
      1	14543
      1	14553
      1	14580
      1	14646
      1	14665
      1	14681
      1	14733
      1	14799
      1	14800
      1	14805
      1	14829
      1	14837
      1	14858
      2	14958
      1	14976
      1	14990
      3	14993
      1	15053
      2	15055
      1	15086
      1	15161
      3	15175
      1	15181
      1	15202
      1	15228
      1	15235
      1	15291
      1	15318
      4	15366
      1	15379
      2	15399
      1	15458
      1	15465
      3	15552
      1	15567
      1	15664
      1	15702
      1	15710
      1	15724
      1	15863
      5	15882
      2	15925
      1	15972
      1	16088
      1	16115
      2	16130
      3	16163
      3	16181
      1	16230
      1	16290
      1	16319
      1	16340
      1	16344
      1	16454
      1	16468
      1	16553
      3	16628
      1	16694
      1	16729
      1	16769
      1	16827
      1	16920
      2	16951
      1	16982
      1	17005
      1	17072
      1	17088
      1	17096
      1	17168
      1	17201
      1	17225
      3	17228
      1	17267
      1	17354
      1	17390
      1	17423
      3	17574
      1	17580
      1	17587
      1	17732
      1	17778
      1	17825
      1	17826
      3	17944
      1	17964
      1	17975
      1	17990
      1	18020
      1	18024
      1	18043
      1	18059
      1	18208
      1	18219
      1	18327
      1	18356
      1	18357
      2	18366
      1	18465
      2	18496
      1	18510
      1	18616
      3	18631
      1	18658
      1	18747
      1	18944
      1	18962
      1	18980
      1	19190
      1	19237
      2	19241
      1	19248
      1	19250
      1	19274
      1	19276
      1	19277
      1	19324
      1	19355
      2	19430
      1	19482
      2	19486
      1	19528
      1	19595
      1	19642
      1	19694
      2	19743
      1	19808
      1	19886
      1	19889
      2	19960
      1	20035
      1	20051
      1	20085
      4	20160
      1	20227
      1	20264
      1	20322
      1	20343
      1	20345
      2	20370
      1	20416
      1	20454
      1	20516
      1	20567
      2	20582
      1	20649
      1	20807
      1	20885
      1	20891
      1	20906
      1	20994
      2	21096
      1	21198
      1	21229
      1	21237
      1	21244
      1	21266
      1	21363
      3	21487
      5	21493
      1	21516
      1	21518
      1	21552
      1	21605
      1	21621
      1	21648
      1	21677
      1	21742
      1	21802
      4	21896
      1	21942
      1	22015
      1	22093
      1	22128
      3	22138
      2	22161
      2	22220
      1	22230
      4	22245
      2	22281
      1	22288
      1	22292
      1	22309
      1	22334
      1	22392
      1	22415
      1	22506
      1	22649
      1	22887
      1	22893
      1	22910
      1	22919
      1	22975
      1	22993
      1	22995
      1	23016
      1	23017
      2	23023
      1	23039
      1	23134
      1	23192
      1	23238
      1	23244
      1	23259
      1	23391
      1	23396
      1	23437
      2	23456
      1	23498
      1	23598
      1	23653
      1	23656
      1	23730
      1	23737
      1	23741
      2	23771
      1	23852
      1	23911
      1	23966
      1	24037
      1	24049
      1	24076
      1	24096
      1	24104
      1	24110
      1	24111
      2	24157
      1	24160
      1	24182
      6	24302
      1	24321
      1	24340
      1	24342
      1	24345
      1	24386
      1	24458
      1	24503
      1	24505
      1	24608
      1	24613
      2	24619
      1	24705
      1	24816
      4	24817
      1	24818
      1	24828
      1	24915
      1	24991
      1	25075
      1	25093
      1	25111
      1	25145
      1	25228
      1	25237
      1	25253
      2	25256
      1	25364
      1	25430
      1	25444
      1	25568
      1	25600
      1	25621
      1	25630
      1	25638
      2	25641
      1	25757
      1	25785
      1	25814
      1	25817
      1	25825
      1	25866
      1	25942
      2	25955
      1	25959
      1	25960
      1	25965
      1	26051
      2	26060
      1	26076
      1	26091
      2	26108
      1	26115
      1	26174
      1	26293
      1	26327
      1	26331
      1	26340
      1	26394
      1	26416
      1	26418
      1	26420
      1	26685
      1	26690
      1	26726
      1	26782
      1	26857
      1	26882
      1	26897
      2	26912
      1	26919
      1	26940
      1	27017
      1	27082
      1	27142
      1	27155
      1	27294
      1	27312
      4	27316
      1	27322
      2	27349
      1	27382
      1	27469
      1	27494
      1	27495
      1	27579
      1	27606
      1	27868
      1	27872
      1	27891
      1	27920
      1	27947
      1	27992
      1	27993
      2	28012
      1	28027
      1	28032
      4	28071
      1	28144
      1	28173
      1	28209
      1	28293
      1	28318
      1	28379
      1	28398
      1	28403
      2	28493
      4	28685
      1	28693
      1	28731
      2	28746
      1	28763
      1	28780
      2	28781
      1	28803
      1	28843
      1	28914
      1	29028
      1	29163
      1	29185
      1	29211
      1	29248
      1	29309
      6	29372
      1	29481
      1	29575
      1	29595
      1	29682
      1	29760
      1	29803
      1	29994
      1	29999
      1	30018
      1	30081
      2	30096
      2	30104
      1	30147
      1	30179
      1	30201
      1	30232
      8	30233
      1	30284
      1	30319
      1	30363
      2	30394
      1	30398
      1	30449
      1	30474
      1	30506
      2	30522
      8	30544
      1	30627
      1	30682
      2	30693
      1	30719
      1	30817
      2	30874
      1	30899
      1	30961
      1	31011
      2	31061
      1	31126
      4	31214
      1	31287
      1	31373
      1	31375
      1	31480
      1	31490
      1	31530
      2	31578
      1	31590
      1	31606
      1	31701
      1	31771
      1	31778
      1	31885
      2	31929
      1	31985
      1	32032
      1	32048
      1	32078
      1	32097
      1	32114
      4	32191
      2	32257
      1	32260
      2	32278
      1	32289
      3	32313
      1	32343
      1	32345
      1	32350
      1	32356
      1	32379
      1	32405
      1	32413
      1	32423
      3	32425
      1	32426
      2	32654
      1	32657
      2	32782
      1	32791
      2	32825
      1	32842
      1	32864
      1	32886
      1	32930
      2	32969
      1	33017
      1	33028
      1	33201
      3	33220
      1	33284
      2	33300
      2	33306
      1	33349
      1	33355
      1	33367
      1	33396
      1	33419
      1	33502
      2	33514
      2	33718
      1	33743
      1	33832
      2	33844
      1	33889
      1	33948
      2	33991
      1	33992
      1	34082
      1	34104
      1	34188
      1	34216
      1	34226
      1	34267
      1	34297
      1	34335
      1	34391
      1	34402
      1	34412
      1	34422
      1	34423
      1	34439
      2	34452
      1	34479
      1	34499
      1	34516
      1	34520
      2	34576
      1	34589
      1	34763
      2	34773
      1	34783
      2	34822
      1	34869
      1	34990
      1	35042
      1	35071
      1	35122
      1	35197
      1	35254
      3	35451
      1	35495
      4	35591
      1	35599
      1	35617
      1	35620
      1	35649
      1	35663
      1	35719
      1	35923
      2	36018
      2	36030
      1	36092
      1	36094
      1	36112
      1	36202
      1	36222
      1	36311
      1	36549
      2	36559
      1	36578
      1	36636
      1	36650
      1	36651
      1	36666
      1	36713
      1	36721
      1	36787
      1	36796
      1	36873
      1	36967
      1	36991
      2	36998
      2	37095
      1	37205
      1	37282
      1	37385
      1	37392
      1	37481
      1	37491
      3	37504
      1	37535
      2	37543
      1	37550
      2	37565
      1	37673
      1	37715
      1	37817
      1	37946
      1	37963
      1	37983
      1	38127
      2	38152
      4	38398
      1	38446
      1	38450
      1	38551
      1	38552
      1	38601
      1	38625
      1	38650
      1	38676
      1	38688
      1	38751
      1	38760
      1	38761
      2	38822
      1	38831
      1	38856
      1	38859
      2	38871
      2	38925
      1	38943
      1	38958
      1	39109
      1	39200
      2	39365
      1	39398
      2	39406
      2	39445
      1	39515
      1	39624
      1	39625
      1	39846
      1	39968
      1	40022
      1	40038
      1	40129
      1	40153
      1	40179
      1	40195
      5	40209
      1	40258
      1	40311
      3	40465
      2	40542
      1	40551
      3	40609
      1	40630
      1	40693
      1	40710
      1	40732
      4	40830
      1	40884
      1	40893
      1	40914
      1	40961
      1	40989
      1	40994
      1	41096
      5	41121
      1	41143
      1	41155
      1	41185
      1	41197
      1	41267
      3	41289
      1	41360
      1	41456
      1	41697
      1	41724
      1	41756
      1	41759
      1	41801
      1	41831
      1	41860
      1	41888
      2	41927
      1	41988
      1	41997
      1	42002
      1	42081
      1	42121
      1	42251
      2	42256
      1	42390
      1	42393
      1	42522
      1	42605
      1	42610
      1	42630
      4	42640
      1	42661
      2	42689
      1	42728
      1	42739
      1	42827
      1	42845
      1	42876
      1	42884
      1	42912
      1	42955
      2	42957
      1	42998
      1	43081
      1	43270
      1	43381
      3	43502
      1	43685
      2	43730
      4	43779
      2	43847
      1	43906
      1	43931
      2	43957
      1	44020
      1	44021
      2	44047
      2	44055
      1	44076
      5	44120
      1	44123
      1	44297
      6	44313
      2	44322
      1	44329
      2	44343
      1	44379
      1	44380
      2	44434
      2	44483
      1	44489
      2	44536
      1	44562
      1	44605
      1	44666
      2	44707
      1	44718
      1	44764
      1	44774
      2	44789
      1	44802
      3	44833
      1	44907
     72	44927
      1	44941
      1	44961
      1	44999
      2	45104
      1	45296
      1	45305
      1	45375
      1	45406
      1	45407
      2	45427
      1	45485
      1	45529
      1	45570
      1	45603
      1	45751
      1	45851
      1	45891
      1	45920
      2	45924
      2	45943
      1	45977
      1	46003
      4	46019
      2	46059
      2	46248
      2	46258
      1	46303
      1	46474
      1	46490
      1	46546
      2	46561
      1	46623
      1	46676
      1	46776
      2	46796
      1	46850
      1	46860
      1	46884
      1	47038
      1	47073
      1	47146
      1	47181
      1	47231
      1	47237
      1	47248
      1	47258
      1	47268
      1	47348
      1	47376
      1	47410
      1	47524
      1	47556
      1	47622
      1	47635
      1	47656
      2	47661
      1	47680
      1	47696
      1	47846
      1	47847
      1	47962
      2	47975
      3	48077
      2	48080
      1	48133
      1	48206
      2	48235
      1	48242
      1	48251
      1	48326
      2	48353
      1	48373
      1	48400
      2	48462
      6	48476
      1	48478
      1	48497
      1	48509
      1	48579
      1	48750
      7	48760
      1	48808
      1	48812
      2	48837
      2	48846
      1	48877
      1	48897
      2	48903
      1	48946
      1	49006
      1	49080
      1	49177
      1	49179
      1	49247
      3	49330
      1	49333
      1	49342
      1	49346
      1	49457
      1	49584
      1	49619
      1	49628
      1	49663
      1	49671
      1	49691
      2	49713
      1	49753
      1	49758
      1	49770
      1	49816
      1	49818
      1	49825
      1	49844
      1	49905
      1	49926
      1	49993
      1	50011
      1	50075
      1	50090
      2	50104
      1	50139
      1	50199
      1	50210
      2	50266
      1	50316
      1	50323
      1	50407
      1	50428
      1	50432
      1	50453
      1	50506
      1	50539
      1	50554
      1	50564
      1	50596
      2	50609
      6	50663
      1	50686
      1	50717
      1	50776
      1	50793
      1	50804
      1	50839
      1	50853
      1	50868
      1	50900
      1	51002
      1	51037
      1	51047
      1	51050
      1	51124
      1	51128
      1	51144
      2	51243
      2	51268
      1	51288
      1	51314
      1	51509
      1	51520
      1	51557
      1	51639
      1	51745
      1	51804
      2	51856
      2	51900
      1	51959
      1	51994
      3	52000
      3	52037
      1	52041
      1	52049
      1	52249
      1	52300
      2	52304
      2	52434
      1	52453
      2	52507
      1	52565
      1	52590
      2	52596
      1	52600
      1	52635
      1	52648
      1	52658
      1	52679
      2	52709
      1	52754
      1	52757
      1	52763
      1	52780
      1	52836
      1	52896
      2	52912
      1	52962
      1	53001
      2	53120
      1	53125
      1	53147
      6	53160
      1	53216
      2	53257
      1	53395
      1	53474
      1	53476
      1	53495
      1	53633
      2	53670
      1	53707
      1	53710
      1	53733
      1	53740
      1	53846
      1	54008
      1	54187
      1	54223
      1	54248
      1	54280
      1	54285
      1	54332
      2	54345
      1	54357
      1	54399
      1	54420
      1	54430
      1	54452
      1	54464
      1	54525
      1	54548
      1	54654
      1	54666
      1	54675
      1	54702
      2	54735
      1	54908
      1	54916
      1	54923
      1	54950
      2	54963
      1	54970
      1	55070
      1	55165
      2	55176
      1	55215
      1	55226
      1	55312
      1	55332
      3	55415
      1	55418
      1	55486
      1	55487
      1	55559
      2	55578
      1	55587
      1	55594
      1	55633
      2	55746
      1	55776
      1	56027
      1	56035
      1	56055
      1	56066
      1	56113
      1	56151
      1	56187
      1	56245
      1	56246
      1	56279
      1	56298
      1	56318
      1	56414
      1	56425
      1	56427
      2	56434
      1	56444
      1	56466
      1	56486
      1	56496
      2	56519
      1	56560
      1	56662
      1	56743
      2	56776
      1	56812
      1	56823
      1	56837
      1	56854
      1	56857
      1	56885
      1	57013
      1	57050
      1	57084
      2	57144
      1	57161
      1	57259
      1	57392
      1	57438
      1	57476
      2	57552
      2	57679
      1	57737
      2	57744
      2	57746
      1	57758
      1	57762
      1	57906
      1	58048
      1	58062
      1	58068
      1	58078
      1	58098
      2	58144
      1	58217
      1	58302
      1	58324
      1	58383
      1	58483
      1	58500
      1	58506
      1	58526
      1	58567
      1	58569
      1	58583
      1	58589
      1	58594
      1	58677
      1	58785
      1	58790
      1	58829
      1	58851
      1	58905
      1	58915
      1	59003
      1	59014
      1	59034
      3	59062
      1	59110
      1	59115
      1	59117
      1	59118
      2	59143
      1	59201
      1	59210
      1	59266
      1	59286
      1	59292
      1	59293
      1	59360
      1	59369
      1	59381
      1	59401
      1	59425
      1	59426
      1	59434
      1	59507
      3	59514
      1	59525
      1	59535
      1	59540
      2	59601
      1	59612
      1	59687
      1	59691
      1	59737
      1	59780
      2	59811
      1	59853
      1	59878
      1	59913
      1	60006
      1	60047
      1	60065
      1	60088
      1	60204
      2	60276
      1	60284
      1	60338
      1	60364
      1	60366
      1	60427
      2	60473
      1	60642
      1	60651
      2	60658
      2	60738
      1	60749
      2	60880
      1	60972
      1	61027
      2	61039
      1	61106
      2	61116
      1	61123
      2	61168
      1	61195
      3	61226
      1	61227
      1	61251
      2	61261
      1	61265
      1	61340
      2	61361
      1	61501
      1	61508
      2	61559
      1	61581
      1	61607
      2	61621
      3	61761
      1	61812
      2	61818
      1	61849
      1	61891
      1	62079
      1	62160
      1	62185
      2	62203
      1	62217
      1	62236
      2	62256
      1	62270
      2	62277
      1	62296
      1	62305
      1	62318
      1	62357
      1	62382
      1	62412
      1	62428
      1	62444
      1	62485
      1	62489
      1	62500
      1	62575
      1	62577
      2	62591
      1	62711
      1	62719
      2	62727
      1	62752
      1	62819
      1	62830
      1	62884
      1	62890
      1	62897
      1	63016
      1	63068
      1	63130
      2	63145
      1	63150
      1	63262
      1	63291
      1	63335
      1	63363
      1	63483
      1	63486
      1	63514
      1	63540
      3	63559
      1	63604
      1	63629
      1	63636
      1	63681
      1	63821
      1	63834
      1	63853
      1	63935
      1	64003
      3	64024
      1	64056
      4	64066
      1	64115
      1	64200
      2	64201
      1	64308
      2	64314
      1	64334
      1	64337
      1	64552
      3	64589
      1	64700
      8	64760
      1	64829
      1	64860
      1	64874
      1	64904
      1	64920
      1	64965
      5	64991
      1	64998
      1	65001
      2	65002
      1	65041
      2	65081
      1	65169
      6	65206
     12	65229
      1	65249
      1	65321
      1	65345
      1	65351
      1	65372
      1	65384
      1	65461
