      2	113
      1	143
      1	239
      1	252
      1	283
      1	294
      1	313
      1	365
      1	378
      1	477
      1	488
      1	504
      1	505
      1	516
      4	531
      1	556
      1	569
      1	608
      1	704
      1	707
      1	749
      1	787
      3	794
      2	830
      1	839
      1	911
      3	944
      1	1003
      1	1005
      1	1011
      1	1034
      1	1049
      1	1063
      3	1114
      1	1123
      2	1166
      1	1199
      1	1213
      1	1229
      1	1245
      1	1248
      1	1305
      1	1397
      1	1399
      1	1440
      1	1444
      1	1493
      1	1494
      1	1500
      1	1505
      1	1511
      1	1537
      1	1543
      1	1612
      1	1653
      1	1694
      1	1703
      2	1729
      1	1732
      1	1734
      1	1753
      1	1757
      1	1761
      1	1777
      1	1802
      1	1823
      1	1829
      1	1849
      1	1883
      1	1907
      1	1928
      1	1943
      1	1953
      1	1981
      1	1985
      1	1989
      1	2015
      1	2080
      1	2087
      1	2170
      1	2186
      1	2205
      1	2221
      2	2244
      1	2254
      1	2290
      1	2329
      1	2345
      1	2364
      1	2446
      1	2460
      1	2489
      1	2527
      2	2542
      1	2565
      1	2600
      1	2613
      1	2636
      1	2679
      2	2693
      1	2696
      1	2757
      1	2776
      3	2802
      2	2813
      1	2904
      1	2949
      1	2996
      1	3030
      1	3045
      1	3057
      1	3058
      1	3091
      1	3138
      1	3152
      1	3191
      1	3198
      1	3263
      1	3296
      1	3322
      1	3332
      1	3344
      1	3391
      1	3417
      1	3467
      1	3521
      1	3530
      1	3557
      1	3573
      1	3599
      1	3628
      1	3635
      1	3704
      1	3723
      1	3742
      1	3754
      1	3755
      1	3780
      1	3884
      1	3896
      1	3919
      1	4067
      1	4096
      2	4113
      1	4134
      1	4156
      1	4176
      1	4204
      1	4282
      1	4286
      1	4292
      1	4332
      2	4336
      1	4373
      1	4392
      1	4408
      1	4421
      2	4428
      1	4468
      1	4477
      1	4506
      2	4528
      1	4557
      1	4568
      1	4650
      1	4663
      1	4681
      1	4737
      1	4780
      1	4781
      1	4848
      1	4853
      1	4859
      1	4866
      1	5008
      1	5021
      1	5047
      1	5062
      1	5109
      1	5128
      1	5136
      1	5196
      1	5238
      1	5248
      1	5262
      1	5276
      1	5277
      1	5300
      1	5332
      1	5348
      3	5350
      1	5387
      1	5389
      1	5401
      1	5427
      1	5441
      2	5564
      1	5567
      1	5613
      1	5630
      1	5643
      1	5718
      1	5745
      1	5763
      1	5766
      1	5785
      2	5790
      1	5792
      1	5825
      1	5885
      1	5892
      1	5922
      1	5954
      1	5964
      1	6007
      1	6009
      1	6016
      2	6088
      2	6148
      2	6156
      2	6163
      1	6171
      1	6188
      1	6255
      1	6259
      1	6293
      1	6299
      1	6301
      1	6311
      1	6325
      1	6387
      1	6395
      1	6398
      1	6399
      1	6406
      1	6411
      1	6424
      1	6463
      1	6509
      1	6534
      1	6540
      1	6556
      1	6569
      1	6591
      1	6612
      1	6689
      1	6705
      1	6750
      1	6778
      1	6792
      1	6806
      1	6842
      1	6860
      1	6881
      1	6889
      1	6894
      1	6949
      1	6993
      1	7017
      1	7021
      1	7027
      1	7069
      1	7082
      1	7101
      1	7170
      1	7176
      1	7203
      1	7216
      1	7219
      1	7231
      1	7232
      1	7249
      1	7393
      1	7407
      1	7449
      3	7467
      1	7489
      3	7496
      1	7500
      1	7513
      1	7526
      1	7529
      1	7563
      1	7616
      1	7628
      1	7649
      1	7769
      1	7798
      1	7848
      1	7875
      1	7959
      1	7967
      1	7976
      1	8003
      1	8005
      1	8034
      1	8111
      1	8117
      1	8232
      1	8240
      1	8287
      1	8299
      1	8309
      1	8367
      1	8399
      1	8408
      1	8431
      1	8435
      1	8444
      1	8462
      1	8466
      1	8469
      1	8526
      1	8537
      1	8608
      1	8617
      1	8622
      1	8629
      1	8670
      1	8699
      1	8712
      1	8713
      1	8772
      1	8775
      1	8787
      1	8839
      1	8858
      1	8879
      1	8953
      1	9062
      1	9063
      4	9100
      2	9120
      2	9155
      1	9167
      1	9184
      1	9208
      1	9216
      1	9218
      1	9241
      1	9303
      1	9320
      1	9354
      1	9363
      1	9386
      1	9399
      1	9456
      1	9534
      1	9541
      1	9585
      1	9618
      1	9628
      1	9632
      2	9669
      1	9726
      1	9730
      1	9731
      1	9740
      1	9745
      1	9755
      1	9784
      1	9790
      1	9846
      1	9883
      2	9886
      1	9952
      1	9953
      1	10011
      1	10022
      1	10035
      1	10104
      1	10106
      1	10166
      1	10174
      1	10184
      1	10268
      1	10291
      1	10320
      1	10453
      1	10504
      1	10587
      1	10595
      1	10765
      1	10800
      1	10813
      1	10850
      2	10913
      1	10942
      1	10970
      1	11023
      1	11025
      1	11037
      1	11038
      1	11084
      1	11126
      1	11145
      1	11176
      1	11178
      2	11211
      1	11235
      1	11285
      1	11301
      1	11317
      1	11331
      1	11364
      1	11428
      1	11451
      1	11452
      1	11475
      1	11478
      1	11480
      1	11503
      1	11529
      1	11593
      1	11605
      1	11607
      1	11642
      1	11680
      1	11721
      2	11751
      1	11762
      1	11788
      1	11802
      1	11895
      1	11898
      1	11969
      1	11976
      1	12027
      1	12028
      1	12042
      1	12100
      1	12234
      1	12253
      1	12290
      1	12341
      1	12377
      1	12381
      1	12389
      1	12396
      1	12471
      1	12491
      1	12544
      1	12554
      1	12562
      1	12582
      1	12615
      2	12694
      1	12755
      1	12767
      1	12771
      3	12792
      1	12798
      1	12869
      1	12881
      1	12946
      1	12984
      1	13036
      1	13049
      2	13067
      1	13111
      1	13115
      1	13118
      1	13226
      1	13332
      1	13416
      1	13431
      1	13451
      1	13479
      1	13499
      1	13504
      1	13514
      1	13543
      1	13555
      1	13571
      1	13600
      1	13619
      1	13662
      1	13663
      1	13679
      1	13734
      2	13735
      1	13759
      1	13825
      1	13880
      1	13888
      1	13944
      1	13955
      1	14026
      1	14075
      1	14080
      2	14127
      1	14198
      1	14242
      1	14255
      1	14263
      1	14330
      1	14356
      1	14374
      2	14399
      1	14422
      1	14427
      1	14473
      1	14524
      1	14575
      1	14580
      1	14599
      1	14606
      1	14618
      1	14689
      1	14718
      2	14720
      1	14729
      1	14745
      1	14756
      1	14759
      1	14775
      1	14783
      1	14836
      1	14845
      1	14941
      1	14980
      2	14989
      1	15060
      1	15076
      1	15128
      1	15135
      1	15188
      1	15201
      2	15203
      2	15282
      1	15330
      1	15412
      1	15440
      1	15454
      1	15455
      1	15466
      1	15502
      1	15552
      1	15594
      1	15605
      1	15615
      1	15675
      1	15739
      1	15766
      1	15767
      1	15769
      1	15776
      1	15782
      1	15791
      1	15800
      1	15813
      1	15842
      1	15889
      1	15912
      1	15951
      3	15955
      1	15974
      1	15977
      1	15997
      1	16004
      1	16007
      1	16014
      1	16029
      1	16035
      1	16069
      1	16099
      1	16108
      1	16144
      1	16148
      1	16193
      1	16195
      2	16238
      1	16373
      1	16381
      1	16383
      1	16386
      1	16401
      1	16430
      1	16516
      1	16609
      1	16616
      1	16637
      1	16701
      1	16712
      1	16723
      1	16780
      1	16796
      1	16806
      1	16862
      1	16977
      1	17000
      1	17016
      1	17024
      1	17031
      2	17037
      1	17039
      1	17056
      1	17061
      2	17087
      1	17139
      1	17151
      1	17194
      3	17234
      1	17248
      1	17249
      1	17250
      1	17263
      1	17267
      1	17280
      1	17316
      1	17317
      1	17427
      1	17480
      1	17500
      1	17508
      1	17533
      1	17536
      1	17569
      2	17575
      1	17584
      1	17611
      1	17621
      1	17640
      1	17694
      1	17780
      2	17811
      1	17835
      1	17893
      2	17921
      1	17982
      1	17989
      1	18016
      1	18036
      1	18057
      1	18065
      1	18156
      1	18188
      1	18254
      1	18302
      1	18308
      1	18309
      1	18325
      1	18333
      1	18361
      1	18403
      1	18405
      1	18411
      1	18521
      1	18542
      1	18574
      2	18672
      1	18677
      1	18708
      1	18716
      1	18749
      1	18793
      1	18797
      1	18825
      1	18827
      1	18847
      1	18874
      1	18904
      1	18927
      1	18934
      1	19008
      1	19013
      1	19034
      1	19053
      2	19081
      1	19119
      1	19160
      1	19166
      1	19225
      1	19301
      2	19321
      1	19339
      1	19343
      1	19375
      1	19377
      1	19385
      1	19406
      1	19418
      1	19452
      1	19481
      2	19483
      1	19486
      1	19496
      1	19498
      1	19515
      1	19525
      1	19547
      1	19560
      3	19587
      1	19634
      1	19645
      1	19654
      1	19748
      1	19749
      1	19816
      2	19862
      1	19869
      1	19873
      1	19875
      1	19882
      1	19886
      1	19925
      1	19928
      1	19939
      1	19940
      1	19944
      1	19960
      1	20007
      1	20050
      1	20065
      1	20091
      1	20098
      1	20114
      1	20144
      1	20149
      1	20222
      1	20227
      1	20250
      1	20277
      1	20311
      1	20328
      1	20356
      1	20363
      1	20369
      1	20372
      1	20428
      1	20444
      1	20487
      1	20550
      1	20631
      1	20661
      1	20690
      1	20694
      1	20713
      1	20762
      1	20771
      1	20834
      1	20893
      1	20912
      1	20924
      1	20928
      1	20949
      1	20955
      1	20995
      1	21049
      1	21100
      1	21108
      1	21109
      1	21148
      1	21153
      1	21238
      3	21253
      1	21293
      1	21319
      1	21325
      1	21326
      1	21373
      1	21402
      1	21490
      1	21516
      1	21523
      2	21607
      1	21654
      1	21655
      1	21701
      1	21742
      1	21763
      1	21810
      1	21819
      1	21865
      1	21885
      1	21970
      2	21989
      1	22003
      1	22021
      1	22132
      1	22175
      1	22189
      1	22201
      1	22219
      1	22230
      1	22232
      1	22264
      1	22265
      1	22278
      1	22334
      1	22337
      2	22350
      1	22361
      1	22387
      1	22408
      1	22416
      2	22428
      1	22467
      1	22588
      1	22590
      1	22619
      1	22649
      1	22659
      1	22686
      1	22701
      1	22702
      1	22704
      1	22710
      1	22732
      1	22736
      1	22739
      1	22763
      1	22774
      1	22775
      1	22782
      1	22821
      1	22847
      1	22860
      1	22869
      1	22894
      1	22926
      1	22939
      1	22941
      1	22948
      1	22984
      1	23003
      1	23013
      1	23048
      1	23084
      1	23174
      1	23193
      1	23204
      1	23213
      1	23218
      1	23246
      1	23286
      1	23308
      1	23350
      1	23367
      1	23387
      1	23408
      1	23449
      1	23451
      1	23456
      1	23486
      1	23490
      1	23503
      1	23545
      1	23575
      1	23576
      1	23611
      1	23645
      1	23679
      1	23707
      1	23784
      1	23821
      1	23879
      1	23888
      1	23905
      1	23919
      1	23934
      1	23940
      1	23944
      1	24013
      1	24023
      1	24032
      1	24036
      1	24038
      1	24061
      1	24138
      1	24174
      1	24178
      1	24181
      3	24194
      1	24200
      1	24224
      1	24225
      1	24311
      1	24316
      1	24339
      1	24342
      1	24449
      1	24452
      1	24469
      1	24492
      1	24500
      1	24537
      1	24569
      1	24638
      1	24813
      2	24820
      1	24849
      2	24957
      1	25041
      1	25084
      1	25135
      1	25168
      1	25202
      1	25211
      1	25260
      1	25267
      1	25315
      1	25320
      1	25322
      1	25365
      1	25373
      1	25381
      1	25416
      1	25432
      1	25463
      1	25488
      1	25518
      1	25562
      1	25565
      1	25585
      1	25586
      1	25600
      1	25618
      2	25650
      2	25653
      1	25658
      1	25663
      2	25664
      1	25695
      1	25701
      1	25728
      1	25731
      1	25887
      1	25914
      1	25926
      1	25942
      1	25946
      1	25953
      1	25955
      1	25961
      1	25970
      1	26013
      1	26061
      1	26068
      1	26101
      1	26109
      2	26146
      1	26147
      1	26173
      1	26206
      1	26208
      1	26213
      1	26227
      1	26245
      1	26257
      1	26271
      1	26291
      1	26383
      1	26425
      3	26443
      1	26466
      1	26528
      1	26568
      1	26590
      1	26641
      1	26660
      1	26685
      1	26751
      1	26769
      1	26837
      1	26857
      1	26887
      2	26910
      1	26923
      1	26933
      1	27030
      3	27069
      1	27096
      1	27107
      1	27125
      2	27129
      1	27142
      1	27153
      1	27172
      1	27183
      1	27208
      1	27259
      1	27285
      1	27305
      1	27319
      1	27387
      1	27410
      2	27417
      1	27458
      1	27494
      1	27524
      1	27538
      1	27555
      1	27606
      1	27660
      1	27684
      1	27725
      1	27814
      1	27879
      1	27937
      1	27973
      1	27975
      3	27994
      1	28017
      1	28019
      1	28046
      1	28070
      1	28097
      1	28124
      1	28173
      1	28241
      1	28303
      1	28308
      1	28311
      1	28314
      1	28340
      1	28407
      1	28426
      1	28431
      1	28435
      1	28438
      1	28480
      1	28493
      1	28578
      1	28654
      1	28685
      1	28705
      1	28749
      1	28773
      1	28798
      1	28803
      2	28828
      3	28846
      1	28853
      1	28854
      1	28962
      1	28975
      1	28980
      1	29023
      1	29028
      1	29029
      1	29030
      1	29031
      1	29048
      1	29086
      1	29166
      1	29194
      1	29221
      1	29233
      1	29235
      1	29238
      1	29251
      1	29253
      1	29266
      1	29272
      1	29277
      1	29284
      1	29307
      2	29324
      1	29365
      1	29450
      1	29453
      1	29478
      1	29513
      1	29537
      1	29566
      1	29602
      1	29640
      1	29664
      1	29718
      1	29722
      1	29731
      1	29738
      1	29746
      1	29773
      1	29865
      1	29888
      1	29910
      1	29920
      1	29929
      1	29948
      2	29953
      1	29989
      1	30024
      1	30034
      1	30096
      1	30104
      1	30132
      1	30153
      1	30179
      1	30185
      1	30273
      1	30315
      1	30325
      1	30394
      1	30453
      1	30487
      2	30510
      1	30598
      1	30641
      1	30786
      1	30803
      1	30805
      1	30857
      1	30882
      1	30891
      1	30940
      1	31032
      1	31067
      1	31096
      1	31098
      1	31143
      1	31154
      1	31174
      1	31197
      1	31233
      1	31278
      1	31306
      1	31329
      1	31354
      1	31355
      1	31373
      1	31418
      1	31462
      1	31477
      1	31522
      1	31544
      1	31550
      1	31557
      1	31561
      1	31563
      1	31571
      1	31578
      1	31617
      1	31642
      1	31660
      1	31693
      1	31697
      1	31717
      1	31732
      3	31766
      1	31778
      1	31846
      1	31871
      1	31934
      1	31982
      1	31990
      1	31997
      1	32028
      1	32032
      1	32128
      1	32154
      1	32175
      1	32270
      1	32290
      1	32348
      1	32367
      1	32392
      1	32425
      1	32471
      1	32483
      1	32526
      1	32554
      1	32595
      1	32611
      1	32701
      1	32707
      1	32720
      1	32737
      1	32749
      1	32793
      2	32895
      1	32901
      1	32931
      1	32979
      1	32980
      1	33027
      1	33069
      1	33134
      1	33190
      3	33218
      1	33300
      1	33303
      1	33355
      1	33356
      1	33485
      1	33487
      2	33520
      1	33536
      1	33680
      1	33739
      1	33756
      1	33763
      2	33787
      1	33853
      2	33855
      1	33893
      1	33956
      1	33986
      1	34020
      1	34070
      1	34167
      1	34254
      1	34264
      1	34364
      2	34413
      1	34428
      1	34434
      1	34444
      1	34576
      1	34617
      1	34628
      1	34706
      1	34728
      1	34742
      1	34802
      1	34809
      1	34902
      1	34959
      2	34973
      1	34975
      1	34997
      1	35014
      1	35032
      1	35086
      1	35089
      1	35138
      1	35141
      1	35191
      1	35227
      1	35308
      1	35387
      1	35432
      1	35473
      1	35478
      1	35484
      1	35488
      1	35557
      1	35586
      3	35598
      1	35669
      1	35682
      1	35693
      1	35711
      1	35755
      1	35769
      1	35774
      1	35800
      1	35810
      1	35822
      1	35838
      1	35866
      1	35902
      2	35909
      1	35915
      1	35924
      1	35981
      1	36011
      1	36052
      1	36083
      1	36153
      1	36172
      1	36202
      1	36212
      2	36215
      1	36276
      1	36290
      1	36312
      1	36334
      1	36360
      1	36383
      1	36511
      1	36518
      1	36537
      1	36553
      1	36565
      1	36571
      1	36602
      1	36621
      1	36652
      1	36675
      1	36715
      1	36720
      1	36777
      1	36811
      1	36824
      1	36831
      1	36841
      1	36843
      1	36902
      3	36906
      1	37018
      1	37039
      1	37048
      1	37111
      1	37127
      1	37129
      1	37173
      1	37190
      1	37200
      1	37205
      1	37215
      1	37341
      1	37374
      1	37386
      1	37410
      1	37425
      1	37478
      1	37482
      1	37491
      1	37499
      1	37530
      1	37565
      1	37667
      1	37680
      1	37738
      1	37746
      1	37795
      1	37836
      1	37873
      1	37975
      1	37983
      1	38005
      1	38013
      1	38018
      1	38019
      1	38074
      1	38088
      1	38127
      1	38142
      1	38173
      1	38243
      1	38309
      1	38326
      1	38366
      1	38380
      1	38398
      1	38411
      1	38456
      1	38457
      2	38520
      1	38524
      1	38525
      1	38537
      1	38552
      1	38627
      1	38675
      1	38710
      1	38730
      1	38793
      1	38797
      1	38812
      1	38813
      1	38860
      1	38912
      1	38925
      1	38947
      1	38959
      1	38973
      1	39015
      1	39024
      1	39025
      1	39043
      1	39049
      1	39079
      1	39100
      1	39184
      1	39203
      1	39205
      1	39208
      1	39243
      1	39308
      1	39337
      1	39365
      1	39419
      1	39509
      1	39529
      3	39541
      1	39577
      1	39578
      2	39752
      1	39753
      1	39764
      1	39797
      1	39805
      1	39870
      1	39880
      1	39897
      1	39943
      1	39991
      1	39994
      1	40038
      1	40045
      3	40085
      1	40170
      1	40178
      1	40187
      3	40194
      1	40195
      1	40202
      1	40210
      1	40218
      1	40285
      1	40302
      1	40349
      1	40354
      1	40420
      1	40454
      1	40475
      1	40484
      1	40490
      1	40518
      1	40537
      1	40542
      1	40553
      1	40570
      1	40594
      1	40597
      1	40611
      2	40678
      6	40711
      1	40783
      1	40788
      1	40812
      1	40820
      1	40825
      1	40846
      1	40881
      1	40904
      1	40938
      1	40943
      2	41015
      1	41096
      1	41122
      1	41129
      1	41147
      1	41168
      4	41178
      1	41188
      1	41198
      1	41248
      1	41256
      1	41262
      1	41276
      1	41280
      1	41309
      1	41310
      1	41333
      1	41344
      1	41352
      1	41357
      1	41376
      1	41429
      1	41433
      1	41440
      1	41513
      1	41525
      1	41537
      1	41567
      1	41577
      1	41619
      1	41699
      1	41773
      1	41785
      1	41831
      1	41842
      1	41845
      1	41853
      1	41941
      1	41982
      1	42031
      1	42100
      1	42190
      1	42200
      1	42277
      1	42315
      1	42344
      2	42357
      2	42394
      1	42413
      1	42457
      1	42486
      1	42487
      1	42497
      1	42571
      1	42601
      1	42605
      1	42610
      1	42634
      1	42686
      1	42689
      1	42698
      1	42746
      1	42757
      1	42777
      1	42807
      1	42824
      1	42845
      1	42934
      1	42952
      1	42970
      1	43010
      1	43011
      1	43055
      1	43091
      2	43102
      1	43104
      1	43121
      1	43168
      1	43271
      1	43284
      1	43294
      1	43304
      1	43320
      1	43365
      1	43369
      1	43401
      1	43418
      1	43458
      1	43464
      4	43519
      1	43549
      1	43607
      1	43609
      1	43633
      1	43640
      1	43679
      1	43730
      1	43752
      1	43768
      1	43779
      1	43811
      1	43819
      1	43845
      1	43939
      1	43950
      1	43955
      1	43958
      1	43961
      1	43971
      1	43976
      1	43982
      2	44062
      1	44088
      1	44141
      1	44171
      1	44193
      1	44215
      1	44228
      1	44322
      1	44335
      1	44341
      1	44343
      1	44351
      1	44354
      1	44374
      1	44447
      1	44536
      1	44560
      1	44563
      1	44583
      1	44595
      1	44615
      1	44618
      1	44620
      2	44666
      1	44715
      1	44721
      1	44735
      1	44804
      1	44835
      1	44868
      1	44987
      1	45002
      1	45008
      1	45021
      1	45022
      1	45043
      1	45047
      1	45182
      1	45218
      1	45293
      1	45297
      1	45326
      1	45397
      1	45464
      1	45487
      1	45537
      1	45548
      1	45572
      1	45584
      1	45599
      1	45628
      1	45747
      1	45766
      1	45775
      1	45817
      1	45863
      1	45867
      2	45877
      1	45893
      1	45916
      1	45954
      4	46058
      1	46060
      1	46086
      1	46102
      2	46117
      1	46119
      1	46163
      1	46177
      1	46184
      1	46200
      1	46208
      1	46272
      1	46327
      1	46347
      1	46450
      1	46451
      1	46454
      1	46482
      1	46486
      1	46521
      2	46526
      1	46546
      1	46647
      2	46656
      1	46664
      1	46685
      1	46705
      1	46753
      1	46819
      1	46849
      1	46863
      1	46965
      1	47044
      1	47045
      1	47053
      1	47083
      1	47102
      1	47126
      1	47143
      1	47161
      1	47198
      1	47209
      1	47220
      1	47232
      1	47292
      1	47298
      1	47316
      2	47443
      1	47453
      1	47463
      1	47499
      1	47527
      1	47569
      1	47584
      1	47598
      1	47647
      1	47650
      1	47735
      1	47815
      1	47824
      1	47851
      1	47863
      1	47911
      1	47965
      1	47985
      1	48007
      1	48022
      1	48033
      1	48046
      1	48110
      1	48152
      1	48175
      2	48265
      1	48307
      1	48317
      1	48336
      1	48351
      1	48370
      1	48408
      1	48529
      1	48540
      1	48574
      1	48710
      1	48715
      1	48719
      3	48721
      1	48818
      2	48845
      1	48868
      1	48869
      1	48913
      1	49009
      1	49023
      1	49024
      1	49101
      1	49117
      1	49123
      1	49140
      1	49182
      1	49232
      1	49273
      1	49433
      1	49437
      1	49450
      1	49460
      1	49483
      1	49526
      1	49585
      1	49644
      1	49688
      1	49727
      1	49730
      1	50049
      1	50169
      1	50179
      1	50210
      1	50261
      1	50290
      1	50352
      1	50354
      1	50375
      1	50420
      1	50481
      1	50484
      1	50494
      1	50529
      1	50565
      1	50619
      1	50639
      1	50672
      1	50680
      1	50692
      1	50761
      1	50779
      1	50781
      1	50784
      1	50830
      1	50847
      1	50881
      1	50893
      2	50905
      1	50908
      1	50935
      2	50975
      1	51022
      1	51032
      1	51042
      1	51052
      1	51088
      1	51125
      1	51171
      2	51196
      1	51197
      1	51221
      1	51257
      1	51294
      1	51336
      1	51361
      1	51400
      1	51403
      1	51410
      1	51447
      1	51449
      1	51465
      1	51475
      2	51490
      1	51493
      1	51527
      1	51557
      1	51558
      1	51580
      1	51629
      1	51668
      1	51670
      1	51723
      1	51744
      1	51745
      1	51751
      1	51772
      1	51774
      1	51830
      1	51837
      1	51857
      1	51874
      1	51913
      1	51921
      1	51946
      1	51953
      1	51961
      1	52000
      1	52011
      1	52030
      1	52055
      1	52087
      1	52099
      1	52108
      1	52177
      1	52180
      1	52186
      1	52204
      1	52227
      1	52284
      7	52353
      2	52410
      1	52418
      1	52450
      1	52452
      1	52518
      1	52549
      1	52570
      1	52596
      1	52645
      2	52706
      1	52769
      1	52772
      1	52776
      1	52777
      1	52778
      1	52794
      1	52821
      2	52824
      1	52868
      1	52971
      2	52988
      1	52989
      1	53007
      1	53062
      1	53077
      1	53178
      1	53215
      1	53220
      2	53312
      1	53340
      1	53357
      1	53432
      1	53434
      1	53451
      1	53488
      1	53498
      1	53556
      1	53561
      1	53622
      1	53623
      1	53624
      1	53634
      1	53668
      1	53741
      1	53754
      1	53758
      1	53824
      1	53866
      1	53882
      1	53891
      1	53896
      1	53925
      1	53944
      1	53951
      1	53960
      1	53970
      1	53998
      1	54087
      1	54103
      1	54130
      1	54154
      1	54207
      1	54210
      1	54220
      1	54242
      1	54246
      1	54274
      1	54292
      1	54304
      1	54417
      1	54438
      1	54439
      1	54452
      1	54518
      1	54526
      1	54554
      1	54556
      1	54559
      3	54585
      1	54660
      1	54713
      1	54725
      1	54729
      1	54737
      2	54745
      1	54777
      1	54800
      1	54803
      1	54808
      1	54874
      1	54888
      1	54915
      2	54926
      1	54930
      1	54977
      1	55031
      1	55118
      1	55120
      1	55130
      1	55194
      1	55296
      2	55305
      1	55308
      1	55311
      1	55362
      1	55378
      1	55402
      1	55415
      2	55440
      1	55460
      1	55464
      1	55520
      5	55526
      1	55568
      1	55573
      1	55606
      1	55640
      1	55649
      1	55653
      1	55686
      1	55726
      1	55767
      1	55778
      1	55799
      1	55800
      1	55818
      2	55832
      1	55869
      1	55882
      1	55884
      1	55974
      1	55998
      1	55999
      1	56056
      1	56073
      1	56086
      1	56097
      2	56147
      2	56179
      1	56225
      1	56271
      1	56288
      2	56289
      1	56315
      1	56360
      1	56386
      1	56399
      1	56404
      1	56530
      1	56563
      1	56567
      2	56621
      1	56657
      1	56672
      1	56673
      1	56773
      1	56791
      1	56798
      1	56826
      1	56897
      1	56906
      1	56913
      5	56930
      1	56941
      1	56946
      1	57031
      1	57056
      1	57070
      1	57118
      1	57179
      1	57218
      1	57221
      1	57249
      1	57366
      1	57389
      1	57391
      2	57462
      1	57466
      3	57501
      1	57526
      1	57542
      1	57577
      1	57619
      1	57634
      1	57675
      1	57714
      1	57721
      1	57737
      1	57746
      1	57759
      1	57769
      1	57777
      1	57816
      1	57870
      1	57909
      1	57921
      1	57930
      1	57943
      2	57958
      1	58036
      1	58055
      1	58081
      1	58121
      1	58137
      2	58155
      1	58196
      1	58197
      2	58207
      1	58276
      1	58288
      1	58316
      1	58318
      1	58341
      1	58456
      1	58459
      2	58477
      1	58478
      1	58487
      1	58517
      1	58526
      1	58751
      4	58755
      1	58756
      1	58766
      1	58771
      1	58780
      2	58804
      1	58851
      1	58923
      1	58925
      1	58932
      1	59025
      1	59034
      1	59058
      1	59075
      1	59091
      1	59099
      1	59136
      1	59140
      1	59216
      1	59273
      1	59286
      1	59291
      1	59292
      1	59321
      1	59415
      1	59451
      1	59509
      2	59518
      1	59519
      2	59529
      1	59585
      1	59618
      1	59640
      1	59654
      2	59707
      1	59723
      1	59737
      1	59756
      1	59803
      1	59807
      1	59811
      1	59816
      1	59831
      1	59842
      2	59861
      1	59919
      2	59922
      1	59951
      1	59967
      1	59976
      1	60017
      1	60054
      1	60145
      1	60190
      1	60191
      1	60210
      1	60262
      1	60270
      1	60291
      1	60312
      1	60345
      1	60367
      1	60378
      1	60379
      1	60486
      1	60498
      1	60518
      1	60529
      1	60595
      4	60602
      1	60612
      1	60645
      1	60678
      1	60698
      1	60772
      1	60774
      1	60812
      1	60824
      1	60854
      1	60859
      1	60876
      1	60882
      2	60957
      1	60977
      1	61019
      2	61021
      1	61049
      1	61087
      1	61108
      2	61121
      1	61154
      1	61212
      1	61244
      1	61257
      1	61283
      1	61322
      1	61335
      1	61340
      1	61358
      1	61390
      1	61398
      1	61445
      1	61466
      1	61473
      3	61481
      1	61487
      1	61511
      1	61514
      1	61570
      1	61585
      2	61610
      1	61669
      1	61688
      3	61736
      1	61774
      2	61813
      1	61833
      2	61904
      1	61918
      1	61951
      1	61959
      1	61979
      1	61995
      1	61998
      1	62029
      1	62037
      1	62057
      1	62074
      1	62079
      3	62194
      1	62202
      1	62270
      1	62337
      1	62350
      1	62351
      1	62412
      6	62414
      1	62469
      1	62542
      1	62543
      1	62547
      1	62586
      1	62600
      1	62646
      1	62701
      1	62727
      1	62736
      1	62756
      1	62784
      2	62803
      1	62847
      1	62877
      1	62892
      1	62895
      1	62910
      1	62924
      1	62972
      1	62976
      1	62992
      1	63039
      1	63119
      1	63127
      1	63132
      1	63170
      1	63243
      1	63251
      2	63267
      1	63282
      1	63291
      1	63303
      1	63314
      1	63337
      1	63375
      1	63381
      1	63390
      3	63394
      3	63451
      1	63492
      1	63634
      1	63659
      1	63663
      1	63677
      1	63773
      1	63858
      1	63866
      1	63914
      1	63999
      1	64056
      1	64059
      1	64070
      1	64091
      1	64119
      1	64137
      1	64146
      1	64267
      1	64286
      1	64307
      1	64314
      1	64354
      1	64393
      1	64408
      1	64413
      1	64414
      1	64451
      1	64457
      1	64473
      2	64535
      1	64555
      1	64557
      1	64605
      1	64641
      1	64674
      1	64682
      1	64699
      1	64763
      3	64767
      1	64774
      1	64788
      1	64807
      1	64846
      1	64860
      1	64881
      4	64908
      2	64914
      1	64923
      1	64935
      1	64938
      1	64942
      1	64976
      1	64997
      1	65123
      1	65125
      3	65167
      1	65272
      1	65273
      1	65275
      1	65277
      1	65279
      1	65328
      1	65453
      1	65461
      1	65492
      1	65506
      1	65514
      3	65526
