     13	11
      3	27
      1	54
      7	66
      1	69
      1	93
      1	98
      1	141
      1	199
      1	352
      1	384
      1	390
      3	460
      1	480
      7	481
      1	492
      1	494
      1	520
      2	547
      1	564
      3	583
      1	690
      1	696
      1	713
      1	733
      1	789
      2	792
      2	809
      1	813
      2	823
      1	830
      1	865
      1	895
      1	899
      1	904
      1	934
      1	945
      1	959
      1	1022
      1	1026
      3	1051
      2	1063
      3	1089
      1	1139
      1	1172
      2	1183
      1	1210
      1	1248
      2	1258
      1	1380
      2	1400
      6	1481
      7	1489
      1	1496
      2	1508
      1	1529
      2	1553
      1	1571
      2	1595
      2	1606
      1	1671
      1	1728
      1	1754
      4	1781
      1	1805
      7	1841
      1	1887
      1	1953
      3	1991
      1	2095
      6	2153
      1	2172
      1	2178
      2	2185
      1	2260
      1	2274
      1	2284
      3	2290
      2	2417
      5	2426
      7	2490
      2	2492
      2	2503
      1	2504
      6	2559
      4	2589
      6	2600
      1	2688
      1	2827
      1	2836
      1	2857
      1	2894
      2	2918
      6	2929
      5	2985
      4	3014
      1	3018
      1	3061
      4	3073
      1	3079
      1	3087
      1	3119
      1	3162
      5	3188
      1	3198
      1	3220
      1	3239
      2	3242
      1	3372
      1	3378
      2	3491
      4	3492
      1	3493
      2	3503
      7	3524
      8	3570
      1	3778
      1	3780
      4	3785
      6	3809
      1	3820
      1	3839
      1	3861
      7	3878
      1	3942
      1	3982
      1	4015
      2	4030
      1	4034
      4	4043
      7	4088
      2	4120
      1	4125
      1	4181
      3	4250
     15	4287
      1	4359
      1	4379
      1	4391
      1	4434
      1	4468
      1	4475
      1	4486
      3	4541
      1	4584
      3	4589
      1	4671
      2	4720
      1	4801
      2	4808
      1	4809
      2	4887
      2	4939
      1	4967
      2	4987
      1	4989
      2	5042
      1	5059
      2	5067
      3	5163
     10	5170
      4	5195
      1	5234
      3	5257
      3	5271
      2	5311
      1	5360
     10	5362
      1	5457
      2	5472
      1	5510
      1	5511
      1	5608
      1	5631
      1	5671
      1	5713
      1	5719
      1	5727
      2	5748
      1	5771
      3	5787
      4	5861
      2	5941
      1	5976
      3	5977
      1	5981
      4	6002
      3	6086
      1	6099
      1	6153
      8	6157
      1	6163
      1	6169
      1	6173
      2	6179
      1	6183
      1	6190
      1	6194
      1	6243
      2	6301
      1	6318
      3	6363
      1	6374
      3	6377
      6	6429
      1	6457
      1	6487
      1	6497
      1	6505
      8	6536
     16	6564
      1	6577
      1	6655
      1	6684
      1	6736
      1	6752
      7	6762
      3	6768
      7	6900
      1	6967
      1	6980
      1	6988
      2	7032
      4	7076
     20	7114
      1	7115
      1	7120
      2	7137
      8	7166
      1	7178
      1	7199
      1	7209
      2	7231
      2	7302
      3	7332
      2	7339
     15	7369
      4	7448
      1	7472
      1	7550
      1	7559
      2	7560
      3	7603
      2	7669
      2	7678
      1	7718
     14	7750
      1	7803
     38	7832
      1	7861
      1	7887
      1	7892
      3	7894
      1	7896
      1	7919
      2	7924
      6	7927
      2	7967
      7	7981
      1	7988
      1	8009
     14	8031
      1	8089
     10	8252
      1	8290
      3	8315
      2	8323
      1	8335
      1	8353
     14	8358
      1	8433
      1	8436
      1	8478
      1	8486
      3	8498
      1	8547
      4	8579
      1	8662
      2	8675
      6	8683
      4	8695
      2	8715
      1	8731
      2	8739
      2	8741
      1	8782
      2	8876
      3	8888
     10	8902
      1	8934
      3	8936
      1	8967
      2	8989
      2	9024
      1	9038
      2	9058
      1	9088
      1	9089
      1	9152
      1	9173
      1	9220
      2	9260
     13	9269
      2	9317
      1	9319
      1	9334
      6	9413
      1	9452
      3	9455
      1	9463
      4	9496
      3	9516
      1	9517
     10	9538
      1	9541
      1	9571
      1	9603
      3	9644
      1	9666
      1	9689
      2	9724
      1	9729
      1	9780
      2	9784
      1	9795
      2	9813
      1	9869
     19	9883
      1	9928
      3	9985
      2	10001
      3	10030
      7	10031
      1	10094
      1	10106
      2	10114
      1	10148
      2	10263
      3	10266
      1	10281
      2	10318
      2	10320
      1	10378
      2	10385
      2	10391
      1	10398
      3	10413
      2	10428
      1	10430
      1	10455
      6	10456
      3	10470
      1	10477
      1	10512
      1	10515
      1	10516
      2	10525
      2	10528
      1	10628
      3	10659
      1	10678
      3	10682
      3	10705
     15	10762
      1	10819
      1	10872
      1	10889
      1	10892
      1	10965
      1	10967
     13	10980
      1	11082
      4	11085
      1	11089
      2	11106
      1	11145
      1	11156
      1	11285
      1	11326
     13	11347
      2	11353
      5	11382
      1	11389
      2	11408
      1	11419
      1	11422
      1	11440
      1	11467
      2	11477
      1	11491
      1	11529
      1	11558
      4	11589
     14	11603
      4	11604
      1	11614
      1	11616
      3	11628
      3	11696
      2	11749
      5	11766
      1	11789
      1	11790
      2	11804
      3	11973
      1	11985
      2	12015
      1	12028
      7	12029
      5	12050
      1	12057
      2	12062
      1	12117
      3	12125
      1	12154
      1	12158
      2	12164
      1	12260
      1	12290
      1	12293
      1	12301
      1	12323
     12	12350
      2	12369
      1	12393
      2	12499
      6	12549
      1	12677
      2	12689
      1	12697
      6	12707
      3	12722
      2	12724
      3	12751
      2	12775
      1	12790
      2	12814
      3	12841
      3	12896
      1	12910
      3	12945
     10	12967
      3	12977
      2	12999
      2	13007
      1	13094
      1	13098
      3	13185
      1	13271
      1	13294
      2	13304
      1	13314
      1	13322
      2	13352
      1	13411
      2	13439
      2	13446
     50	13489
      2	13599
      3	13633
      3	13647
     14	13654
      1	13678
      1	13713
      1	13715
      6	13746
      1	13788
      1	13797
      4	13799
      1	13843
      1	13966
      2	14053
      3	14062
      2	14079
      1	14092
      3	14126
      1	14146
     12	14184
      1	14249
      1	14259
      1	14295
      1	14310
      1	14322
      1	14381
      1	14412
      1	14437
      1	14439
     10	14575
      2	14675
      7	14681
      1	14716
      5	14726
      1	14732
      2	14733
      7	14786
    336	14829
      2	14850
      3	14872
      2	14897
      1	14931
      4	14940
      2	14993
      2	15033
      1	15034
      1	15058
      1	15086
      5	15121
      1	15185
      1	15252
      1	15271
      2	15278
      1	15315
      1	15343
      2	15362
      1	15397
      1	15446
      2	15509
      2	15631
      1	15680
      1	15701
      1	15730
      2	15752
      1	15757
      3	15784
      1	15787
      1	15804
      1	15821
      1	15833
      1	15844
      3	15847
      1	15867
      1	15891
      1	15911
      1	15950
      2	15964
      2	15972
      1	15994
      1	16010
      1	16059
      2	16060
      1	16099
     11	16129
      1	16139
      1	16185
      1	16188
      1	16297
      1	16305
      1	16421
      2	16437
      1	16454
      5	16465
      1	16469
      6	16487
      1	16551
      1	16558
      1	16654
      1	16713
      1	16720
      1	16721
      1	16734
      1	16758
      7	16787
      2	16818
      2	16827
      1	16855
      1	16879
      1	16886
      1	16920
      1	16942
      6	16963
      1	16972
      7	16982
      1	17031
      1	17043
      1	17059
      3	17080
      1	17093
      7	17107
     15	17150
      1	17168
      1	17181
      1	17201
     11	17220
     10	17223
      3	17291
      1	17313
      1	17369
      2	17390
      5	17491
      2	17508
      2	17613
      5	17631
      1	17636
      7	17644
      3	17694
      2	17699
      2	17705
      1	17713
      2	17746
      3	17757
      2	17780
      2	17781
      3	17835
      3	17879
      2	17889
      1	17894
      4	17934
      1	17964
      2	17982
      2	18037
      1	18044
      1	18069
      1	18081
      1	18142
      1	18160
      7	18208
      1	18222
      1	18257
      2	18297
      1	18356
      1	18381
      4	18392
      1	18394
      1	18408
      1	18422
      5	18441
      4	18465
      2	18496
      7	18538
      1	18553
      3	18591
      2	18616
     21	18673
      1	18687
      1	18720
      1	18820
      1	18842
      1	18870
      3	18897
      1	18904
      8	18934
      5	18968
      6	18969
      1	18971
      1	19050
      2	19079
     95	19148
      1	19200
      2	19207
      9	19224
      2	19241
      2	19276
      1	19336
      1	19338
      8	19343
     13	19353
      1	19367
      2	19385
      1	19423
     34	19441
      4	19462
      1	19524
      1	19525
      8	19578
      3	19615
      1	19622
      1	19633
      2	19652
      6	19693
      4	19721
      1	19724
      1	19743
      3	19749
      2	19760
      2	19773
      1	19777
      1	19822
      1	19831
      4	19854
     10	19948
      1	19954
      2	19958
      1	20049
      3	20075
      1	20085
      1	20096
      1	20154
      3	20162
      2	20179
      1	20205
      2	20213
      1	20221
      1	20227
      1	20270
      1	20284
      1	20323
      1	20333
      2	20370
      1	20398
      2	20449
      1	20484
      1	20487
      1	20497
      9	20500
      6	20506
      1	20516
     10	20536
      1	20546
      1	20618
      2	20620
      6	20658
      3	20668
     13	20799
      1	20818
      1	20826
      1	20831
     20	20863
      3	20884
      2	20891
      2	20902
      2	20917
     13	20928
      1	20977
      1	21009
      1	21014
      1	21017
      7	21033
      1	21065
      1	21076
      1	21133
      1	21156
      1	21173
      1	21183
      1	21253
      1	21265
      1	21271
      1	21277
     22	21284
      1	21315
      2	21326
      2	21389
      1	21401
      8	21416
      3	21420
      4	21428
      3	21481
      1	21517
      1	21518
      2	21589
      2	21599
      4	21621
      1	21626
      1	21664
     13	21710
      5	21717
      1	21720
      1	21750
      1	21812
      2	21830
      1	21944
      1	21956
      2	21991
      1	22010
      1	22015
      2	22045
      1	22065
      1	22127
      1	22144
      1	22162
      1	22175
      1	22180
      1	22192
      2	22220
      1	22293
      1	22325
      1	22335
      1	22358
      1	22423
      3	22445
      1	22457
      5	22477
      1	22522
      1	22529
      1	22569
      6	22644
      1	22646
      3	22678
      6	22680
      2	22696
      3	22830
      4	22893
      2	22915
     20	22921
      6	22925
      1	22959
      1	22976
      1	23026
      1	23053
      8	23066
      6	23080
      1	23082
      1	23118
      1	23137
      1	23176
      1	23185
      7	23235
      1	23245
      1	23275
      1	23309
      4	23370
      1	23380
      3	23407
      1	23411
      2	23444
      3	23447
      1	23490
      1	23545
      3	23571
      1	23575
      2	23618
      1	23647
      8	23714
      1	23797
      2	23823
      1	23843
      1	23847
      1	23895
      2	23913
      3	23962
      2	23990
      7	23996
      1	24037
      1	24049
      3	24110
      3	24121
      3	24130
     10	24149
      2	24157
      1	24176
      1	24187
      1	24225
      1	24288
      2	24331
      1	24345
      5	24381
      1	24384
      1	24431
      1	24456
      1	24464
      1	24469
      2	24483
      2	24492
      1	24500
      1	24523
      1	24562
      1	24584
      7	24608
      4	24625
      1	24631
      1	24642
      4	24649
      4	24676
      1	24705
      3	24728
      1	24742
      3	24766
      1	24810
      1	24837
      4	24917
     57	24939
      1	24991
      1	25022
      6	25032
      1	25062
      1	25123
      1	25144
      1	25182
      2	25199
      2	25204
      2	25247
      1	25296
      2	25337
      1	25339
      1	25346
      1	25364
      1	25387
      1	25411
      1	25489
      1	25515
     15	25529
      1	25539
      1	25552
      1	25607
      4	25628
      1	25633
      1	25652
      2	25659
      3	25662
      1	25677
      1	25702
      2	25739
      2	25753
      1	25759
      4	25788
      1	25797
      5	25878
      1	25943
      1	25954
      2	25995
      3	25996
      2	26024
      1	26041
      1	26101
      5	26120
      2	26146
      1	26174
      2	26179
      1	26190
      1	26212
      1	26223
     10	26231
      1	26255
      1	26262
      1	26286
      1	26301
      3	26306
      3	26324
      3	26356
      1	26373
      1	26418
      1	26425
      1	26443
      1	26449
      1	26468
     31	26484
      1	26537
      2	26551
      1	26573
     17	26581
      2	26621
      1	26658
      1	26679
      2	26726
      1	26860
      2	26865
      1	26869
      2	26912
      1	26914
      2	26934
      1	27015
      2	27042
      3	27082
      3	27121
      1	27182
      1	27197
      2	27221
      4	27253
      6	27277
      1	27294
      3	27339
     41	27349
      1	27352
      1	27407
      3	27469
      7	27560
      2	27643
      1	27647
      3	27661
      3	27677
      1	27686
      1	27762
      1	27824
      1	27835
      1	27880
      1	27898
      1	27904
      1	27917
      1	27937
      2	27992
      1	28008
      7	28013
      2	28089
      1	28094
      1	28144
      1	28180
      1	28214
      2	28251
      1	28266
      1	28285
      1	28296
      1	28332
      2	28355
     23	28386
      6	28390
      2	28403
      2	28410
      1	28457
      3	28469
      5	28496
      5	28506
      6	28558
      1	28560
      8	28600
      1	28613
      3	28670
      7	28693
      3	28701
      1	28741
      1	28820
      6	28829
      3	28834
      1	28838
      1	28844
      1	28875
      3	28882
      1	28898
      1	28951
      1	28981
      2	28990
      1	29021
      1	29024
      4	29078
      1	29137
      3	29139
      1	29174
      1	29211
      2	29226
      4	29235
      1	29245
      3	29310
      7	29326
      1	29328
      2	29481
      2	29482
      2	29500
      1	29506
      1	29541
      3	29575
      1	29593
      1	29595
      1	29626
      2	29640
      2	29708
      3	29760
      1	29765
      2	29773
      5	29789
      3	29912
      2	29925
      2	29948
      2	29996
      1	30032
      1	30055
      1	30056
      4	30097
      1	30101
      1	30116
      1	30123
      1	30161
    104	30236
      1	30295
      1	30307
      2	30355
      1	30374
      1	30396
      1	30398
      1	30403
      1	30404
     11	30462
      2	30494
      1	30506
      2	30522
      1	30547
      4	30672
      1	30682
     14	30737
      3	30776
      1	30777
      1	30783
      1	30850
      1	30903
      4	30909
      1	30913
      1	30921
     16	30990
      1	31004
      4	31013
      3	31043
      7	31061
      2	31071
      1	31113
      4	31116
      1	31174
      2	31185
      2	31203
      2	31223
    201	31280
      1	31300
      1	31303
      7	31313
      3	31330
      2	31355
      1	31374
      2	31480
      3	31538
      9	31562
      1	31585
      1	31616
      1	31649
      2	31653
      1	31709
      1	31731
      1	31755
      1	31786
      2	31803
      2	31804
      3	31936
      3	31954
      1	31985
      2	32045
      3	32079
      4	32194
      1	32200
      6	32252
      2	32257
      1	32272
      1	32288
      6	32309
      1	32331
      1	32350
      2	32358
      1	32368
      1	32370
     44	32389
      1	32441
      2	32465
      1	32479
      1	32487
      1	32512
      2	32522
      2	32720
      1	32737
      1	32751
      1	32825
      4	32863
      1	32864
     18	32926
      1	32934
      2	32969
      1	32989
      1	32991
      1	33002
      1	33014
      1	33098
      1	33113
      1	33119
      7	33126
      1	33129
      2	33201
      1	33203
      2	33220
      2	33256
      7	33281
      1	33291
      3	33337
      1	33346
      2	33537
      1	33582
      1	33586
      3	33666
      1	33669
      2	33672
      3	33705
      1	33718
      2	33758
      1	33762
      4	33825
      1	33830
      1	33889
      1	33892
      2	33925
      1	33948
      1	33960
      1	34010
      1	34090
      3	34098
      1	34132
     16	34150
      1	34164
      1	34169
     27	34179
      2	34188
      3	34321
      1	34323
      1	34348
      1	34351
      4	34352
      2	34414
      1	34439
      1	34443
      1	34451
      1	34466
      2	34509
      3	34516
     16	34541
      1	34549
      1	34552
      2	34590
      3	34592
      1	34635
      1	34678
      1	34749
      1	34773
      1	34810
      1	34844
      1	34872
      5	34928
      1	34947
      1	34968
      1	35002
      1	35042
      1	35056
      2	35096
      2	35109
      3	35232
      4	35254
      1	35283
      3	35311
      1	35321
      2	35336
      3	35352
      9	35376
      1	35385
      1	35401
      1	35415
      1	35428
      2	35451
      2	35453
      1	35484
     11	35496
      3	35528
      1	35591
      1	35597
      2	35719
      2	35745
      2	35776
      6	35833
      1	35901
      1	35940
      1	35973
      2	35976
      3	35981
      2	36052
      1	36073
      1	36091
      1	36096
      2	36129
      2	36149
      1	36193
      2	36212
      2	36222
      1	36231
      2	36350
      1	36404
      3	36428
      1	36435
      2	36484
      1	36518
      2	36532
      1	36584
      1	36605
     17	36611
      1	36651
     40	36697
      1	36714
      2	36796
      3	36804
      1	36812
      3	36819
      1	36846
      2	36850
      3	36860
      1	36875
      1	36887
      3	36893
      1	36903
      1	36907
      7	37026
      2	37046
      2	37049
      1	37105
      1	37126
      1	37133
      1	37140
      1	37185
      1	37201
      1	37213
      1	37240
      2	37243
      2	37246
      1	37277
      4	37307
     85	37310
      1	37314
      1	37329
      1	37336
     31	37369
     27	37407
      3	37436
      2	37449
      1	37460
      7	37481
      1	37487
      2	37550
      1	37575
      4	37610
     11	37665
      1	37675
     12	37682
      1	37731
      1	37761
      1	37782
      2	37801
      1	37805
      1	37817
      1	37819
      3	37854
      1	37870
      1	37900
      1	37919
      1	37963
      3	37972
      1	37975
      1	37997
      5	38034
      1	38054
      1	38056
     41	38107
      3	38131
      2	38152
      1	38226
      1	38228
      1	38278
      3	38316
      1	38347
      3	38356
      2	38413
      1	38415
      1	38427
      2	38449
      2	38492
      2	38495
      1	38498
      1	38542
      6	38568
      1	38569
      1	38571
      1	38654
      1	38664
      2	38679
      2	38738
      1	38745
      2	38785
      2	38822
      1	38854
      7	38856
      1	38890
      1	38912
      1	38939
     28	38952
      2	39024
      1	39043
      1	39053
      1	39079
      2	39109
      3	39124
      1	39126
      6	39200
      2	39227
     20	39239
      2	39243
      5	39260
      2	39295
      1	39330
      1	39335
      3	39452
      6	39492
      1	39500
      1	39502
      1	39519
      2	39525
      4	39530
      1	39538
      6	39555
      1	39643
      2	39740
      1	39746
      1	39775
      3	39781
      2	39804
      3	39903
      1	39916
      1	39950
      1	39953
      1	39973
      1	39978
      1	40038
      3	40047
     37	40075
      1	40082
      5	40104
      1	40127
      1	40128
      1	40133
      1	40186
      1	40195
      1	40251
      2	40285
      1	40314
      1	40362
      1	40384
      9	40401
      4	40424
      1	40473
      1	40504
      1	40537
      1	40546
      1	40556
      1	40625
      1	40687
      7	40710
      1	40718
      2	40748
      1	40891
      1	40905
      2	40916
      4	40953
      1	40970
      1	40991
      2	41022
      1	41027
      1	41054
      3	41139
      1	41142
      4	41159
      1	41161
      1	41176
      1	41216
      2	41339
      1	41356
      2	41360
      1	41460
      6	41473
     12	41478
      1	41482
      1	41499
      1	41586
      1	41637
      1	41697
      2	41699
      1	41759
      1	41789
      3	41813
      1	41865
      2	41871
      3	41923
      2	41927
      2	41974
      1	42036
      1	42043
      4	42096
      3	42136
      3	42143
      2	42217
      1	42224
     20	42228
      1	42251
      1	42267
      1	42355
      1	42364
      1	42407
      6	42408
      1	42428
      3	42433
      4	42444
      1	42446
      1	42454
      1	42457
      7	42479
      3	42522
      1	42562
      4	42575
      1	42630
      1	42657
      1	42661
      1	42669
      7	42686
      1	42693
      1	42738
      1	42748
      1	42845
      8	42868
      1	42876
      2	42882
      1	42888
      2	42957
      1	43006
      1	43010
      1	43030
      1	43044
      1	43052
      1	43146
      2	43176
      1	43182
      1	43238
      1	43241
      2	43360
      1	43361
      1	43385
      1	43571
      1	43586
      2	43616
      2	43733
      1	43751
      3	43817
      1	43832
      2	43861
      1	43931
      2	43958
      1	43989
      1	44021
      4	44046
      2	44124
      7	44148
      1	44178
      2	44214
      1	44217
      1	44232
      1	44297
      1	44324
      1	44327
      5	44330
      6	44345
      1	44410
      2	44487
      1	44600
      8	44636
      3	44657
      1	44702
      6	44803
      1	44813
      1	44843
      1	44870
      2	44930
      2	44982
      6	44995
      1	44999
      2	45014
      1	45031
      1	45044
      4	45061
      1	45094
     44	45125
      1	45135
      1	45162
      2	45180
      1	45182
      1	45228
      2	45296
      1	45307
      3	45317
      1	45359
      1	45401
      3	45449
      3	45474
      1	45503
      2	45506
      1	45509
      2	45517
      4	45529
      4	45531
      1	45545
      3	45608
      2	45620
      1	45642
      1	45685
      2	45757
      1	45767
      1	45776
      6	45843
      1	45877
    116	45911
      1	45920
      1	45924
      1	45930
      1	45935
     53	45961
      5	45969
      1	45989
      2	46012
      1	46137
      1	46180
      1	46183
      1	46186
      3	46239
      1	46250
      2	46260
      2	46263
      1	46302
      3	46303
      1	46315
      1	46359
      6	46376
      1	46421
      1	46499
      1	46607
      6	46608
      1	46642
      1	46701
      1	46733
     80	46745
      1	46782
      2	46789
      1	46822
      2	46848
      5	46871
     15	46929
      1	46965
      1	47001
      1	47072
      1	47099
     14	47124
      1	47133
      1	47144
      1	47168
     38	47181
      2	47183
      1	47213
      5	47215
      1	47258
      2	47295
      2	47323
      1	47372
      2	47380
      1	47410
      1	47411
     41	47432
      1	47475
      1	47488
      1	47530
      2	47540
      1	47574
     21	47578
      1	47622
      2	47625
      1	47629
      1	47640
      1	47644
      1	47655
      3	47668
      1	47670
      1	47689
      1	47693
      1	47713
      1	47752
      1	47826
      1	47847
      1	47898
      3	47968
      1	48038
      2	48080
      2	48081
      2	48092
      1	48101
      1	48121
      1	48146
      1	48164
      1	48181
      1	48228
      2	48251
      3	48266
      1	48276
      1	48282
      1	48326
      2	48353
      7	48406
      6	48428
      2	48462
      1	48490
      1	48505
      1	48579
      4	48622
      1	48655
      1	48669
      1	48681
      1	48738
      9	48751
      2	48764
      2	48773
      3	48832
      1	48839
      1	48862
      3	48889
      1	48925
      1	49010
      1	49013
      1	49052
     12	49063
      1	49071
      2	49080
      1	49083
      3	49104
      1	49120
      1	49162
      1	49236
      2	49268
      1	49282
      4	49305
      1	49420
      2	49441
      1	49460
      1	49492
      1	49549
      1	49551
      1	49567
      1	49575
      1	49584
      1	49629
      9	49650
      1	49652
     36	49696
      1	49758
      1	49778
      4	49786
      1	49815
      1	49823
      1	49899
      2	49905
      1	49956
      1	49966
      3	49968
      2	49976
      2	49993
      1	50000
      1	50080
      2	50104
      7	50139
      1	50166
      1	50179
      2	50210
      1	50217
      9	50268
      4	50308
      2	50371
      1	50384
      1	50439
      2	50546
      1	50578
      1	50609
      1	50638
      2	50686
      1	50690
      1	50733
      1	50777
     11	50863
      1	50895
      1	50925
      1	51039
      1	51042
      1	51047
      1	51052
      6	51055
      3	51067
      1	51074
      1	51102
      1	51107
      1	51127
      1	51128
     13	51175
      1	51306
      4	51315
      1	51428
      2	51444
      1	51509
      6	51513
      1	51519
      1	51520
      1	51524
      1	51528
      1	51530
      4	51539
      6	51662
      1	51708
      3	51716
     18	51718
      1	51766
      4	51790
      2	51822
      2	51824
      1	51826
     21	51895
      8	51898
      2	51998
      1	52062
      1	52095
      2	52145
      1	52300
      2	52304
      1	52323
      1	52434
      1	52452
      1	52487
     44	52541
      9	52553
      1	52565
      1	52572
     16	52686
      4	52689
      2	52733
      1	52754
      1	52763
      2	52797
      1	52835
      2	52888
      1	52892
      1	52913
      1	52924
      7	52966
      2	52973
      3	53000
      2	53001
      2	53020
      5	53071
      1	53105
      1	53154
      1	53167
      2	53257
      4	53283
      6	53285
      1	53288
      4	53293
      1	53301
      1	53433
      1	53454
      1	53466
      2	53488
      4	53568
      4	53608
      1	53693
      3	53730
      2	53732
      1	53745
      1	53774
      1	53799
      1	53801
      6	53832
     13	53902
      1	53965
      1	53996
      6	54012
      3	54124
      1	54178
      1	54244
      1	54256
      1	54287
      6	54402
      1	54454
      5	54493
      3	54607
      1	54636
      1	54655
      5	54662
      1	54666
      1	54749
      5	54761
      3	54784
      1	54861
      1	54881
      2	54883
      1	54901
      2	54908
      1	54926
      1	54938
      3	54979
      1	54990
      4	55047
      1	55084
      1	55088
      1	55093
      1	55151
      7	55158
      2	55219
      1	55257
      2	55268
      3	55279
     11	55283
      3	55306
      5	55386
      1	55438
      1	55452
      6	55486
      1	55498
      1	55529
      7	55572
      1	55578
      1	55584
      1	55585
      3	55609
      1	55614
      3	55672
      1	55737
      2	55833
      3	55837
      1	55847
      1	55854
      1	55855
      9	55867
      3	55895
      2	55931
      3	55964
      1	55973
      5	55983
      1	56035
      1	56059
      1	56113
      1	56163
      2	56214
      1	56219
      1	56245
      1	56267
      2	56279
      1	56315
      1	56392
      1	56396
      1	56410
      4	56432
      4	56450
      1	56483
      2	56519
      2	56556
      1	56646
      1	56667
      1	56670
      1	56689
      6	56702
      1	56730
      1	56795
      1	56806
      1	56812
      3	56837
      2	56907
      3	56947
      2	56956
      5	57041
      7	57084
      1	57125
      1	57207
      1	57367
      3	57376
      1	57387
      1	57405
      3	57428
      1	57442
      1	57457
      1	57459
     18	57467
      2	57476
      7	57481
      1	57484
      2	57558
      3	57582
      2	57595
      2	57612
      1	57631
      2	57634
      4	57663
      2	57685
      7	57708
      3	57762
      1	57892
      2	57917
      1	57921
      1	57945
      1	57956
      1	57983
      2	58147
      1	58148
      2	58194
      3	58196
      6	58239
      1	58267
      1	58347
      1	58360
      4	58383
      1	58413
      1	58425
      7	58470
      1	58479
      1	58494
      8	58552
      1	58575
      1	58580
      1	58631
      1	58642
      2	58649
      2	58666
      1	58677
      3	58688
      1	58700
      3	58735
      2	58746
      1	58787
      1	58790
      3	58798
     14	58845
      1	58872
      3	58876
      1	58913
      2	58981
      3	59019
      4	59113
      1	59115
      2	59118
      1	59119
      1	59160
      1	59175
     23	59222
      3	59370
     42	59423
      2	59438
      1	59469
      1	59527
      1	59567
      5	59593
      1	59622
      7	59660
      2	59674
      2	59691
      1	59722
      1	59737
      2	59744
      1	59859
      3	59911
      1	59967
      1	59970
      1	59981
      1	60015
      2	60065
      1	60071
      5	60097
      1	60115
      1	60127
      1	60153
      2	60191
      1	60204
      2	60205
      1	60216
      2	60276
      1	60296
      1	60364
      1	60403
      1	60416
      1	60434
      1	60443
      1	60486
      4	60490
      1	60521
      2	60536
      1	60555
      4	60605
     16	60656
      2	60658
      1	60732
      1	60779
      1	60784
      1	60801
      1	60803
      1	60817
      2	60822
      2	60853
      1	60864
      1	60935
      1	60983
      1	61003
     38	61009
      7	61027
      1	61051
      1	61063
      2	61101
      6	61107
      1	61126
      2	61132
      2	61147
      1	61148
      1	61211
      1	61246
      1	61251
      3	61261
      3	61291
     15	61346
      2	61382
      2	61396
      1	61406
      1	61428
      1	61464
      2	61494
      1	61520
      1	61530
      5	61548
      1	61581
     30	61623
      2	61657
      5	61665
      1	61692
      3	61703
      1	61736
      1	61753
      1	61763
     53	61771
      2	61789
      1	61809
      3	61841
      1	61851
      4	61860
      1	61931
      1	61973
      2	62007
      1	62016
     53	62107
     74	62109
      1	62126
      1	62137
      1	62140
      1	62238
      1	62268
      1	62336
      3	62412
      1	62432
      1	62444
      1	62457
      5	62527
      1	62534
      1	62561
      1	62579
      2	62614
      1	62617
      3	62631
      2	62697
      2	62704
     13	62730
      1	62752
      4	62754
      1	62784
      6	62849
      1	62854
      1	62875
      1	62890
      2	62909
      3	63013
      1	63032
      4	63120
      2	63145
      1	63150
      2	63197
      1	63242
      1	63276
      3	63317
      1	63354
      1	63384
      1	63449
      6	63519
      2	63559
      1	63560
      1	63581
      2	63585
      1	63600
      2	63604
      5	63657
      1	63743
      3	63754
      3	63756
      2	63771
      1	63786
      4	63812
      2	63817
      1	63878
      1	63881
      1	63976
      4	63986
      4	63997
     12	63999
      1	64003
      1	64039
      1	64043
     19	64065
      1	64197
      2	64237
      1	64242
      1	64246
      1	64271
      2	64278
      1	64303
      2	64322
      3	64398
      1	64485
      1	64535
      1	64543
      4	64545
      1	64585
      2	64613
      2	64624
      1	64670
      1	64680
      1	64685
      1	64749
      1	64760
      2	64807
      1	64829
      1	64856
      3	64857
      2	64873
      1	64904
     40	64963
      1	64966
      1	64969
      5	64981
      2	64991
      2	65009
      7	65010
      2	65017
      2	65019
      3	65032
      2	65081
      1	65087
      1	65186
      1	65206
      1	65256
      1	65257
      3	65296
      3	65324
      1	65328
      1	65329
      1	65360
      1	65384
      1	65387
      1	65464
      1	65465
      5	65489
