      2	6
     14	11
      1	18
      1	20
      5	35
      1	39
      1	45
      3	46
      2	56
      4	60
      1	80
      3	129
      7	157
      1	159
      1	173
      3	182
      9	269
      1	277
      1	305
      1	322
      1	328
      1	330
      1	349
      1	361
      1	363
      2	393
      1	411
      1	417
      1	421
      2	436
      1	457
      1	496
      1	504
      4	554
      7	571
      1	575
      1	579
      5	590
      1	632
      1	646
      1	716
      1	739
      3	757
      1	785
      2	792
      1	796
      1	798
      1	799
      1	860
      1	867
      1	869
      4	885
      1	900
      2	931
     21	943
      4	959
      3	982
      3	983
      3	1013
      1	1051
      1	1079
      4	1091
      4	1157
      1	1183
      1	1213
      1	1222
      7	1232
      1	1239
      2	1244
      3	1248
      1	1256
      1	1298
      2	1333
      1	1342
      1	1352
      2	1357
      1	1362
      1	1383
      3	1405
      1	1467
      1	1505
     14	1508
      1	1532
      2	1534
      2	1536
      1	1547
      1	1612
      1	1649
      2	1654
      1	1655
      1	1656
      1	1688
      1	1696
      2	1703
      7	1722
      1	1728
      2	1747
      1	1780
      1	1782
      2	1785
      1	1800
      1	1802
      1	1821
      1	1829
      1	1836
      2	1848
      1	1882
      1	1886
      1	1918
      4	1925
      2	1940
      2	1943
      3	1958
     17	1984
      1	1989
      1	1993
      1	2028
      3	2036
      2	2044
      1	2064
      3	2079
      1	2080
      1	2086
      1	2087
      1	2091
      1	2107
      1	2149
      4	2154
      1	2159
      1	2226
      2	2304
      1	2306
      1	2377
      1	2379
      1	2380
      1	2387
      1	2392
     17	2402
      1	2405
      1	2440
      1	2443
      1	2468
      1	2476
      1	2484
      2	2485
      2	2504
      2	2508
      2	2514
      2	2516
      1	2519
      3	2520
      1	2556
      3	2560
      1	2566
      1	2570
      2	2584
      1	2589
      2	2615
      3	2631
      1	2645
      1	2665
      1	2674
      1	2676
      1	2693
      1	2715
      2	2767
      4	2802
      3	2826
      1	2835
      1	2865
      1	2886
      1	2889
      1	2916
      1	2925
      1	2928
      1	2940
      1	2951
      2	2961
      1	2999
      1	3011
      2	3014
      2	3054
      1	3058
      1	3089
      1	3103
      1	3184
      1	3189
      2	3191
      1	3193
      2	3209
      1	3212
      1	3232
      1	3234
      2	3279
      9	3367
      1	3372
      1	3375
      1	3382
      1	3385
      1	3402
      1	3434
      1	3439
      1	3495
      1	3499
      1	3504
      1	3525
      1	3529
      1	3561
      1	3564
      1	3577
      1	3602
      1	3619
      2	3621
      1	3632
      1	3635
      2	3649
      1	3651
      1	3657
      3	3678
      1	3709
      1	3717
      1	3723
      1	3745
      1	3754
      1	3764
      3	3781
      1	3807
      1	3874
      2	3902
      1	3908
      2	3909
      1	3933
      1	3941
      1	3968
      3	3971
      1	3974
     13	3989
      2	4020
      1	4024
     11	4034
      1	4073
      1	4114
      1	4117
      2	4122
      2	4123
      1	4136
      2	4155
      1	4198
      4	4211
      1	4220
      2	4221
      4	4238
      1	4271
      1	4316
      1	4318
      3	4323
      1	4336
      6	4353
      1	4361
      2	4364
      1	4365
      1	4366
      1	4377
      1	4384
      1	4398
      1	4449
      8	4460
      7	4466
      2	4480
      1	4502
      9	4508
      1	4513
      1	4515
      6	4532
      1	4535
      1	4540
      1	4542
      1	4576
      3	4628
      1	4652
      1	4656
      2	4662
      3	4664
      2	4693
      1	4697
      1	4739
      1	4780
      8	4792
      1	4831
      7	4869
      1	4871
      1	4877
      2	4880
      2	4955
      3	4964
      3	4965
      1	4967
      1	4969
      1	4982
      1	5011
      1	5031
      2	5050
      1	5118
      4	5141
      1	5173
      1	5187
      1	5189
      1	5243
      1	5261
      1	5313
      4	5320
      1	5350
      1	5361
      1	5390
      2	5402
      1	5405
      3	5408
      2	5410
      1	5425
      2	5444
      1	5451
      1	5467
      1	5476
      1	5490
      1	5492
      1	5497
      4	5562
      1	5567
      1	5601
      4	5609
      1	5613
     10	5634
      1	5680
      1	5686
      1	5710
      4	5752
      1	5770
      1	5804
      8	5813
      1	5851
      3	5852
      2	5860
      1	5884
      1	5887
      6	5891
      1	5912
      3	5934
      4	5954
      1	5955
      1	5959
      1	5984
      1	5991
      8	5998
      1	6020
      2	6024
      1	6053
      4	6064
      1	6067
      1	6073
      1	6075
      1	6081
      3	6084
      2	6088
      2	6099
      1	6108
      1	6123
      1	6126
      6	6128
      1	6148
      1	6156
      2	6166
      1	6201
      1	6208
      1	6226
      2	6227
      1	6235
      4	6263
      3	6287
      1	6288
      1	6307
      1	6338
      1	6357
      1	6370
      1	6394
      1	6402
      1	6404
      1	6407
      1	6410
      1	6416
      3	6425
     26	6435
      1	6443
      1	6446
      2	6494
      2	6497
      1	6547
      1	6566
      1	6573
      1	6574
      1	6576
      1	6583
      4	6603
      1	6611
      1	6620
      1	6622
      1	6623
      1	6654
      3	6678
      2	6688
      2	6701
      2	6702
      4	6728
      2	6731
      1	6738
      1	6756
      1	6781
      2	6828
      1	6830
      1	6839
      1	6855
      2	6864
      2	6881
      1	6937
      1	6951
      3	6964
      6	6975
      1	6985
      2	6989
      1	7011
      1	7015
      1	7025
      2	7031
     15	7061
      1	7067
      6	7075
      2	7081
      1	7101
      2	7112
      7	7124
      1	7131
      1	7149
      3	7171
      3	7197
      2	7202
      5	7224
      1	7243
      1	7256
      6	7307
      4	7323
      4	7326
      1	7393
      1	7400
      3	7409
      4	7423
      1	7443
      1	7492
      1	7513
      1	7521
      4	7578
      2	7586
      7	7619
      1	7647
      1	7648
      1	7652
      3	7727
      1	7739
      2	7761
      1	7772
      1	7783
      9	7822
      1	7831
      2	7833
      1	7850
      1	7854
      1	7863
      1	7946
      9	7957
      1	7972
      1	8000
      1	8003
      1	8005
      1	8006
     13	8031
     14	8034
      1	8035
      3	8057
     10	8062
      1	8068
      1	8091
      1	8092
      1	8118
      1	8126
      3	8177
      3	8192
      2	8248
      1	8274
      1	8276
      3	8289
      2	8307
      6	8319
      3	8328
      2	8354
      2	8362
      1	8374
      3	8409
      1	8411
      1	8427
      1	8437
      1	8448
      3	8450
      2	8469
      1	8470
      2	8475
      3	8490
      1	8525
      1	8537
      1	8543
      1	8586
      1	8599
      1	8602
      1	8608
      1	8626
      2	8632
      1	8641
      4	8702
      1	8703
      3	8730
      1	8731
      2	8746
      3	8749
      1	8754
      4	8760
      1	8767
      5	8774
      1	8779
      1	8800
      2	8809
      2	8812
      1	8817
      9	8820
      2	8844
      2	8859
      3	8872
      5	8885
      1	8887
      2	8897
      1	8904
      1	8909
      1	8933
      1	8947
      1	8954
      1	8962
      1	8969
      1	8987
      1	9004
      3	9009
      6	9058
      2	9059
      1	9077
      1	9079
      1	9092
      1	9103
      1	9116
      2	9118
      1	9119
      3	9125
      2	9152
      6	9230
      1	9268
      1	9304
      3	9315
      1	9323
      1	9340
      1	9373
      2	9412
      1	9466
      6	9496
      2	9497
      1	9499
      1	9542
      1	9546
      1	9566
      1	9573
      1	9585
      1	9596
      1	9597
      4	9618
      1	9630
      2	9684
      1	9694
      2	9705
      1	9765
     15	9771
      1	9787
      2	9794
      1	9805
      3	9811
      1	9853
      1	9859
      1	9869
      1	9919
      1	9922
     13	9947
      2	9961
     16	10002
      4	10011
      4	10026
      1	10030
      1	10042
      1	10047
      1	10050
      1	10066
      1	10077
      2	10100
      2	10126
     13	10129
      1	10158
      1	10205
      2	10214
      1	10217
      1	10220
      1	10230
      1	10315
      3	10401
      4	10443
      5	10541
      1	10555
      1	10573
      1	10603
      2	10609
      2	10614
      3	10616
      1	10657
      1	10672
      1	10698
      1	10720
      1	10728
      1	10770
      1	10798
      1	10813
      1	10814
      2	10842
      5	10847
      1	10866
      4	10877
      3	10907
      2	10985
      2	10996
      1	11033
      1	11051
      1	11058
      1	11109
      1	11119
      1	11156
      2	11179
      1	11181
      1	11194
      3	11206
      1	11244
      1	11250
      3	11257
      4	11276
      1	11285
      2	11293
      1	11295
      1	11299
      1	11310
      1	11326
      1	11390
      1	11397
      5	11412
      1	11441
      1	11481
      2	11494
      1	11501
      2	11530
      2	11535
      1	11573
      2	11580
      1	11587
      1	11611
      1	11656
      1	11710
      1	11722
      1	11749
      1	11753
      1	11784
      6	11794
      6	11895
      1	11897
      3	11908
      2	11921
      1	11930
      1	11956
      2	11959
      2	11968
      1	11980
     17	12005
      2	12006
      1	12044
      3	12073
      1	12084
      1	12086
     10	12116
      1	12150
      2	12172
      1	12173
      1	12215
      4	12249
      2	12294
      1	12327
      1	12334
      1	12354
      1	12379
      1	12384
      1	12387
      1	12398
      2	12477
      1	12482
      1	12483
      1	12494
      3	12502
      4	12510
      1	12531
      9	12577
      7	12584
      2	12589
     16	12591
      1	12620
      1	12647
      2	12686
      2	12689
      1	12695
      1	12753
      1	12778
      1	12792
      7	12796
      1	12823
      1	12824
      3	12841
      1	12905
      1	12942
      1	12950
      2	12956
      2	12967
      3	12974
      1	13004
      2	13007
      1	13012
      1	13019
      2	13038
      3	13049
      1	13064
      1	13075
      1	13085
      2	13090
      1	13118
      1	13119
      1	13175
      1	13194
      1	13197
      1	13204
      2	13217
      1	13257
      1	13321
     49	13331
      1	13338
      1	13343
      1	13361
      1	13362
      1	13366
      1	13414
      2	13498
      1	13499
      1	13516
      1	13539
      2	13636
      1	13654
      4	13661
      1	13672
      2	13740
      2	13745
      1	13781
      1	13794
      2	13803
      2	13810
      1	13826
      2	13840
      1	13868
      1	13876
      2	13883
      1	13910
      2	13953
     12	13954
     10	13962
      1	14002
      1	14022
      2	14050
      1	14056
      1	14060
      1	14070
      2	14083
      2	14087
     31	14101
      5	14118
      4	14140
      4	14156
      1	14159
      1	14191
      2	14196
      1	14204
      1	14209
      1	14213
      3	14214
      1	14244
      1	14270
      2	14280
      2	14293
      4	14319
      1	14376
      1	14404
      3	14410
      1	14420
      1	14447
      2	14496
      2	14506
      1	14522
      5	14538
      2	14540
      2	14567
      3	14589
      1	14611
      1	14618
      1	14629
      4	14671
      4	14748
      3	14767
      1	14768
      1	14785
      1	14792
      2	14801
      9	14810
      2	14824
      4	14835
      1	14837
      1	14839
      1	14872
      2	14896
      2	14900
      3	14914
      1	14930
      5	14945
      1	14963
      1	14969
      1	14970
      1	14982
      9	14986
      2	14989
      1	14996
      1	15034
      2	15035
      1	15062
      1	15070
      2	15072
      1	15090
      2	15098
      1	15110
      2	15211
      1	15212
      1	15228
      1	15241
      2	15249
      1	15259
      1	15263
      5	15282
      2	15285
      1	15287
      3	15293
      3	15299
      1	15360
      1	15375
      3	15399
      4	15438
      2	15458
      2	15466
      2	15530
      1	15536
      1	15553
      3	15564
      4	15575
      2	15602
      1	15613
      2	15619
      1	15632
      2	15650
      3	15653
      2	15661
      3	15671
      1	15681
      1	15685
      1	15689
      2	15704
      1	15720
      1	15722
      1	15727
      1	15734
      1	15747
      1	15763
      1	15819
      1	15828
      1	15837
      4	15856
      2	15857
      1	15899
      1	15939
      2	15982
      1	15984
      1	16018
      2	16022
      4	16024
      2	16049
      1	16072
      1	16084
      3	16086
      1	16095
      1	16106
      2	16125
      1	16136
      7	16149
      1	16150
      3	16153
      1	16181
      4	16199
      1	16232
      2	16237
      1	16249
      1	16256
      1	16267
      3	16277
      8	16285
      1	16287
      2	16308
      4	16311
      3	16316
      2	16317
      3	16334
      2	16359
      1	16381
      1	16383
      1	16411
      1	16413
      1	16439
      3	16442
      3	16465
      1	16466
      1	16508
      1	16524
      1	16533
      1	16546
      1	16566
      1	16574
      1	16581
      2	16610
      1	16614
      2	16661
      8	16679
      1	16691
      3	16753
      1	16757
      1	16771
      1	16778
      2	16785
      2	16788
      1	16793
      1	16809
      2	16812
      1	16825
      1	16866
      2	16880
      1	16883
      4	16889
      1	16895
      1	16914
      3	16965
      3	17008
      2	17040
      1	17074
      2	17090
      1	17092
      1	17102
      3	17123
      1	17150
      1	17175
      1	17187
      1	17205
      1	17207
      1	17214
      1	17217
      2	17267
      1	17273
      1	17280
      1	17282
      1	17283
      4	17312
      1	17323
      1	17332
      1	17333
      1	17354
      1	17361
      2	17379
      1	17386
      1	17391
     16	17396
      4	17401
      1	17450
      1	17464
      3	17485
      1	17486
      2	17493
      4	17495
      1	17513
      2	17569
      1	17613
      1	17699
      2	17735
      1	17771
      1	17813
      8	17827
      1	17835
      1	17842
      2	17858
      1	17859
      1	17861
      2	17870
      2	17879
      2	17917
      2	17923
      2	17934
      1	17968
     13	17990
      1	18003
      1	18009
      2	18016
      6	18050
      2	18054
      1	18059
      1	18106
      1	18116
      2	18119
      1	18145
      2	18152
      1	18157
      1	18160
      1	18192
      1	18195
      1	18214
      1	18259
      1	18262
      1	18269
      2	18286
      9	18320
      1	18333
      3	18340
      1	18348
      1	18349
     19	18353
      1	18387
      1	18392
      1	18394
      2	18405
      1	18444
      2	18500
     13	18508
      1	18520
      2	18538
      1	18551
      1	18559
      1	18563
      1	18568
      1	18575
      1	18612
      1	18621
      2	18624
      1	18632
      3	18636
      1	18665
      2	18672
      1	18677
      1	18694
      1	18698
      1	18709
      2	18733
      2	18791
      2	18854
      2	18882
      1	18885
      1	18911
      1	18934
      1	19001
      3	19041
      1	19076
      1	19110
      1	19119
      1	19131
    284	19162
      1	19166
      1	19169
      1	19190
      1	19195
      1	19197
      5	19221
      1	19231
      3	19238
      3	19247
      1	19256
      1	19269
      2	19272
      1	19280
      1	19283
      1	19290
      5	19292
      2	19305
      2	19312
     20	19330
      2	19362
      5	19372
      1	19428
      6	19443
      1	19457
      1	19489
      1	19500
      1	19501
      1	19531
      1	19534
      1	19535
      1	19539
      1	19551
      4	19568
      1	19577
      1	19624
      1	19634
      1	19663
      3	19681
      5	19719
      2	19731
      1	19733
      1	19740
      1	19745
      5	19765
      1	19774
      1	19781
      3	19802
      2	19843
     13	19854
      1	19874
      4	19892
      2	19900
      1	19903
      1	19916
      1	19936
      4	19939
      2	19941
      1	19943
      8	19946
      1	19947
      2	19953
      2	19970
      3	20010
      1	20018
      2	20020
      2	20036
      1	20046
      1	20049
      4	20062
      1	20065
      7	20068
      1	20092
      1	20093
      1	20110
      1	20112
      1	20115
      2	20136
      1	20156
      2	20160
      1	20170
      1	20213
      1	20219
      2	20221
      1	20252
      2	20265
      1	20274
      1	20275
      2	20277
      1	20280
      1	20307
      2	20309
      1	20315
     12	20354
      1	20357
      1	20363
      3	20367
      1	20375
      1	20379
      1	20417
      6	20444
      1	20457
      4	20480
      2	20531
      1	20545
      1	20557
      1	20576
      1	20602
      2	20681
      1	20682
      2	20684
      1	20694
      1	20698
      1	20727
      1	20735
      2	20739
      1	20750
      2	20758
      2	20760
      1	20772
      1	20794
      2	20804
      1	20825
      1	20831
      2	20878
      1	20885
      6	20892
      1	20915
      1	20919
      2	20982
      1	20989
      1	21036
      1	21039
      2	21040
      3	21058
      1	21066
      1	21076
      1	21079
      1	21082
      1	21095
      2	21105
      2	21125
      1	21131
      2	21144
      1	21152
      1	21156
      1	21165
      1	21188
      2	21237
      3	21253
      2	21256
      1	21280
      1	21305
      2	21318
    139	21321
      1	21332
     11	21333
      1	21343
      2	21415
      1	21420
     16	21428
      1	21459
      1	21473
      1	21490
      1	21497
      1	21505
      1	21514
      1	21519
      1	21532
      6	21538
      1	21540
      1	21548
      1	21598
      1	21625
      1	21627
      2	21655
      1	21660
      1	21685
      1	21697
      2	21705
      6	21708
      3	21738
      1	21746
      4	21777
      2	21791
      1	21831
      1	21832
      2	21838
      1	21858
      1	21861
      1	21864
      1	21865
      2	21903
      2	21904
      3	21913
      4	21921
      3	21922
      2	21929
      1	21958
      1	21988
      1	22005
      1	22014
      1	22017
      3	22050
      1	22093
      1	22128
      2	22148
      1	22155
      2	22169
      3	22177
      1	22186
      1	22198
      1	22201
      5	22249
      1	22264
      1	22314
      1	22325
      1	22329
     11	22339
      1	22354
      1	22355
      1	22370
      1	22401
      3	22411
      1	22420
      1	22426
      1	22441
      2	22454
      1	22459
      2	22466
      1	22490
      1	22496
      2	22501
      1	22511
      3	22520
      3	22535
      3	22554
      1	22576
      1	22589
      1	22597
      1	22598
      3	22606
      2	22611
      1	22622
      1	22630
      4	22657
      1	22658
      1	22660
      1	22698
      3	22715
      1	22721
      2	22767
      2	22832
      1	22840
      6	22867
      1	22876
      1	22922
      7	22925
      2	22931
      1	22954
      1	22974
      1	23000
      1	23003
      1	23010
      1	23023
      6	23042
      1	23048
      1	23070
      2	23083
      1	23096
      1	23120
      1	23129
      1	23130
      2	23131
      1	23139
      1	23167
      2	23173
     37	23180
      2	23184
      2	23186
      2	23188
      1	23191
     10	23202
      2	23223
      1	23248
      2	23254
      1	23307
      1	23309
      1	23320
      1	23331
      1	23335
      1	23360
      2	23376
      1	23379
      6	23394
      5	23405
     12	23406
      3	23455
      2	23461
      1	23473
      1	23482
      1	23493
      1	23513
      1	23518
      3	23521
      1	23595
      1	23604
      1	23609
      1	23621
      1	23652
      7	23676
      2	23683
      1	23723
     18	23741
      1	23757
      1	23774
      2	23790
      2	23833
     29	23837
      1	23840
      2	23852
      2	23857
      1	23863
      3	23864
      2	23875
      1	23894
      1	23899
      1	23910
      2	23918
      3	23927
      2	23943
      2	23946
      2	23966
      1	23967
     15	23971
      1	23983
      1	23990
      1	24011
      1	24021
      2	24093
      2	24106
      2	24125
      1	24138
      1	24158
      1	24164
      2	24178
      1	24184
      1	24185
      1	24203
      4	24214
      2	24263
      2	24289
      2	24301
      1	24306
      4	24324
      2	24363
      1	24401
      1	24449
      1	24450
      2	24459
      1	24465
      1	24487
     10	24489
      1	24490
      1	24501
      9	24525
      1	24526
      2	24533
      1	24556
      1	24571
      5	24695
      2	24698
      4	24722
      5	24771
      1	24793
      3	24811
      2	24817
      1	24824
      1	24829
      2	24830
      1	24857
      1	24894
      1	24907
     15	24917
      1	24946
      2	24959
      1	24971
      1	24978
      2	24982
      1	24989
     21	24995
      1	25021
      1	25024
      2	25037
      1	25055
     15	25061
      3	25073
      1	25102
      3	25128
      1	25133
      1	25144
      1	25162
      1	25177
      4	25202
      1	25221
      1	25242
      1	25257
      1	25280
      2	25312
      1	25339
      1	25373
      3	25454
      1	25472
      1	25476
      1	25499
     11	25511
      5	25527
      1	25541
      1	25596
      1	25634
      6	25647
      2	25657
      2	25665
      2	25677
      1	25741
      1	25748
      2	25762
      3	25770
      1	25780
      3	25813
      1	25857
      1	25874
      1	25888
      1	25889
      5	25891
      1	25899
      1	25920
      1	25970
      1	25971
      3	25975
      4	26029
      1	26035
      2	26064
      1	26087
     52	26126
      1	26133
      1	26139
      1	26161
      1	26162
     10	26163
      3	26180
      1	26187
      1	26211
      1	26214
      2	26222
      1	26225
      7	26236
      3	26240
      1	26245
      1	26249
      2	26252
      1	26320
      1	26345
      1	26376
      1	26381
      1	26382
      1	26442
      1	26466
      1	26520
      1	26538
      1	26556
      1	26568
      1	26588
      3	26607
      2	26611
      1	26612
      1	26618
      1	26630
      1	26650
      2	26652
      5	26654
      1	26665
      6	26682
      1	26699
      1	26742
      1	26767
      1	26787
      7	26793
      1	26820
      2	26915
      1	26927
      2	26945
      1	26947
      1	26965
      1	26973
      4	26979
      1	26981
      6	26992
     32	26994
      1	27017
      1	27070
      1	27104
      1	27110
      1	27119
      1	27181
      3	27214
      1	27228
      3	27230
      3	27261
      1	27263
      1	27288
      1	27298
      1	27311
      2	27325
      2	27342
      3	27358
      2	27386
      4	27409
      1	27414
      1	27419
      4	27425
      1	27443
     13	27446
      3	27448
      3	27485
      1	27495
      1	27503
      3	27514
      5	27519
      3	27530
      1	27532
      1	27540
      1	27544
      1	27549
      1	27571
      1	27600
      1	27645
      1	27649
      4	27660
      2	27698
      6	27756
      1	27784
      3	27798
      1	27834
      1	27859
      1	27878
      3	27880
     21	27882
      1	27890
      2	27892
      2	27935
      7	27941
      1	27945
      1	27948
      3	27956
      1	27966
      1	27968
      1	28017
      9	28025
      6	28035
      4	28094
      1	28107
      2	28136
      2	28179
      1	28197
      1	28205
      1	28232
      1	28233
      1	28234
      1	28235
      1	28244
      1	28250
      1	28262
      3	28277
      1	28300
      1	28302
      1	28338
      1	28389
      1	28390
      1	28444
     11	28464
      2	28477
      1	28524
      1	28543
      1	28550
      2	28555
      2	28570
      1	28578
      3	28594
      2	28615
      7	28621
      2	28626
      1	28630
      1	28664
      7	28673
      1	28699
      1	28711
      3	28740
      1	28762
      1	28773
      1	28778
      1	28822
      1	28824
      3	28825
      1	28836
      1	28839
      2	28848
      1	28888
      1	28911
      6	28953
      2	28962
      1	28974
      2	28986
      1	29000
      9	29023
      1	29028
      1	29043
      1	29059
      3	29067
      1	29069
      1	29077
      1	29103
      3	29106
      1	29121
      1	29132
      1	29133
      1	29134
      2	29138
      4	29195
      2	29219
      3	29251
      4	29252
      1	29259
      1	29296
      1	29297
      3	29304
      1	29307
      1	29311
      7	29345
      1	29350
      1	29370
      2	29394
      1	29406
      1	29407
      2	29429
      1	29431
      5	29446
      1	29474
      1	29477
      1	29527
      2	29535
      1	29547
      1	29570
      1	29594
      1	29652
      1	29653
      1	29664
      2	29677
      1	29737
      1	29749
      2	29762
      1	29777
      1	29780
      6	29789
      2	29811
      2	29812
      4	29817
      1	29852
      1	29867
      2	29961
      1	29980
      1	30005
      1	30008
      1	30017
     20	30032
      1	30064
      3	30169
      1	30185
      1	30203
      5	30216
      1	30257
      1	30298
      2	30333
      1	30340
      2	30346
      1	30347
      1	30356
      1	30404
      1	30418
      1	30431
      3	30437
      1	30439
      1	30440
      3	30441
      1	30459
      4	30462
      2	30488
      1	30509
      2	30520
      1	30539
      1	30565
      1	30594
      2	30650
      3	30661
      5	30665
      1	30668
      2	30704
     22	30708
     13	30737
      1	30758
      1	30783
      2	30801
      1	30842
      1	30855
      1	30859
      1	30880
      2	30883
      5	30913
      1	30914
      2	30939
      4	30943
      3	30951
      4	30975
      1	30979
      1	30983
      1	30989
      1	30998
      3	31072
      6	31089
      1	31105
      4	31116
      1	31125
      1	31143
      1	31185
      1	31190
      1	31195
      1	31239
      2	31249
      3	31323
      1	31329
      1	31341
      1	31360
      1	31387
      1	31391
      1	31403
      1	31413
      2	31513
      2	31527
      1	31560
      1	31562
      3	31571
      2	31594
      1	31597
      1	31601
      1	31618
      1	31630
      1	31659
      1	31674
      1	31688
      3	31692
      1	31697
      2	31700
      1	31708
      1	31748
      1	31750
      1	31756
      1	31760
      1	31764
      1	31770
      3	31783
      1	31790
      3	31797
      2	31800
      1	31801
      1	31818
      1	31833
      1	31873
      1	31908
     10	31911
      1	31915
      2	31921
      1	31949
      1	31972
      2	31979
      1	31990
      1	32001
      1	32011
      3	32012
      2	32014
      2	32032
      2	32034
      2	32037
      3	32038
      1	32058
      1	32088
      1	32111
      2	32160
      1	32170
      1	32174
      1	32176
      2	32184
      3	32200
      3	32237
      1	32241
      1	32249
      3	32260
      3	32262
      1	32269
      1	32283
      2	32335
      1	32339
      1	32348
      2	32438
      2	32494
      2	32496
      3	32498
      1	32499
      1	32552
      2	32574
      3	32583
      2	32603
      1	32626
      1	32652
      2	32713
      1	32731
      1	32779
      2	32802
      2	32814
      3	32853
      1	32892
      2	32903
      2	32938
      1	32946
      3	32951
      1	32955
      1	32970
      1	32985
      2	33010
      1	33036
      2	33038
      1	33051
      5	33069
      1	33081
      1	33087
      1	33111
      1	33127
      1	33129
      1	33135
      1	33153
      1	33160
      1	33193
      2	33218
      1	33229
      3	33266
      2	33269
      1	33288
      1	33294
      2	33311
      2	33327
      1	33353
      2	33397
      1	33399
      1	33463
      4	33511
      1	33520
      1	33546
      1	33562
      3	33592
      2	33604
      1	33615
      1	33699
      1	33700
      1	33703
      1	33722
      1	33723
      1	33748
      2	33779
      1	33793
      4	33799
      1	33853
      1	33863
      1	33917
      1	33919
      1	33929
      2	33941
      1	33981
      1	33982
      2	34005
      8	34029
      1	34046
      1	34069
      1	34081
      1	34098
      1	34099
      2	34127
      2	34142
      1	34143
      1	34172
      1	34190
      1	34205
      4	34256
      1	34261
      7	34279
      1	34301
      1	34327
      2	34355
      1	34359
      1	34371
      5	34388
      2	34401
      1	34412
      2	34448
      3	34452
      1	34459
      3	34513
      2	34531
      1	34556
      1	34597
      1	34601
      1	34645
     12	34647
      1	34672
      1	34676
      1	34697
      2	34698
      1	34701
      1	34721
      1	34746
      1	34747
      1	34763
      1	34770
      1	34789
      1	34819
      2	34825
      1	34837
      1	34845
     17	34846
      3	34857
      1	34898
      1	34925
      5	34947
      1	34977
      1	34991
      1	35001
      5	35002
      1	35038
      2	35055
      5	35062
      3	35102
      1	35121
      1	35142
      1	35144
      1	35186
      1	35218
      2	35223
      1	35234
      2	35248
      2	35250
      1	35252
      1	35269
      5	35277
      2	35292
     11	35310
      2	35314
      1	35315
      1	35353
      1	35358
      1	35379
      1	35380
      1	35392
      3	35394
      5	35396
      2	35400
      1	35426
      2	35430
      2	35440
      1	35452
      4	35470
      7	35495
      1	35529
      1	35537
      2	35545
      1	35551
      1	35563
      1	35581
     15	35591
      1	35628
      3	35644
      1	35663
      1	35677
      1	35690
      1	35704
      1	35712
      1	35722
      1	35737
      1	35756
      1	35798
      1	35799
      2	35809
      5	35835
      1	35850
      1	35866
      1	35888
      1	35893
      1	35900
      4	35937
      2	35950
      1	35957
      2	35989
      3	35994
      2	36018
     20	36026
      1	36035
      1	36062
      1	36116
      1	36132
      1	36135
      2	36149
     11	36164
      1	36190
      1	36191
      2	36215
      1	36224
      1	36321
      1	36329
      2	36335
      1	36368
      1	36381
      3	36406
      8	36437
      2	36456
      1	36508
      5	36533
      1	36534
      4	36585
      1	36606
      1	36627
      1	36636
      1	36666
      1	36677
      1	36710
      1	36718
      3	36743
      1	36754
      1	36756
      1	36777
      1	36787
      1	36809
      2	36810
      1	36823
      1	36831
      1	36852
      2	36860
      1	36863
      1	36881
      1	36884
     41	36889
      1	36896
      1	36912
      1	36924
      3	36944
      1	36946
     14	36951
      1	36953
      5	36984
      1	36986
      1	36990
      3	36995
      1	37034
      3	37039
      1	37048
      1	37090
      6	37093
      2	37103
     46	37127
      1	37178
      4	37220
      1	37233
      1	37244
      1	37246
      2	37270
      3	37272
      1	37302
      1	37316
      3	37318
      1	37319
      1	37333
      1	37344
      2	37351
      2	37355
      3	37408
      1	37444
      2	37485
      2	37488
      1	37498
      1	37513
      1	37519
      4	37528
     11	37549
      8	37588
      1	37598
      2	37601
      4	37617
      3	37640
      1	37651
      2	37679
      6	37697
      1	37723
      3	37727
      1	37747
      1	37749
      1	37753
      1	37757
      1	37779
      1	37784
      1	37812
      6	37830
      3	37836
      1	37856
      4	37860
      1	37867
      1	37892
      1	37895
      1	37904
      1	37920
      2	37922
      2	37931
      1	37945
      1	37980
      2	38113
      5	38116
      1	38128
      2	38155
      1	38188
      2	38201
      1	38237
      1	38243
      1	38253
      2	38269
      1	38270
      1	38302
      1	38323
      2	38403
      1	38464
      2	38466
      1	38471
      1	38480
      5	38484
      2	38498
      1	38506
      3	38522
      1	38531
      2	38549
      1	38593
      3	38595
      1	38598
      2	38609
      1	38622
      1	38631
      1	38649
      1	38665
     25	38677
      1	38696
      2	38697
      2	38737
      1	38772
      1	38784
      1	38785
      1	38795
      1	38799
      3	38805
      5	38814
      1	38828
      2	38846
      2	38852
      1	38944
      3	38952
      1	38971
      1	38982
      1	38993
      1	39021
      1	39033
      1	39041
      1	39045
      1	39146
      1	39168
      2	39175
      1	39186
      1	39210
      3	39234
      1	39246
      4	39252
      1	39254
      1	39278
      1	39282
      1	39370
      1	39380
      1	39394
      1	39400
      1	39420
      1	39509
      1	39515
      1	39521
      1	39535
      1	39562
      1	39581
      1	39631
      1	39634
      1	39636
      5	39655
      1	39668
      1	39736
      1	39739
      3	39764
      1	39767
      4	39771
      1	39780
      1	39785
      1	39789
      1	39839
      3	39866
      1	39877
      1	39886
      2	39887
      1	39899
      1	39920
      1	39928
      4	39947
      1	39948
      1	39959
      1	39963
      3	39984
      2	39986
      1	39993
      4	40062
      1	40063
      1	40064
      1	40115
      1	40132
     14	40160
      7	40199
      2	40201
      2	40204
      1	40216
      1	40226
      1	40230
      1	40250
      1	40292
      1	40297
      1	40306
      6	40322
      1	40340
      2	40341
      1	40370
      6	40416
     13	40424
      1	40452
      1	40496
      2	40548
      2	40564
      1	40574
      1	40588
      3	40590
      1	40598
      1	40606
      1	40626
      1	40635
      1	40672
      1	40682
      6	40687
      3	40711
      1	40712
      2	40713
      4	40721
      1	40730
      1	40750
     11	40769
      3	40779
      2	40845
      2	40860
      2	40868
      9	40870
      1	40877
      1	40879
      1	40883
      1	40884
      1	40900
      1	40927
      3	40928
      1	40942
      1	40949
      3	40957
      3	41012
      2	41017
      4	41048
      3	41086
      1	41122
      1	41136
      2	41145
      1	41178
      1	41185
      1	41202
      1	41241
      1	41247
      4	41281
      1	41298
      3	41322
      1	41323
      1	41332
      1	41344
      1	41352
      1	41356
      1	41363
      6	41405
      3	41406
      2	41421
      1	41435
      2	41457
      2	41458
      1	41587
      1	41609
      2	41658
      1	41662
      1	41677
      1	41707
      1	41722
      8	41737
      2	41758
      1	41764
      3	41836
      2	41838
      1	41861
      1	41864
      1	41874
      2	41875
      2	41902
      2	41912
      1	41938
      1	41945
      2	41985
      2	42018
      1	42058
      5	42084
      1	42095
      1	42110
      1	42135
      3	42160
      1	42175
      1	42196
      2	42197
      1	42207
      1	42209
      1	42211
      1	42216
      1	42258
      1	42262
      1	42272
      1	42306
      1	42320
      1	42321
      1	42335
      1	42340
      4	42346
      1	42355
      2	42391
      1	42404
     13	42444
      3	42460
      2	42519
      4	42530
      3	42533
      1	42546
      1	42548
      1	42559
      1	42560
      1	42562
      1	42568
      1	42576
      1	42578
      1	42593
      2	42599
      1	42612
      3	42716
      1	42741
      2	42744
      1	42752
      6	42772
      3	42780
     24	42788
      2	42792
      4	42797
      2	42798
     52	42802
      1	42810
      1	42811
      1	42840
      1	42853
      4	42901
      2	42915
      1	42940
      1	42949
      2	42951
      1	42966
      4	42971
      1	42991
      4	43019
      1	43025
      1	43037
      1	43048
      1	43050
      3	43051
      4	43058
      4	43073
      2	43093
      1	43097
     22	43111
      1	43112
      3	43157
      3	43169
      1	43206
      2	43227
      1	43294
      1	43314
      2	43335
      1	43354
      2	43355
      1	43361
      1	43383
      1	43388
      3	43391
      1	43395
      1	43456
      1	43467
      3	43472
      1	43490
      2	43535
      1	43607
      1	43624
      1	43626
      1	43631
     15	43653
      1	43676
     12	43689
      2	43702
      1	43704
      1	43733
      1	43742
      1	43749
      1	43763
      2	43765
      2	43767
      1	43772
      2	43829
      6	43845
      1	43853
      2	43898
      1	43914
      3	43959
      1	43967
      1	43995
      2	44011
      1	44064
      1	44065
      1	44085
      1	44102
      2	44119
      1	44156
      1	44185
      1	44199
      2	44228
      1	44236
      2	44243
      1	44265
      1	44312
      1	44313
      7	44323
      3	44329
      1	44365
      2	44388
      6	44417
      1	44442
      1	44447
      1	44531
      1	44600
      4	44618
      1	44621
      1	44671
      1	44672
      4	44701
      1	44714
      1	44724
      2	44726
      2	44758
      1	44759
      1	44763
      1	44770
      1	44796
      1	44809
      2	44818
      2	44828
      1	44879
      1	44908
      1	44926
      4	44936
      1	44965
      3	44986
      2	44988
      1	45000
      2	45002
      1	45020
      1	45055
      1	45115
      1	45141
      1	45142
     13	45150
      2	45155
      1	45162
      3	45164
      2	45173
      1	45179
      1	45182
      1	45186
      1	45198
      1	45252
      1	45253
      1	45255
      1	45282
      1	45283
      4	45308
      2	45371
      1	45394
      1	45397
      1	45433
      1	45446
      1	45457
      1	45460
      4	45480
      1	45486
      2	45487
      1	45490
      6	45513
      1	45523
      2	45536
      2	45539
      1	45552
      4	45566
      2	45586
      1	45600
      1	45602
      3	45623
      1	45654
      1	45694
      1	45696
      3	45703
      2	45706
      2	45725
      1	45733
      1	45755
      1	45758
      2	45772
      2	45777
      1	45795
      1	45819
      1	45824
      1	45829
      2	45839
      1	45877
      1	45995
      1	45996
      4	46006
      1	46035
      1	46040
      5	46058
      1	46061
      1	46067
      1	46071
      2	46090
      1	46115
      1	46120
      1	46160
      1	46163
      1	46184
     49	46197
      1	46221
      2	46232
      1	46242
      3	46260
      3	46290
      1	46314
      1	46330
      1	46387
      3	46409
      1	46417
      1	46419
      2	46478
      1	46480
      1	46489
      4	46505
      1	46517
      1	46526
      3	46541
      4	46551
      1	46553
      2	46616
      1	46623
      1	46649
      3	46652
      1	46663
      7	46741
      1	46753
      1	46767
      2	46779
      1	46810
      1	46811
      2	46844
      2	46869
      2	46885
      1	46924
      1	46931
      3	46994
      1	47005
      1	47024
      1	47039
      1	47045
      2	47052
      2	47056
      1	47078
      3	47088
      1	47107
      1	47108
      7	47123
      2	47132
      1	47139
      1	47168
      1	47186
      1	47220
      1	47229
      1	47239
      4	47272
     11	47281
      3	47286
      7	47312
      1	47315
      1	47333
      1	47335
      1	47359
      1	47396
      1	47447
      1	47470
     46	47491
      1	47509
      3	47518
      2	47547
      1	47564
      1	47592
      1	47614
      1	47615
     10	47647
     12	47662
      1	47679
      2	47688
      1	47715
      3	47721
      1	47766
      1	47806
      1	47848
      2	47857
      1	47858
      2	47887
      1	47993
      1	48027
      1	48064
      1	48067
      6	48085
      1	48097
      1	48113
      2	48123
      2	48135
      1	48142
      1	48157
      2	48174
      2	48185
      1	48199
      1	48228
     11	48241
      2	48242
      1	48256
      1	48273
      1	48313
      3	48331
      1	48334
      3	48339
      1	48354
      1	48376
      1	48386
      1	48399
      2	48410
      1	48423
      1	48435
      1	48440
      1	48457
      1	48484
      1	48485
      1	48506
      2	48539
      3	48568
      1	48574
      5	48580
      1	48582
      1	48590
      1	48620
      1	48621
     13	48622
      1	48630
      2	48670
      6	48675
      1	48684
      2	48708
      1	48724
      1	48743
      1	48755
      1	48787
      2	48810
      1	48839
      1	48847
      1	48870
      1	48884
      1	48902
      1	48904
      7	48908
      1	48927
      1	48936
      2	48964
      1	48965
      5	48977
      2	48987
      1	49059
      1	49112
      1	49123
      1	49176
      2	49196
      1	49234
      2	49252
      1	49278
      1	49312
      1	49351
      1	49356
      5	49363
      1	49364
      1	49421
      1	49437
      1	49447
      1	49451
      2	49454
      4	49491
      1	49519
      1	49523
      1	49532
      1	49538
      1	49540
      1	49541
      6	49549
      6	49550
      7	49569
      1	49571
      3	49603
      1	49606
      1	49615
      1	49616
      3	49631
      3	49633
      2	49653
      1	49672
      2	49682
      1	49697
      1	49707
      1	49755
      2	49766
      2	49812
      2	49855
      1	49858
      1	49865
      1	49874
      5	49897
      1	49907
      1	49944
      1	49956
      1	49966
      4	49974
      1	50049
      1	50057
      2	50083
      1	50101
      1	50114
      1	50127
      2	50149
      1	50199
      5	50267
      3	50288
      1	50327
      1	50370
      1	50375
      1	50383
      2	50388
      1	50424
      1	50427
      2	50470
      1	50477
      1	50500
      1	50511
      2	50517
      2	50554
      1	50560
      1	50561
      1	50578
      1	50584
      1	50598
      1	50618
      1	50627
      2	50672
      1	50680
      1	50686
      1	50720
      2	50721
      1	50731
      1	50767
      1	50777
      2	50784
      3	50795
      2	50796
      3	50804
      3	50815
      2	50831
      1	50854
      2	50875
      1	50876
      1	50878
      7	50880
      1	50905
      1	50908
      1	50920
      2	50981
      3	51053
      1	51064
      2	51074
      1	51093
      1	51125
      1	51135
      1	51223
      1	51256
      2	51270
      2	51303
      4	51334
      1	51354
      1	51367
      3	51409
      1	51420
      1	51454
      1	51475
      4	51542
      1	51561
      1	51583
      2	51611
      1	51612
      2	51623
      1	51664
      1	51675
      3	51681
      1	51685
      1	51694
      1	51697
      1	51711
      1	51716
      1	51749
      1	51761
      2	51783
      3	51798
      1	51809
      2	51812
      2	51815
      1	51843
      1	51857
      1	51863
      1	51865
      1	51866
      1	51879
      2	51882
      1	51915
      1	51930
      1	51936
      3	51953
      4	52029
      1	52066
      2	52111
      2	52141
      1	52209
      4	52221
      3	52235
      2	52238
      3	52239
      1	52243
      1	52266
      8	52274
      2	52338
      9	52360
      2	52400
      1	52405
      1	52414
      1	52434
      1	52443
      1	52444
      1	52461
      1	52470
      1	52473
      1	52485
      2	52511
      3	52564
      2	52571
      2	52601
      1	52603
      1	52619
      2	52645
      1	52659
      1	52691
      1	52706
      1	52709
      1	52710
      2	52717
      3	52758
      2	52774
      1	52776
      1	52843
      1	52864
      1	52876
      1	52877
      1	52887
      2	52895
      1	52907
      3	52923
      1	52945
      3	52981
      1	52982
      1	53006
      4	53009
      1	53011
      1	53066
      2	53096
      8	53104
      1	53108
      1	53118
      1	53125
      2	53150
      2	53167
      3	53188
      1	53199
      3	53211
      1	53265
      1	53289
      1	53312
      1	53330
      3	53336
      2	53339
      3	53349
      1	53357
      3	53376
     10	53405
      1	53423
      1	53430
      1	53446
      1	53484
      1	53534
      3	53536
      3	53559
      2	53577
      1	53591
      1	53645
      1	53675
      1	53695
      1	53730
      1	53748
      3	53751
      5	53778
      1	53795
      1	53799
      3	53802
      1	53829
      1	53837
      1	53846
      2	53889
      1	53896
      1	53907
      1	53925
      2	53928
      1	53951
      1	53963
      1	53992
      1	53998
      2	54000
      3	54018
      2	54043
      1	54059
      1	54092
      1	54134
      1	54140
      1	54156
      2	54189
      1	54214
      1	54267
      3	54271
      1	54316
      4	54320
      1	54343
      1	54364
      1	54385
      1	54386
      1	54416
      7	54435
      1	54440
      1	54464
      1	54483
      3	54494
     12	54506
      8	54515
      1	54519
      1	54520
      5	54546
      1	54550
      1	54552
      2	54574
      1	54583
      2	54594
      1	54600
      3	54605
      7	54643
      2	54656
      1	54662
      1	54692
      4	54698
      1	54751
      1	54754
      1	54765
      1	54787
      1	54802
      1	54817
      1	54830
      2	54837
      2	54842
      1	54847
      1	54875
      1	54877
      2	54878
      3	54884
      1	54889
      3	54897
      1	54926
      1	54930
      2	54945
      1	54948
      1	54960
      1	54972
      2	54992
      1	55010
      1	55046
     11	55066
      3	55080
      1	55083
      2	55088
      1	55099
      1	55120
      1	55136
      1	55141
      1	55165
      1	55189
      1	55198
      9	55212
      1	55220
      6	55221
      2	55250
      1	55270
      1	55279
      1	55301
      1	55305
      2	55314
      2	55330
      1	55342
      1	55350
      1	55383
      1	55402
      1	55441
      1	55458
     66	55475
      3	55486
      1	55500
      2	55503
      2	55512
      1	55531
      4	55558
      1	55559
      1	55566
      1	55576
      2	55608
      1	55609
      9	55620
      8	55622
      1	55659
      1	55674
      1	55676
     11	55682
      2	55693
      1	55704
      2	55734
      3	55770
      1	55775
      2	55796
      1	55801
      1	55817
      2	55818
      1	55824
      2	55845
      1	55847
      1	55849
      1	55861
      1	55863
      1	55938
      2	55957
      1	55975
      1	55998
      8	56028
      1	56031
      1	56063
      2	56064
      1	56071
      1	56084
      1	56105
      1	56144
      1	56160
      3	56164
      1	56169
      1	56191
      1	56239
      1	56268
      1	56302
      1	56305
      1	56306
      1	56316
      2	56323
      1	56340
      9	56366
      1	56386
      1	56404
      1	56410
      2	56425
      1	56437
      1	56451
      1	56484
      2	56495
      1	56496
      1	56507
      2	56516
      1	56530
      1	56549
      1	56571
      1	56574
      1	56583
      3	56613
      4	56619
      1	56632
      1	56650
      1	56732
      1	56748
      1	56777
      2	56798
      1	56799
      1	56856
      1	56877
      1	56882
      1	56889
      5	56904
      1	56906
      1	56907
      1	56930
      2	56939
      2	57035
      1	57072
     13	57078
      4	57083
      1	57091
      1	57116
      2	57120
      1	57158
      2	57179
      3	57206
      1	57209
      1	57211
      2	57258
      3	57266
      3	57268
      7	57282
      1	57289
      1	57292
      1	57307
      1	57308
      2	57310
      1	57350
      1	57374
      1	57410
      2	57458
      1	57470
      1	57477
      1	57514
      1	57519
      1	57523
      2	57537
      8	57563
      1	57566
      3	57579
      1	57621
      1	57645
      3	57650
      2	57683
      1	57694
      1	57748
      3	57767
      1	57777
      1	57822
      1	57835
      2	57843
      2	57910
      2	57913
      2	57940
      4	57958
      1	57972
     11	57977
      4	58000
      3	58025
      1	58033
      2	58036
      1	58037
      1	58076
      1	58081
      1	58101
      3	58110
      1	58118
      2	58140
      2	58155
      1	58157
      1	58184
      1	58186
      2	58240
      3	58259
      2	58274
      1	58298
      2	58320
      1	58350
      1	58363
      2	58381
      1	58386
      2	58404
      3	58456
      2	58473
      1	58485
      1	58488
      1	58511
      1	58523
      1	58546
      1	58554
      2	58563
      5	58569
      2	58578
      3	58602
      1	58630
      2	58640
      2	58653
     14	58654
      1	58670
      2	58723
      1	58735
      1	58750
      2	58760
      3	58806
      2	58830
      2	58840
      1	58843
      1	58871
      2	58889
      1	58892
      1	58909
      1	58939
      3	58946
      1	58953
      1	58968
      1	58970
      1	58973
      2	58999
      2	59023
      1	59036
      1	59038
      1	59047
      2	59059
      6	59060
      4	59073
      2	59107
     13	59113
      1	59128
      4	59132
      1	59188
      6	59194
      2	59206
      1	59220
      1	59236
      2	59238
      9	59245
      2	59266
      2	59275
      1	59278
      3	59284
      1	59320
      1	59332
      1	59343
      2	59406
      2	59415
      6	59426
      1	59456
      3	59479
      1	59513
      1	59515
      1	59517
      1	59549
      1	59571
      1	59576
      2	59577
      1	59578
      1	59588
      1	59590
      2	59604
      5	59617
      1	59623
      4	59660
      3	59675
      3	59698
      1	59729
      2	59730
      4	59754
      1	59799
      1	59808
      1	59822
      3	59878
      2	59884
      1	59903
      2	59905
      2	59924
      1	59952
      1	59999
      1	60067
      1	60075
      3	60082
      1	60083
      2	60121
      3	60132
      1	60137
      1	60143
      1	60203
      1	60251
      2	60272
      1	60312
      7	60314
      1	60321
      2	60352
      1	60367
      1	60396
      1	60420
      6	60466
      1	60490
      2	60576
      1	60593
      1	60596
      2	60617
      2	60626
      1	60652
      1	60660
      1	60663
      1	60710
      6	60772
      1	60780
      1	60785
     20	60786
      2	60845
      1	60882
      1	60887
      4	60926
      1	60943
      2	60948
      2	60960
      1	60987
      2	60992
      1	61005
      1	61028
      1	61032
      2	61039
      2	61092
      1	61115
      1	61121
      1	61138
      3	61171
      1	61177
      1	61189
      1	61217
      1	61220
      1	61223
      1	61240
      8	61243
      1	61257
      1	61268
      1	61276
      4	61280
      1	61290
      4	61292
      7	61312
      1	61335
      1	61353
      8	61358
      1	61364
      1	61386
      1	61388
      2	61405
      3	61407
      1	61409
      6	61446
      1	61448
      9	61454
      1	61462
      1	61466
      1	61473
      1	61505
      1	61506
      1	61512
      2	61522
      1	61576
      1	61606
      2	61622
      3	61636
      1	61649
      1	61652
      1	61683
      1	61717
      1	61754
      3	61783
      1	61785
      1	61798
     21	61799
      2	61805
      5	61817
      1	61819
      2	61824
      1	61839
      2	61854
      2	61860
      1	61878
      2	61882
      1	61930
      2	61937
      1	61968
      1	62020
      1	62026
      3	62047
      1	62050
      2	62053
      1	62057
      2	62068
      3	62081
      1	62117
      1	62134
      1	62148
      2	62156
      4	62183
      3	62193
      1	62194
      1	62214
      2	62215
      1	62217
      3	62223
      1	62239
      3	62276
      1	62288
      3	62291
      1	62303
      1	62356
      2	62372
      1	62378
      1	62471
      3	62479
      1	62535
      1	62577
      1	62591
      2	62592
      2	62597
      2	62620
      1	62628
      1	62631
      2	62637
      2	62650
      6	62712
      1	62747
      2	62785
     14	62841
      3	62847
      1	62865
      1	62943
      1	62948
      2	62965
      1	62984
      1	62991
      1	63009
      1	63043
      2	63050
      1	63072
      1	63136
      1	63143
      1	63163
      2	63185
      1	63250
      1	63276
      1	63300
      1	63314
      1	63337
      1	63341
      1	63369
      1	63375
      1	63381
      1	63397
      1	63410
      1	63420
      3	63421
      2	63443
      1	63460
      1	63463
      1	63513
      1	63527
      1	63530
      1	63543
      2	63560
      1	63563
      1	63585
      1	63603
      1	63615
      3	63651
      1	63663
      1	63709
      1	63765
      3	63769
      1	63780
      1	63797
      2	63801
      1	63821
      1	63844
      1	63877
      1	63878
      1	63892
      1	63918
      1	63926
      2	63931
      2	63935
      1	63956
      4	63962
     13	63986
      2	63987
      2	64000
      1	64002
     13	64017
      1	64028
      2	64032
      4	64043
      2	64059
      1	64060
      1	64071
      9	64078
      1	64111
      1	64140
      2	64146
      2	64156
      3	64161
      1	64178
      1	64190
      1	64204
      1	64242
      1	64264
     13	64284
      1	64286
      1	64287
      1	64294
      2	64313
      3	64338
      3	64376
      1	64384
      1	64387
     10	64399
      1	64402
      1	64409
      1	64439
      1	64446
      8	64454
      1	64465
      1	64476
      3	64485
      4	64501
      1	64509
      2	64512
      1	64523
      1	64539
      1	64582
      2	64603
      2	64626
      1	64632
     11	64673
      1	64687
      1	64729
      1	64760
      1	64780
      2	64782
      3	64789
      1	64793
      1	64818
      1	64837
      3	64843
      3	64860
      1	64873
      3	64876
      1	64881
      1	64899
      1	64907
      1	64921
      1	64938
      6	64970
      1	64972
      1	65026
      1	65029
      2	65050
      2	65068
      8	65099
      2	65123
      3	65125
     26	65172
      1	65192
      1	65221
      1	65226
      1	65227
      2	65236
      1	65272
      1	65314
      1	65322
      1	65352
      1	65354
      2	65429
      6	65452
      1	65467
      1	65496
      2	65519
      1	65527
