      1	11
      3	45
      2	77
      3	366
      1	620
      2	779
      1	833
      1	880
      7	960
      2	977
      1	1009
      1	1119
      1	1339
      1	1492
      1	1511
      1	1532
      1	1723
      1	1735
      1	1741
      3	1853
      2	1937
      1	2057
      1	2063
      1	2065
      1	2262
      1	2268
      1	2280
      1	2378
      1	2386
      2	2550
      1	2685
      2	2803
      1	2994
      1	3004
      2	3103
      2	3124
      2	3382
      1	3517
      1	3632
      1	3690
      1	3692
      1	3737
      3	3745
      1	3830
      4	3843
      2	3881
      1	4064
      4	4211
      1	4332
      1	4391
      4	4415
      1	4423
      1	4469
      1	4497
      1	4592
      2	4664
      1	4796
      1	4804
      1	4951
      1	5053
      3	5222
      1	5267
      1	5375
      1	5408
      1	5431
      1	5452
      1	5565
      1	5637
      1	5717
      1	5728
      3	5758
      5	5819
      1	5856
      7	5905
      1	5916
      2	5967
      1	6012
      3	6055
      1	6152
      1	6162
      1	6173
      1	6183
      1	6353
      1	6396
      1	6494
      2	6596
      3	6695
      3	6805
      1	6860
      3	6992
      2	7298
      1	7403
      2	7572
      1	7579
      1	7673
      5	7675
      1	7970
      2	8513
      2	8579
      1	8617
      1	8826
      1	9006
      1	9139
      1	9211
      2	9216
      1	9241
      2	9292
     26	9345
      1	9411
      2	9428
      1	9498
      1	9613
      2	9845
      1	10001
      1	10028
      1	10045
      1	10339
      2	10346
      1	10413
      1	10416
      1	10422
      1	10466
      2	10563
      1	10625
      1	10705
      1	10744
      1	10752
      1	10803
      1	10827
      1	10843
      1	10900
      1	10935
      1	10968
      1	11075
      1	11088
      1	11137
      1	11226
      1	11382
      2	11525
      1	11701
      1	11846
      1	11898
      1	12021
      1	12192
      1	12208
      1	12390
      1	12394
      2	12505
      2	12558
      2	12660
      1	12762
      1	12801
      2	12963
      2	13026
      1	13033
      1	13064
      1	13130
      1	13222
      1	13227
      1	13270
      2	13273
      3	13390
      1	13427
      1	13437
      1	13683
      1	13878
      1	14398
      1	14465
      1	14494
      1	14626
      1	14677
      1	15287
      1	15355
      1	15465
      2	15639
      1	15663
      2	15702
     11	15748
      1	15770
      1	16189
      1	16241
      1	16321
      1	16332
      1	16354
      2	16363
      1	16368
      1	16444
      1	16453
      1	16479
      1	16515
      1	16628
      1	16738
      2	16862
      1	16887
      1	16916
      1	17027
      1	17058
      1	17225
      1	17313
      1	17452
      1	17540
      1	17547
      1	17611
      1	17683
      1	17686
      2	17895
      1	18133
      1	18308
      2	18354
      1	18396
      1	18460
      1	18466
      1	18505
      1	18620
      2	18660
      2	18677
      4	18735
      3	18781
      2	18907
      1	19004
      2	19228
      1	19342
      1	19345
      1	19363
      1	19431
      1	19441
      4	19485
      2	19577
      1	19586
      2	19622
      1	19631
      1	19692
      1	19707
      1	19911
      2	19944
      2	19965
      4	19976
      1	20067
      1	20148
      1	20172
      1	20206
      1	20281
      1	20515
      3	20539
      2	20800
      1	20955
      1	20991
      1	21079
      1	21134
      1	21266
      1	21289
      2	21349
      2	21378
      3	21420
      1	21463
      1	21507
      1	21584
      1	21628
      1	21658
      1	21783
      1	21814
      1	21822
      1	21829
      3	21911
      1	22009
      1	22010
      1	22070
      2	22086
      1	22171
      2	22188
     16	22206
      1	22217
      1	22287
      1	22336
      1	22355
      1	22392
      1	22495
      1	22515
     24	22643
      1	22675
      1	22759
      1	23029
      1	23076
      1	23080
      1	23082
      1	23158
      1	23252
      1	23411
      1	23449
      1	23611
      1	23851
      1	23853
      5	23870
      1	23905
      1	23923
      2	24058
      1	24136
      4	24234
      2	24262
      1	24305
      2	24339
      1	24345
      1	24384
      1	24440
      1	24506
      1	24622
      3	24818
      1	24827
      2	24990
      1	25093
      1	25129
      1	25166
      1	25198
      1	25242
      1	25465
      1	25512
      1	25573
      1	25689
      1	25838
      1	26004
      1	26060
      2	26111
      1	26130
      1	26246
      1	26258
      1	26365
      1	26456
      4	26458
      1	26551
      1	26633
      1	26739
      1	26799
      2	26824
      1	26837
      1	27039
      1	27071
      1	27286
      1	27349
      2	27469
      1	27615
      1	27677
      1	27896
      1	27959
      1	27975
      3	28060
      1	28262
      3	28531
      2	28603
      1	28665
      1	28731
      1	28745
      2	28809
      1	28877
      1	28922
      3	28937
      1	28948
      1	29435
      1	29515
      1	29516
      2	29697
      1	29888
      1	30424
      1	30506
      1	30535
      4	30565
      1	30637
      1	30770
      1	30788
      1	30961
      1	30993
      1	31041
      1	31153
      1	31170
      1	31178
      1	31256
      1	31983
      1	32148
      1	32160
      1	32204
      1	32205
      2	32345
      1	32386
      1	32431
      2	32497
      1	32646
      1	32674
      1	32719
      2	32871
      1	32924
      1	32966
      1	33035
      1	33226
      3	33392
      1	33441
      5	33475
      7	33484
      1	33549
      1	33554
      1	33767
      3	33814
      1	33879
      1	33992
      1	34071
      1	34133
      1	34165
      1	34181
      1	34190
      2	34212
      1	34279
      1	34428
      1	34520
      1	34526
      2	34723
      3	34786
      1	34789
      1	34963
      1	35038
      1	35152
      1	35392
      2	35782
      1	35886
      1	35887
      2	36028
      1	36082
      1	36113
      1	36164
      1	36174
      1	36188
      1	36244
      1	36318
      1	36638
      1	36671
      2	36674
      2	36783
      1	36784
      1	36838
      1	36960
      1	37103
      5	37247
      1	37275
      1	37285
      1	37321
      2	37344
      1	37393
      1	37552
      1	37640
      1	37672
      1	37743
      1	37829
      1	37885
      2	38047
      1	38050
      2	38160
      1	38224
      1	38322
      1	38647
      2	38662
      3	38853
      3	38864
      1	38992
      1	39035
      1	39071
      2	39089
      2	39159
      2	39176
      1	39206
      3	39366
      1	39466
      1	39471
      2	39472
      1	39800
      1	39905
      1	39973
      2	39978
      1	40138
      1	40145
      1	40170
      1	40269
      2	40291
      1	40437
      1	40537
      1	40544
      1	40821
      1	41070
      1	41103
      1	41140
      3	41159
      3	41185
      1	41245
      1	41446
      2	41637
      2	41760
      1	41768
      1	41883
      1	41912
      1	41986
      1	42051
      3	42052
      1	42084
      1	42138
      1	42355
      1	42441
      2	42651
      1	42699
      2	42723
      4	42735
      1	42763
      1	42767
      1	42774
      1	42888
      1	42914
      1	43230
      1	43332
      2	43531
      2	43605
      2	43933
      1	43950
      1	43953
      2	44000
      3	44034
      1	44126
      5	44217
      8	44315
      1	44328
      1	44345
      2	44615
      1	44725
      1	44776
      1	44785
      6	44833
      1	44989
      1	45070
      1	45085
      1	45464
      1	45471
      1	45683
      1	45778
      1	45835
      4	45847
      1	45935
      1	45943
      1	46210
      1	46225
      2	46261
      1	46300
      1	46388
      2	46438
      1	46447
      2	46471
      1	46499
      1	46544
      1	46667
      1	46975
      1	47006
      1	47029
     20	47038
      1	47124
      1	47208
      2	47294
      1	47314
      1	47508
      1	47509
      1	47729
      1	47855
      1	47883
      1	47897
      1	48037
      1	48086
      1	48206
      1	48322
      1	48439
      4	48513
      1	48543
      2	48746
      1	48773
      1	48839
      1	48887
      1	48925
      1	48954
      1	49020
      1	49108
      3	49180
      1	49272
      1	49329
      2	49332
      1	49344
      2	49362
      1	49428
      1	49588
      1	49640
      4	49781
      1	49804
      1	49885
      2	49887
      1	49933
      1	50027
      6	50079
      1	50209
      1	50267
      1	50291
      1	50474
      1	50537
      1	50550
      1	50564
      1	50702
      1	50901
      1	50948
      1	50950
      3	51001
      1	51099
      1	51120
      1	51216
      1	51392
      1	51394
      4	51434
      1	51532
      1	51823
      1	52092
      1	52256
      1	52323
      1	52509
      2	52541
      8	52673
      1	52747
      2	52819
      1	53098
      1	53220
      1	53324
      1	53338
      1	53545
      1	53649
      1	53666
      1	53906
      5	53925
      2	53975
      1	54004
      1	54105
      1	54169
      1	54222
      1	54425
      1	54485
      1	54662
      1	54889
      6	55120
      1	55354
      1	55398
      1	55421
      1	55520
      1	55785
      1	55885
      2	55887
      1	56015
      1	56321
      1	56430
      2	56533
      1	56681
      1	56807
      1	56818
      1	56892
      1	56913
      1	57088
      1	57331
      1	57379
      1	57449
      1	57539
      1	57762
      1	57808
      1	57843
      1	57983
      1	58057
      1	58063
      1	58095
      1	58120
      1	58182
      2	58244
      3	58452
      1	58502
      1	58545
      2	58595
      1	58805
      4	58815
      1	58857
      2	58887
      1	58897
      1	58930
      1	59014
      1	59058
      2	59134
      2	59264
      1	59593
      1	59612
     29	59720
      1	59819
      1	59843
      1	59869
      3	59948
      1	59997
      1	60090
      1	60416
      1	60689
      1	60775
      1	60882
      1	61059
      1	61138
      4	61230
      1	61232
      1	61254
      1	61509
      1	61673
      2	61683
      1	61867
      1	61927
      1	62098
      1	62108
      1	62180
      1	62543
      1	62665
      2	62707
      1	62862
      1	62879
      2	62893
      1	62947
      1	62954
      1	62967
      2	63050
      1	63060
      1	63107
      1	63147
      3	63368
      1	63411
      1	63427
      1	63656
      1	63693
      1	63697
      1	63771
      1	63827
      2	63872
      1	63912
      1	63916
      1	64037
      2	64149
      4	64155
      4	64251
      1	64262
      1	64500
      3	64528
      2	64557
      1	64589
      7	64637
      1	64656
      1	64680
      1	64884
      1	64980
      1	65138
      3	65186
      1	65249
      2	65353
      1	65451
