      2	11
      2	45
      1	91
      1	162
      1	259
      3	307
      1	336
      2	538
      1	664
      1	779
      1	797
      2	922
      1	945
      1	1010
      3	1020
      3	1105
      1	1130
      1	1160
      1	1222
      5	1232
      2	1261
      1	1418
      1	1421
      4	1532
      1	1567
      3	1656
      1	1722
      1	1747
      2	1848
      1	1877
     11	2002
      2	2057
      1	2065
      1	2087
      1	2125
      2	2131
      1	2267
      1	2471
      1	2475
      2	2511
      1	2514
      1	2517
      1	2566
      2	2684
      1	2687
      1	2701
      1	2743
      1	2774
      1	2819
      1	2994
      1	3004
      1	3010
      1	3013
     34	3014
      3	3068
      1	3114
      2	3275
      1	3305
      1	3486
      1	3493
      1	3499
      1	3517
      1	3621
      1	3645
      1	3672
      1	3690
      1	3824
      1	3839
      1	3843
      1	4064
      6	4109
      1	4114
      1	4129
      2	4238
      1	4345
      1	4473
      1	4485
      1	4502
      1	4505
      1	4506
      2	4552
      4	4626
      1	4663
      1	4694
      1	4744
      1	4869
      1	4900
      2	4907
      1	4982
      1	5161
      1	5220
      1	5237
      1	5260
      1	5262
      1	5303
      1	5313
      1	5447
      1	5457
      1	5522
      1	5595
      2	5686
      2	5731
      2	5792
      1	5820
      2	5823
      1	5930
      1	5959
      1	5967
      2	6012
      1	6032
      1	6045
      2	6275
      1	6349
      1	6366
      1	6396
      1	6497
      2	6573
      2	6576
      1	6596
      1	6725
      1	6828
      1	6830
      1	6969
      1	6971
      1	7027
      4	7052
      1	7109
      1	7186
      4	7191
      1	7276
      1	7301
      1	7466
      1	7490
      1	7554
      1	7602
      1	7651
     11	7815
      1	7888
      1	7919
      6	7920
      1	7925
      1	8094
      1	8103
      2	8121
      7	8281
      1	8293
      1	8305
      2	8319
      3	8515
      1	8630
      1	8649
     15	8700
      1	8779
      1	8782
      1	8849
      1	8872
      1	8956
      1	8983
      1	9093
      1	9121
      2	9159
      1	9182
      3	9200
      2	9234
      1	9276
      1	9304
      1	9317
      4	9345
      1	9424
      1	9512
      1	9551
      1	9562
      1	9568
      2	9640
      1	9824
      1	9999
      5	10026
      1	10097
      1	10102
      2	10104
      1	10118
      1	10245
      1	10275
      1	10283
      1	10297
      2	10362
      1	10365
      1	10402
      1	10454
      1	10574
      3	10659
      1	10673
      1	10730
      1	10864
      1	10968
      1	11082
      2	11116
      1	11353
      1	11378
      1	11535
      1	11664
      1	11741
      1	11759
      1	11762
      1	11892
      1	11893
      3	11964
      1	12005
      1	12058
      1	12135
      1	12217
      1	12290
      1	12330
      1	12450
      1	12478
      1	12505
      1	12531
      1	12579
      2	12684
      1	12689
      1	12728
      2	12814
      1	12818
      1	12874
      1	12922
      3	12952
      1	12967
      2	13008
      1	13016
      1	13026
      1	13113
      3	13118
      1	13194
      1	13211
      1	13231
      1	13369
      1	13399
      1	13409
      2	13481
      2	13489
      6	13490
      1	13515
      1	13525
      1	13567
      1	13631
      1	13682
      4	13830
      1	13844
      1	13890
      3	14053
      4	14169
      1	14180
      1	14211
      1	14332
      4	14343
      1	14392
      1	14506
      2	14507
      1	14569
      1	14648
      1	14684
      1	14692
      2	14720
      1	14921
      1	14939
      1	14996
      1	15029
      3	15055
      1	15098
      1	15111
      1	15278
      1	15322
      1	15397
      1	15461
      3	15516
      1	15551
      4	15702
      1	15724
      1	15789
      4	16019
      1	16030
      2	16076
      1	16094
      1	16162
      1	16181
      1	16276
      2	16418
      1	16638
      1	16683
      2	16715
      1	16721
      1	16810
      2	16851
      1	17027
      1	17064
      1	17212
      1	17225
      1	17341
      2	17343
      1	17352
      2	17439
      1	17445
      1	17454
      2	17508
      1	17608
      1	17698
      1	17747
      2	17773
      1	17901
      1	17929
      1	18207
      1	18279
      1	18312
      1	18348
      2	18353
      1	18406
      1	18441
      5	18444
      5	18567
      1	18572
      1	18608
      1	18636
      1	18660
      1	18681
      1	18782
      1	18842
      1	18937
      1	19192
      1	19305
      1	19324
      2	19339
      1	19543
      1	19544
      1	19578
      1	19616
      1	19621
      2	19649
      2	19678
      1	19729
      1	19745
      1	19757
      2	19762
      1	19825
      1	19941
      1	19974
      1	19991
      1	20010
      1	20055
      1	20110
      2	20218
      4	20232
      1	20250
      1	20362
      3	20390
      1	20452
      1	20480
      1	20497
      1	20558
      6	20780
      1	20988
      1	21082
      1	21370
      1	21409
      1	21420
      1	21483
      1	21503
      1	21552
      1	21602
      1	21651
      1	21822
      1	21823
      1	21830
      1	21842
      1	21989
      3	22062
      2	22065
      1	22091
      2	22128
      1	22290
     10	22314
      1	22426
      2	22447
      1	22466
      1	22481
      1	22646
      1	22653
      1	22761
      1	22945
      1	23002
      1	23029
      1	23033
      1	23052
      1	23064
      5	23094
      1	23106
      1	23195
      1	23210
      1	23278
      1	23364
      1	23449
      1	23513
      1	23604
      2	23611
      1	23623
      1	23703
      1	23801
      1	23869
      1	23918
      1	23920
      1	23923
      1	23961
      2	23983
      1	24049
      1	24076
      2	24116
      1	24168
      1	24177
      2	24228
      1	24289
      1	24384
      1	24398
      1	24412
      2	24525
      1	24536
      2	24555
      1	24660
      2	24718
      2	24750
      3	24817
      1	25031
      1	25054
      1	25096
      1	25116
      5	25133
      2	25253
      1	25280
      2	25313
      2	25321
      1	25346
      1	25378
      1	25515
      1	25533
      2	25553
      1	25628
      1	25647
      1	25689
      2	25731
      1	25746
      3	25760
      5	25781
      1	25810
      1	25837
      1	25891
      1	25899
      2	25950
      1	25953
      1	25985
      2	26027
      2	26108
      1	26111
      1	26135
      1	26207
      1	26293
      1	26356
      1	26397
      4	26435
      1	26438
      2	26456
      1	26525
      1	26564
      1	26623
      1	26633
      1	26739
      1	26758
      2	26777
      2	26806
      2	26873
      1	26910
      1	26959
      2	26980
      1	27039
      1	27097
      1	27241
      1	27246
      1	27259
      2	27263
      1	27277
      1	27349
      1	27414
      2	27418
      1	27485
      1	27509
      1	27615
      1	27701
      2	27726
      1	27856
      1	27862
      1	27991
      1	27995
      1	28019
      1	28049
      1	28151
      1	28166
      1	28293
      1	28302
      2	28304
      1	28365
      1	28403
      1	28410
      2	28530
      1	28579
      1	28716
      2	28802
      1	28817
      1	28895
      1	28898
      1	29025
      2	29043
      1	29173
      1	29426
      1	29456
      1	29635
      1	29657
      1	29670
      1	29677
      2	29703
      1	29899
      1	30032
      1	30038
      1	30103
      2	30110
      1	30177
      1	30285
      1	30318
      1	30344
      1	30394
      2	30559
      2	30565
      1	30611
      1	30613
      1	30637
      1	30658
      1	30686
      1	30742
      1	30754
      2	30776
      1	30777
      2	30824
      1	30946
      1	31042
      1	31247
      1	31407
      1	31482
      1	31515
      1	31562
      1	31606
      1	31693
      2	31728
      1	32052
      1	32114
      1	32139
      1	32206
      1	32217
      1	32257
      1	32328
      1	32336
      2	32345
      1	32446
      2	32582
      1	32657
      2	32718
      3	32735
      1	32747
      1	32822
      1	32831
      1	32851
      2	32863
      1	32866
      1	32924
      1	32944
      1	33098
      2	33135
      1	33210
      1	33217
      3	33260
      3	33282
      2	33303
      2	33410
      4	33454
      1	33549
      1	33611
      1	33651
      1	34165
      1	34166
      1	34227
      1	34232
      6	34261
      1	34359
      1	34560
      2	34610
      1	34684
      1	34692
      1	34716
      2	34721
      2	34723
      1	34810
      1	34949
      2	34991
      2	34997
      5	35067
      1	35182
      1	35267
      1	35317
      1	35326
      1	35343
      1	35392
      1	35511
      1	35591
      1	35613
      1	35622
      4	35644
      1	35750
      1	35866
      2	36003
      1	36030
      1	36053
      1	36147
      1	36230
      1	36267
      1	36271
      1	36359
      1	36395
      1	36427
      1	36477
      2	36491
      3	36509
      2	36578
      1	36703
      1	36747
      1	36749
      1	36810
      1	36831
      1	36928
      1	36982
      6	37127
      6	37348
      1	37592
      1	37614
      1	37672
      1	37697
      1	37716
      1	37722
      1	37784
      1	37853
      2	37856
      1	37869
      1	37921
      1	37962
      1	37983
      1	38047
      4	38236
      9	38392
      1	38439
      1	38544
      1	38573
      1	38578
      1	38581
      1	38662
      1	38677
      1	38738
      1	38784
      2	38801
      1	38839
      6	38858
      1	38987
      1	39049
      1	39175
      1	39241
      6	39320
      2	39377
      2	39379
      1	39428
      2	39460
      2	39569
      1	39574
      1	39621
      1	39722
      2	39767
      1	39782
      1	39868
      1	39932
      1	39946
      2	39948
      1	40013
      6	40130
      3	40295
      1	40309
      5	40347
      1	40432
      1	40460
      3	40617
      2	40661
      1	40712
      1	40762
      1	40817
      1	40997
      1	41051
      1	41086
      1	41185
      1	41215
      2	41280
      2	41348
      1	41363
      1	41507
      1	41537
      1	41570
      1	41582
      1	41624
      4	41640
      5	41748
      1	41838
      1	41848
      1	41898
      1	42027
      1	42045
      1	42124
      1	42218
      1	42343
      1	42369
      1	42388
      1	42427
      1	42474
      1	42530
      1	42695
      1	42723
      1	42793
      2	42969
      1	43071
      1	43104
      1	43272
      1	43339
      1	43343
      1	43354
      1	43405
      1	43410
      1	43526
      2	43531
      7	43599
      2	43832
      2	43881
      1	43914
      1	44054
      1	44105
      1	44117
      1	44190
      1	44329
      1	44457
      2	44460
      1	44493
      1	44499
      1	44643
      1	44666
      1	44722
      1	44724
      1	44726
      1	44759
      1	44777
      1	44833
      2	44893
      1	44896
      2	44953
      2	44959
      1	45059
      1	45140
      1	45241
      2	45246
      1	45457
      1	45750
      1	45778
      1	45847
      2	45943
      1	46145
      1	46168
      1	46260
      1	46267
      1	46274
      1	46387
      7	46417
      1	46435
      1	46453
      1	46499
      2	46509
      1	46573
      1	46603
      1	46645
      2	46672
      1	46680
      1	46850
      2	46902
      1	46928
      1	47048
      1	47060
      1	47104
      1	47193
      1	47217
      2	47258
      2	47351
      1	47547
      3	47587
      1	47697
      1	47788
      1	47891
      1	47893
      2	47910
      1	47958
      1	47966
      1	48004
      1	48064
      1	48147
      1	48158
      1	48198
      1	48256
      1	48266
      1	48429
      1	48571
      1	48634
      1	48675
      1	48832
      1	48847
      1	48884
      1	48924
     14	49014
      2	49200
      1	49588
      1	49595
      1	49640
      1	49726
      3	49748
      1	49970
      2	50088
      1	50432
      1	50471
      1	50564
      1	50602
      1	50645
      1	50720
      6	50784
      1	50840
      3	50880
      1	51113
      1	51198
      1	51288
      2	51325
      1	51387
      1	51392
      1	51394
      1	51395
      1	51475
      2	51484
      1	51493
      1	51541
      2	51566
      1	51669
      1	51770
      1	51806
      1	51838
      1	51874
      1	51882
      2	51932
      1	51948
      1	52121
      1	52224
      1	52284
      1	52398
      1	52406
      1	52414
      1	52434
      1	52528
      1	52541
      1	52563
      1	52620
      1	52622
      1	52687
      1	52712
      1	52720
      2	52794
      1	52801
      1	52917
      1	52928
      1	52954
      1	52980
      1	53009
      1	53288
      4	53324
      3	53357
      1	53368
      1	53396
      1	53450
      1	53519
      2	53550
      1	53589
      1	53600
      1	53723
      2	53738
      1	53743
      1	53774
      1	53802
      1	53846
      4	53925
      1	53947
      1	53996
      1	54178
      2	54183
      2	54227
      3	54249
      1	54345
      1	54370
      1	54407
      1	54416
      2	54536
      1	54560
      1	54608
      2	54614
      1	54743
      1	54745
      1	54894
      1	54929
      1	54968
      1	55088
      4	55135
      1	55137
      1	55217
      1	55273
      1	55342
      1	55499
      2	55500
      1	55565
      1	55801
      3	55818
      1	55821
      1	55884
      1	55908
      1	55912
      1	56010
      2	56027
      1	56028
      1	56039
      1	56094
      1	56202
      1	56237
      1	56239
      1	56263
      1	56347
      2	56371
      2	56452
      1	56604
      1	56637
      1	56751
      3	56856
      4	57133
      1	57212
      2	57332
      1	57375
      1	57419
      1	57459
      1	57635
      1	57644
     13	57719
      1	57749
      1	57757
      1	57798
      3	57843
      1	57953
      1	57999
      1	58037
      2	58087
      1	58094
      1	58235
      1	58297
      1	58352
      2	58404
      1	58440
      1	58502
      1	58515
      8	58569
      2	58582
      1	58589
      1	58649
      2	58712
      1	58750
      1	58783
      1	58887
      1	58908
      1	59011
      1	59059
      1	59107
      5	59126
      1	59134
      1	59177
      4	59238
      1	59249
      1	59250
      1	59463
      1	59515
      1	59541
      1	59659
      1	59663
      1	59754
      1	59762
      1	59803
      1	59827
      1	59884
      1	60002
      1	60020
      1	60095
      1	60210
      1	60215
      1	60284
      1	60312
      2	60328
      1	60555
      2	60570
      1	60580
      1	60581
      1	60640
      1	60700
      1	60761
      1	60813
      4	60975
      1	60987
      1	60992
      1	61011
      1	61123
      1	61138
      1	61147
      1	61180
      1	61191
      1	61230
      1	61234
      3	61261
      1	61277
      1	61300
      1	61323
      1	61340
      3	61405
      1	61451
      1	61530
      1	61568
      1	61584
      1	61592
      1	61622
      1	61659
      2	61826
      2	62053
      1	62056
      2	62098
      1	62119
      1	62146
      2	62155
      1	62178
      3	62183
      1	62214
     16	62252
      1	62261
      1	62267
      1	62318
      1	62471
      1	62535
      3	62731
      1	62948
      1	62952
      2	62967
      1	63002
      1	63050
      2	63165
      1	63173
      1	63202
      1	63276
      1	63363
      2	63368
      5	63421
      1	63460
      1	63611
      1	63674
      1	63675
      1	63679
      2	63807
      1	63864
      1	63872
      3	63920
      1	63932
      1	63950
      2	64007
      3	64067
      1	64102
      1	64170
      3	64286
      6	64325
      1	64339
     36	64474
      1	64484
      3	64504
      1	64510
      1	64528
      1	64543
      1	64552
      1	64555
      1	64637
      1	64751
      1	64823
      1	64896
      1	64907
      1	64969
      1	65042
      3	65080
      1	65114
      1	65206
      1	65251
      1	65353
      1	65375
      2	65413
      1	65516
      1	65518
