      1	11
      1	45
      1	77
      2	111
      3	202
      1	238
      1	243
      1	334
      2	346
     10	419
      2	464
     10	590
      1	723
      2	753
      1	758
      1	808
      1	826
      1	851
      1	865
      1	880
      1	960
      2	1079
      8	1190
      2	1232
      2	1257
      2	1280
      3	1438
      1	1458
      1	1459
      2	1607
      1	1616
      2	1628
      3	1645
      1	1652
      3	1656
      1	1762
      2	1836
      1	1841
      1	1852
      1	1861
      1	1888
      1	1948
      1	1976
      1	2029
      1	2051
      2	2057
      1	2087
      1	2151
      1	2169
      1	2188
      1	2378
      1	2442
      1	2485
      2	2813
      1	2916
      3	3004
      1	3102
      3	3114
      1	3202
      1	3236
      1	3273
      1	3311
      1	3339
      1	3384
      2	3538
      1	3549
      1	3584
      1	3595
      1	3636
      2	3690
      1	3707
      1	3727
      1	3737
      2	3811
      5	3843
      1	3936
      1	4064
      1	4086
      3	4087
      1	4127
      1	4191
      1	4296
      1	4321
      1	4417
      1	4497
      1	4517
      1	4567
      1	4592
      2	4662
      1	4713
      1	4754
      2	4762
      5	4849
      4	4850
      1	4878
      1	4930
      1	5023
      1	5083
      3	5178
      1	5257
      2	5287
      2	5352
      1	5412
      1	5424
      3	5475
      1	5486
      1	5510
      1	5542
      1	5652
      1	5811
      2	5823
      2	5876
      5	5905
      1	5993
      5	6012
      1	6020
      2	6045
      2	6216
      1	6266
      1	6281
      1	6302
      1	6328
      2	6382
      5	6497
      1	6551
      1	6572
     10	6575
      2	6596
      1	6622
      3	6651
      1	6721
      1	6746
      1	6767
      1	6820
      1	6881
      1	6915
      1	6918
      1	6941
      2	6980
      2	7039
      1	7102
      2	7109
      1	7113
      1	7296
      1	7356
      6	7467
      1	7494
      1	7648
      1	7665
      1	7693
      3	7706
      2	7746
      1	7871
      5	7876
      2	7935
      1	7942
      1	8034
      1	8102
      1	8105
      7	8119
      1	8128
      5	8141
      1	8153
      3	8172
      1	8175
      2	8201
      1	8236
     16	8261
      1	8315
      1	8330
      1	8357
      1	8472
     10	8843
      1	8898
      2	8956
      1	8983
      1	9133
      2	9200
      1	9241
      1	9326
     21	9345
      2	9374
      1	9424
      1	9486
      1	9512
      1	9516
      1	9519
      5	9545
      4	9546
      8	9765
      1	9793
      3	9797
      1	9809
      4	9824
      1	9837
      1	9845
      1	10021
      1	10026
      1	10120
      5	10123
      1	10177
      1	10188
      1	10324
      1	10389
      2	10401
      1	10407
      3	10444
      1	10447
      1	10485
      2	10563
      1	10601
      1	10673
      1	10711
      2	10724
      1	10744
      3	10928
      1	10961
      2	10974
      1	10985
      5	11354
      2	11439
      1	11491
      5	11515
     30	11524
      4	11535
      1	11575
     13	11611
      1	11748
      1	11876
      3	11921
      5	11967
      1	12123
      2	12142
      1	12158
      1	12245
      1	12257
      1	12301
      1	12380
      1	12585
      8	12603
      1	12628
     12	12684
      1	12703
      2	12708
      1	12794
      6	12801
      1	12826
      5	12898
      1	12952
      1	12958
      2	12960
      1	13064
      2	13130
      1	13132
      6	13180
      1	13270
      1	13292
      4	13423
      5	13430
      1	13453
      1	13461
      2	13490
      1	13522
      1	13564
      1	13633
      1	13662
      2	13694
      4	13699
      1	13717
      1	13738
      3	13891
      2	13952
      1	14053
      1	14103
      1	14127
      2	14128
     22	14137
      2	14163
      1	14166
      1	14171
      2	14213
      1	14375
      1	14385
      2	14490
      1	14494
      3	14540
      1	14591
      1	14593
      2	14606
      1	14622
      1	14626
      1	14643
      1	14732
      1	14791
      2	14870
      1	14908
      1	14921
      1	14938
     10	14986
      1	15029
      1	15093
      2	15256
      1	15275
      1	15291
      6	15306
      1	15343
      1	15431
      1	15507
      2	15511
      2	15561
      1	15621
      1	15659
      1	15671
      1	15684
      1	15702
      2	15784
      1	15846
      2	15952
     14	16007
      1	16023
      1	16188
      2	16219
      3	16276
      1	16290
      1	16340
      1	16363
      1	16479
      1	16549
      2	16554
      1	16628
      1	16683
      1	16703
     17	16704
      5	16738
      2	16740
      1	16894
      1	16916
      1	16924
      1	16951
      3	17018
      1	17027
      2	17210
      1	17235
      1	17291
      5	17338
      2	17498
      1	17506
      1	17527
      1	17540
     17	17592
      2	17741
      2	17916
      1	17928
      1	17975
      4	18018
      1	18139
      1	18147
      1	18341
     15	18354
      2	18413
      2	18526
      2	18563
     12	18590
      4	18646
      3	18660
      1	18661
      1	18677
     30	18710
      2	18770
      1	18840
      1	18851
      1	18932
      1	18988
      1	18992
      1	19028
      1	19103
      1	19197
      1	19198
     13	19212
      2	19323
      1	19378
      1	19427
      1	19481
     35	19582
      1	19622
      3	19630
      2	19707
      1	19720
      1	19776
      1	19825
      1	19831
      1	19851
      1	19947
      2	19976
      1	20023
      1	20159
      1	20166
      1	20205
      1	20216
      1	20236
      5	20267
      5	20268
      1	20323
      1	20364
      1	20382
      1	20425
      1	20449
      1	20483
      1	20658
      1	20718
      1	20800
      1	20808
      1	20865
     10	20871
      1	20883
      1	20915
      3	20922
      1	20956
      1	20971
      1	21122
      1	21180
      1	21213
      4	21276
      1	21293
      1	21378
      1	21420
      1	21463
      3	21466
      3	21628
     18	21822
      1	21873
      2	21892
      1	21926
      1	21939
     16	21942
      1	22050
      2	22097
      4	22179
      1	22192
      2	22194
      8	22204
      1	22206
      1	22325
      3	22432
      1	22482
      1	22522
      1	22547
      1	22633
      1	22731
      5	22755
      1	22818
      1	22859
      1	22902
      2	22910
      4	22939
      1	22970
      1	23099
      2	23147
      1	23166
      1	23219
      1	23258
      3	23333
      2	23349
      1	23395
      1	23412
      2	23429
      2	23445
      2	23469
      3	23471
      2	23501
      1	23526
      1	23775
      1	23799
      2	23817
      1	23869
      2	23874
      1	23888
      2	23923
      4	23999
      2	24136
      2	24162
      1	24353
      1	24370
      1	24394
     10	24412
      2	24458
      2	24469
      2	24472
      1	24506
      1	24519
      1	24613
      1	24750
     15	24931
      2	24990
      1	24991
      1	24992
      1	25024
      1	25125
      2	25233
      8	25269
      1	25359
      1	25381
      1	25436
      5	25461
      1	25472
      1	25552
      5	25654
      1	25663
      8	25689
      1	25721
      5	25785
      3	25787
      3	25801
      5	25834
      1	25839
      9	25959
      1	26053
      1	26072
      8	26111
      2	26157
      1	26179
      2	26204
      1	26231
      1	26250
      1	26264
      1	26267
      2	26290
      1	26293
     12	26327
      2	26332
      1	26365
      1	26368
      1	26435
      1	26453
      2	26458
      2	26465
      9	26488
      1	26633
      2	26644
      2	26686
      1	26799
      3	26806
      1	26850
      1	26857
      2	26996
      1	27011
      1	27039
      4	27174
      1	27191
      1	27229
      1	27302
      1	27361
      1	27579
      1	27603
      1	27652
      1	27782
      1	27793
      1	27837
      1	27862
      2	27873
      1	27878
      1	28012
      1	28024
      1	28091
      3	28138
      1	28143
      2	28156
      8	28349
      1	28520
      1	28521
      1	28531
      1	28560
      4	28615
      1	28637
      2	28675
      2	28678
      1	28683
      3	28704
      1	28763
      1	28795
      4	28824
      1	28898
      1	28986
      1	29090
      1	29094
      3	29119
      2	29150
      1	29188
      1	29226
      1	29255
      2	29298
      1	29538
      2	29596
      2	29611
      1	29646
      1	29667
      1	29677
      1	29808
      1	29929
      1	29946
      1	30007
      2	30027
      2	30085
      1	30143
      1	30229
      2	30257
      2	30260
      1	30316
      5	30317
      1	30318
      1	30324
      2	30460
      1	30462
      2	30533
      1	30555
      1	30583
      2	30590
      1	30592
      1	30595
      1	30659
      1	30754
      3	30852
      1	30877
      1	30909
      2	30926
      1	30952
      1	30973
      1	30983
      1	31000
      1	31006
      2	31011
      8	31037
      3	31043
      2	31088
      2	31143
      3	31269
      1	31290
      3	31395
      1	31456
      2	31511
      1	31602
      1	31626
      1	31653
      1	31670
      1	31860
      1	31915
      1	31919
      1	31929
      1	31943
      1	31946
      1	31962
      3	31983
     11	32046
      5	32148
      2	32249
      8	32345
      3	32377
      3	32391
     14	32410
      1	32517
     14	32554
      5	32574
      1	32585
      3	32631
      1	32666
      1	32704
      4	32713
      1	32770
     25	32863
      1	32905
     14	32909
      2	32932
      4	32936
      3	32967
      1	33013
      1	33038
      2	33039
      1	33070
      1	33170
      1	33203
      1	33317
      2	33484
      1	33570
      1	33584
      6	33595
      3	33638
      1	33662
      1	33777
      1	33810
      2	33890
      1	33925
      1	33972
      1	33982
      2	33992
      1	34040
      1	34063
      1	34084
      1	34092
      1	34103
      4	34110
      1	34131
      1	34148
      1	34180
      1	34264
      2	34301
      4	34302
      1	34405
      1	34422
      1	34440
      1	34444
      2	34479
      1	34520
      2	34521
      3	34576
      1	34599
      1	34613
      3	34689
      1	34786
      2	34790
      1	34822
      1	34872
      1	34974
      2	34981
      1	35004
      1	35024
      1	35114
      2	35166
      2	35183
      4	35207
      3	35318
      3	35391
      3	35425
      3	35498
      4	35650
      1	35656
      1	35670
      1	35750
     34	35824
      1	35886
      1	35970
      1	36003
      1	36007
      1	36020
      2	36082
      1	36129
      1	36149
      1	36181
      2	36280
      1	36288
      5	36359
      1	36368
      4	36383
      1	36414
      7	36437
      1	36549
      1	36566
      2	36587
      1	36630
      1	36784
      1	36846
      4	36870
      3	36906
      3	36950
      2	36981
      2	37021
      2	37030
      7	37052
      1	37123
      1	37179
      1	37214
      2	37321
      1	37367
      3	37393
      1	37493
      1	37566
      1	37574
      2	37593
      1	37665
      1	37755
      2	37768
      1	37841
      2	37867
      1	37930
      1	38044
      1	38054
      1	38121
      8	38160
      1	38206
      1	38232
      4	38238
      1	38269
      5	38370
      8	38398
      1	38403
      1	38479
      1	38480
      2	38503
      1	38520
      1	38531
      1	38665
      3	39000
      1	39010
      2	39012
      1	39049
      1	39067
      1	39092
      1	39102
      4	39127
      2	39156
      8	39182
      3	39206
      2	39325
      2	39344
      4	39377
      2	39379
      1	39471
      1	39489
      1	39621
      1	39702
      1	39720
      1	39721
      1	39780
      1	39783
      1	39827
      1	39880
      1	39898
      1	39929
      1	39940
      1	40063
      1	40068
      1	40116
      7	40170
      3	40227
      1	40269
      1	40394
      1	40437
      1	40574
      3	40661
      1	40779
      2	40841
      1	40879
      2	40990
      1	41018
      1	41035
      1	41106
      1	41119
      1	41126
      2	41151
      1	41185
      1	41318
      2	41355
      1	41361
      1	41372
      3	41427
      1	41466
      1	41496
      1	41582
      1	41640
      1	41723
      2	41735
      2	41750
      1	41782
      1	41808
      1	41827
      2	41848
      2	41883
      1	41918
      1	41930
      1	42187
      1	42323
      2	42389
      2	42404
      1	42408
      1	42425
      1	42438
      2	42501
      1	42669
      3	42679
      1	42699
      1	42723
      3	42830
      1	42851
      3	42884
      1	42982
      1	43023
     18	43080
      1	43091
      1	43104
      1	43157
      1	43179
      2	43207
      1	43213
      1	43230
      1	43253
      1	43272
      1	43277
      1	43394
      1	43461
      2	43468
      1	43481
      1	43531
      2	43576
      1	43669
      1	43756
      1	43782
      1	43811
      4	43818
      1	43826
      3	43832
      1	43856
      1	43953
      1	44030
      2	44113
      1	44195
      4	44329
      1	44414
      1	44493
      1	44512
      1	44536
      1	44579
      1	44607
      2	44615
      3	44617
      1	44633
      2	44666
      1	44706
      1	44725
      4	44726
      1	44777
      6	44833
      1	44836
      1	44907
      9	44947
      2	44951
      4	45018
      1	45040
      1	45104
      2	45125
      1	45177
     14	45247
      1	45368
      1	45464
      2	45466
      1	45550
      1	45575
      1	45593
      1	45659
      1	45661
      3	45694
      3	45704
      3	45721
      2	45758
      5	45778
      2	45793
      1	45808
      1	45821
      3	45847
      2	45903
      1	45930
      1	45955
      1	46030
      1	46081
      7	46100
      2	46102
      2	46179
      1	46183
      1	46245
      1	46252
      2	46261
     10	46309
      2	46329
      2	46388
      2	46417
      1	46446
      4	46472
      3	46498
      1	46499
      1	46529
      1	46551
      1	46576
      1	46592
      2	46595
      1	46603
      2	46636
      2	46656
      1	46667
      1	46692
      1	46724
      1	46734
      6	46765
      1	46793
      2	46850
      5	46853
      1	46862
     11	46884
      1	46925
      1	47002
      1	47006
      2	47012
      3	47038
      2	47082
      3	47086
      1	47123
      4	47153
      1	47323
      1	47410
      1	47429
      3	47472
      5	47478
      1	47604
      1	47672
      1	47692
      2	47784
      2	47883
     26	47905
      1	47992
      1	48086
      5	48235
      1	48258
      3	48279
      1	48292
      4	48316
      1	48354
      1	48359
      1	48400
      1	48407
      1	48513
      1	48608
      1	48692
      1	48746
      3	48760
      1	48794
      1	48913
      1	48983
      1	48993
      1	49020
      1	49080
      1	49082
      3	49200
      1	49278
      1	49312
      1	49342
      1	49358
      1	49361
      1	49362
      2	49367
      1	49474
      1	49493
      1	49637
      1	49676
     14	49844
      1	49884
      1	49897
      1	49966
      2	50001
      1	50087
      1	50190
      2	50209
      2	50227
      5	50267
      2	50349
      2	50468
      1	50470
      1	50537
      1	50682
      1	50733
      1	50771
      1	50777
      1	50810
      1	50873
      1	50878
      1	50885
      1	50934
      2	50940
      1	50955
      1	51026
      1	51035
      4	51037
      1	51065
      3	51106
      1	51116
      2	51151
      1	51357
      1	51394
      2	51416
      2	51434
      1	51474
      3	51549
      2	51576
      1	51591
      3	51645
      3	51710
      3	51822
      1	51830
      1	51866
      1	51890
      1	51920
      1	51929
      1	51946
      1	51971
      3	51992
      1	52074
      5	52121
      1	52164
      1	52174
     18	52181
      1	52232
      1	52323
     12	52370
      2	52522
      1	52532
      1	52541
      1	52546
      1	52551
      3	52564
      1	52603
      1	52616
      1	52626
      1	52706
      1	52800
      1	52857
      1	52939
      1	53020
      1	53093
      1	53105
      1	53128
      2	53145
      1	53166
      1	53205
      1	53226
      1	53278
      1	53319
      1	53356
      1	53363
      1	53384
      1	53398
      2	53401
      1	53450
      1	53539
      1	53545
      1	53583
     17	53596
      1	53805
      3	53846
      1	53918
      2	53925
      1	53926
      2	53951
      1	54010
      1	54150
      1	54167
      1	54208
      1	54239
      1	54257
      8	54339
      3	54443
      1	54506
      2	54597
      1	54601
      1	54622
      1	54650
      1	54662
      2	54675
      1	54683
      1	54721
      1	54729
      2	54794
      1	54813
      1	54814
      3	54834
      1	54883
      2	54891
      1	54950
     14	54983
     22	54989
      1	54995
      1	55013
      1	55093
      1	55148
      1	55179
      1	55301
      1	55421
      1	55486
      8	55496
      1	55535
      2	55565
      3	55625
      1	55640
      2	55693
      1	55746
      1	55780
      2	55814
     44	55849
      1	55879
      1	56038
      1	56105
      1	56177
      1	56187
      1	56263
      1	56266
      2	56385
      1	56418
      1	56430
      1	56453
      1	56511
      1	56564
      2	56614
      1	56670
      1	56679
      2	56762
      2	56776
      3	56855
      1	56865
      2	56902
      1	57078
      2	57119
      2	57133
      1	57136
      1	57170
      2	57177
      1	57187
      1	57350
      1	57353
      1	57383
      1	57420
      6	57489
      5	57547
      4	57601
      1	57791
      2	57836
      1	57936
      3	57951
      1	57958
      1	58069
      9	58087
      1	58102
      1	58191
      1	58352
      1	58406
      6	58468
      2	58471
      1	58508
      2	58543
      1	58545
      1	58649
      7	58670
      4	58808
      3	58815
      4	58887
      1	58953
      1	59138
      2	59157
      1	59178
      1	59231
      1	59252
      1	59304
      1	59310
      2	59333
      2	59512
      1	59558
      1	59620
      1	59671
      1	59708
      2	59715
      2	59720
      1	59726
      1	59739
      2	59937
      1	59976
      1	60035
      1	60045
      8	60131
      1	60189
      1	60352
      1	60527
      3	60557
      1	60563
     20	60581
      1	60605
      1	60716
      1	60774
      5	60882
      2	60946
      1	60984
      1	60992
      1	61011
      3	61053
      1	61054
      2	61073
      1	61116
      1	61138
      1	61191
      6	61230
      1	61234
      1	61261
      1	61277
      1	61280
      2	61282
      4	61301
      5	61304
      5	61340
      2	61492
      1	61507
      1	61592
      1	61598
      1	61612
      1	61641
      6	61928
      1	62014
      2	62021
     22	62026
      1	62050
      1	62053
      1	62056
      2	62108
      2	62119
      1	62318
      1	62323
      4	62504
      1	62532
      2	62534
      1	62593
      2	62664
      1	62761
      1	62780
      2	62846
      2	62882
      1	63002
      1	63009
      2	63029
      1	63147
      1	63165
      1	63171
      1	63213
      3	63264
      7	63291
      1	63310
      1	63363
      1	63384
      1	63656
      1	63684
      1	63798
      2	63880
      2	63884
      1	63913
      1	63918
      7	63987
      1	64000
      2	64017
      1	64129
      1	64165
      1	64209
      1	64251
      1	64252
      1	64259
      1	64281
      1	64291
      1	64339
      1	64370
      1	64407
      2	64435
      1	64470
      2	64520
      4	64528
      4	64581
      1	64593
      3	64597
      1	64637
      1	64770
     13	64884
      1	64995
      6	65038
     32	65053
      1	65109
     12	65110
      1	65119
      1	65120
      1	65226
      1	65249
      4	65251
      1	65257
      1	65275
      1	65322
      1	65449
