      4	1
      3	162
      1	173
      1	174
      1	210
      1	366
      1	425
      1	446
      3	450
      1	550
      1	613
      1	691
      1	779
      1	792
      1	851
      1	873
      1	967
      3	1085
      1	1104
      1	1155
      1	1157
      1	1204
      1	1232
      1	1330
      1	1468
      1	1500
      1	1508
      2	1612
      4	1616
      1	1662
      1	1679
      1	1688
      1	1702
      1	1870
      1	1937
      2	1943
      1	1986
      1	2028
      1	2222
      1	2302
      6	2332
      1	2400
      2	2408
      2	2547
      2	2640
      2	2676
      2	2683
      1	2795
      1	2849
      1	2951
      1	3008
      1	3068
      1	3132
     19	3204
      1	3281
      1	3374
      1	3384
      1	3402
      3	3483
      1	3486
      3	3576
      1	3732
      1	3841
      1	3843
      1	3902
      3	3954
      1	4060
      1	4064
      1	4172
      3	4179
      2	4286
      1	4319
      1	4384
      1	4438
      1	4442
      1	4557
      1	4871
      2	4926
      1	4937
      1	4985
      1	5035
      1	5059
      1	5271
      1	5300
      1	5361
      1	5546
      1	5861
      4	5946
      2	6012
      1	6045
      1	6148
      1	6285
     64	6316
      3	6358
      1	6441
      5	6497
      1	6512
      1	6575
      1	6614
      1	6707
      1	6727
      1	6770
      1	6811
      1	6846
      1	6894
      1	6932
      1	7042
      1	7069
      1	7181
      1	7186
      1	7221
      1	7246
      2	7301
      1	7332
      2	7466
      1	7560
      1	7567
      2	7651
      1	7709
      1	7746
      1	7856
      1	7974
      1	8009
      2	8014
      1	8114
      2	8370
      1	8376
      2	8387
      1	8461
      1	8550
      1	8564
      2	8599
      2	8626
      1	8639
      1	8760
      1	8843
      1	9002
      4	9032
      1	9069
      1	9200
      2	9249
      1	9258
      1	9290
      1	9345
      2	9354
      1	9510
      1	9537
      1	9589
      1	9656
      1	9690
      1	9698
      1	9773
      5	9797
      1	9896
      1	10245
      1	10280
      2	10324
      1	10673
      2	10732
      1	10762
      1	11403
      1	11490
      1	11524
      1	11668
      1	11671
      3	11712
      1	11762
      1	11830
      1	11882
      1	11926
      1	11951
      1	11967
      1	11995
      6	12093
      1	12154
      1	12195
      1	12215
      1	12264
      1	12290
      1	12348
      1	12396
      1	12684
      1	12689
      1	12711
      1	12826
      3	12975
      1	13190
      1	13231
      1	13299
      1	13319
      2	13447
      1	14110
      1	14193
      1	14312
      1	14392
      1	14565
      1	14581
      3	14720
      1	14791
      3	14822
      1	14996
      1	15029
      1	15050
      1	15058
      3	15088
      1	15303
      1	15314
      1	15498
      1	15548
      1	15631
      1	15633
      3	15684
      1	15853
      1	16095
      1	16251
      1	16317
      4	16418
      1	16440
      2	16617
      1	16628
      2	16823
      1	16833
      1	16886
      1	17003
      1	17092
      1	17206
      1	17225
      1	17338
      1	17352
      2	17424
      1	17469
      7	17592
      1	17736
      1	17743
      1	17950
      1	17995
      2	18001
      1	18116
      1	18321
      1	18436
      1	18451
      1	18518
      3	18660
      1	18782
      1	18865
      1	18992
      1	19013
      1	19101
      1	19138
      2	19139
      4	19339
      2	19355
      1	19481
      1	19539
      1	19580
      1	19713
      6	19763
      1	19851
      2	19947
      1	20024
      1	20084
      1	20110
      1	20189
      5	20212
      1	20223
      6	20268
      2	20333
      2	20390
      1	20414
      1	20441
      1	20480
      1	20488
      1	20572
      1	20575
      1	20690
      1	20691
     15	20768
      1	20865
      1	20882
      1	20883
      1	20907
      1	20993
     19	21079
      1	21110
      1	21116
      1	21488
      1	21628
      1	21651
      1	21681
      2	21777
      4	21819
      1	21822
      1	21856
      1	21894
      2	21897
      1	21926
      1	21937
      1	22041
      4	22232
      1	22355
      1	22360
      1	22364
      1	22491
      1	22532
      1	22593
      1	22661
      1	22742
      1	22749
      1	22978
      1	23033
      1	23135
      1	23159
      2	23168
      1	23221
      1	23420
      4	23456
      1	23494
      1	23577
      7	23593
      1	23606
      1	23720
      1	23724
      2	23741
      1	23797
      1	23801
      1	23822
      1	23869
      1	23940
      2	24062
      1	24111
      1	24166
      1	24228
      2	24305
      2	24325
      2	24412
      2	24758
      1	24817
      1	24862
      1	24956
      1	24976
      1	25029
      4	25220
      1	25360
      1	25488
      1	25585
      1	25627
      2	25659
      1	26047
      1	26060
      4	26101
      1	26163
      1	26290
      1	26453
      1	26458
      1	26736
      1	26777
      1	26848
     12	26857
      1	26888
      1	27032
      1	27125
      1	27246
      4	27277
      3	27286
      1	27415
      1	27480
      1	27717
      1	27729
      1	27731
      1	27773
      1	27842
      1	27938
     10	27951
      1	27952
      1	27956
      1	28048
      2	28049
      1	28051
      2	28209
      1	28234
      1	28258
      4	28297
      1	28316
      1	28348
      1	28365
      1	28531
      1	28538
      2	28569
     10	28615
      3	28824
      1	28855
      4	28870
      1	28899
      1	28948
      1	29002
      3	29023
      4	29090
      3	29207
      2	29290
      1	29341
      1	29350
      1	29395
      1	29408
      1	29578
      1	29945
      1	29964
      1	30125
      1	30153
      2	30177
      2	30248
      1	30257
      1	30460
      2	30477
     12	30544
      1	30580
      1	30595
      1	30658
      1	30748
      1	30877
      2	30891
      1	31000
      1	31068
      1	31069
      1	31078
      1	31088
      2	31115
      1	31265
      1	31304
      9	31395
      1	31480
      2	31545
      4	31566
      3	31705
      1	31718
      2	31812
      1	31847
      1	31919
      1	31937
      1	31945
      1	31947
      1	32001
      1	32055
      1	32139
      1	32156
      1	32177
      1	32259
      1	32337
      1	32345
      1	32388
      1	32392
      1	32446
      1	32597
      1	32665
      1	32709
      3	32863
      1	33002
      1	33045
      1	33051
      1	33052
      2	33064
      2	33094
      1	33100
      1	33131
      3	33194
      3	33292
      1	33367
      2	33438
      1	33497
      1	33514
      1	33565
      1	33595
      1	33662
      1	33668
      1	33682
      1	33763
      1	33775
      1	33869
      1	33945
      1	33966
      1	33992
      1	34080
      1	34097
      1	34264
      1	34301
      1	34375
      1	34444
      1	34503
      1	34610
      1	34819
      1	34916
      1	35004
      1	35056
      1	35085
      1	35096
      3	35101
      1	35141
      1	35182
      1	35189
      1	35334
      2	35336
      3	35360
      1	35425
      2	35496
      2	35527
      1	35685
      5	35708
      1	35714
      1	35723
      1	35762
      5	35861
      1	35897
      1	36346
      1	36450
     18	36600
      1	36721
      6	36731
      1	36747
      2	36777
      1	36846
      1	36870
      1	36923
      2	36938
      1	36974
      1	36979
      1	36990
      1	37058
      1	37062
      1	37179
      1	37268
      1	37449
      1	37500
      1	37636
      3	37672
      1	37709
      4	37743
      2	37863
      1	37992
      1	38163
      1	38184
      1	38232
      2	38243
      1	38276
      1	38293
      1	38307
      1	38311
      1	38326
      4	38398
      1	38401
      2	38480
      1	38652
      1	38654
      1	38702
      1	38756
      1	38905
      1	38951
      1	38960
      1	39000
      1	39033
      2	39102
      1	39156
      2	39219
      1	39262
      1	39272
      1	39295
      2	39310
      1	39365
      1	39432
      1	39471
      3	39515
      1	39517
      1	39588
      1	39738
      1	39753
      1	39758
      1	39929
      1	39938
      1	39940
      1	39993
      1	40038
      1	40074
      1	40132
      1	40309
      3	40349
      1	40502
      1	40566
     11	40570
      1	40637
      2	40646
      1	40725
      1	40759
      1	40779
      1	40789
      1	40802
      1	40825
      1	40901
      1	40912
      1	40931
      7	40998
      1	41021
      1	41032
      1	41197
      1	41234
      1	41540
      7	41561
      2	41582
      1	41671
      2	41694
      1	42073
      2	42131
      1	42324
      2	42357
      1	42464
      1	42548
      1	42565
     25	42651
      1	42707
      1	42797
      2	42851
      1	42854
      1	42855
      1	42863
      2	43098
      4	43121
      2	43201
      1	43328
      1	43332
      1	43348
      2	43359
      1	43369
      1	43624
      1	43766
      2	43832
      1	43961
      1	44074
      1	44117
      1	44355
      1	44457
      1	44558
      1	44583
      3	44607
      1	44617
      1	44690
      1	44750
      1	44758
      1	44763
      1	44813
      1	44823
      1	44878
      1	44897
      2	44907
      1	44946
      6	44960
      1	45008
      5	45220
      3	45383
      1	45596
      1	45611
      1	45660
      1	45673
      2	45847
      1	45912
      1	45919
      1	45975
      1	46018
      1	46100
      1	46213
      3	46375
      1	46385
      1	46474
      1	46595
      1	46598
      2	46656
      1	46765
      1	46814
      1	46853
      1	46866
      1	47018
      1	47038
      1	47061
      1	47099
      2	47101
      2	47311
      3	47351
      2	47442
      1	47443
      2	47446
      2	47634
      1	47665
      8	47858
      2	47905
      2	47920
      1	48040
      1	48138
      1	48213
      1	48377
      2	48427
      1	48458
      2	48506
      4	48527
      1	48565
      1	48578
      1	48652
      1	48787
      1	48797
      1	48937
      1	48996
      1	49043
      1	49113
      1	49218
      1	49260
      1	49281
      1	49329
      1	49342
      1	49361
      2	49376
      5	49377
      1	49428
      1	49501
      1	49521
      1	49715
      2	49720
      1	49722
      1	49815
      1	49844
      1	49938
      1	49941
      1	49947
      1	49970
      2	50273
      2	50382
      1	50439
      1	50445
      1	50474
      1	50503
      1	50537
      1	50609
      3	50703
      2	50818
      1	50859
      1	51085
      2	51100
      1	51107
      1	51321
      3	51483
      1	51493
      2	51534
      1	51574
      2	51576
      1	51593
      2	51645
      1	51757
      1	51783
      1	51822
      1	51888
      1	51917
      1	51949
      1	51988
      1	52025
      1	52112
      1	52160
      1	52308
      1	52365
      3	52370
      2	52389
      4	52398
      1	52409
      4	52491
      1	52620
      1	52794
      9	52801
      1	52843
      1	52868
      1	52926
      1	52968
      3	52996
      1	53000
      1	53004
      2	53071
      2	53086
      1	53091
      2	53120
      4	53357
      1	53401
      3	53439
      2	53487
      5	53503
      1	53592
      1	53666
      3	53757
      1	53852
      1	53879
      1	53888
      1	53965
      1	54091
      1	54183
      1	54226
      1	54321
      2	54355
      1	54363
      1	54364
      1	54388
      1	54430
      1	54536
      1	54683
      1	54902
      2	54960
      1	55061
      2	55217
      1	55238
      2	55268
      1	55329
      1	55356
      4	55418
      3	55466
      2	55670
      1	55861
      1	55908
      2	55910
      2	55924
      3	56038
      5	56125
      1	56141
      1	56255
      1	56298
      1	56564
      5	56821
      2	56855
      1	56896
      2	56902
      2	56903
      1	56959
      2	57119
      3	57261
      9	57362
      4	57420
      1	57494
      1	57534
      1	57575
      1	57624
      2	57712
      1	57812
      1	57943
      2	57976
      1	58111
      2	58191
      3	58205
      1	58216
      1	58227
      2	58308
      3	58338
      8	58352
      1	58413
      1	58563
      1	58651
      2	58674
      1	58692
      1	58722
      1	58805
      1	58824
      1	58862
      1	58934
      1	58951
      1	58953
      1	59016
      1	59134
      4	59140
      1	59216
      1	59245
      1	59380
      1	59519
      4	59588
      2	59674
      1	59726
      1	59811
      1	59895
      1	59967
      1	60120
      2	60148
      1	60210
      4	60230
      1	60261
      1	60268
      1	60284
      1	60345
      4	60375
      1	60501
      3	60557
      1	60682
      1	60687
      1	60801
      3	60810
      1	60909
      1	60983
      1	61116
      1	61129
      6	61261
      1	61272
      1	61331
      1	61349
      3	61362
      1	61759
      1	61760
      1	61805
      4	61829
      3	62017
      1	62026
      1	62051
      1	62076
      1	62142
      1	62178
      1	62179
      1	62183
      1	62189
      1	62322
      1	62374
      8	62395
      1	62404
      1	62412
      2	62532
      7	62583
      1	62613
      1	62701
      3	62719
      1	62742
      1	62808
      2	62926
      3	62930
      1	62956
      2	63002
      1	63073
      1	63146
      2	63165
      2	63322
      1	63409
      2	63440
      1	63450
      1	63580
      1	63603
      1	63907
      1	63914
     14	63970
      1	64129
      4	64146
      1	64149
      1	64199
      1	64236
      1	64316
      1	64379
      1	64531
      1	64546
      1	64569
      1	64585
      1	64593
      1	64637
      1	64668
      1	64670
      2	64837
      1	64951
      1	64968
      1	65004
      1	65065
      2	65214
      2	65326
      1	65377
