      1	29
      2	177
      1	722
      1	3379
      1	3737
      1	3750
      1	6073
      1	7013
      1	7891
      1	8011
      1	8332
      1	8515
      1	8736
      1	9317
      1	10407
      1	10875
      1	11964
      1	12945
      2	13806
      1	15183
      1	15702
      1	16007
      1	16614
      1	16806
      1	17072
      1	17225
      1	17338
      1	18228
      1	20800
      1	20827
      1	20855
      1	21180
      1	21465
      1	21864
      1	22761
      2	22910
      1	23033
      1	24672
      1	25007
      2	26777
      1	27223
      1	28231
      1	28784
      1	29374
      1	29657
      1	31407
      2	31658
      1	31962
      1	32023
      1	33992
      1	34190
      1	36494
      1	37086
      1	37292
      2	37640
      1	37723
      1	39569
      1	39795
      1	39843
      2	40063
      1	41377
      1	43977
      1	44018
      1	44909
      5	46380
      1	46680
      1	48064
      1	48651
      3	48746
      1	48870
      4	49844
      1	52794
      1	54430
      1	54961
      1	55217
      1	55401
      1	55908
      1	56339
      1	57389
      1	57470
      1	57688
      1	57949
      1	58120
      1	58472
      1	59715
      1	59720
      1	60386
      1	60653
      2	61330
      1	61524
      1	61832
      1	62534
      1	62785
      1	63363
      1	63432
      1	63743
      1	63935
