      3	11
      1	19
      1	39
      1	45
      3	61
      1	66
      2	90
      7	91
      1	92
      1	157
      1	162
      1	171
      1	234
      3	242
      1	277
      5	293
      1	308
      1	324
      2	340
      1	357
      1	383
      1	387
      1	408
      1	413
      1	430
      1	433
      1	480
      1	502
      1	511
      2	519
      2	530
      3	538
      1	546
      3	607
      1	620
      1	633
      1	646
      1	682
      1	696
      1	721
      1	737
      1	753
      2	755
      1	779
      1	809
      1	813
      1	823
      3	876
      5	887
      2	902
      1	933
      1	936
      1	995
      7	1033
      2	1063
      1	1070
      1	1072
      1	1104
      1	1115
      1	1121
      1	1122
      1	1134
      1	1139
      1	1140
      1	1143
      1	1171
      1	1183
      1	1190
      9	1193
      2	1194
      5	1250
      1	1261
      3	1277
      1	1284
      1	1298
      1	1357
      1	1423
      1	1427
      1	1441
      7	1508
      1	1532
      2	1544
      2	1557
      1	1620
      1	1624
      1	1640
      3	1656
      1	1667
      2	1688
      1	1699
      1	1704
      1	1728
      1	1731
      2	1741
      1	1762
      2	1773
      1	1782
      1	1803
      2	1807
      1	1813
      2	1829
      1	1834
      1	1836
      1	1842
      1	1848
      1	1853
      1	1857
      1	1859
      4	1863
      1	1873
      1	1886
      1	1892
      1	1908
      1	1931
      1	1974
      2	1984
      2	1986
      2	2041
      2	2051
      1	2053
      1	2077
      1	2087
      1	2093
      1	2172
      2	2177
      1	2181
      1	2186
      1	2219
      1	2222
      1	2265
      1	2287
      1	2304
      1	2310
      1	2402
      8	2457
      1	2458
      1	2459
      1	2468
      3	2515
      1	2516
      1	2531
      2	2542
      1	2558
      1	2559
      1	2561
      1	2565
      1	2577
      2	2589
      1	2640
      4	2659
      3	2661
      2	2679
      1	2696
      2	2732
      1	2757
      1	2781
      1	2804
      3	2812
      3	2819
      2	2836
      2	2846
      1	2912
      1	2929
      1	2946
      1	2969
      3	3007
      1	3025
      1	3026
      1	3029
      2	3091
      1	3103
      1	3107
      4	3123
      1	3128
      1	3136
      1	3155
      1	3164
      1	3182
      1	3184
      1	3188
      1	3189
      3	3217
      2	3311
      1	3328
      1	3329
      1	3351
      1	3364
      4	3388
      2	3427
      1	3464
      2	3472
      1	3496
      1	3525
      1	3538
      2	3543
      2	3555
      1	3576
      1	3595
      1	3622
      1	3630
      1	3636
      1	3651
      1	3722
      2	3733
      1	3773
      1	3777
      1	3781
      1	3796
      1	3835
      1	3850
      1	3864
      1	3869
      2	3879
      2	3937
      2	3946
      1	3956
      1	3964
      1	3982
      1	3988
      1	3991
      1	4006
      4	4020
      3	4022
      1	4043
      1	4076
      2	4082
      4	4108
      1	4109
      1	4130
      1	4134
      1	4152
      7	4182
      1	4216
      1	4229
      1	4250
      1	4261
      1	4269
      1	4281
      2	4282
      1	4284
      1	4285
      1	4308
      1	4318
      1	4329
      4	4352
      2	4373
      4	4376
      1	4384
      1	4409
      1	4415
      1	4421
      2	4442
      3	4447
      5	4460
      2	4463
      1	4465
      2	4466
      1	4473
      1	4478
      1	4486
      2	4506
      1	4531
      1	4552
      1	4582
      1	4606
      2	4640
      1	4645
      1	4695
      1	4773
      1	4823
      1	4825
      2	4843
      3	4848
      1	4869
     39	4913
      1	4926
      3	4936
      1	4950
      1	4957
      1	4959
      1	4983
      1	4987
      1	4989
      1	4994
      1	5026
      1	5029
      2	5039
      4	5050
      1	5078
      1	5095
      1	5119
      2	5128
      1	5131
      1	5154
      2	5186
      1	5208
      1	5234
      1	5237
      1	5261
      1	5273
      1	5282
      1	5291
      1	5294
      1	5300
      4	5311
      1	5314
      1	5320
      1	5323
      1	5335
      1	5348
      1	5360
      1	5366
      1	5371
      1	5378
      1	5382
      1	5405
      1	5408
      1	5418
      2	5430
      1	5441
      1	5459
      1	5467
      2	5472
      2	5476
      1	5480
      1	5490
      1	5502
      2	5513
      1	5519
      3	5541
      2	5564
      2	5567
      1	5568
      3	5595
      3	5597
      2	5626
      1	5635
      4	5639
      1	5648
      1	5697
      1	5702
      1	5711
      1	5737
      1	5742
      1	5750
      1	5770
      1	5790
      2	5792
      1	5794
      3	5810
      1	5814
      2	5829
      2	5830
      1	5837
      1	5863
      1	5897
      1	5918
      1	5990
      1	5992
      3	6002
      1	6025
      1	6032
      1	6086
      1	6098
      3	6129
      2	6146
      1	6156
      1	6157
      4	6162
      1	6175
      3	6184
      1	6190
      1	6209
      1	6214
      1	6263
      1	6322
      1	6334
      2	6358
      1	6398
      1	6443
      1	6450
      2	6479
      1	6484
      1	6486
      1	6534
      1	6537
      1	6556
      2	6586
      1	6591
      2	6622
      1	6636
      1	6647
      1	6695
      1	6752
      2	6796
      1	6801
      1	6806
      1	6822
      1	6858
      1	6898
      1	6946
      1	6954
      1	6955
      1	6969
      2	6971
      3	7011
      1	7030
      2	7050
      1	7054
      1	7106
      1	7124
      1	7178
      1	7181
      1	7224
      5	7240
      1	7244
      1	7266
      1	7272
      2	7309
      4	7335
      3	7343
      1	7391
      1	7399
      1	7412
      3	7413
      1	7417
      1	7444
      3	7448
      1	7452
      1	7474
      1	7499
      4	7563
      1	7580
      1	7581
      1	7590
      1	7625
      1	7654
      1	7671
      1	7675
      1	7688
      1	7690
      1	7696
      1	7711
      2	7719
      1	7723
      2	7726
      1	7728
      1	7763
      1	7772
      1	7782
      2	7824
      6	7829
      1	7835
      1	7846
      1	7871
      1	7907
      1	7920
      1	7927
      2	7929
      1	7935
      1	7954
      1	7955
      3	8003
      1	8034
      4	8037
      1	8080
      2	8092
      1	8096
      3	8121
      1	8153
      1	8193
      1	8201
      1	8210
      1	8213
      1	8236
      1	8237
      1	8250
      1	8290
      1	8299
      1	8305
      1	8309
      1	8315
      2	8332
      1	8335
      1	8365
      2	8368
      1	8390
      1	8393
      3	8411
      1	8505
      1	8550
      1	8564
      1	8573
      1	8579
      1	8584
      1	8589
      2	8595
      1	8599
      4	8655
      1	8657
      1	8658
      1	8660
      1	8667
      1	8685
      3	8695
      1	8699
      1	8700
      1	8708
      2	8715
      1	8741
      2	8742
      1	8760
      2	8763
      1	8780
      1	8795
      1	8820
      1	8821
      1	8840
      1	8849
      1	8858
      1	8859
      2	8888
      1	8911
      4	8917
      2	8950
      3	8962
      1	9011
      2	9028
      1	9038
      1	9053
      1	9066
      2	9090
      1	9099
      5	9133
      3	9138
      1	9163
      1	9164
      1	9173
      2	9182
      3	9194
      4	9205
      1	9212
      1	9216
      5	9241
      1	9249
      1	9269
      1	9273
      1	9275
      2	9282
      2	9287
      2	9316
      1	9317
      1	9324
      1	9337
      2	9345
      1	9374
      1	9378
      1	9437
      1	9463
      1	9465
      1	9498
      1	9562
      2	9566
      1	9585
      1	9596
      1	9606
      2	9630
      1	9678
      1	9726
      1	9735
      1	9747
      1	9772
      2	9797
      1	9798
      1	9800
      1	9835
     42	9900
      1	9927
      1	9933
      1	9953
      2	9998
      3	10026
      1	10035
      1	10047
      1	10070
      1	10084
      1	10120
      1	10123
      1	10147
      1	10192
      1	10216
      1	10220
      1	10292
      1	10314
      1	10370
      1	10386
      1	10401
      1	10430
      1	10440
      1	10448
      1	10470
      2	10475
      1	10476
      4	10504
      1	10526
      1	10584
      3	10708
      1	10724
      1	10800
      1	10820
      1	10824
      6	10842
      2	10849
      1	10873
      1	10876
      1	10899
      1	10900
      2	10916
      2	10919
      5	10943
      6	10944
      1	10965
      1	10972
      1	10977
      1	10987
      1	10995
      1	11065
      8	11071
      2	11077
      1	11107
      8	11124
      1	11134
      1	11165
      2	11176
      1	11177
      1	11185
      2	11189
      1	11198
      2	11226
      1	11240
      1	11269
      1	11285
      1	11321
      1	11327
      1	11328
      1	11368
      1	11417
      1	11427
      1	11437
      1	11456
      1	11492
      1	11498
      1	11519
      1	11530
      1	11548
      1	11568
      1	11574
      1	11577
      3	11589
      1	11610
      1	11633
      1	11664
      1	11688
      1	11711
      2	11726
      1	11748
      2	11762
      1	11770
      2	11781
      1	11839
      2	11842
     10	11854
      1	11867
      2	11901
      2	11910
      3	11951
      4	11966
      1	11972
      1	12009
      1	12093
      1	12097
      1	12123
      2	12140
      1	12145
      1	12206
      2	12215
      1	12230
      1	12245
      1	12290
      1	12313
      1	12333
      1	12348
     21	12356
      2	12359
      2	12369
      1	12374
      2	12394
      1	12420
      1	12448
      1	12471
      1	12502
      2	12505
      1	12535
      1	12549
      4	12559
      6	12570
      1	12571
      1	12582
      1	12584
      1	12586
      1	12587
      1	12594
      1	12615
      1	12617
      1	12627
      1	12632
      2	12684
      2	12689
      2	12690
      3	12697
      2	12814
      1	12826
      1	12841
      1	12880
      1	12896
      3	12915
      1	12920
      2	12960
      1	12969
      1	13003
      1	13047
      1	13100
      1	13105
      1	13114
      8	13118
      4	13120
      1	13132
      1	13148
      1	13180
      1	13183
      1	13184
      1	13198
      1	13211
      1	13215
      3	13222
      1	13223
      1	13252
      1	13270
      1	13291
      1	13294
      1	13331
      1	13343
      1	13371
      1	13375
      1	13424
      1	13431
      2	13472
      1	13479
      1	13481
      1	13485
      1	13490
      1	13492
      2	13503
      1	13508
      1	13512
      2	13601
      1	13621
      1	13636
      2	13637
      1	13662
      1	13682
      1	13694
      1	13699
      1	13702
      1	13734
      2	13738
      3	13745
      1	13746
      1	13787
      1	13797
      1	13805
      1	13814
      1	13966
      1	13984
      1	13991
      1	14025
      2	14032
      1	14070
      1	14080
      1	14081
      1	14098
      1	14160
      1	14196
      1	14213
      1	14321
      1	14323
      3	14326
      1	14334
      1	14365
      1	14397
      1	14398
      3	14416
      2	14439
      1	14444
      1	14454
      1	14491
      1	14495
      1	14498
      1	14505
      2	14517
      1	14612
      1	14652
      1	14671
      1	14693
      3	14708
      1	14720
      2	14768
      1	14770
      1	14772
      1	14793
      1	14798
      2	14800
      1	14801
      1	14821
      1	14882
      1	14902
      1	14923
      1	14933
      1	14953
      2	14986
      1	14989
      1	15055
      1	15110
      1	15130
      2	15184
      1	15185
      1	15201
      1	15203
      1	15214
      2	15235
      2	15236
      1	15237
      1	15258
      4	15282
      1	15283
      2	15293
      1	15318
      2	15322
      1	15417
      1	15458
      1	15503
      1	15546
      2	15561
      1	15590
      1	15594
      3	15601
      1	15608
      1	15611
      1	15614
      1	15618
      1	15619
      1	15622
      1	15633
      1	15650
      1	15661
      1	15695
      3	15704
      1	15715
      3	15766
      1	15818
      1	15839
      1	15842
      1	15870
      1	15891
      1	15895
      1	15910
      1	15928
      1	15947
      1	15964
     19	15984
      1	16003
      1	16006
      1	16007
      1	16047
      1	16049
      2	16086
      1	16112
      1	16122
      1	16148
      1	16149
      1	16160
      1	16172
      1	16210
      4	16219
      1	16262
      2	16277
      1	16279
     14	16312
      1	16321
      1	16338
      1	16359
      1	16365
      1	16373
      1	16374
      1	16382
      1	16391
      1	16425
      1	16432
      1	16454
      1	16465
      2	16482
      1	16487
      2	16503
      1	16513
      1	16530
      4	16554
      1	16558
      1	16571
      1	16582
      1	16588
      1	16592
      1	16593
      1	16607
      1	16627
      1	16653
      2	16667
      1	16679
      1	16697
      2	16703
      1	16728
      3	16738
      1	16753
      2	16757
      1	16762
      2	16780
      2	16826
      1	16863
      1	16897
      1	16936
      1	16950
      1	16963
      1	16964
      1	16985
      1	17057
      1	17062
      2	17064
      1	17067
      1	17078
      1	17105
      1	17123
      2	17125
      2	17139
      2	17150
      1	17168
      1	17181
      2	17182
      1	17187
      1	17193
      3	17212
      1	17217
      1	17218
      4	17267
      1	17293
      1	17300
      1	17315
      1	17317
      1	17323
      1	17324
      1	17338
      1	17339
      2	17351
      1	17368
      1	17423
      1	17482
      1	17519
      1	17543
      2	17553
      1	17566
      1	17592
      3	17605
      1	17608
      1	17656
      2	17683
      3	17699
      1	17711
      1	17717
      1	17730
      1	17736
      1	17743
      2	17746
      1	17771
      1	17773
      1	17781
      1	17789
      1	17802
      1	17832
      1	17835
      1	17877
      1	17995
      2	18009
      1	18057
      1	18076
      2	18077
      2	18094
      1	18108
      1	18115
      1	18131
      2	18146
      1	18244
      1	18251
      1	18263
      1	18264
      1	18296
      1	18338
      1	18340
      1	18416
      1	18466
      1	18488
      1	18498
      1	18515
      3	18532
      2	18538
      3	18540
      1	18589
      1	18611
      1	18616
      1	18621
      4	18636
      1	18654
      2	18660
      1	18671
      1	18678
      4	18719
      1	18731
      1	18740
      1	18747
      1	18763
      1	18787
      2	18796
      1	18827
      1	18831
      2	18873
      2	18885
      1	18905
      2	18911
      2	18919
      1	18944
      1	18945
      1	18958
      1	18968
      1	18969
      1	18971
      1	18985
      1	19033
      2	19053
      1	19057
      1	19070
      1	19076
      1	19099
      3	19131
      1	19135
      5	19152
      1	19200
      2	19221
      1	19234
      1	19255
      1	19277
      3	19282
      1	19288
      1	19292
      1	19313
      1	19326
      1	19339
      1	19353
      1	19402
      1	19415
      1	19423
      2	19425
      1	19431
      1	19473
      2	19483
      1	19539
      1	19556
      1	19567
      1	19568
      1	19578
      1	19583
      1	19584
      2	19588
      1	19595
      1	19618
      2	19624
      1	19659
      1	19724
      1	19735
      1	19762
      1	19766
      2	19783
      1	19799
      1	19831
      3	19835
      1	19844
      1	19862
      2	19869
      1	19871
      9	19879
      5	19889
      1	19897
      1	19958
      1	19978
      2	19992
      1	19996
      1	20003
      1	20021
      1	20080
      1	20102
      4	20110
      1	20125
      1	20161
      2	20180
      1	20191
      1	20195
      3	20213
      1	20222
      1	20229
      2	20267
      1	20280
      3	20323
      1	20364
      1	20365
      1	20412
      2	20424
      1	20425
      1	20428
      1	20483
      1	20487
      1	20497
      1	20504
      1	20521
      1	20539
      1	20583
      2	20611
      1	20617
      1	20618
      1	20645
      1	20695
      2	20713
      1	20726
      1	20744
      1	20775
      1	20805
      1	20810
      2	20814
      1	20816
      1	20830
      1	20838
      1	20848
      1	20884
      1	20902
      1	20907
      1	20928
      1	20936
      1	20949
      1	20974
      1	20994
      2	21034
      1	21127
      1	21170
      2	21188
      1	21189
      1	21221
      1	21238
      1	21240
      1	21243
      1	21269
      1	21297
      1	21316
      1	21367
      1	21428
      1	21443
      1	21447
      1	21459
      1	21463
      1	21464
      1	21475
      1	21476
      2	21482
      1	21503
      2	21517
      1	21523
      1	21524
      1	21552
      1	21557
      2	21578
      1	21591
      1	21613
      1	21639
      1	21640
      1	21650
      1	21655
      1	21662
      1	21666
      1	21669
      1	21705
      1	21707
      1	21710
      1	21757
      1	21758
      1	21778
      1	21799
     28	21822
      1	21823
      1	21845
      2	21846
      2	21850
      2	21858
      3	21865
      1	21874
      1	21901
      1	21931
      1	21942
      1	21950
      1	21982
      2	22002
      1	22047
      1	22073
      1	22091
      1	22110
      2	22125
      3	22128
      9	22204
      1	22235
      1	22292
      1	22305
      4	22335
      1	22338
      1	22343
      2	22350
      1	22355
      1	22356
      5	22365
      1	22374
      1	22415
      2	22447
      1	22451
      1	22475
      2	22495
      2	22499
      2	22545
      1	22568
      1	22573
      1	22596
      2	22597
      1	22600
      1	22617
      4	22640
      1	22644
      1	22647
      1	22657
      1	22664
      1	22665
      1	22672
      1	22727
      1	22742
      2	22743
      1	22744
      2	22751
      1	22769
      1	22804
      1	22805
      2	22810
      3	22812
      1	22814
      1	22823
      3	22860
      1	22871
      4	22876
      2	22882
      1	22912
      1	22932
      1	22933
      1	22962
      2	22978
      1	23000
      2	23029
      1	23037
      1	23050
      1	23060
      1	23066
      1	23070
      1	23072
      1	23093
      2	23096
      1	23106
      1	23113
      1	23114
      1	23123
      1	23131
      1	23137
     10	23152
      2	23179
      1	23206
      1	23208
      1	23228
      1	23233
      1	23243
      3	23254
      1	23258
      1	23268
      1	23302
      1	23336
      1	23339
      1	23355
      1	23360
      1	23377
      2	23387
      1	23399
      1	23414
      1	23424
      1	23432
      1	23449
      1	23459
      1	23494
      3	23521
      1	23535
      2	23549
      3	23557
      1	23575
      2	23577
      2	23602
      1	23626
      1	23639
      1	23653
      1	23728
      2	23730
      1	23757
      1	23760
      1	23761
      1	23768
      1	23772
      1	23786
      1	23787
      1	23815
      1	23833
      2	23844
      2	23870
      1	23873
      1	23961
      1	23972
      1	23998
      1	24013
      2	24038
      1	24058
      1	24063
      1	24088
      1	24106
      2	24107
      1	24148
      1	24151
      1	24152
      1	24182
      1	24185
      4	24222
      1	24228
      1	24245
      1	24246
      1	24266
      1	24282
      1	24288
      1	24300
      2	24302
      1	24305
      1	24312
      2	24339
      1	24407
      6	24422
      1	24472
      1	24506
      1	24520
      1	24560
      2	24561
      1	24574
      1	24579
      1	24641
      3	24649
      2	24660
      1	24676
      1	24685
      2	24740
      1	24741
      2	24800
      1	24814
     15	24817
      1	24818
      1	24832
      1	24834
      1	24853
      3	24886
      1	24899
      1	24915
      1	24943
      2	24956
      5	24963
      1	24967
      1	25003
      1	25030
      2	25046
      1	25067
      1	25083
      3	25096
      1	25136
      1	25151
      2	25193
      2	25195
      1	25208
      1	25211
      1	25220
      1	25233
      3	25250
      2	25277
      1	25291
      1	25300
      1	25338
      1	25364
      1	25421
      1	25424
      1	25455
      1	25474
      1	25496
      1	25521
      1	25522
      1	25527
      3	25541
      1	25554
      2	25556
      1	25573
      1	25592
      2	25628
      1	25630
      2	25680
      3	25689
      2	25699
      1	25706
      1	25747
      2	25762
      1	25778
      1	25781
      2	25796
      1	25821
      1	25833
      1	25869
      1	25881
      3	25887
      1	25898
      2	25899
      1	25933
      2	25972
      1	25981
      1	25985
      2	25996
      1	26012
      2	26034
      8	26035
      1	26037
      1	26089
      1	26101
      1	26102
      1	26122
      1	26162
      1	26171
      2	26173
      1	26174
      2	26190
      1	26209
      1	26236
      2	26290
      1	26293
      1	26301
      1	26314
      1	26332
      1	26345
      1	26359
      2	26368
      1	26369
      1	26379
      3	26387
      1	26399
      1	26428
      2	26458
      1	26468
      1	26474
      1	26495
      2	26546
      1	26550
      1	26559
      2	26564
      1	26572
      1	26633
      1	26660
      1	26670
      1	26675
      1	26685
      1	26688
      1	26690
      1	26748
      1	26768
      1	26770
      1	26777
      1	26790
      3	26862
      1	26939
      1	26945
      1	26958
      1	26972
      2	27008
      1	27018
      1	27046
      2	27069
      1	27091
      1	27097
      1	27128
      1	27157
      1	27162
      1	27195
      1	27246
      1	27268
      1	27277
      1	27278
      1	27283
      1	27286
      1	27287
      1	27309
      1	27324
      2	27349
      1	27357
      2	27446
      1	27468
      3	27495
      3	27509
      2	27571
      1	27592
      2	27646
      1	27654
      1	27655
      1	27691
      1	27702
      3	27740
      1	27741
      1	27762
      1	27773
      2	27794
      2	27800
      1	27801
      1	27844
      1	27848
      1	27880
      1	27891
      1	27936
      1	27944
      1	27966
      1	27967
      1	28008
      1	28019
      1	28025
      1	28060
      1	28067
      3	28070
      1	28072
      1	28079
      1	28093
      1	28096
      1	28107
      1	28138
      2	28183
      1	28191
      1	28221
      2	28222
      1	28239
      1	28248
      1	28293
      1	28297
      1	28326
      1	28328
      1	28334
      1	28339
      1	28340
      1	28348
      1	28372
      1	28415
      1	28417
      1	28429
      1	28435
      1	28440
      1	28442
      1	28469
      1	28487
      1	28489
      3	28505
      1	28533
      1	28540
      1	28541
      1	28600
      1	28606
      1	28615
      1	28629
      1	28637
      1	28661
      1	28669
      1	28686
      1	28716
      1	28751
      2	28752
      1	28824
      1	28829
      1	28875
      1	28880
      3	28881
      1	28893
      1	28922
      1	28937
      1	28960
      2	28962
      1	28968
      1	28975
      1	29003
      1	29011
      1	29040
      3	29050
      1	29102
      1	29108
      1	29137
      1	29203
      2	29213
      1	29240
      2	29285
      3	29286
      1	29293
      1	29304
      1	29364
      2	29377
      9	29408
      1	29427
      1	29440
      1	29443
      2	29496
      1	29499
      1	29505
      2	29513
      2	29538
      1	29563
      1	29564
      3	29565
      2	29573
      1	29587
      2	29590
      7	29596
      2	29630
      2	29637
      1	29638
      1	29667
      1	29703
      3	29708
      1	29729
      1	29759
      1	29811
      1	29815
      1	29817
      1	29849
      1	29870
      1	29879
      1	29888
      2	29925
      1	29937
      1	29948
      2	29958
      1	29962
      1	29989
      1	30007
      1	30032
      1	30054
      1	30064
      1	30066
      1	30099
      2	30109
      1	30114
      1	30116
      1	30118
      1	30153
      1	30167
      2	30169
      1	30216
      4	30224
      1	30242
      1	30246
      1	30261
      1	30284
      1	30294
      1	30315
      1	30335
      1	30359
      1	30362
      1	30363
      3	30388
      1	30389
      1	30401
      1	30476
      3	30501
      1	30524
      1	30548
      2	30555
      1	30565
      1	30613
      2	30676
      1	30704
      1	30708
      1	30748
      1	30771
      1	30776
      1	30783
      1	30804
      1	30817
      1	30824
      1	30847
      2	30857
      2	30860
      3	30866
      1	30880
      1	30886
      1	30903
      1	30913
      2	30916
      1	30954
      1	30968
      1	30983
      1	31006
      1	31013
      1	31025
      1	31048
      1	31080
      2	31086
      1	31090
      1	31097
      1	31105
      1	31140
      1	31143
      2	31144
      2	31166
      3	31170
      1	31174
      1	31193
      1	31209
      2	31210
      1	31219
      3	31223
      1	31241
      1	31242
      1	31244
      4	31249
      1	31251
      1	31264
      1	31276
      1	31289
      1	31300
      1	31321
      1	31322
      1	31323
      2	31375
      1	31388
      1	31562
      2	31563
      2	31574
      1	31608
      2	31613
      1	31619
      1	31651
      1	31654
      1	31656
      1	31666
      1	31667
      2	31688
      1	31691
      1	31707
      1	31716
      1	31718
      3	31764
      1	31777
      1	31783
      2	31796
      1	31813
      1	31833
      1	31842
      1	31872
      1	31915
      2	31937
      1	31948
      1	31965
      2	31969
      2	31972
      2	31973
      1	31975
      2	31979
      1	32021
      1	32023
      1	32085
      1	32092
      3	32099
      4	32113
      1	32124
      1	32125
      4	32137
      2	32141
      1	32191
      1	32230
      5	32266
      3	32334
      1	32384
      2	32392
      2	32405
      1	32431
      1	32446
      1	32476
      1	32498
      1	32501
      1	32517
      1	32572
      1	32574
      2	32594
      1	32603
      1	32624
      1	32639
      1	32640
      1	32646
      3	32657
      1	32679
      3	32687
      1	32705
      2	32720
      1	32754
      1	32773
      4	32781
      1	32792
      2	32793
      1	32795
      1	32809
      1	32831
      1	32851
      1	32855
      1	32871
      7	32907
      4	32911
      1	32912
      1	32915
      1	32923
      1	32925
      1	32927
      3	32951
      1	32958
      1	32966
      2	32979
      1	32980
      1	33042
      1	33059
      1	33060
      1	33069
      1	33080
      1	33116
      1	33119
      3	33143
      1	33159
      1	33162
      1	33178
      1	33249
      2	33263
      1	33264
      1	33277
      2	33291
      1	33292
      3	33293
      1	33327
      1	33329
      1	33337
      2	33369
      1	33388
      1	33392
      1	33396
      1	33400
      3	33416
      1	33461
      1	33470
      1	33484
      1	33491
      1	33500
      1	33520
      1	33551
      1	33563
      1	33565
      1	33569
      1	33580
      1	33586
      2	33598
      3	33600
      2	33611
      1	33668
      1	33669
      1	33674
      1	33681
      1	33687
      1	33700
      1	33704
      1	33758
     16	33768
      1	33787
      1	33805
      1	33825
      1	33865
      1	33875
      1	33876
      1	33886
      1	33887
      1	33909
      1	33965
      1	34001
      1	34037
      1	34070
      1	34073
      1	34110
      1	34117
      1	34166
      2	34173
      1	34179
      1	34191
     10	34219
      1	34237
      1	34241
      1	34248
      2	34254
      1	34255
     18	34261
      1	34262
      1	34264
      1	34275
      1	34278
      1	34311
      3	34333
      2	34356
      1	34373
      1	34391
      2	34392
      1	34401
      1	34411
      2	34414
      2	34428
      1	34437
      3	34452
      2	34457
      1	34482
      2	34546
      1	34548
      1	34574
      1	34579
      1	34587
      1	34617
      1	34635
      1	34641
      1	34669
      1	34678
      4	34680
      2	34689
      1	34705
     10	34721
      1	34745
      1	34750
      1	34758
      2	34759
      2	34763
      1	34775
      1	34778
      1	34794
      1	34809
      1	34813
      2	34828
      1	34903
      1	34921
      1	34949
      1	34981
      1	35067
      1	35070
      2	35072
      1	35086
      1	35087
      1	35122
      1	35177
      1	35183
      1	35190
      1	35194
      1	35223
      1	35263
      1	35298
      1	35308
      1	35325
      1	35329
      1	35373
      5	35376
      1	35395
      1	35397
      1	35425
      2	35447
      1	35471
      1	35482
      2	35509
      1	35536
      1	35544
      1	35557
      1	35563
      1	35591
      7	35601
      1	35613
      1	35617
      1	35659
      1	35666
      1	35667
      1	35669
      2	35671
      1	35727
      2	35745
      1	35757
      1	35765
      3	35780
      1	35782
      2	35798
      1	35812
      1	35820
      1	35822
      1	35830
      1	35852
      3	35867
      1	35873
      2	35915
      1	35929
      1	35993
      2	36012
      3	36018
      1	36062
      2	36089
      2	36090
      1	36101
      1	36110
      1	36150
      1	36157
      2	36212
      2	36231
      1	36252
      1	36301
      2	36309
      1	36334
      1	36359
      1	36377
      1	36392
      1	36421
      1	36423
      1	36434
      1	36437
      1	36468
      3	36534
      1	36559
      1	36578
      1	36584
      1	36640
      1	36651
      1	36656
      1	36715
      1	36736
      1	36747
      1	36757
      1	36765
      1	36769
      1	36806
      1	36810
      1	36811
      2	36833
      1	36851
      1	36870
      1	36874
      3	36904
      1	36924
      1	36933
      1	36951
      2	36953
      1	36970
      1	36987
      1	36991
      1	37000
      1	37007
      1	37017
      1	37032
      1	37033
      1	37037
      1	37117
      2	37127
      1	37159
      1	37161
      2	37218
      1	37237
      3	37266
      1	37277
      1	37281
      1	37285
      3	37307
      1	37315
      1	37354
      1	37355
      2	37382
      1	37387
      1	37407
      1	37425
      2	37438
      1	37460
      1	37477
      1	37479
      1	37503
      5	37514
      1	37558
      1	37559
      1	37562
      1	37566
      1	37581
      1	37594
      3	37610
      1	37611
      3	37617
      1	37625
      4	37640
      1	37651
      1	37725
      1	37726
      1	37735
      1	37744
      1	37746
      1	37748
      1	37769
      1	37795
      1	37822
      1	37828
      3	37856
      2	37867
      1	37873
      1	37885
      1	37906
      1	37916
      1	37918
      1	37922
      2	37967
      1	37980
      2	38012
      1	38019
      1	38034
      1	38110
      3	38136
      1	38149
      1	38158
      1	38160
      2	38190
      2	38194
      1	38206
      1	38215
      1	38236
      4	38244
      1	38273
      1	38297
      1	38311
      1	38315
      1	38333
      1	38347
      1	38349
      1	38356
      1	38392
      1	38398
      1	38408
      1	38412
      1	38422
      1	38445
      1	38447
      2	38480
      1	38483
      2	38484
      1	38501
      1	38556
      3	38570
      1	38613
      1	38632
      3	38640
      1	38643
      1	38673
      2	38676
      2	38696
      1	38714
      1	38727
      1	38745
      1	38793
      3	38796
      1	38813
      1	38835
      1	38853
      1	38854
      1	38855
      1	38897
      2	38905
      1	38951
      1	39052
      1	39057
      1	39059
      1	39087
      1	39095
      1	39103
      1	39127
      1	39175
      1	39190
      1	39217
      1	39249
      1	39250
      2	39257
      1	39265
      1	39281
      1	39284
      1	39301
      4	39307
      5	39311
      3	39328
      1	39366
      1	39371
      1	39377
      1	39383
      1	39406
      2	39417
      3	39419
      1	39440
      2	39441
      1	39458
      2	39472
      1	39533
      1	39540
      1	39555
      1	39569
      1	39571
      1	39588
      1	39624
      1	39646
      1	39650
      3	39669
      1	39674
      1	39696
      1	39721
      1	39734
      1	39736
      1	39737
      1	39747
      1	39766
      1	39818
      1	39832
      1	39857
      1	39871
      2	39932
      2	39948
      1	39964
      1	39973
      1	39984
      1	39992
      1	40007
      2	40040
      1	40057
      1	40067
      2	40083
      1	40111
      2	40132
      1	40144
      1	40172
      1	40199
      2	40211
      1	40252
      1	40258
      1	40270
      1	40313
      1	40319
      1	40325
      2	40345
      1	40362
      1	40412
      1	40432
      1	40445
      1	40454
      1	40465
      1	40473
      1	40483
      1	40506
      1	40518
      1	40522
      1	40548
      1	40562
      2	40564
      1	40574
      1	40580
      1	40610
      2	40619
      1	40667
      1	40694
      1	40709
      1	40720
      1	40740
      2	40749
      2	40772
      1	40795
      1	40804
      1	40890
      3	40953
      2	40955
      1	40957
      1	40973
      1	40975
      1	41015
      1	41030
      1	41051
      2	41065
      1	41072
      1	41106
      1	41111
      5	41121
      1	41142
      1	41149
      2	41165
      1	41171
      1	41185
      2	41192
      3	41241
      2	41242
      2	41269
      1	41284
      1	41361
      1	41372
      1	41375
      3	41376
      1	41378
      1	41401
      2	41415
      1	41438
      1	41457
      1	41495
      1	41523
      3	41566
      1	41582
      1	41620
      1	41632
      1	41643
      1	41664
      1	41703
      1	41720
      1	41738
      5	41748
      1	41776
      2	41782
      2	41829
      1	41843
      1	41849
     12	41861
      1	41867
      1	41888
      1	41898
      1	41912
      2	41917
      1	41940
      1	41966
      1	42052
      1	42078
      1	42085
      1	42086
      1	42095
      1	42112
      1	42164
      1	42197
      1	42200
      2	42204
      1	42218
      1	42234
      1	42238
      1	42251
      1	42257
      1	42262
      3	42277
      1	42329
      3	42346
      1	42354
      2	42371
      1	42377
      1	42404
      1	42405
      1	42409
      1	42436
      1	42460
      2	42489
     10	42525
      3	42534
      1	42537
      1	42565
      1	42597
      1	42636
      2	42640
      1	42651
      1	42669
      1	42679
      1	42688
      1	42723
      2	42744
      1	42763
      1	42766
      2	42772
      5	42778
      1	42789
      1	42797
     23	42810
      1	42852
      1	42864
      1	42915
      1	42926
      1	42938
      1	42983
      1	42988
      1	42997
      1	43019
      2	43048
      1	43051
      1	43066
      1	43080
      2	43090
      2	43109
      1	43146
      1	43148
      1	43158
      1	43162
      1	43168
      2	43169
      1	43173
      1	43208
      1	43214
      1	43229
      1	43255
      1	43272
      1	43282
      1	43286
      1	43317
      1	43322
      2	43336
      4	43343
      2	43419
      1	43443
      1	43528
      1	43559
      1	43578
      3	43605
      1	43626
      1	43669
      1	43688
      5	43710
      2	43714
      2	43745
      4	43756
      1	43769
      1	43785
      2	43803
      1	43805
      2	43822
      1	43827
      3	43832
      1	43840
      1	43849
      1	43859
      2	43910
      1	43918
      1	43931
      4	43941
      1	43943
      1	43945
      1	43974
      1	43985
      1	44001
      1	44002
      2	44020
      1	44021
      1	44034
      3	44046
      2	44087
      1	44102
      1	44117
      5	44139
      1	44141
      1	44148
      2	44150
      1	44181
      2	44207
      4	44228
      1	44258
      3	44300
      1	44339
      2	44358
      1	44360
      1	44365
      1	44380
      2	44386
      1	44390
      1	44406
      1	44437
      1	44439
      2	44457
      1	44470
      1	44500
      1	44505
      7	44519
      1	44520
      1	44536
      2	44550
      1	44551
      1	44589
      1	44605
      3	44645
      3	44672
      5	44691
      1	44716
      1	44726
      1	44758
      2	44763
      1	44770
      1	44826
      2	44833
      4	44855
      3	44885
      2	44915
      4	44936
      1	44948
      2	44952
      1	44966
      1	45000
      5	45002
      1	45010
      1	45055
      1	45070
      1	45089
      3	45140
      2	45182
      2	45225
      1	45243
      1	45284
      4	45324
      3	45349
      2	45383
      1	45418
      1	45448
      1	45450
      2	45457
      1	45459
      2	45466
      1	45472
      2	45487
      1	45548
      1	45550
      1	45554
     21	45570
      1	45571
      1	45572
      1	45583
      1	45587
      1	45623
      1	45627
      1	45631
      1	45635
      2	45664
      3	45706
      1	45726
      1	45769
      1	45777
      2	45778
      2	45781
      1	45783
      1	45843
      1	45875
      1	45934
      1	45943
      1	45959
      1	45962
      2	45969
      3	45978
      1	46006
      1	46060
      1	46092
      2	46094
      1	46118
      1	46123
      2	46134
      2	46138
      1	46139
      1	46142
      2	46190
      1	46197
      1	46232
      1	46247
      2	46273
      1	46282
      1	46295
      1	46357
      1	46395
      1	46426
      1	46482
      2	46489
      1	46498
      1	46505
      1	46549
      1	46589
      1	46627
      1	46642
      1	46645
      1	46664
      4	46667
      1	46676
      1	46677
      1	46695
      1	46713
      1	46717
      1	46733
      1	46741
      1	46743
      1	46753
      1	46762
      1	46774
      1	46776
      1	46787
      1	46789
      1	46805
      1	46808
      2	46813
      1	46880
      2	46884
      1	46889
      1	46919
      2	46950
      4	46995
      1	47037
      3	47038
      2	47053
      1	47060
      1	47062
      2	47110
      2	47137
      2	47154
      1	47161
      1	47312
      1	47351
      1	47359
      1	47361
      2	47364
      2	47380
     24	47384
      1	47401
      3	47429
      1	47437
      1	47478
      1	47481
      1	47597
      1	47598
      1	47634
      1	47643
      1	47648
      1	47655
     10	47660
      1	47690
      3	47700
      1	47718
      1	47721
      1	47731
      3	47739
      1	47774
      1	47827
      2	47846
      4	47853
      1	47858
      1	47869
      2	47873
      2	47882
      1	47890
      1	47891
      1	47905
      1	47941
     23	47952
      1	47958
      1	48005
      1	48015
      1	48049
      1	48086
      1	48100
      2	48128
      1	48135
      1	48143
      1	48164
      1	48181
      1	48223
      1	48251
      1	48274
      2	48280
      3	48289
      1	48316
      2	48339
      4	48348
      4	48367
      1	48369
      3	48410
      1	48416
      1	48458
      1	48476
      1	48493
      1	48500
      1	48529
      5	48539
      2	48540
      1	48542
      2	48560
      2	48562
      2	48573
      4	48577
      1	48591
      1	48651
      1	48666
      2	48675
      2	48694
      3	48708
      1	48718
      2	48726
      1	48744
      2	48764
      1	48768
      1	48773
      1	48832
      1	48834
      6	48860
      1	48884
      2	48887
      1	48918
      2	48921
      3	48936
      3	48943
      1	48950
      1	48992
      1	49011
      1	49030
      3	49140
      1	49164
      1	49196
      1	49218
      1	49272
      3	49282
      1	49296
      2	49301
      1	49305
      1	49360
      2	49362
      1	49411
      1	49431
      1	49469
      3	49470
      2	49484
      1	49519
      1	49532
      2	49536
      1	49538
      1	49553
      2	49569
      2	49590
      2	49620
      1	49631
      1	49644
      1	49650
      1	49667
      1	49682
      1	49692
      1	49710
      1	49722
      1	49726
      1	49727
      3	49732
      1	49748
      1	49758
      3	49814
      1	49815
      1	49843
      1	49853
      1	49855
      1	49884
      1	49919
      2	49922
      1	49941
      2	49947
      3	49958
      1	49966
      1	49971
      1	49982
      2	49991
      1	50031
      1	50041
      1	50046
      1	50055
      1	50072
      2	50087
      1	50148
      1	50169
      1	50170
      1	50176
      1	50182
      1	50197
      1	50210
      1	50235
      1	50240
      1	50262
      1	50290
      1	50308
      1	50313
      1	50384
      1	50387
      1	50394
      1	50400
      1	50450
      1	50456
      1	50494
      1	50508
      1	50511
      1	50515
      1	50517
      2	50522
      1	50527
      3	50541
      1	50565
      1	50578
      1	50584
      5	50594
      1	50613
      1	50657
      1	50660
      2	50663
      4	50668
      2	50694
      1	50719
      1	50720
      1	50721
      1	50727
      1	50777
      1	50821
      1	50874
      1	50884
      1	50911
      1	50938
      1	50940
      1	50951
      2	50992
      1	51003
      1	51044
      1	51047
      1	51055
      1	51061
      1	51107
      1	51115
      1	51120
      1	51175
      1	51217
      2	51239
      1	51246
      1	51294
      2	51306
      1	51314
      3	51315
      1	51342
      1	51354
      1	51365
      1	51378
      2	51392
      1	51400
      1	51445
      1	51454
      2	51478
      4	51524
      1	51525
      1	51533
      1	51539
      3	51544
      1	51628
      1	51669
      1	51740
      1	51748
      1	51757
      1	51799
      2	51817
      2	51839
      2	51841
      1	51855
      3	51857
      2	51863
      1	51881
      7	51959
      1	51983
      1	51996
      1	51999
      2	52022
      2	52029
      1	52046
      1	52061
      1	52064
      1	52077
      1	52100
      1	52118
      2	52121
      1	52133
      1	52164
      1	52181
      1	52188
      1	52223
      1	52266
      1	52307
      1	52335
      3	52370
      1	52390
      1	52412
      2	52414
      1	52440
      1	52444
      6	52445
      1	52476
      1	52493
      1	52543
      1	52563
      1	52581
      1	52625
      1	52633
      9	52648
      1	52650
      1	52680
      1	52705
      1	52709
      1	52731
      2	52758
      2	52774
      1	52792
      3	52797
      2	52811
      1	52831
      1	52848
      1	52862
      1	52863
      1	52897
      2	52908
      1	52918
      1	52955
      2	52981
      1	53000
      1	53007
      1	53020
      1	53033
      6	53043
      1	53103
      1	53116
      2	53188
      1	53224
      1	53237
      1	53242
      2	53275
      1	53280
      1	53287
      1	53288
      1	53294
      1	53317
      1	53319
      1	53341
      1	53349
      2	53357
      1	53368
      1	53381
      1	53384
      3	53385
      1	53398
      1	53401
      2	53403
      1	53439
      1	53480
      1	53517
      1	53521
      1	53538
      1	53554
      1	53583
      2	53599
      1	53618
      1	53642
      1	53674
      1	53683
      1	53732
      1	53739
      2	53767
      1	53782
      2	53790
      1	53799
      1	53824
     42	53832
      1	53833
      1	53835
      1	53846
      2	53857
      1	53862
      1	53885
      1	53899
      1	53902
      1	53933
      1	53936
      4	53957
      1	53971
      1	53976
      1	53977
      1	54013
      1	54014
      2	54051
      1	54059
      3	54066
      1	54098
      1	54126
      1	54146
      1	54175
      1	54220
      1	54239
      1	54275
      2	54281
      1	54285
      1	54290
      1	54311
      1	54312
      5	54338
      2	54351
      1	54387
      1	54395
      1	54405
      1	54419
      1	54425
      2	54430
      1	54434
      1	54459
      2	54474
      2	54487
      2	54494
      1	54546
      1	54557
      1	54560
      1	54563
      1	54628
      4	54632
      1	54689
      1	54692
      1	54707
      2	54720
      2	54726
      2	54745
      1	54748
      1	54769
      1	54770
      1	54801
      1	54840
      1	54841
      4	54842
      2	54847
      2	54891
      2	54894
      1	54902
      1	54916
      1	54923
      1	54960
      1	54992
      1	55002
      1	55018
      1	55028
      2	55094
      1	55174
      1	55177
      1	55197
      2	55217
      1	55224
      1	55231
      2	55238
      1	55265
      1	55301
      6	55305
      1	55347
      1	55360
      2	55377
      2	55424
      1	55460
      1	55466
      2	55475
      4	55486
      1	55515
      1	55535
      1	55561
      1	55583
      1	55587
      3	55616
      1	55629
      1	55646
      1	55665
      2	55668
      1	55676
      1	55682
      1	55693
      1	55772
      1	55796
      1	55815
      2	55818
      1	55821
      1	55824
      2	55847
      1	55857
      1	55860
      1	55910
      1	55916
      2	55920
      1	55987
      1	56015
      1	56038
      1	56070
      1	56075
      2	56084
      1	56086
      2	56097
      1	56189
      1	56263
      1	56316
      1	56339
      1	56340
      1	56348
      1	56363
      1	56369
      3	56386
      1	56399
      1	56434
      6	56452
      1	56463
      1	56469
      1	56511
      1	56517
      1	56526
      2	56530
      1	56533
      1	56550
      1	56600
      2	56604
      1	56629
      1	56631
      1	56650
      1	56658
      1	56698
      1	56705
      1	56736
      4	56743
      1	56758
      1	56782
      3	56823
      1	56845
      4	56855
      1	56872
      1	56894
      2	56913
      1	56947
      2	56956
      4	56962
      2	56964
      1	56972
      1	57023
      1	57040
      1	57050
      1	57074
      1	57130
      1	57154
      1	57177
      4	57211
      1	57269
      1	57274
      1	57296
      7	57310
      1	57325
      2	57332
      1	57341
      1	57367
      1	57374
      1	57449
      2	57464
      1	57514
      1	57555
      1	57559
      1	57629
      1	57666
      1	57711
      1	57716
      1	57735
      1	57769
      1	57815
      1	57834
      1	57853
      1	57868
      1	57877
      1	57882
      7	57923
      1	57957
      1	57974
      1	57981
      3	57985
      1	58038
      1	58040
      1	58051
      2	58081
      1	58100
      1	58102
      1	58105
      1	58109
      2	58140
      2	58150
      1	58158
      1	58193
      1	58202
      2	58210
      1	58217
      1	58229
      1	58312
      2	58341
      1	58351
      3	58383
      1	58425
      4	58445
      1	58452
      1	58488
      1	58514
      3	58519
      1	58530
      1	58555
      1	58566
      6	58569
      1	58574
      1	58578
      1	58594
      1	58621
      3	58680
      2	58682
      1	58716
      1	58718
      1	58723
      3	58735
      1	58746
      1	58766
      1	58772
      2	58778
      1	58800
      1	58808
      1	58814
      3	58860
      1	58872
      1	58879
      2	58880
      1	58925
      1	58928
      2	58947
      1	58958
      2	59009
      1	59012
      1	59013
      2	59016
      1	59017
      1	59064
      1	59107
      1	59122
      1	59139
      1	59140
      1	59145
      1	59183
      1	59231
      2	59250
      1	59293
      1	59340
      2	59383
      1	59417
      4	59438
      6	59603
      1	59609
      2	59685
      1	59693
      2	59701
      1	59726
      1	59728
      1	59737
      1	59759
      1	59803
      1	59833
      1	59841
      1	59851
      1	59852
      1	59887
      1	59908
      1	59926
      1	59940
      1	59948
      1	60002
      2	60025
      1	60029
      1	60031
      1	60069
      1	60105
      2	60136
      1	60150
      1	60155
      1	60165
      1	60184
      1	60185
      1	60204
      2	60205
      1	60210
      1	60215
      1	60216
      1	60242
      1	60265
      1	60287
      2	60292
      1	60347
      2	60354
      1	60357
      2	60378
      1	60393
      1	60407
      1	60421
      1	60441
      2	60474
      2	60501
      2	60542
      1	60546
      3	60557
      5	60572
      1	60599
      2	60630
      2	60631
      1	60653
      2	60670
      1	60698
      1	60709
      1	60724
      1	60767
      1	60774
      1	60793
      1	60801
      1	60811
      1	60820
      1	60880
      1	60887
      2	60893
      1	60900
      2	60928
      2	60932
      1	60942
      1	60969
      2	60971
      1	60988
      1	61026
      1	61027
      1	61031
      1	61032
      2	61033
      1	61048
      1	61074
      2	61080
      2	61105
      4	61121
      2	61138
      2	61147
      3	61152
      3	61154
      1	61177
      1	61188
      1	61191
      3	61195
      1	61226
      3	61230
      1	61245
      1	61261
      1	61288
      1	61316
      1	61322
      1	61323
      1	61330
      1	61336
      1	61346
      1	61423
      1	61440
      1	61444
      1	61446
      1	61487
      1	61511
      1	61514
      1	61531
      1	61548
      4	61635
      1	61636
      5	61641
      1	61670
      1	61683
      2	61700
      1	61731
      1	61733
      1	61751
      1	61753
      1	61755
      1	61764
      1	61766
      1	61767
      1	61777
      1	61809
      1	61885
      1	61889
      3	61890
      1	61928
      1	61951
      1	61961
      1	61990
      4	61999
      3	62002
      1	62042
      1	62053
      1	62096
      1	62106
      1	62114
      1	62122
      5	62159
      1	62162
      1	62191
      1	62199
      2	62207
      1	62236
      1	62241
      1	62279
      1	62288
      2	62290
      1	62296
      1	62311
      1	62377
      1	62391
      1	62394
      1	62433
      1	62440
      1	62454
      1	62465
      2	62467
      2	62530
      1	62534
      2	62557
      1	62563
      2	62599
      1	62618
      1	62625
      1	62637
      1	62663
      2	62667
      3	62697
      1	62707
      1	62753
      1	62794
      1	62796
      3	62808
      2	62813
      1	62830
      1	62834
      1	62835
      1	62892
      4	62927
      2	62930
      3	62954
      1	62956
      3	62965
      3	62988
      1	62991
      2	63016
      1	63031
      1	63039
      1	63047
      1	63079
      3	63130
      4	63146
      1	63158
      1	63159
      1	63163
      1	63178
      1	63201
      1	63248
      1	63259
      1	63274
      2	63283
      1	63314
      1	63339
      1	63343
      1	63357
      1	63364
      1	63381
      1	63392
      1	63409
      3	63421
      1	63475
      1	63480
      1	63496
      1	63498
      1	63514
      3	63537
      1	63550
      1	63566
      1	63630
      1	63646
      1	63656
      1	63684
      2	63718
      5	63743
      1	63782
      1	63825
      1	63837
      1	63849
      1	63859
      1	63912
      2	63950
      1	63981
      1	63992
      2	63997
      5	63999
      1	64020
      1	64032
      2	64043
      2	64066
      1	64090
      1	64138
      1	64140
      2	64153
      1	64163
      4	64171
      1	64178
      1	64182
      1	64187
      2	64194
      1	64212
      1	64244
      1	64283
      1	64294
      1	64340
      1	64362
      1	64382
      1	64396
      1	64402
      1	64441
      1	64443
      2	64458
      1	64466
      1	64473
      1	64503
      4	64504
      2	64523
      1	64530
      1	64541
      1	64545
      2	64550
      1	64581
      1	64583
      1	64598
      2	64601
      1	64603
      3	64623
      1	64688
      2	64695
      1	64706
      1	64720
      1	64751
      1	64760
      2	64798
      2	64800
      2	64807
      1	64814
      1	64822
      2	64895
      2	64937
      2	64970
      2	64981
      1	64992
      1	65008
      1	65046
      1	65066
      1	65069
      1	65073
      2	65080
      1	65086
      1	65103
      1	65106
      1	65117
      1	65119
      1	65136
      1	65162
      2	65176
      2	65186
      2	65201
      2	65207
      1	65209
      1	65212
      1	65224
      1	65234
      1	65252
      1	65273
      3	65277
      1	65296
      1	65328
      1	65338
      2	65355
      1	65373
      2	65378
      1	65381
      1	65401
      2	65403
      1	65414
      1	65416
      1	65432
      1	65453
      1	65455
      1	65458
      1	65462
      2	65506
