      1	91
      1	148
      1	482
      1	512
      1	531
      1	538
      3	590
      5	1070
      2	1158
      8	1229
      7	1366
      1	1505
      1	1888
      1	1955
      1	2093
      2	2342
      1	2388
      1	2566
      1	2848
      1	3083
      1	3765
      1	4034
      2	4336
      1	4596
      1	4652
      1	4664
      1	4820
      1	5011
      1	5030
      1	5261
      1	5287
      1	5291
      1	5441
      2	5475
      1	5640
      1	5830
      1	5905
      1	6124
      2	6128
      1	6226
      1	6275
      2	6425
      3	6497
      2	6710
      1	6748
      1	7289
      1	7481
      1	7485
      1	7746
      7	7815
      3	7817
      1	7869
      2	7970
      1	8057
      1	8105
      2	8172
      1	8219
      1	8281
      1	8289
      1	8312
      1	8354
      3	8657
      6	8754
      1	8782
      1	8838
      1	8944
      1	9011
      1	9174
      1	9182
      2	9234
      1	9273
      1	9327
      2	9632
      1	9705
      2	9912
      1	10020
      1	10030
      2	10123
      4	10214
      1	10245
      1	10476
      1	10673
      7	10724
      1	10762
      1	10791
      2	10950
      4	11071
      1	11297
      1	11321
      3	11336
      1	11580
      1	11606
      1	11612
      1	11967
      1	11969
      1	12072
      2	12260
      2	12397
      1	12585
      2	12684
      1	12709
      1	12818
      2	12819
      1	12851
      1	12860
      1	12862
      1	13074
      1	13162
      1	13198
      1	13312
      1	13335
      1	13444
      2	13490
      1	13724
      1	13871
      1	13945
      1	14184
      1	14540
      1	14711
      1	14996
      1	15056
      1	15147
      1	15263
      1	15293
      1	15458
      1	15535
      1	15561
      1	15671
      3	15816
      1	15875
      1	15892
      2	15984
      1	16276
      1	16620
      1	16663
      1	17005
      1	17062
      1	17089
      1	17228
      1	17282
      1	17369
      1	17439
      2	17557
      1	17613
      1	17628
      1	17743
      1	17944
      1	17968
      1	18179
      2	18230
      1	18348
      5	18567
      1	18631
      1	18675
      2	18746
      2	18811
      1	19305
      1	19475
      1	19522
      1	19779
      1	19900
      3	20008
      1	20140
      1	20191
      1	20250
      1	20349
      1	20445
      1	20489
      1	20611
      1	20682
      3	20827
      1	20870
      1	20922
      1	20997
      5	21102
      1	21180
      1	21251
      1	21256
      1	21271
      1	21293
      2	21346
      2	21610
      1	21650
      1	21722
      1	22010
      1	22138
      1	22365
      1	22374
      1	22547
      1	22743
      2	22859
      1	23052
      1	23309
      2	23456
      1	23577
      1	23589
      1	23599
      1	24230
      1	24334
      1	24356
      1	24469
      1	24570
      2	24750
      2	24800
      1	24871
      3	25024
      1	25073
      1	25096
      1	25162
      1	25278
      4	25358
      1	25575
      1	25781
      1	25837
      1	25857
      1	25960
      1	25980
      3	26135
      1	26207
      2	26290
      8	26327
      2	26458
      1	26795
      1	26805
      1	26857
      1	27259
      1	27272
      1	27296
      1	27432
      1	27443
      1	27509
      1	27880
      1	27995
      2	28012
      1	28130
      1	28151
      1	28175
      1	28272
      1	28523
      1	28651
      3	28679
      1	28824
      2	28885
      1	28929
      1	28960
      1	29311
      1	29433
      1	29538
      1	29614
      1	29653
      2	29945
      1	30257
      1	30450
      1	30544
      2	30591
      1	30613
      1	31308
      1	31397
      1	31455
      1	31732
      3	31751
      1	31864
      1	31904
      1	32032
      1	32313
      1	32621
      1	32657
      1	32983
      1	33337
      1	33465
      1	33472
      1	33991
      1	34007
      1	34066
      2	34179
      3	34452
      1	34457
      1	34737
      1	34773
      1	35212
      1	35223
      1	35545
      1	35591
      1	35613
      1	35667
      2	35835
      1	35949
      1	35961
      1	36030
      1	36163
      1	36363
      5	36368
      1	36710
      1	36810
      1	36981
      1	37016
      2	37052
      1	37062
      1	37124
      1	37271
      1	37355
      1	37358
      2	37474
      1	37640
      1	37743
      4	37867
      1	38021
      2	38236
      1	38367
      2	38398
      1	38439
      2	38582
      1	38659
      5	38839
      1	38888
      1	39032
      1	39072
      2	39075
      2	39212
      1	39265
      1	39702
      2	39868
      1	39948
      1	40132
      1	40152
      1	40209
      1	40387
      1	40460
      1	40519
      1	40533
      1	40971
      1	41496
      2	41723
      2	41771
      1	41791
      2	42571
      1	42686
      1	42723
      1	42991
      1	43091
      1	43856
      1	43900
      1	44365
      1	44389
      1	44663
      2	44777
      1	44961
      1	45284
      1	45368
      1	45457
      2	45464
      1	45778
      1	45821
      1	46019
      1	46417
      1	46595
      1	46827
      1	47016
      1	47126
      1	47311
      1	47486
      1	48252
      1	48317
      1	48354
      1	48412
      1	48466
      3	48760
      1	48870
      1	49015
      1	49361
      1	49383
      2	49458
      1	49598
      4	49607
      1	49844
      2	50001
      1	50072
      1	50300
      1	50413
      1	51028
      1	51073
      3	51183
      1	51272
      1	51385
      4	51394
      2	51819
      3	51959
      1	52054
      1	52141
      5	52181
      1	52273
      5	52358
      1	52414
      1	52457
      3	52895
      3	53044
      4	53066
      1	53146
      1	53243
      1	53329
      1	53746
      1	53869
      1	53947
      2	53996
      1	54196
      2	54745
      5	54811
      1	54888
      1	55118
      2	55198
      1	55217
      2	55408
      1	55496
      4	55562
      1	55565
      1	55608
      1	55674
      1	55818
      1	56027
      1	56028
      3	56647
      1	56762
      1	56847
      1	57074
      1	57136
      1	57250
      1	57388
      1	57503
      3	57719
      1	57896
      1	58222
      1	58569
      1	59001
      1	59003
      1	59134
      2	59304
      1	59571
      2	60295
      1	60344
      1	60557
      1	60581
      4	60774
      1	60793
      1	60847
      1	61287
      1	61398
      3	61445
      1	61759
      1	61761
      2	61787
      1	61881
      1	62119
      1	62183
      1	62266
      5	62318
      2	62377
      1	62664
      1	62715
      1	62761
      1	62808
      1	63024
      1	63027
      1	63072
      3	63363
      1	63398
      1	63509
      7	63743
      1	63812
      1	63872
      1	64205
      1	64286
      1	64459
      2	64504
      1	64622
      1	64637
      1	64794
      4	64995
      1	65328
