      9	11
      1	22
      7	29
      1	35
      1	41
      5	45
      1	47
      1	54
      1	71
      6	77
      3	86
      2	97
      3	100
      1	114
      1	121
      1	127
      1	139
     12	162
      1	172
      1	202
      3	222
      3	233
      1	244
      1	259
      1	262
      1	269
      1	285
      2	307
      3	322
      1	333
      1	336
      2	363
      1	365
      2	366
      1	367
      1	368
      1	433
      3	436
      1	462
      1	474
      3	475
      1	481
      1	482
      1	509
      3	515
      3	524
      1	528
      3	531
      1	537
      9	538
      3	567
      1	590
      5	593
      2	596
      1	607
      1	632
     11	664
      1	667
      1	681
      1	686
      1	690
      1	702
      3	708
      1	709
      7	722
      2	725
      1	749
      2	753
      1	754
     10	758
      6	767
      5	770
      1	774
      2	777
      1	778
     11	779
      1	782
      1	793
      1	796
      2	808
      5	813
      3	823
      1	832
      1	837
      1	842
      5	851
      1	863
     11	865
      1	867
      1	877
      6	880
      2	895
      1	904
      3	926
      2	976
      1	980
      1	1016
      1	1020
      3	1038
      1	1042
      2	1046
      1	1060
      2	1068
      2	1070
      2	1079
      1	1088
      1	1112
      1	1142
      2	1144
      1	1154
      1	1172
      4	1173
      1	1184
      1	1185
      3	1219
      1	1230
      2	1232
     11	1248
      4	1261
      2	1264
      3	1285
      4	1288
      1	1293
      1	1317
      2	1330
      1	1353
      1	1354
      2	1357
      1	1361
      3	1366
      1	1371
      1	1386
      1	1387
      1	1392
      1	1398
      2	1402
      1	1405
      3	1418
      1	1421
      1	1450
      2	1471
      4	1475
      5	1497
      3	1505
      2	1508
      1	1511
      1	1518
      5	1532
      3	1552
      1	1554
      2	1558
      4	1588
      1	1601
      2	1616
      1	1642
      3	1645
      1	1653
      9	1656
      5	1662
      1	1673
      1	1690
      1	1702
      3	1734
      3	1738
      1	1742
      1	1762
      1	1785
      4	1818
      1	1841
      4	1848
      1	1859
      1	1866
      8	1872
      4	1873
      1	1877
      6	1886
      1	1907
      1	1913
      3	1914
      1	1918
      1	1923
      1	1961
      1	1976
      1	1990
      1	1996
      1	1998
      2	2020
      1	2021
      1	2031
      1	2050
      5	2051
     25	2057
      1	2065
      4	2077
     11	2087
      7	2090
     40	2093
      1	2113
      3	2125
      2	2131
      1	2151
      1	2158
      1	2175
      6	2188
      1	2206
      1	2225
     10	2251
      1	2263
      1	2267
      1	2279
      2	2280
      1	2356
      1	2382
      1	2395
      1	2408
      7	2417
      1	2431
      1	2452
      1	2470
      4	2471
      4	2474
     10	2475
      1	2484
      1	2485
      1	2510
      3	2532
      1	2559
      7	2566
      1	2574
      1	2579
      1	2586
      1	2587
      4	2589
      1	2595
      1	2609
      2	2613
      1	2614
      2	2637
      2	2683
     11	2688
      1	2700
      1	2718
      4	2743
      1	2760
      1	2761
      3	2774
      1	2775
      4	2795
      1	2804
      4	2817
      2	2819
      1	2836
      1	2845
      1	2853
      1	2867
      1	2872
      3	2889
      3	2916
      1	2925
      1	2934
      2	3003
      8	3004
      1	3005
      2	3014
      8	3020
      2	3028
      1	3033
      1	3050
      4	3058
      2	3093
      1	3101
      2	3102
      1	3109
      1	3110
      1	3114
      1	3116
      5	3124
      2	3126
      1	3143
      1	3147
      1	3190
      1	3191
      6	3204
      1	3207
      4	3213
      1	3221
      1	3227
      1	3231
      3	3243
      1	3252
      1	3256
      1	3272
      3	3275
      1	3279
      1	3281
      1	3305
      1	3322
      2	3328
      8	3351
      1	3360
      1	3376
      1	3388
      3	3406
      3	3425
      1	3427
      1	3431
      1	3434
      1	3448
      2	3479
      9	3486
      6	3493
      1	3506
      1	3509
      1	3514
      1	3519
      1	3526
      1	3529
      2	3538
      2	3551
     11	3552
      1	3564
      5	3572
      2	3577
      1	3583
      1	3584
      2	3594
      1	3595
      4	3607
      1	3617
      1	3625
      1	3645
      2	3648
      1	3671
      1	3689
     19	3690
      1	3699
      5	3708
      1	3709
      3	3732
      2	3737
      9	3745
      1	3750
      3	3764
      1	3777
      1	3781
      1	3792
      1	3799
      1	3819
      1	3824
      5	3830
      4	3842
      2	3850
      3	3872
      1	3874
      1	3890
      1	3893
      1	3916
      6	3932
      2	3948
      1	3964
      1	3967
      1	3995
      3	4001
      1	4020
      3	4034
      1	4043
      1	4055
      5	4064
      5	4086
      1	4098
      5	4106
     28	4109
      2	4127
      1	4134
      1	4143
      1	4152
      1	4174
      3	4187
      1	4223
      2	4224
      1	4226
      1	4238
      3	4240
      1	4279
      2	4286
      3	4293
      5	4308
      4	4318
      5	4336
      3	4345
      5	4368
      2	4379
      3	4388
      1	4391
      1	4395
      2	4417
      1	4418
      1	4423
      1	4436
      1	4442
      1	4445
      4	4447
      1	4466
      1	4469
      2	4473
      1	4480
      1	4489
      1	4502
      1	4510
      2	4523
      1	4541
      1	4544
      2	4546
      2	4581
      1	4597
      3	4604
      1	4606
      1	4620
      1	4634
      1	4640
      1	4641
      5	4652
      8	4664
      1	4681
      2	4683
     13	4732
      2	4748
      2	4754
      1	4760
      5	4780
      1	4787
      6	4790
      1	4800
      1	4856
      1	4869
      2	4870
      2	4876
      1	4888
      1	4899
      1	4913
      1	4917
     21	4926
      2	4928
     11	4930
      1	4942
      1	4951
      1	4959
      1	4967
      6	4969
      1	4976
      1	4979
      2	4993
      1	5021
      3	5023
      3	5026
      2	5029
      2	5030
      1	5066
      1	5098
      2	5116
      2	5122
      6	5161
      2	5174
      1	5187
      1	5195
      5	5208
      2	5215
      5	5219
      3	5222
      2	5253
      3	5260
     13	5287
      1	5297
      1	5315
      1	5330
      1	5337
      1	5402
      4	5430
      1	5432
      2	5449
      1	5457
     18	5475
      2	5482
      1	5497
     10	5510
      1	5522
      1	5541
      1	5542
      2	5565
      1	5595
      2	5598
      2	5613
      1	5627
      4	5637
      3	5640
      1	5652
      2	5686
      2	5697
      1	5728
     12	5731
      1	5736
      1	5761
      2	5768
      1	5770
      1	5778
      4	5792
      2	5817
      3	5819
      6	5820
      3	5823
      1	5825
      1	5832
      1	5837
      2	5848
      1	5851
      1	5852
      4	5874
      1	5875
     17	5876
      1	5887
      2	5907
      1	5915
      1	5927
      3	5930
      1	5946
      1	5963
      1	5989
      2	5995
      4	6012
      1	6023
      3	6031
      1	6032
     19	6045
      1	6055
      2	6057
      1	6058
      1	6072
      3	6073
      1	6085
      2	6098
      2	6101
      1	6108
      3	6117
      5	6128
      1	6150
      1	6156
      4	6175
      2	6179
      1	6180
      6	6183
      2	6197
      1	6215
      1	6217
      6	6226
      1	6247
      4	6275
      2	6276
      1	6277
      2	6289
      1	6290
      3	6293
      1	6299
      1	6336
      1	6338
      1	6347
      1	6356
      1	6358
      1	6365
      4	6366
      1	6375
      1	6377
      5	6393
      3	6394
      5	6396
      2	6403
      1	6417
      1	6429
      3	6439
      1	6488
      1	6491
     10	6494
      2	6497
      1	6512
      2	6518
      1	6523
      7	6530
      1	6555
      1	6558
     13	6575
      1	6583
      1	6584
      3	6596
      8	6599
      1	6603
      2	6611
      1	6614
      2	6622
      1	6626
      2	6629
      2	6635
      1	6647
      1	6678
      6	6691
      1	6694
      1	6700
      1	6717
      1	6727
      1	6746
      2	6767
      1	6778
      4	6805
      1	6806
      1	6833
      1	6856
      1	6860
      1	6895
      1	6896
      1	6899
      3	6915
      1	6920
      2	6964
     24	6980
      1	6988
      1	6995
      2	7002
      7	7013
      1	7034
      1	7037
      2	7042
      1	7044
      1	7069
      1	7080
      1	7109
      8	7113
      1	7124
      1	7167
      2	7181
      2	7182
      2	7186
      1	7189
      4	7211
      1	7229
      1	7271
      1	7278
      1	7289
      1	7296
      1	7301
      1	7346
      1	7353
      2	7356
      1	7359
      2	7369
      3	7386
     13	7403
      2	7409
      1	7422
      1	7452
      1	7462
      8	7466
      1	7472
      1	7479
      1	7485
      1	7496
      2	7520
      1	7558
      1	7572
      2	7579
      1	7586
      3	7612
      1	7620
      1	7646
      1	7647
      1	7650
      5	7651
      1	7665
      1	7695
      2	7702
      1	7713
      3	7720
      1	7746
      1	7765
      1	7774
      1	7778
      1	7795
      1	7798
      1	7815
      2	7820
      1	7834
      4	7843
      1	7862
      1	7871
      9	7876
      2	7881
      1	7886
      2	7920
      1	7926
      5	7935
      3	7942
     32	7970
      2	7981
      1	7993
      1	8009
     11	8011
      1	8012
      7	8014
      2	8016
      1	8017
      1	8031
      1	8036
      1	8051
      1	8054
      1	8062
      3	8076
      2	8101
      1	8119
     15	8121
      2	8123
      1	8129
      1	8167
     17	8172
      1	8185
      9	8201
      1	8236
      1	8239
      2	8264
      9	8281
      1	8293
      1	8296
      1	8308
      2	8312
      2	8313
      1	8332
      1	8336
      2	8364
      1	8370
      1	8376
      1	8395
      1	8432
      4	8444
      2	8476
      1	8492
      1	8500
      8	8515
      1	8534
      1	8535
      5	8560
      1	8564
      1	8567
      1	8583
      5	8589
     10	8599
      5	8617
      1	8639
      2	8642
      1	8645
      2	8652
      3	8657
      1	8658
      1	8659
      1	8700
      1	8707
      1	8709
      4	8736
      6	8760
      3	8764
      1	8774
     14	8782
      2	8799
      1	8826
      1	8827
      1	8859
      1	8872
      1	8887
      4	8891
      1	8900
      1	8901
      1	8906
      3	8934
      1	8937
      1	8940
      2	8944
      3	8954
     10	8956
      3	8962
      1	8964
      1	8976
      1	8978
     14	8983
      3	8987
      1	9006
      1	9009
      1	9016
      1	9032
      1	9041
      1	9057
      1	9058
      2	9080
      3	9109
      1	9119
      5	9121
      1	9139
      5	9143
      1	9149
      6	9152
      1	9164
      1	9167
      1	9174
      1	9178
      3	9182
      3	9188
      1	9211
      2	9214
      1	9217
      2	9232
      4	9234
      2	9240
      1	9241
      1	9259
      1	9284
      1	9301
      8	9304
      8	9317
      4	9327
     25	9345
      2	9347
      1	9351
      3	9391
      1	9397
      1	9399
      5	9411
      1	9428
      3	9435
      2	9445
      1	9462
      2	9468
      1	9474
      1	9477
      1	9483
      4	9484
      8	9486
     11	9498
      2	9502
      1	9537
      1	9542
      1	9544
      2	9545
      2	9546
      1	9556
      1	9562
      1	9568
      1	9572
      1	9587
      1	9593
      1	9621
      2	9653
      1	9713
      2	9735
      1	9764
      3	9765
      1	9773
      4	9793
      1	9795
      2	9797
      1	9805
      3	9812
      2	9819
      1	9821
      5	9824
      1	9826
      1	9830
      1	9843
      4	9872
      4	9873
      1	9885
      1	9886
      1	9888
      8	9900
      3	9911
      1	9919
      1	9921
      3	9965
      1	9966
      1	9993
      1	9999
     18	10026
      1	10028
      1	10037
      1	10050
     11	10059
      2	10062
      1	10072
      3	10075
      1	10077
      3	10104
      1	10121
      1	10124
      3	10181
      1	10191
      1	10202
      1	10214
      5	10216
      6	10241
      7	10245
      1	10275
      2	10280
      1	10286
      2	10314
      1	10317
      1	10321
      3	10346
      1	10349
      7	10389
      1	10410
      2	10422
      1	10427
      3	10443
      6	10447
      1	10454
      1	10456
      2	10516
      2	10520
      2	10545
      1	10570
      3	10576
      1	10605
      1	10609
      6	10610
      1	10617
      2	10624
      1	10645
      1	10649
      1	10652
      3	10659
      1	10673
      1	10696
      4	10704
      2	10710
      1	10721
     26	10724
      3	10732
      1	10739
     11	10744
      2	10750
      2	10759
      1	10762
      1	10807
      1	10864
      5	10875
      1	10876
      1	10880
      1	10893
      1	10905
      1	10914
      2	10916
      1	10941
      3	10942
      7	10950
      3	10974
      1	10987
      1	10999
      1	11012
      1	11016
      1	11048
      1	11052
      3	11075
      1	11088
      1	11095
      1	11103
      3	11125
      1	11135
      1	11146
      1	11160
      2	11189
      1	11226
      4	11230
      1	11291
     10	11297
      4	11307
      3	11308
      1	11317
      2	11321
      1	11345
      1	11354
      1	11358
      7	11382
      1	11385
      1	11394
      1	11410
      2	11419
      1	11433
      7	11439
      1	11480
     10	11490
      1	11494
      1	11506
      1	11515
     12	11524
      1	11525
      7	11535
      1	11546
      5	11548
      1	11562
      2	11569
     20	11584
      1	11612
      2	11621
      1	11623
      1	11650
      1	11652
      1	11662
      1	11676
      1	11680
      1	11701
      1	11710
      1	11742
      1	11743
      1	11748
      1	11749
      4	11750
      9	11751
      1	11754
      3	11759
      1	11781
      2	11800
      2	11821
      3	11837
      2	11876
      2	11893
      1	11926
      1	11930
      9	11951
     21	11964
     14	11967
      3	11994
      1	11995
      2	12005
      1	12027
      2	12043
      2	12050
      1	12054
      2	12088
      1	12091
      2	12123
      1	12188
      1	12189
      2	12208
      1	12222
      6	12245
      1	12253
      1	12257
      1	12259
      1	12260
      1	12288
      1	12295
      3	12320
      1	12330
      5	12334
      1	12339
      1	12350
      9	12356
      2	12364
      1	12374
      2	12394
     14	12397
      3	12405
      5	12420
      6	12435
      3	12444
      2	12447
      3	12450
      1	12500
     17	12505
      2	12510
      2	12525
      1	12545
      1	12570
      1	12579
      2	12584
      5	12597
      4	12603
      1	12622
      1	12623
      1	12649
     15	12684
      1	12689
      2	12696
      1	12705
      3	12708
      2	12711
      2	12712
      1	12743
      1	12755
      7	12762
      1	12782
      1	12786
      1	12792
      2	12804
      1	12809
      2	12811
      5	12814
      1	12818
      1	12819
      2	12826
      1	12848
      1	12851
      1	12865
      1	12874
      1	12881
      1	12886
      5	12915
      1	12922
      1	12933
      1	12936
      2	12942
      1	12946
      3	12952
      1	12960
      3	12975
      4	12989
      1	13003
     11	13008
      1	13017
      5	13024
      1	13025
      3	13026
      3	13049
      1	13053
      4	13074
      4	13076
      1	13094
     18	13118
      2	13136
      3	13153
      5	13166
      1	13184
      1	13186
      2	13194
      1	13203
      2	13217
      3	13231
      1	13238
      1	13244
      1	13247
      3	13252
      1	13261
      7	13273
      1	13288
      1	13299
      3	13300
      2	13315
      1	13321
      1	13329
      1	13335
      1	13382
      1	13387
      4	13388
      1	13390
      3	13402
      1	13403
      2	13413
      3	13416
      1	13421
      5	13423
      1	13430
      1	13437
      1	13450
     10	13481
      2	13489
      3	13490
      1	13499
      1	13512
      1	13515
      1	13517
      1	13519
      1	13529
      1	13532
      1	13533
      1	13545
      2	13554
      1	13562
      2	13567
      6	13572
      1	13581
      5	13594
      1	13600
      1	13602
      1	13611
      1	13625
      2	13653
      1	13655
      2	13672
      2	13678
      1	13682
      1	13685
      2	13699
      4	13724
      6	13738
      1	13745
      2	13768
      5	13771
      2	13783
      1	13790
      8	13806
      4	13839
      6	13871
      1	13879
      2	13891
      1	13901
      1	13945
      1	13952
      3	13954
      1	13964
      2	14033
      2	14050
      2	14052
      4	14053
      3	14074
      3	14083
      1	14103
      1	14105
      1	14110
      4	14111
      1	14112
      3	14127
      5	14128
      1	14132
      1	14137
      2	14149
      1	14155
      2	14166
      1	14171
      2	14177
      2	14188
      1	14213
      1	14214
      1	14256
      2	14271
      1	14275
      8	14287
      2	14290
      2	14305
      1	14312
      2	14326
      2	14332
      1	14335
      1	14340
      2	14352
      1	14356
      1	14361
      1	14375
      7	14385
      2	14389
      4	14392
      1	14401
      1	14408
      1	14417
      1	14457
      3	14465
      1	14466
      2	14472
      1	14475
      3	14494
      7	14506
      2	14509
      1	14513
      7	14540
      2	14550
      1	14553
      3	14565
      1	14578
      8	14606
      3	14619
      8	14626
      1	14629
      1	14648
      1	14652
      1	14661
      2	14665
      1	14666
      1	14677
      2	14708
      1	14710
      1	14711
      2	14720
      3	14768
      1	14770
      1	14771
      1	14787
      2	14790
      1	14791
      2	14793
      1	14795
      1	14819
      1	14857
      1	14877
      1	14883
      2	14906
      2	14923
      1	14939
      1	14940
      1	14962
      3	14986
      1	14990
      3	15029
      3	15033
      1	15035
      2	15038
      1	15050
      2	15070
      1	15071
      2	15072
      4	15088
      2	15092
      1	15104
      1	15106
      1	15112
      1	15119
      1	15131
      1	15135
      4	15147
      7	15164
     12	15183
      2	15198
      1	15203
      1	15205
      3	15217
      1	15225
      1	15236
      1	15256
      1	15260
      1	15261
      2	15271
      2	15278
      2	15282
      7	15293
      2	15303
      1	15310
      1	15317
      6	15328
      1	15335
      1	15344
      2	15353
      3	15355
      6	15361
      1	15372
      1	15386
      2	15399
      1	15407
      1	15414
      1	15438
      2	15440
      1	15443
      4	15458
      2	15479
      2	15515
      2	15516
      2	15530
      5	15535
      3	15558
      1	15590
      5	15593
      2	15599
      3	15604
      3	15605
      3	15619
      4	15621
      1	15650
      1	15666
      1	15674
      1	15684
      1	15702
      2	15703
      1	15719
      5	15748
      1	15783
      3	15789
      1	15818
      1	15856
      2	15868
      1	15889
      1	15896
      2	15923
      1	15925
      1	15951
      1	15952
      1	15955
      1	15958
      1	15977
      1	15982
      3	15984
     17	15985
     20	16007
      2	16015
      1	16016
      2	16017
      1	16020
      1	16023
      1	16036
      3	16047
      1	16055
      2	16077
      1	16084
      2	16089
      1	16108
      1	16110
      5	16112
     13	16148
      1	16151
      3	16153
      1	16184
      4	16188
      1	16192
      1	16195
      2	16200
      1	16201
      1	16202
      1	16241
      1	16247
      2	16254
      1	16264
      3	16276
      1	16277
      2	16278
      1	16285
      2	16294
      1	16311
      1	16312
      1	16315
      3	16321
      1	16339
      1	16354
     13	16368
      1	16375
      1	16377
      2	16400
      2	16414
      3	16442
      3	16461
      1	16465
      1	16468
      1	16475
      1	16482
     16	16503
      1	16508
     10	16532
      6	16554
      1	16581
      2	16597
      1	16602
      1	16605
      8	16614
      1	16616
      4	16620
     22	16628
      1	16644
      1	16672
      2	16679
      2	16704
      1	16715
      1	16717
      3	16728
     10	16738
      1	16744
      1	16754
      2	16785
      1	16792
      2	16805
      4	16806
      1	16827
      3	16839
      1	16852
      4	16862
      1	16887
      1	16916
      1	16924
      1	16929
      1	16931
      1	16934
      1	16940
      1	16960
      2	17017
      8	17018
      1	17019
      8	17027
      2	17062
      1	17066
      3	17072
      6	17105
      1	17125
      1	17131
      1	17136
      1	17138
      1	17139
      4	17164
      2	17178
      1	17185
      1	17198
      1	17207
     15	17210
     21	17214
      2	17220
     13	17225
      1	17233
      1	17246
      1	17259
     17	17267
     10	17282
      1	17293
      1	17314
      1	17315
      1	17323
      2	17331
      2	17333
     27	17338
      1	17340
      6	17341
      1	17343
      8	17352
      1	17354
      3	17393
      2	17414
      1	17425
      2	17426
      1	17454
      1	17465
      6	17474
      1	17487
      1	17495
      1	17502
      5	17540
      1	17558
      1	17560
      1	17572
      1	17586
      3	17592
      1	17610
      2	17613
      2	17624
      2	17632
      1	17642
      1	17668
      2	17699
      6	17736
      1	17744
      3	17763
      1	17771
     14	17773
      1	17801
      2	17807
      1	17813
      3	17817
      1	17829
      1	17863
      5	17864
      2	17879
      1	17880
     15	17895
      1	17901
      3	17916
      1	17918
      1	17928
      1	17949
     23	17975
      3	17989
      4	17990
      1	17993
      9	18003
      1	18010
      1	18040
      1	18056
      3	18069
      2	18083
      1	18109
      1	18114
      2	18123
      1	18131
      2	18142
      1	18147
      2	18166
      2	18178
      7	18179
      2	18186
      7	18219
      1	18221
      1	18244
      1	18259
      1	18279
      1	18334
      1	18340
      4	18348
      2	18352
      2	18353
      1	18356
      1	18357
      1	18364
      1	18396
      5	18402
      1	18413
      1	18442
      2	18444
      1	18447
      1	18455
      1	18472
      4	18495
      1	18496
      2	18504
      1	18518
      1	18522
      1	18562
      1	18567
      1	18572
      1	18575
      1	18589
      8	18590
      1	18613
      8	18636
      1	18660
      1	18666
      1	18676
      1	18677
      1	18681
      2	18688
      3	18696
      4	18720
      1	18747
      1	18749
      1	18768
      7	18770
      1	18777
      1	18781
      2	18791
      1	18792
      1	18842
      3	18857
      4	18885
      2	18905
      2	18907
      1	18918
      2	18919
      1	18925
      1	18928
      1	18932
      2	18937
      2	18962
      1	18966
      8	18992
      4	19016
      3	19049
      2	19066
      2	19113
      1	19124
      1	19150
      1	19151
      1	19188
      1	19198
      3	19212
      3	19221
      1	19223
      2	19226
      1	19248
      1	19259
      1	19268
      1	19269
      1	19271
      1	19313
      2	19319
      1	19335
      1	19336
      4	19339
      1	19345
      1	19355
      1	19371
      1	19375
      1	19411
      1	19422
      1	19483
      1	19511
      2	19513
      2	19539
      1	19543
      1	19549
      2	19568
      2	19572
      3	19578
      1	19580
     11	19582
      7	19585
      1	19586
      7	19588
      1	19597
     10	19616
     15	19622
      1	19638
      2	19641
      1	19645
      1	19650
      1	19690
      1	19692
      2	19707
      1	19713
      1	19752
      3	19757
      1	19775
      2	19779
      2	19790
      1	19802
      3	19816
      5	19825
      2	19830
      1	19854
      2	19862
      1	19869
      1	19879
      1	19891
      7	19904
      3	19911
      3	19919
      1	19928
      1	19929
      2	19944
      1	19954
      1	19955
      8	19976
      7	19991
      1	19995
      1	20003
      2	20024
      2	20081
      1	20102
      2	20144
      1	20151
      2	20156
      6	20162
      1	20170
      3	20172
      3	20191
      1	20195
      1	20206
      2	20213
      3	20267
     20	20268
      1	20273
      2	20287
      1	20307
      1	20318
     24	20323
      1	20344
      2	20346
      2	20390
      1	20397
      1	20406
      1	20414
      3	20422
      1	20444
      2	20480
      4	20483
      1	20487
      2	20504
      3	20515
      1	20528
      1	20577
      1	20583
      3	20599
      4	20611
      1	20626
      3	20647
      3	20649
      2	20658
      1	20660
      1	20678
      1	20683
      1	20687
      5	20713
      2	20721
      1	20736
      1	20740
      1	20747
      1	20748
      1	20757
      1	20766
      1	20772
      1	20785
      7	20800
      2	20808
      1	20814
      7	20827
      1	20837
      1	20855
      3	20865
      2	20871
      1	20882
      1	20887
      3	20915
      4	20922
      2	20926
      6	20955
      2	20991
      1	20992
      8	20994
      5	20997
      1	21018
      1	21022
      6	21034
      1	21042
      1	21045
      1	21058
      1	21060
      5	21079
      4	21082
      1	21115
      1	21135
      1	21158
      2	21163
      1	21164
     18	21180
      1	21203
      4	21231
      1	21247
      1	21258
      1	21266
      2	21271
      1	21272
      3	21276
      1	21300
      2	21303
      3	21312
      1	21318
      5	21319
      1	21329
      1	21346
     13	21378
      1	21393
      1	21394
      2	21400
      2	21423
      1	21428
      1	21466
      2	21470
      4	21471
      3	21476
      2	21492
      1	21505
      1	21532
      1	21538
      3	21552
      1	21563
      1	21588
      2	21591
      2	21606
      8	21623
      2	21625
      7	21628
      8	21647
      3	21650
      1	21655
      3	21665
      1	21666
      1	21681
      2	21693
      1	21733
      1	21752
      3	21766
      1	21776
      1	21790
      2	21791
      1	21799
      3	21800
      1	21812
      3	21814
     18	21822
      2	21866
      2	21882
     11	21892
     11	21911
      1	21919
      1	21920
      3	21926
      1	21933
      2	21939
      1	21989
     12	22010
      1	22012
      4	22027
      3	22070
      2	22077
      1	22086
      1	22094
      3	22097
      3	22098
      1	22131
      1	22134
      3	22140
      3	22164
      1	22188
      2	22194
      7	22204
      9	22206
      1	22226
      1	22227
      1	22241
      1	22244
      1	22270
      1	22280
      1	22292
      1	22295
      1	22300
      4	22305
      2	22306
      1	22329
      1	22335
      1	22347
      2	22348
      4	22365
      1	22367
      1	22381
      1	22384
      2	22391
      5	22417
      1	22426
      1	22427
      2	22436
      2	22445
     35	22447
     35	22451
      1	22457
      1	22481
      2	22515
      1	22516
      1	22532
      1	22556
      1	22557
      1	22573
      1	22590
      1	22601
      1	22625
      2	22626
      4	22631
      3	22633
      3	22643
      2	22653
      2	22654
      2	22664
      1	22670
      5	22675
      3	22682
      7	22713
      1	22716
      1	22722
      1	22742
      3	22744
      3	22759
      2	22775
      1	22792
      1	22807
      8	22812
      1	22827
      2	22829
      2	22866
      2	22867
      1	22882
      1	22893
      1	22901
      5	22902
      4	22905
      1	22910
      1	22939
      1	22948
     14	22970
      1	22974
      1	22977
      7	22980
      8	23013
      3	23015
      2	23023
      7	23029
      1	23030
      6	23033
      5	23050
      2	23052
      1	23060
      1	23061
      1	23074
      3	23092
      1	23094
      2	23096
      1	23112
      7	23114
      2	23130
      2	23131
      1	23146
      9	23166
      2	23179
      1	23181
      1	23183
      1	23193
      1	23210
      1	23216
      8	23219
      1	23221
      1	23234
      1	23255
      2	23258
      1	23309
      1	23311
      1	23313
      1	23321
      1	23341
      1	23343
      1	23351
      3	23352
      2	23353
      1	23360
      1	23370
      1	23377
      3	23385
      2	23399
      1	23405
      1	23410
      2	23418
      1	23435
      1	23436
      1	23443
      4	23449
      2	23453
      3	23463
      1	23472
      1	23487
      1	23513
      1	23522
      9	23526
      1	23549
      3	23572
      2	23574
     10	23577
      2	23585
      1	23589
      1	23596
      1	23606
      1	23611
      1	23614
      1	23619
      1	23623
      1	23626
      3	23638
      1	23652
      3	23653
      1	23655
      1	23670
      1	23680
      1	23689
      1	23709
      1	23720
      2	23741
      4	23764
      4	23775
      1	23787
      2	23790
      1	23811
      1	23820
      1	23822
      1	23828
      1	23833
      1	23839
      2	23847
      1	23857
      1	23861
      2	23870
      1	23881
      1	23900
      1	23959
      1	23990
      1	24006
      4	24014
      1	24038
      1	24052
      2	24054
      9	24058
      1	24067
      1	24068
      1	24071
      1	24092
      1	24097
      1	24111
      1	24114
      3	24117
      1	24135
      4	24136
      1	24150
      1	24158
      1	24172
      1	24175
      1	24182
      2	24227
      1	24245
      1	24289
      1	24302
      1	24312
      2	24334
      1	24339
      3	24345
      2	24353
      2	24356
      1	24367
      4	24376
      5	24384
      4	24394
      1	24401
      5	24412
      2	24429
      1	24445
      1	24451
      1	24458
      2	24464
      1	24466
     15	24469
      1	24479
      4	24506
      1	24516
      1	24519
      1	24525
      1	24570
      2	24574
      1	24613
      1	24623
      1	24645
      3	24672
      1	24680
      2	24685
      1	24691
      1	24695
      1	24696
      2	24716
      1	24724
      1	24738
      1	24741
      2	24757
      1	24766
      1	24767
      1	24789
      4	24794
      1	24800
      2	24804
      1	24807
     13	24817
      7	24818
      1	24826
      9	24839
      1	24849
      1	24906
      2	24914
      1	24941
      5	24947
      1	24950
     20	24990
      1	24992
      1	24995
      3	25014
      1	25021
      1	25031
      1	25062
      1	25083
      2	25085
      1	25087
      4	25096
      2	25100
      1	25101
      2	25116
      2	25125
      3	25129
      1	25133
      4	25140
      1	25141
      1	25156
      7	25163
      2	25198
      1	25224
      3	25233
      2	25240
      3	25242
      1	25267
      1	25276
      1	25293
      1	25302
      1	25312
      2	25321
      1	25325
     10	25338
      1	25398
      5	25439
      1	25445
      2	25455
      3	25461
      1	25465
      1	25468
      1	25469
      1	25489
      3	25491
      1	25509
      1	25512
      1	25519
      3	25527
      1	25543
      1	25549
      1	25552
      3	25563
      3	25573
      3	25595
      2	25620
      1	25654
      2	25660
      3	25661
      4	25663
      1	25678
      4	25683
      1	25685
     11	25689
      1	25700
      2	25708
      5	25714
      1	25725
      1	25730
      1	25755
      3	25774
      1	25785
      1	25789
      1	25808
      1	25810
      3	25813
      2	25816
      1	25830
      2	25857
      4	25891
      2	25894
     10	25899
      1	25900
      1	25933
      1	25941
      1	25944
      2	25953
      1	25970
      1	25979
      3	25985
      1	26001
      5	26002
      1	26005
      1	26037
      3	26043
      2	26045
      1	26065
      1	26068
      1	26069
      1	26070
      1	26107
     23	26111
      1	26114
      2	26135
      1	26163
      8	26171
      1	26184
      3	26202
      4	26207
      1	26219
      4	26240
      1	26244
      1	26246
      5	26249
      1	26260
      1	26266
      1	26279
      1	26289
     13	26290
      1	26296
      1	26299
      1	26306
      1	26345
      1	26349
      1	26356
      2	26359
      1	26365
      2	26368
      1	26371
      1	26399
      2	26416
      1	26418
      1	26433
      2	26435
      3	26444
      7	26458
      2	26460
      1	26464
      1	26466
      1	26470
      1	26475
      1	26489
      2	26496
      1	26497
      1	26525
      1	26544
      2	26556
      1	26563
      5	26564
      1	26565
      3	26583
      1	26641
      2	26644
      1	26661
      1	26666
      1	26680
      4	26685
      1	26709
      1	26711
      1	26714
      1	26725
      1	26729
      1	26739
      3	26748
     17	26777
      2	26791
      1	26796
      1	26798
      1	26805
      4	26806
      2	26826
      3	26828
      1	26837
      1	26838
      2	26857
      1	26866
      1	26882
      2	26899
      1	26921
      2	26927
      6	26940
      4	26959
      1	26964
      1	26993
      1	27018
      1	27021
     25	27039
      1	27043
      1	27052
      1	27069
      1	27073
      1	27078
      1	27084
      2	27097
      2	27105
      1	27120
      1	27148
      1	27151
      1	27157
      2	27171
      2	27191
     36	27218
      1	27228
      1	27229
      1	27230
      1	27231
      1	27241
      1	27245
      1	27246
      1	27247
      7	27257
      1	27259
      8	27263
      2	27272
      3	27285
      5	27286
      1	27289
      1	27302
      1	27305
      2	27310
      1	27317
      1	27323
      1	27324
      1	27349
      2	27350
      1	27353
      4	27357
      1	27361
      3	27382
      3	27384
      1	27396
      1	27401
      2	27409
      2	27411
      1	27413
      1	27425
      1	27429
      2	27443
      1	27462
      3	27467
      1	27469
      2	27478
     11	27495
      2	27509
     11	27519
      1	27529
      1	27530
      1	27546
      2	27552
      2	27563
      3	27579
      2	27586
      1	27587
      1	27596
      1	27603
      1	27615
      1	27652
      1	27681
      1	27698
      1	27724
      3	27726
      2	27731
      1	27771
      1	27775
      2	27784
      1	27790
      2	27822
      1	27825
      3	27828
      1	27830
      2	27856
      7	27867
      4	27873
      4	27880
      1	27882
      2	27920
      1	27940
      6	27944
      1	27954
      3	27959
      2	27966
      1	27973
      1	27974
      1	27990
      3	27991
      2	27995
      1	28008
      1	28010
     12	28012
      3	28015
      1	28025
      1	28027
      3	28034
      1	28035
      1	28049
      1	28051
      1	28053
      1	28068
      1	28094
      1	28095
      1	28106
      1	28140
      1	28179
      1	28220
      1	28231
      1	28244
      3	28250
      3	28277
      1	28286
      3	28293
      1	28302
      3	28303
      2	28305
      6	28349
      2	28358
      3	28407
      6	28438
      4	28440
     10	28463
      3	28495
      2	28500
      1	28518
      2	28520
      1	28521
      1	28523
      1	28530
      3	28531
      2	28543
      3	28557
      1	28571
      1	28605
      9	28615
      1	28618
      3	28621
      3	28632
      2	28651
      1	28655
      1	28658
      6	28665
      1	28675
      2	28692
      1	28695
      1	28727
      1	28745
      1	28749
      1	28765
      2	28795
      1	28809
      3	28824
      1	28839
      1	28840
      1	28855
      1	28867
      8	28871
      4	28878
      8	28879
      2	28885
      1	28895
      1	28906
      1	28910
      1	28911
      1	28919
      1	28929
      1	28950
      5	28960
      1	28974
      6	28995
      2	29010
      1	29013
      4	29025
      2	29028
      2	29043
      1	29046
      1	29068
      3	29101
      1	29122
      3	29146
      1	29164
      1	29166
      6	29168
      1	29190
      2	29202
      2	29207
      7	29217
      2	29224
      1	29229
      1	29235
      6	29246
      9	29257
      1	29266
      1	29268
      1	29276
      4	29284
      1	29293
      1	29309
     11	29311
      2	29323
      1	29324
      2	29350
      3	29357
      1	29364
      1	29374
      2	29376
      3	29377
      1	29429
      1	29431
      1	29438
      1	29455
      2	29456
      5	29499
      2	29511
      4	29514
      1	29517
      1	29519
      1	29522
      1	29524
      1	29529
      3	29538
      3	29556
      3	29564
      1	29575
      1	29580
      2	29592
     16	29596
      1	29611
      2	29612
      2	29639
      3	29646
      1	29650
      3	29657
      1	29677
      1	29713
      1	29718
      6	29753
      1	29772
      1	29777
      1	29790
      1	29801
      3	29819
      5	29826
      1	29833
      1	29844
      1	29859
      1	29875
      2	29929
      2	29948
      1	29954
      2	29964
      1	29970
      1	29988
      2	29997
      1	30007
      1	30021
      1	30057
      1	30119
      1	30141
      2	30143
      2	30151
      1	30161
      1	30177
      2	30192
      1	30216
      1	30225
      2	30236
      1	30245
      1	30250
      2	30306
      3	30313
      1	30316
      5	30319
      2	30344
      1	30352
      2	30360
      3	30363
      1	30388
      2	30390
      1	30424
      1	30425
     10	30427
      1	30434
      3	30443
      3	30450
      2	30458
      3	30460
      4	30462
      2	30509
      1	30523
      2	30527
      1	30533
      1	30552
      1	30555
      3	30556
      3	30562
      1	30563
      7	30565
      6	30578
      4	30590
      2	30595
      2	30599
     20	30613
      1	30617
      1	30647
      1	30659
      1	30678
      1	30684
      1	30687
      2	30718
      1	30727
      1	30733
      1	30737
      1	30742
      4	30754
      1	30771
      1	30788
      3	30801
      2	30847
      1	30861
      2	30867
      4	30877
      1	30880
      1	30884
      1	30885
      1	30893
      1	30896
      1	30900
      2	30912
      1	30913
      1	30921
      3	30941
      1	30944
      1	30946
      1	30955
      3	30957
      2	30980
      7	30983
      2	30993
      2	31000
      2	31002
      1	31004
      2	31011
      7	31025
      1	31043
      3	31050
      1	31074
      2	31078
      1	31086
      2	31088
      1	31093
      1	31119
      5	31140
      1	31147
      1	31153
      1	31203
      2	31205
      1	31212
      1	31238
      1	31239
      2	31249
      1	31251
      1	31256
      2	31258
      2	31260
      1	31269
      1	31333
      4	31360
      1	31370
     14	31395
      2	31404
      1	31435
      2	31438
      1	31455
      2	31456
      1	31470
      2	31474
      1	31481
      3	31493
      1	31494
      2	31495
      2	31520
      1	31526
      6	31535
      1	31543
      1	31560
      1	31562
      2	31566
      3	31585
      1	31588
      2	31597
      2	31602
      1	31603
      5	31613
      3	31615
      6	31623
      1	31626
      1	31632
      1	31634
      1	31642
      3	31654
      1	31667
      3	31670
      1	31687
      1	31688
      3	31699
      8	31703
      1	31720
      5	31722
      3	31725
      1	31728
      1	31736
      1	31757
      1	31766
      1	31774
      1	31803
      1	31806
      2	31823
      1	31831
      1	31833
      1	31864
      2	31868
      3	31904
      1	31911
      4	31943
      1	31945
      1	31947
      1	31954
     25	31962
      1	31973
      9	31982
      3	31983
      1	31990
      1	32018
      1	32023
      9	32032
      1	32040
      3	32055
      1	32096
      1	32114
      5	32117
      1	32121
      2	32147
      2	32148
      3	32200
      8	32204
      2	32206
      2	32211
      1	32212
      7	32224
      3	32235
      1	32236
      3	32249
      3	32266
      1	32295
      1	32308
      5	32309
      1	32316
      2	32339
     21	32345
      5	32372
      1	32389
      1	32404
      1	32413
      7	32426
      6	32456
      1	32494
      1	32508
      1	32514
      4	32515
      4	32517
      3	32520
      1	32547
      2	32554
      1	32573
      1	32574
      1	32582
      2	32614
      1	32618
      2	32621
      1	32631
      1	32633
      1	32643
      2	32648
      3	32657
      2	32662
      5	32674
      1	32677
      1	32683
      1	32684
      7	32687
      2	32693
      1	32709
      3	32719
      3	32731
      1	32735
      1	32787
      1	32814
      3	32831
      1	32851
     11	32857
     26	32863
      8	32871
      1	32899
      3	32913
      2	32931
      1	32966
      4	32967
      3	32983
      1	32993
      1	32995
      2	33027
      1	33035
      1	33038
      1	33051
      1	33055
      1	33057
      1	33069
     10	33074
      2	33092
      1	33102
      1	33115
      1	33120
      1	33124
      8	33143
      1	33148
      3	33194
      1	33196
      1	33210
      1	33218
      1	33219
      1	33222
      2	33226
      1	33229
      2	33236
      1	33253
      2	33261
      7	33272
      1	33281
     15	33292
      5	33306
      2	33314
      2	33317
      3	33327
      8	33337
      1	33354
      1	33364
      1	33379
      1	33387
      2	33400
      1	33410
     16	33436
      1	33452
      1	33454
      2	33463
      2	33475
      1	33477
      1	33480
      5	33484
      1	33486
      1	33491
      2	33511
      4	33549
      1	33554
      4	33565
      1	33566
      1	33570
      4	33584
      1	33597
      1	33611
      1	33629
      1	33630
      1	33638
      6	33651
      3	33664
      1	33675
      2	33682
      1	33685
      2	33687
      3	33718
      1	33731
      1	33738
      1	33762
      1	33810
      1	33819
      3	33821
      1	33832
      2	33876
      1	33913
      1	33921
      1	33948
      3	33957
      1	33959
      4	33971
      4	33972
      1	33976
      4	33982
     12	33992
      1	33993
      1	33997
     12	34010
      1	34023
      1	34032
      1	34035
      1	34042
      3	34063
      1	34105
      9	34110
     11	34133
      2	34158
      1	34165
      1	34205
      1	34210
      1	34234
     13	34241
      1	34254
      1	34261
      2	34264
      1	34296
      3	34303
      1	34326
      3	34332
      5	34374
      1	34380
      1	34405
      5	34440
      4	34452
      6	34457
      7	34460
      2	34463
      1	34466
      1	34477
      4	34479
      1	34503
      3	34521
      2	34537
      1	34538
      6	34550
      1	34569
      3	34576
      1	34581
      1	34599
      1	34600
      1	34601
      8	34608
      1	34627
      3	34674
      3	34691
      1	34698
      9	34708
      5	34723
      2	34728
      1	34737
      1	34742
      1	34745
      2	34750
      1	34757
      1	34763
     13	34773
      3	34775
      1	34781
      1	34786
      1	34790
      1	34803
      2	34813
      2	34816
      1	34827
      1	34836
      1	34846
      4	34865
      4	34872
      1	34901
      2	34917
      2	34949
      2	34968
      3	34974
      4	34981
      1	34990
      1	34991
      2	34994
      2	34997
      1	35021
      1	35038
      2	35052
      1	35062
      1	35063
      1	35068
      1	35074
      2	35086
      1	35102
      1	35109
      1	35114
      1	35181
      1	35182
      1	35198
      1	35207
      1	35210
      9	35212
      1	35221
      3	35223
      2	35230
      1	35233
      3	35237
      1	35250
      1	35263
      1	35273
      1	35311
      1	35312
      1	35314
      1	35318
      1	35337
      1	35344
      1	35353
      1	35376
      1	35379
      3	35384
      2	35392
      2	35416
      1	35425
      1	35432
      1	35452
      1	35462
      1	35468
      1	35520
      1	35551
      1	35576
      1	35586
     11	35591
      4	35622
      5	35635
      2	35644
      5	35659
      6	35667
      2	35671
      2	35690
      1	35694
      3	35717
      4	35737
      1	35754
      3	35782
      3	35797
      2	35814
      1	35821
      9	35824
      1	35831
      1	35835
      9	35836
      1	35844
      1	35846
      1	35881
      4	35886
      1	35904
      1	35908
      1	35915
      1	35918
      1	35931
      1	35935
      2	35968
      2	35976
      1	35978
      1	35992
      1	35993
      1	35996
      3	36028
      1	36032
      1	36038
      1	36048
      8	36056
      3	36062
      2	36077
      4	36084
      2	36096
      1	36098
      1	36112
      2	36113
      1	36151
      1	36152
      1	36169
      3	36188
      1	36213
      1	36215
      1	36224
      1	36231
      1	36233
      1	36244
      1	36246
      1	36249
      1	36252
      2	36256
      1	36267
      1	36270
      2	36280
      1	36295
      1	36301
      1	36318
      1	36327
      1	36329
      5	36359
      1	36388
      1	36406
      1	36414
      1	36417
      1	36427
      1	36435
      2	36438
      2	36443
      1	36483
      1	36484
      2	36509
      1	36520
      1	36529
      1	36553
      9	36559
      2	36566
      1	36578
     14	36587
      2	36600
      2	36630
      2	36656
      5	36658
      1	36666
      1	36668
      4	36671
      3	36674
      1	36676
      2	36688
     37	36690
      1	36706
      1	36711
      2	36713
      2	36719
      1	36744
      6	36747
      1	36753
      3	36768
      2	36779
      3	36810
      4	36831
      6	36838
      1	36846
      1	36852
      2	36883
      2	36905
      2	36906
      7	36924
      1	36930
      1	36935
      1	36943
      1	36946
      2	36960
      1	36964
      1	36970
      3	36973
      3	36981
      1	37000
      1	37006
      1	37009
      1	37021
      3	37023
      3	37030
      1	37046
      1	37048
      2	37052
      7	37062
      1	37076
      1	37086
      2	37111
      5	37124
      3	37127
      1	37149
      2	37185
      2	37220
      1	37247
      1	37271
      4	37276
      2	37285
      5	37308
      1	37311
      1	37312
      1	37316
      7	37321
      3	37324
      2	37333
      2	37335
      8	37355
      2	37358
      1	37367
      2	37381
      1	37382
      3	37387
      1	37388
      2	37393
      3	37414
      1	37439
      2	37479
      4	37490
      4	37493
      1	37512
      2	37526
      1	37528
      1	37536
      1	37539
      1	37542
      2	37553
      1	37575
      1	37577
      1	37593
      1	37598
      1	37600
      1	37601
      2	37608
      2	37609
      3	37617
     24	37640
      1	37651
      1	37665
      2	37672
      1	37682
      1	37685
      1	37699
      1	37700
      2	37709
      1	37716
      4	37743
      2	37744
      3	37760
      1	37763
      1	37777
      2	37784
      8	37795
      1	37816
      3	37822
      1	37823
      1	37828
      1	37836
      2	37856
      1	37863
      1	37885
      2	37895
      2	37904
      2	37916
      2	37980
      1	38006
      3	38007
      1	38013
      2	38018
      1	38023
      3	38047
      3	38058
      2	38099
      1	38110
      1	38121
      8	38163
      1	38164
      2	38171
      4	38181
      1	38183
      1	38184
      1	38188
      1	38190
      2	38216
      8	38224
     11	38238
      2	38265
      1	38269
      2	38285
      1	38305
      4	38311
      1	38315
      1	38333
      1	38336
      1	38346
      1	38353
      1	38389
      1	38395
      5	38398
      9	38439
      1	38446
      1	38464
      1	38466
      2	38468
      1	38471
     10	38480
      4	38503
      4	38520
      2	38525
      1	38540
      6	38544
      1	38548
      2	38557
      3	38582
      1	38592
      2	38611
      1	38631
      1	38637
      3	38652
      2	38654
      1	38659
      3	38673
      2	38676
      1	38677
      1	38681
      1	38686
      3	38687
      3	38703
      1	38704
      1	38709
      1	38712
      2	38714
      1	38719
      1	38737
      1	38739
      5	38747
      1	38774
      1	38785
      1	38793
     53	38839
      1	38874
      4	38888
      1	38897
      3	38916
      1	38973
      1	38991
      1	38992
      6	39012
      1	39032
      1	39043
      4	39049
      3	39051
      1	39064
      5	39075
      1	39084
      2	39098
      1	39116
      1	39134
     10	39159
      2	39175
      2	39176
      2	39182
      7	39184
      1	39189
      1	39193
      1	39200
      1	39206
      4	39213
      3	39219
      1	39222
      5	39234
      1	39237
      1	39263
      4	39265
      1	39275
      4	39302
      8	39340
      1	39377
      8	39379
      2	39384
      4	39392
      1	39403
      2	39414
      1	39428
      3	39436
      1	39443
      2	39448
      2	39458
      3	39460
      5	39471
      1	39484
      2	39485
      1	39501
      1	39515
      1	39527
      2	39533
      3	39537
      1	39565
      1	39569
      3	39574
      1	39578
      1	39619
      1	39621
      2	39624
      2	39638
      1	39674
      2	39702
      1	39711
      1	39723
      1	39746
      3	39751
      1	39754
      2	39770
      2	39771
      1	39785
      1	39790
      6	39795
      3	39804
      5	39807
      1	39818
      1	39819
      1	39826
      1	39827
     11	39856
      2	39875
      4	39881
      1	39886
      1	39897
      1	39902
      1	39928
      4	39948
      1	39952
      1	39973
      3	39977
      1	39978
      2	40009
      1	40018
      1	40056
     19	40063
      3	40067
      1	40072
      3	40080
     13	40093
      1	40100
      3	40101
      2	40127
      1	40136
      3	40170
      1	40184
      3	40186
      1	40209
      2	40220
      1	40244
      1	40252
      3	40269
      1	40278
      4	40284
      1	40300
      1	40302
      1	40309
      1	40313
      2	40329
      2	40340
      1	40347
      1	40354
      1	40360
      1	40379
      2	40387
      1	40394
      5	40395
      1	40450
      1	40453
      1	40460
      1	40477
      2	40479
      1	40483
      1	40522
      1	40527
      3	40531
      8	40537
      1	40542
      3	40544
      1	40552
      3	40598
      1	40609
      1	40617
      6	40619
      2	40637
      1	40647
     12	40661
      2	40667
      1	40676
      1	40679
      4	40693
      1	40711
     10	40712
      1	40722
      1	40725
      1	40733
      1	40750
      8	40770
      7	40779
      2	40789
      1	40794
      1	40813
      3	40817
      1	40821
      1	40835
      6	40839
      1	40841
      2	40845
      3	40881
      1	40884
      1	40907
      1	40912
      1	40916
      1	40935
      1	40952
      1	40957
      2	40958
      1	41009
      1	41015
      1	41017
      1	41021
      1	41026
      1	41027
      2	41030
      2	41032
      1	41034
      1	41041
      2	41047
      1	41051
      3	41080
      1	41086
      1	41095
      1	41097
      1	41103
      1	41106
      1	41114
      4	41119
      3	41126
      1	41142
      1	41144
      2	41163
      1	41165
      1	41168
     14	41185
      2	41202
      2	41209
      2	41284
      2	41315
      1	41318
      3	41333
      1	41347
      1	41348
      4	41355
      7	41363
      1	41377
      1	41394
      1	41405
      3	41427
      1	41444
      1	41451
      2	41458
      2	41466
      1	41471
      1	41473
      2	41478
     22	41490
      1	41498
      2	41561
      1	41570
      2	41572
     24	41582
      2	41605
      2	41609
      1	41618
      2	41620
      2	41628
      1	41631
      2	41632
      2	41640
      1	41646
      1	41654
     12	41669
      1	41682
      1	41690
      1	41696
      9	41760
      3	41768
      2	41784
      5	41791
      1	41794
      6	41848
      1	41853
      1	41864
      1	41879
      1	41893
      1	41916
      3	41928
      1	41963
      2	41965
      2	41970
      1	41983
      1	41987
      1	42006
      2	42010
      1	42011
      1	42016
      2	42027
      1	42040
      1	42067
      1	42123
      1	42124
      3	42145
      1	42149
      1	42163
      1	42185
      1	42232
      1	42237
      1	42248
      3	42261
      1	42281
      1	42309
      1	42316
      1	42323
      3	42329
      1	42333
      1	42346
      3	42369
     13	42372
      1	42388
      1	42389
      2	42408
      2	42414
      3	42419
      7	42425
      1	42461
      1	42493
      2	42523
      2	42530
      3	42555
      1	42560
      2	42576
      2	42578
      1	42622
      1	42628
      1	42644
      1	42655
      6	42662
      4	42669
      1	42679
      2	42689
      4	42691
      1	42696
      1	42699
      1	42701
      1	42723
      4	42735
      1	42748
      1	42789
      7	42797
      2	42798
      1	42816
      7	42820
      1	42823
      1	42824
      2	42830
      1	42842
      1	42847
      1	42860
      1	42862
      1	42868
      3	42878
      5	42884
      6	42888
      1	42897
      3	42912
      5	42914
      1	42936
      1	42962
      1	42965
      2	43011
      1	43016
      1	43024
      1	43039
      2	43053
      1	43073
      3	43080
      1	43094
      1	43095
      1	43102
      4	43148
      4	43149
      1	43154
      1	43179
      1	43188
      1	43196
      1	43201
      1	43205
      1	43215
      2	43221
      3	43247
      1	43271
      9	43272
      3	43277
      1	43286
      2	43316
      3	43329
      1	43332
      1	43339
      1	43347
      1	43366
      4	43379
      1	43389
      1	43400
      1	43447
      1	43461
      2	43468
      3	43478
      2	43504
      1	43513
     11	43518
      1	43528
      6	43531
      1	43538
      1	43623
      1	43629
      2	43632
      1	43645
      2	43653
      2	43655
      6	43669
      1	43707
      5	43714
      1	43749
      1	43757
      1	43761
      5	43763
      1	43764
      1	43777
      1	43780
      7	43811
     22	43832
      2	43849
      1	43856
      1	43859
      1	43878
      1	43897
      2	43898
      1	43905
      8	43933
      3	43953
      1	43970
      1	43972
      8	43977
      2	43996
      1	44016
      3	44018
      1	44022
      1	44049
      1	44054
     27	44078
      3	44094
      2	44112
      6	44117
      3	44137
      3	44141
      1	44144
      1	44147
      1	44150
      1	44152
      1	44153
      1	44195
      1	44197
      4	44217
      2	44228
      4	44252
      1	44263
      1	44275
      1	44291
      2	44315
      1	44321
      1	44323
      4	44324
      3	44328
     36	44329
      1	44346
      1	44349
      1	44356
      1	44357
      2	44380
      4	44389
      2	44392
      2	44410
      1	44414
      2	44415
      1	44429
      1	44435
      1	44442
      2	44446
      1	44457
      3	44489
      1	44493
      1	44564
      2	44570
      3	44579
      2	44584
      1	44586
      1	44615
      3	44617
      1	44625
      1	44630
      4	44666
      1	44676
      5	44691
      1	44703
      4	44716
      3	44722
      2	44752
      1	44758
      1	44759
      1	44776
      2	44777
      1	44786
      1	44787
      1	44798
      1	44828
     20	44833
      1	44838
      1	44843
      1	44851
      1	44875
      1	44878
      1	44879
      1	44887
      1	44891
      8	44896
      2	44907
      4	44909
      2	44912
      1	44929
      1	44947
      1	44949
      4	44959
     17	44961
      7	44968
      1	44973
      1	44987
      1	44989
      2	45015
      3	45018
      1	45024
      2	45040
      1	45047
      1	45059
      1	45086
      2	45127
      8	45135
      3	45148
      1	45170
      1	45179
      3	45184
      1	45188
      2	45189
      2	45215
      5	45219
      1	45241
      1	45260
      1	45272
      2	45308
      2	45322
      2	45324
      1	45333
      1	45339
      1	45360
      3	45418
      1	45435
      1	45448
      2	45449
      1	45450
      8	45457
      1	45460
     11	45464
      1	45465
     10	45466
      1	45471
      1	45486
      2	45506
      1	45523
      1	45561
      9	45570
      1	45594
      1	45596
      1	45645
      1	45671
      4	45683
      1	45696
      2	45708
      2	45726
      1	45747
      4	45748
      1	45758
      1	45777
      5	45778
      1	45786
      5	45808
      1	45818
      1	45821
      1	45844
     30	45847
      1	45872
      6	45875
      3	45876
      1	45885
      1	45888
      1	45890
      7	45943
      3	45955
      1	45965
      2	45986
      3	45998
      3	46005
      3	46006
      1	46008
      3	46019
      1	46023
      1	46026
      1	46028
      2	46058
      1	46060
      3	46062
      2	46070
      3	46075
      1	46077
      1	46086
      2	46091
      2	46098
      5	46100
      1	46102
      1	46113
      1	46132
      2	46145
      1	46168
      1	46184
      1	46189
      1	46213
      2	46217
      6	46234
      3	46248
     20	46261
      1	46262
      1	46267
      1	46290
      6	46302
      4	46329
      1	46363
      2	46372
      2	46380
      1	46392
      1	46396
      6	46402
      9	46417
      1	46418
      2	46428
      1	46454
      1	46479
      4	46499
      3	46529
      2	46530
      1	46541
      1	46547
      7	46554
      2	46558
      1	46570
      1	46594
     14	46595
      1	46605
      1	46615
      1	46623
      5	46645
      4	46652
      1	46656
      1	46659
      2	46662
      1	46663
      1	46667
      1	46671
      7	46680
      1	46701
      3	46713
      1	46724
      1	46734
      1	46765
      1	46767
      1	46776
      2	46784
      1	46793
      2	46809
      1	46827
      1	46834
      1	46850
      5	46853
      3	46884
      3	46887
      4	46921
      1	46924
      2	46925
      3	46950
      1	46973
      1	46975
      1	46978
      1	47012
      9	47025
      1	47027
      3	47038
      1	47043
      1	47049
      1	47073
      1	47082
      1	47099
      1	47101
      2	47102
      3	47104
      2	47105
      1	47114
      1	47153
      1	47170
      1	47193
      1	47197
      3	47225
      1	47232
      2	47256
      2	47258
      4	47291
      3	47293
      1	47294
      1	47295
     23	47311
      2	47312
      1	47314
     12	47351
      1	47367
      5	47376
      6	47396
      1	47410
      1	47412
      3	47421
      1	47428
      8	47429
      1	47447
      1	47464
      2	47475
      5	47478
      5	47486
      1	47488
      1	47491
      1	47492
      9	47497
      5	47547
      1	47564
      1	47582
      1	47593
      1	47597
      1	47599
      2	47613
      5	47621
      4	47634
      1	47648
      3	47650
      1	47660
      1	47666
      4	47672
      6	47692
      2	47697
      1	47698
      2	47712
      1	47721
      1	47730
      1	47735
      1	47750
      1	47753
      1	47778
      1	47846
      3	47873
      1	47874
     10	47883
      3	47893
      1	47894
      1	47897
      8	47905
      2	47943
      1	47947
      1	47966
      1	47967
      2	47975
      1	47987
      3	47992
      2	47994
      2	48013
      1	48029
     21	48064
      1	48071
      6	48086
      2	48121
     11	48128
      1	48134
      6	48135
      1	48147
      1	48177
      1	48203
      8	48235
      1	48243
      3	48247
      1	48279
      2	48283
      3	48292
      1	48299
      2	48301
      1	48316
      1	48319
      1	48320
      1	48339
      5	48354
     12	48355
      1	48359
      1	48362
      1	48367
      1	48369
      2	48383
      3	48390
      1	48398
      1	48400
      1	48428
      6	48434
      2	48435
      1	48447
      2	48449
      1	48513
      1	48523
      7	48535
      1	48544
      1	48550
      1	48559
      1	48569
      5	48577
      1	48580
      2	48630
      1	48643
      1	48649
      1	48651
      3	48655
      2	48658
      1	48675
      1	48692
      2	48695
      1	48708
      1	48714
      9	48746
      2	48755
      2	48760
      1	48761
      2	48775
      4	48776
      1	48791
      2	48794
      1	48806
      1	48807
      2	48808
      1	48817
      1	48822
      3	48834
      3	48844
      1	48845
      1	48870
      1	48874
      2	48884
      1	48887
      1	48889
      1	48908
      1	48913
      3	48924
      4	48945
      1	48948
      1	48951
      1	48965
      2	48983
      1	48995
      2	48997
      2	49014
      1	49057
     21	49073
      2	49082
      2	49107
      1	49113
      1	49114
      1	49123
      1	49124
      8	49131
      1	49134
      1	49138
      1	49142
      1	49147
      1	49153
      2	49162
      2	49180
      3	49191
      9	49200
      1	49218
      1	49271
      1	49336
      2	49358
     10	49361
     24	49362
      7	49387
      1	49398
      2	49411
      1	49428
      1	49435
      1	49437
      1	49444
     16	49458
      4	49491
      4	49498
      1	49523
      2	49527
      1	49528
      1	49556
      8	49560
      1	49567
      1	49569
      1	49576
      1	49588
      1	49592
      3	49598
      2	49606
      1	49614
      1	49632
      1	49645
      2	49650
      1	49657
      1	49713
      1	49722
      1	49726
      3	49779
      7	49781
      2	49788
      1	49799
      2	49804
      1	49815
      1	49831
      1	49842
     12	49844
      2	49884
      1	49894
      3	49897
      1	49916
      1	49922
      1	49926
      7	49929
      7	49933
      1	49936
      1	49938
      2	49956
      1	49962
      7	49966
      1	49979
      1	49991
      3	50015
      2	50049
      1	50058
      5	50070
      1	50100
      2	50149
      1	50166
      1	50169
      2	50184
      2	50199
      1	50208
      5	50209
     13	50216
      1	50227
      1	50229
      1	50267
      1	50269
      2	50282
     25	50291
      2	50294
      1	50299
      2	50312
      1	50316
      2	50323
      1	50339
      1	50366
      1	50389
      2	50394
      1	50401
      3	50419
      1	50439
      1	50442
      1	50474
      2	50484
      1	50506
      2	50508
      3	50535
     16	50537
      3	50539
      1	50550
      1	50560
      1	50565
      1	50578
      1	50584
      1	50590
      1	50591
      3	50602
      1	50647
     12	50648
      3	50660
      1	50686
      1	50692
      1	50693
      1	50701
      3	50702
      2	50717
      1	50719
      1	50728
      5	50738
      1	50757
      2	50771
      2	50776
      5	50794
      1	50798
      2	50810
      2	50811
      1	50828
      2	50834
      1	50858
      1	50885
      1	50899
      3	50901
      1	50934
      7	50940
      1	50953
      1	50955
      2	50996
      1	51000
      1	51024
      4	51028
      2	51042
      2	51044
      5	51065
      1	51073
      1	51083
      1	51100
      1	51106
      1	51113
      1	51125
      1	51144
      6	51165
      1	51169
      1	51171
      9	51183
      1	51184
      2	51205
      3	51206
      1	51207
      2	51216
      1	51236
      4	51255
      3	51263
      1	51270
      4	51321
      4	51325
      6	51326
      2	51334
      2	51342
      5	51354
      2	51385
     14	51392
     13	51394
      1	51395
      1	51396
      2	51397
      3	51427
      1	51433
      2	51467
      4	51474
      8	51475
      2	51478
      1	51483
      7	51493
      1	51504
      1	51511
      1	51520
      2	51521
      1	51523
      1	51528
      1	51534
      3	51539
      1	51542
      1	51548
      6	51587
      1	51612
      3	51614
      2	51629
      6	51644
      1	51662
      1	51669
      1	51676
      1	51686
      7	51694
      2	51708
      1	51720
      1	51733
      1	51771
      1	51780
      2	51795
      2	51810
      2	51813
      9	51822
      3	51835
      1	51838
      1	51841
      2	51855
      5	51872
      5	51890
      1	51898
     10	51920
      4	51948
      2	51949
      1	51958
     11	51959
      1	51979
      1	51981
      1	51994
      1	52029
      1	52045
      3	52054
      1	52058
      1	52076
      3	52092
      1	52093
      1	52099
      1	52100
      4	52112
      2	52114
     15	52121
      1	52148
      2	52154
      1	52160
      2	52178
     12	52181
      1	52186
      5	52224
      1	52243
      1	52249
      1	52311
      2	52315
     16	52323
      1	52339
      9	52344
      1	52347
      3	52365
     23	52370
     11	52382
      1	52398
      4	52405
      1	52409
      5	52414
      2	52417
      2	52457
      4	52459
      1	52475
      1	52485
      1	52505
      1	52506
      1	52513
      1	52532
      1	52534
      1	52541
      2	52563
      1	52603
      3	52616
      1	52620
      1	52625
      6	52635
      1	52641
      1	52648
      1	52683
      1	52685
      6	52687
      1	52706
      2	52724
      1	52730
      1	52735
      3	52758
      1	52767
      1	52792
      4	52794
      4	52801
      8	52819
      1	52821
      1	52828
      1	52845
      3	52848
      1	52856
      1	52857
      1	52895
      1	52906
      2	52914
      1	52917
      1	52918
      1	52947
      3	52954
      2	52973
      1	53004
      2	53009
      1	53014
      1	53015
      2	53045
      1	53051
      1	53054
      2	53063
      1	53085
      1	53090
      4	53091
      2	53095
      1	53146
      7	53147
      1	53148
      2	53156
      1	53205
      1	53210
      4	53219
      2	53222
      1	53224
      8	53243
      2	53256
      2	53276
      8	53324
      5	53349
      1	53350
      6	53357
      4	53368
      1	53384
      1	53398
      3	53400
      9	53401
      1	53402
      4	53408
      1	53409
      1	53423
      1	53441
      2	53450
      1	53462
     11	53479
      1	53511
      2	53514
      1	53519
      1	53552
      1	53557
      1	53563
      2	53583
      2	53584
      2	53596
      1	53600
      1	53608
      1	53666
      6	53696
      2	53701
      1	53723
      4	53738
      3	53743
      1	53746
      1	53783
      1	53784
      1	53786
      1	53788
      1	53796
      1	53799
      1	53802
      2	53837
      2	53846
      1	53865
      1	53883
      1	53907
      1	53908
      4	53918
      8	53925
      2	53951
      3	53965
      1	53967
      1	53980
      1	53990
      1	53993
      1	53996
      1	54001
      1	54024
      1	54043
      1	54059
      1	54063
      1	54094
      2	54097
      1	54102
      5	54103
      1	54105
      1	54135
      2	54136
      1	54146
      1	54178
      1	54183
      1	54186
      4	54209
      1	54212
      1	54222
      3	54245
      2	54249
      5	54251
      1	54270
      2	54272
      1	54300
      1	54337
      2	54345
      3	54357
     15	54366
      6	54370
      5	54395
      6	54401
      2	54406
      1	54407
      1	54414
      4	54422
      4	54430
      1	54446
      1	54449
      1	54465
      1	54474
      5	54507
      2	54508
      2	54509
      1	54513
      3	54523
      1	54525
      1	54528
      2	54546
      1	54552
      1	54556
      3	54584
      1	54594
      3	54595
      2	54601
      2	54605
      1	54608
      1	54636
      1	54641
      1	54676
      1	54683
      1	54699
      2	54726
     19	54745
      1	54752
      2	54770
      1	54778
      1	54782
      1	54787
      1	54822
      2	54834
      7	54855
      2	54866
      1	54877
     11	54889
      1	54894
      1	54906
      2	54916
      1	54930
      8	54950
      1	54952
      3	54961
      2	54968
      3	54970
      2	54974
      2	54988
     12	54989
      1	54992
      5	54995
      1	54999
      1	55001
      2	55023
      1	55085
      3	55099
      1	55123
      1	55128
      1	55143
      1	55152
      1	55174
      1	55182
      3	55198
      3	55199
      5	55207
      2	55216
     14	55217
      3	55224
      1	55233
      3	55237
      1	55251
      1	55270
      5	55276
      3	55278
      1	55279
      1	55285
      1	55301
      1	55375
      1	55383
      2	55396
     10	55398
      2	55401
      1	55410
      7	55418
      2	55421
      1	55438
      1	55440
     11	55444
     16	55460
      1	55478
      2	55484
      1	55486
      1	55487
      3	55500
      2	55514
      1	55517
      3	55527
      1	55528
      1	55530
      2	55562
     37	55565
      2	55567
      1	55572
      1	55574
      1	55576
     16	55587
      1	55592
      1	55608
      1	55616
      1	55619
      1	55625
      1	55640
      1	55643
      5	55674
      3	55680
      1	55681
      3	55682
      1	55686
      2	55693
      1	55715
      1	55736
      1	55741
      1	55765
      2	55771
      2	55772
      1	55773
      1	55795
      2	55807
      1	55814
      1	55818
      1	55830
      1	55836
      1	55844
      2	55848
      3	55849
      3	55861
      2	55870
      1	55879
      1	55882
      1	55885
      1	55899
      4	55908
      3	55910
      6	55919
      1	55920
      1	55935
      1	55967
      2	55979
      1	55998
      3	56009
      1	56015
     19	56027
      1	56028
      2	56039
      4	56052
      4	56084
      1	56091
      1	56094
      2	56099
      2	56113
      2	56122
      3	56133
      1	56152
      1	56164
      1	56179
     23	56187
      1	56194
      3	56203
      2	56230
      2	56239
      1	56242
      1	56244
      5	56264
      7	56266
      1	56316
      2	56339
      1	56363
      6	56371
      2	56404
      1	56410
      1	56418
      4	56425
      1	56426
      1	56429
      1	56430
      1	56431
      5	56434
      2	56441
      1	56442
      1	56450
      1	56494
      1	56533
      1	56540
      1	56542
      1	56559
      2	56569
      2	56579
      7	56583
      2	56586
      1	56590
      1	56604
      6	56614
      7	56621
      2	56629
      6	56706
      3	56718
      1	56734
      1	56735
      2	56751
      1	56774
      1	56780
      1	56797
     10	56807
      1	56810
      7	56813
      4	56839
      3	56847
      1	56861
      1	56902
      1	56911
      3	56921
      1	56940
      1	56943
      2	56947
      2	56950
      1	56952
      4	57064
      3	57074
      5	57091
      1	57111
      1	57119
      3	57131
      3	57133
      1	57140
      3	57144
      5	57170
      3	57178
      1	57195
      2	57212
      2	57215
      3	57218
      1	57226
      1	57266
      2	57268
      1	57289
      1	57294
      1	57298
      2	57310
      8	57332
      1	57341
      1	57349
      1	57350
      1	57380
      1	57383
      2	57389
      1	57402
      9	57419
     12	57420
      1	57435
      2	57449
      2	57459
      2	57470
      2	57480
      5	57489
      1	57503
      2	57507
      3	57513
     10	57514
      1	57520
      1	57523
      2	57525
      1	57527
      2	57541
      9	57566
      1	57569
      1	57594
      2	57609
      1	57617
      1	57621
      1	57629
      2	57630
      1	57635
      1	57638
      1	57675
      1	57679
      2	57688
      2	57703
      1	57719
      1	57735
      1	57740
      1	57743
      1	57749
      2	57757
      1	57765
      2	57779
      1	57786
      3	57791
      1	57798
      1	57799
      1	57800
      4	57836
      7	57843
      5	57904
      4	57922
      1	57940
      3	57944
      6	57951
      1	57972
      1	57975
      2	57976
      3	57981
      1	57994
      1	58002
      1	58003
      1	58036
      1	58037
      1	58061
      1	58069
      1	58088
      1	58099
      3	58111
      6	58118
      5	58120
      6	58128
      1	58133
      3	58155
      1	58159
      1	58179
      6	58180
      1	58208
     12	58216
      1	58217
      4	58224
      3	58240
      1	58274
      6	58281
      3	58288
      1	58303
      2	58326
      1	58327
      1	58336
      1	58338
      1	58349
      1	58351
      7	58352
      1	58358
      1	58393
      2	58403
      2	58430
      1	58435
      1	58442
      1	58447
      1	58459
      2	58466
      1	58468
      1	58471
      3	58472
      2	58473
      3	58477
      1	58488
      1	58495
      2	58498
      1	58515
      1	58521
      1	58524
      1	58527
      2	58528
      5	58545
      1	58548
      1	58566
      3	58589
      4	58594
      1	58606
      1	58619
      2	58644
      1	58678
      5	58712
      1	58721
      3	58723
      8	58735
      1	58750
      6	58766
      2	58768
      1	58770
      3	58771
      1	58786
      1	58805
      1	58808
      2	58814
      3	58815
      1	58816
      1	58852
      1	58860
      1	58872
     33	58887
      1	58895
      2	58897
      2	58908
      1	58926
      1	58930
      1	58947
      1	58950
      1	58953
      2	58960
      3	58968
      4	58997
      1	59001
     16	59003
      5	59010
      1	59032
      1	59045
      4	59049
      8	59064
      2	59094
     11	59096
     11	59107
      3	59112
      1	59119
      2	59126
      3	59134
      1	59139
      1	59148
      1	59154
      1	59174
      2	59178
      1	59185
      1	59201
      5	59208
      1	59210
      1	59212
      2	59231
      1	59286
      2	59304
      4	59308
      7	59327
      1	59340
      2	59396
      1	59415
      1	59440
      1	59447
      2	59466
      1	59472
      1	59488
      3	59512
      1	59515
      1	59517
      1	59518
      1	59530
      4	59536
      1	59567
      1	59568
      7	59571
      1	59590
      1	59599
      2	59605
      2	59608
      2	59624
      6	59659
      1	59670
      2	59683
      2	59688
      1	59707
      3	59715
     11	59720
      2	59726
      1	59739
      1	59755
     18	59758
      1	59764
      1	59775
      1	59780
      1	59795
      1	59817
      2	59836
      1	59854
      5	59858
      2	59887
      1	59902
      1	59904
      1	59923
      1	59926
      1	59938
      2	59952
      2	59987
      1	60000
      1	60002
      1	60020
      2	60024
      1	60045
      3	60054
      2	60069
      2	60074
      2	60076
      1	60109
      7	60120
      3	60123
      6	60131
      2	60143
      1	60163
      1	60185
      2	60202
     11	60210
      1	60211
      5	60214
      1	60215
      1	60249
      1	60265
      1	60278
      3	60282
      2	60284
      1	60287
      1	60306
      1	60307
     28	60312
      2	60331
      1	60337
      6	60344
      1	60352
      2	60367
      1	60379
      1	60386
      9	60387
      1	60389
      3	60409
      1	60416
      2	60433
      2	60441
      1	60446
      1	60462
      1	60499
      4	60501
      1	60505
      1	60521
      1	60523
      5	60557
      1	60563
      1	60580
      3	60581
      1	60605
      1	60613
      1	60621
      1	60628
      3	60631
      1	60635
      1	60652
      4	60653
      1	60661
      1	60669
      1	60675
      2	60689
      4	60693
      1	60696
      1	60704
      1	60709
      2	60712
      1	60714
      1	60745
      4	60747
      2	60753
      1	60772
      1	60773
      1	60782
      1	60786
      1	60793
      1	60799
      2	60835
      1	60846
      1	60847
      4	60862
      1	60866
      3	60868
      6	60882
      1	60892
      2	60900
      4	60909
      1	60910
      2	60922
      1	60926
      4	60975
      6	60983
      1	61005
      1	61032
      2	61034
      3	61054
      2	61063
      3	61064
      2	61066
      4	61068
      1	61073
      1	61110
      4	61116
      1	61152
      1	61166
      1	61167
      1	61171
     10	61191
      1	61204
      1	61219
      2	61226
      1	61229
     29	61230
      5	61234
      2	61254
      1	61257
     34	61261
      1	61272
     21	61277
      1	61280
      1	61282
      1	61289
      3	61298
      3	61301
      2	61309
      6	61310
      1	61311
      1	61312
      1	61327
     12	61330
      1	61339
      3	61340
      2	61362
     20	61367
      1	61376
      1	61388
      2	61445
      6	61454
      1	61460
      1	61464
      2	61466
      1	61481
      4	61492
      1	61519
      1	61522
      2	61529
      1	61531
      1	61568
      1	61574
      1	61579
      1	61581
      1	61592
      1	61603
      1	61622
      1	61638
      6	61641
      3	61702
      4	61705
      1	61716
      1	61734
      1	61746
      1	61759
      1	61764
      1	61772
      5	61787
      6	61829
     12	61832
      1	61843
      1	61850
      1	61867
      4	61869
      1	61871
      1	61897
      2	61912
      1	61928
      1	62004
      2	62010
      1	62013
      1	62014
      1	62021
      2	62024
      1	62028
      1	62030
      1	62041
      2	62042
      3	62053
      3	62063
      1	62070
      1	62081
      1	62084
      1	62092
      4	62095
      1	62099
      4	62106
      5	62108
      2	62114
      1	62117
     10	62119
      1	62137
      1	62159
      2	62178
     17	62183
      6	62189
      1	62194
      1	62195
      3	62214
      1	62217
      1	62223
      1	62237
      1	62288
      1	62296
      4	62304
      1	62311
      1	62318
      1	62323
      1	62357
      1	62358
      2	62366
      2	62396
      1	62402
      2	62414
      1	62426
      5	62427
      1	62471
      1	62479
      1	62492
      1	62494
      1	62495
      1	62514
      3	62532
      9	62534
      1	62543
      2	62575
      1	62577
      1	62582
      1	62586
      1	62593
      3	62624
      2	62629
      1	62640
      1	62657
     12	62664
      1	62679
      1	62697
      1	62701
      1	62707
      1	62711
      1	62730
      1	62759
      1	62760
      8	62761
      1	62783
      1	62784
      2	62790
      2	62808
      9	62846
      1	62847
      2	62879
      1	62882
      1	62924
      3	62930
      1	62955
      2	62965
      2	62967
      1	63002
      1	63004
      1	63019
      1	63022
      1	63027
      1	63047
      5	63050
      1	63060
      1	63073
      3	63077
      3	63097
      4	63101
      1	63105
      2	63107
      1	63134
      1	63155
      4	63156
      1	63169
      1	63174
      1	63177
      1	63178
      3	63198
      6	63248
      1	63252
      1	63262
      3	63264
      2	63276
      1	63310
      1	63314
      2	63318
      6	63338
      2	63353
     35	63363
      1	63376
      1	63381
      1	63390
      2	63398
     33	63409
      3	63410
      1	63411
      1	63418
      2	63421
      1	63432
      1	63433
      1	63460
      1	63465
      1	63486
      4	63509
      2	63514
      1	63521
      1	63528
      1	63554
      1	63560
      1	63585
      1	63607
      3	63611
      1	63615
      5	63617
      1	63635
      1	63637
      3	63642
      1	63649
      1	63656
      1	63676
      1	63679
      1	63693
     10	63696
      1	63718
      1	63737
      9	63743
      1	63758
      1	63778
      1	63791
      2	63792
     19	63807
      2	63820
      2	63824
      1	63832
      2	63884
      2	63889
      1	63898
      1	63902
      4	63912
      5	63918
      2	63923
      4	63950
      1	63986
     10	63987
      2	64001
      1	64002
      2	64007
      1	64020
      1	64031
      2	64032
      2	64037
      1	64043
      1	64065
      2	64081
      1	64086
      1	64094
      2	64102
      1	64105
      2	64126
      8	64129
      1	64131
      1	64140
      4	64149
      2	64155
      1	64196
      1	64199
      3	64261
      1	64276
      1	64284
      3	64286
      6	64304
      1	64316
     11	64339
      1	64340
      1	64347
      2	64362
      1	64366
      2	64370
      1	64384
      1	64396
      3	64402
      1	64411
      1	64433
      1	64434
      3	64439
      6	64446
      1	64454
      1	64465
      3	64469
      9	64470
      3	64473
      1	64482
     15	64485
      1	64496
      1	64500
      2	64504
      1	64520
      3	64530
      5	64539
      1	64542
      3	64552
      2	64557
      2	64581
      1	64593
      1	64603
      1	64624
     11	64637
      1	64657
      2	64699
      4	64702
      1	64728
      1	64750
      1	64794
      1	64806
      1	64809
      1	64811
      1	64829
      1	64838
      1	64844
      1	64880
      2	64896
      2	64907
      2	64908
      1	64931
      2	64938
      1	64942
      2	64952
      1	65023
      1	65039
      1	65041
      3	65042
      3	65046
      3	65049
      1	65062
      1	65066
      1	65067
      4	65080
      1	65091
      1	65101
      2	65113
      1	65114
      1	65119
      9	65121
      1	65137
      1	65138
      1	65145
      1	65160
      4	65176
      1	65179
      1	65195
      2	65198
      4	65206
      4	65232
      2	65235
      1	65249
      3	65251
      4	65263
      1	65281
      1	65284
      3	65294
      2	65334
     13	65353
      9	65372
      1	65381
      4	65401
      1	65402
      4	65408
      4	65414
      4	65418
      1	65429
      2	65436
      2	65443
      1	65449
      1	65462
      1	65480
