      1	29
      1	47
      1	71
      1	107
      2	113
      1	121
      1	162
      1	210
      3	336
      1	408
      1	481
      1	512
      3	515
      3	537
      2	538
      1	634
      2	664
      2	707
      1	708
      1	712
      1	725
      1	767
      1	782
      1	865
      6	895
      1	974
      1	1106
      1	1122
      1	1142
      1	1144
      1	1172
      1	1261
      1	1317
      1	1366
      1	1371
      1	1387
      1	1402
      1	1405
      1	1588
      2	1616
      1	1662
      1	1734
      1	1762
      1	1777
      1	1785
      1	1918
      2	1937
      1	1991
      2	1998
      1	2020
      1	2057
      1	2076
      1	2086
      1	2087
      1	2092
      1	2172
      1	2271
      1	2272
      1	2388
      1	2490
      1	2566
      1	2567
      1	2724
      1	2866
      1	2872
      1	2925
      1	2977
      1	3243
      1	3246
      1	3256
      1	3351
      1	3392
      1	3406
      1	3486
      2	3493
      1	3499
      1	3524
      1	3553
      3	3577
      4	3690
      1	3709
      1	3737
      2	3745
      1	3774
      1	3874
      1	3995
      1	4106
      2	4109
      1	4316
      1	4318
      1	4326
      1	4557
      1	4581
      1	4604
      1	4664
      1	4680
      1	4713
      8	4732
      1	4753
      1	4760
      2	4787
      1	4930
      1	4951
      1	4957
      1	4967
      1	5069
      1	5159
      1	5161
      1	5222
      1	5260
      1	5287
      1	5327
      1	5396
      4	5430
      1	5449
      2	5475
      1	5510
      1	5519
      2	5541
      1	5645
      1	5674
      1	5697
      1	5720
      1	5726
      2	5731
      1	5792
      1	5823
      1	5852
      1	5874
      1	5891
      1	6023
      1	6058
      1	6060
      1	6073
      1	6117
      1	6143
      2	6275
      1	6366
      1	6394
      1	6398
      1	6435
      1	6457
      8	6494
      6	6575
      1	6596
      1	6614
      1	6647
      1	6651
      1	6708
      1	6839
      1	6898
      1	6968
      1	6980
      1	7002
      2	7013
      1	7083
      1	7113
      1	7125
      1	7145
      1	7211
      2	7218
      1	7246
      1	7326
      1	7376
      1	7466
      1	7485
      1	7497
      1	7695
      1	7705
      1	7846
      1	7862
      1	7910
      1	8054
      1	8143
      1	8147
      2	8172
      1	8192
      1	8237
      1	8254
      1	8660
      1	8695
      1	8707
      7	8760
      2	8847
      1	8853
      1	8887
      1	8940
      3	8956
      2	8983
      1	9011
      1	9109
      1	9143
      1	9152
      1	9158
      2	9182
      1	9211
      1	9217
      2	9240
      1	9304
      9	9317
      1	9411
      1	9428
      1	9468
      1	9643
      1	9726
      1	9773
      1	9780
      1	9896
      1	9931
      1	9989
      1	9993
      1	10026
      1	10035
      1	10062
      1	10198
      3	10241
      1	10259
      2	10504
      1	10528
      2	10557
      2	10645
      1	10659
      1	10700
      3	10724
      1	10834
      1	10864
      1	10893
      1	10933
      1	10987
      2	11307
      4	11391
      1	11402
      1	11524
      1	11567
      1	11569
      1	11584
      1	11612
      1	11664
      5	11964
      1	12087
      1	12098
      1	12186
      1	12196
      4	12317
      1	12339
      1	12394
      4	12397
      2	12407
      1	12505
      1	12589
      4	12684
      6	12809
      1	13005
      1	13008
      2	13118
      1	13197
      2	13252
      1	13299
      5	13333
      1	13476
      1	13589
      2	13595
      1	13625
      1	13653
      2	13738
      1	13823
      1	14029
      1	14083
      2	14141
      1	14189
      1	14297
      1	14335
      1	14352
      1	14361
      1	14437
      1	14454
      1	14469
      1	14540
      1	14565
      1	14580
      1	14619
      1	14665
      1	14666
      1	14688
      1	14790
      1	14883
      1	14939
      1	14973
      3	14986
      1	15033
      1	15086
      1	15131
      1	15147
      1	15203
      1	15328
      2	15334
      1	15355
      1	15431
      1	15516
      1	15590
      1	15593
      1	15595
      1	15616
      1	15639
      1	15646
      1	15774
      1	15779
      1	15869
      1	15952
      1	16007
      1	16017
      1	16047
      1	16108
      1	16112
      2	16148
      1	16188
      2	16276
      1	16277
      2	16278
      1	16306
      1	16368
      2	16442
      1	16503
      1	16554
      1	16597
      1	16614
      1	16738
      1	16942
      1	16968
      1	17017
      1	17056
      2	17105
      1	17107
      1	17164
      2	17210
      2	17214
      2	17341
      1	17474
      1	17771
      1	17923
      1	17950
      1	17989
      1	18134
      2	18142
      1	18251
      1	18262
      2	18348
      2	18515
      1	18530
      1	18567
      1	18590
      1	18656
      1	18677
      1	18720
      3	18768
      1	18778
      1	18842
      1	18905
      2	19066
      1	19088
      1	19223
      2	19277
      1	19305
      1	19319
      1	19323
      1	19339
      2	19425
      1	19539
      3	19568
      1	19585
      2	19616
      2	19664
      1	19678
      2	19708
      1	19726
      1	19731
      1	19810
      1	19849
      1	19904
      1	19911
      1	19991
      1	20040
      2	20085
     11	20267
      2	20268
      1	20323
      3	20364
      3	20375
      1	20390
      1	20458
      1	20609
      1	20665
      1	20779
      1	20787
      2	20882
      1	20955
      8	20994
      1	20997
      1	21021
      1	21034
      1	21177
      5	21180
      1	21221
      1	21227
      1	21271
      1	21318
      1	21393
      1	21518
      1	21573
      1	21623
      2	21628
      1	21650
      1	21684
      1	21727
      1	21812
      2	21822
      1	21885
      1	21892
      1	21901
      1	21902
      1	22063
      1	22086
      1	22230
      1	22306
      1	22365
      1	22367
      3	22417
      2	22427
      3	22447
      1	22467
      2	22563
      1	22577
      1	22584
      1	22631
      2	22633
      1	22743
      1	22761
      1	22807
      2	22867
      1	22884
      1	22938
      1	22939
      1	22960
      2	22970
      4	23023
      1	23052
      2	23092
      2	23105
      1	23168
      1	23266
      1	23395
      1	23412
      1	23483
      1	23487
      1	23551
      1	23572
      2	23653
      1	23729
      1	23839
      1	24067
      1	24092
      1	24121
      1	24271
      6	24334
      2	24339
      1	24342
      2	24376
      1	24451
      1	24541
      1	24613
      1	24718
      1	24724
      4	24817
      1	24818
      1	24825
      1	24829
      1	24830
      1	25085
      2	25096
      1	25125
      2	25141
      2	25233
      1	25338
      1	25483
      1	25543
      1	25556
      2	25563
      1	25620
      1	25640
      1	25645
      1	25662
      3	25689
      1	25694
      1	25695
      1	25774
      1	25780
      1	25813
      1	25816
      1	25818
      2	25837
      1	25985
      1	26207
      1	26240
      1	26289
      1	26290
      1	26293
      1	26359
      1	26398
      1	26435
      1	26448
      1	26537
      1	26549
      1	26588
      2	26661
      3	26682
      1	26733
      1	26770
      2	26777
      1	26791
      1	26888
      1	26927
      1	26965
      1	26968
      4	27039
      1	27083
      1	27142
      1	27148
      1	27155
      1	27173
      1	27191
      1	27257
      1	27259
      1	27263
      1	27285
      1	27286
      1	27384
      1	27409
      1	27414
      1	27429
      1	27440
      1	27495
      3	27519
      1	27529
      2	27586
      1	27590
      1	27646
      2	27652
      1	27660
      1	27683
      1	27741
      3	27784
      1	27827
      5	27853
      1	27873
      1	27880
      1	27944
      1	28012
      2	28025
      1	28059
      2	28309
      1	28365
      3	28520
      2	28557
      2	28581
      1	28589
      1	28604
      1	28758
      1	28824
      1	28834
      1	28878
      2	28885
      1	28913
      1	28960
      2	29025
      1	29086
      1	29184
      1	29253
      1	29270
      1	29309
      1	29311
      1	29357
      2	29524
      2	29535
      1	29588
      1	29612
      1	29639
      2	29880
      1	29945
      1	30066
      1	30085
      3	30313
      2	30319
      1	30388
      3	30427
      1	30428
      3	30443
      1	30501
      1	30613
      2	30782
      1	30817
      1	30847
      1	30885
      1	30941
      1	31000
      1	31086
      1	31153
      1	31395
      1	31493
      1	31688
      1	31694
      1	31873
      3	31979
      1	31989
      1	32118
      1	32156
      2	32229
      1	32239
      2	32249
      1	32279
      1	32333
      1	32345
      1	32372
      3	32515
      1	32517
      4	32648
      3	32657
      1	32662
      1	32683
      1	32702
      1	32863
      2	32967
      1	32995
      1	33038
      2	33074
      1	33272
      1	33292
      1	33311
      1	33348
      1	33354
      1	33484
      1	33494
      1	33523
      1	33549
      1	33565
      1	33638
      1	33640
      1	33675
      1	33700
      3	33972
      2	33992
      2	34133
      1	34170
      1	34210
      1	34237
      1	34264
      1	34286
      1	34308
      1	34463
      1	34479
      1	34546
      1	34674
      1	34763
      1	34781
      2	34836
      1	34945
      1	34975
      1	34997
      1	35085
      1	35093
      3	35212
      5	35223
      1	35263
      1	35319
      2	35325
      2	35384
      1	35401
      1	35462
      1	35519
      3	35520
      1	35545
      2	35591
      1	35644
      1	35659
      3	35667
      1	35717
      1	35814
      1	35831
      1	35902
      1	35906
      1	36028
      1	36084
      1	36151
      1	36174
      1	36252
      1	36267
      1	36534
      2	36559
      2	36658
      1	36780
      1	36800
      1	36810
      2	36852
      1	36893
      1	36905
      1	36906
      2	36928
      1	36981
      1	37062
      2	37124
      1	37238
      1	37243
      1	37244
      1	37278
      1	37355
      4	37358
      1	37490
      2	37672
      1	37698
      1	37758
      1	37784
      1	37795
      1	37838
      1	38064
      1	38098
      2	38171
      1	38221
      4	38224
      6	38285
      1	38315
      1	38392
      1	38439
      8	38447
      2	38480
      2	38544
      1	38563
      1	38571
      3	38652
      1	38756
      1	38781
      1	38802
      5	38839
      1	38939
      1	38943
      1	39075
      1	39116
      2	39184
      2	39213
      1	39234
      1	39485
      1	39515
      1	39714
      1	39785
      2	39807
      1	39827
      2	39856
      1	39869
      1	39882
      1	39988
      1	40018
      5	40063
      1	40220
      1	40269
      2	40284
      1	40340
      1	40399
      1	40519
      1	40541
      1	40574
      1	40642
      2	40661
      1	40665
      1	40734
      1	40750
      1	40779
      1	40810
      1	40836
      1	40933
      1	41102
      2	41185
      1	41213
      1	41315
      1	41394
      3	41640
      1	41690
      3	41723
      1	41770
      1	41848
      1	41923
      2	41925
      1	41988
      1	42103
      1	42186
      1	42322
      1	42323
      1	42340
      2	42369
      1	42723
      1	42820
      1	42842
      1	42953
      2	43024
      1	43112
      2	43252
      2	43441
      2	43518
      1	43640
      1	43669
      2	43811
      1	43832
      1	43953
      1	43977
      2	44024
      1	44049
      1	44073
      1	44078
      1	44081
      1	44183
      1	44228
      1	44252
      1	44291
      1	44315
      1	44328
      1	44329
      1	44409
      1	44415
      1	44594
      1	44600
      1	44645
      1	44691
      2	44726
      1	44740
      1	44770
      1	44792
      1	44907
      1	44961
      1	44968
      1	45002
      1	45135
      1	45189
      1	45250
      1	45281
      1	45296
      1	45352
      1	45450
      3	45457
      1	45683
      1	45708
      1	45726
      1	45777
      1	45778
      2	45808
      3	45847
      1	45888
      1	46019
      1	46100
      1	46239
      4	46261
      1	46302
      2	46329
      1	46380
      1	46402
      3	46417
      1	46478
      1	46509
      2	46595
      1	46615
      2	46645
      1	46659
      1	46664
      1	46887
      1	46980
      1	47073
      1	47077
      1	47099
      1	47168
      1	47194
      1	47204
      2	47311
      1	47401
      1	47429
      1	47440
      5	47497
      3	47634
      1	47672
      1	47776
      1	47855
      1	47897
      1	47905
      1	47962
      1	47968
      1	47992
      1	48064
      1	48071
      1	48216
      2	48235
      1	48339
      1	48354
      1	48355
      1	48359
      2	48390
      1	48407
      1	48434
      1	48514
      3	48535
      2	48544
      1	48553
      1	48583
      1	48681
      1	48834
      1	48870
      1	49119
      2	49133
      1	49163
      1	49204
      1	49361
      1	49457
      1	49458
      1	49470
      1	49629
      1	49682
      3	49788
      1	49799
      1	49807
      2	49844
      1	49905
      1	49924
      1	49944
      2	49966
      1	49968
      3	49991
      1	50015
      1	50044
      1	50401
      1	50477
      1	50533
      3	50537
      1	50648
      1	50660
      1	50717
      1	50756
      1	50771
      3	50901
      1	50940
      1	51128
      1	51151
      1	51196
      1	51255
      1	51266
      1	51336
      1	51369
      1	51478
      1	51614
      1	51644
      1	51800
      1	51822
      1	51841
      1	51855
      1	51888
      1	51890
      2	51959
      2	52112
      1	52133
      1	52154
      2	52224
      1	52268
      1	52344
      1	52370
      1	52441
      2	52485
      2	52496
      1	52532
      1	52562
      1	52563
      1	52635
      1	52641
      2	52811
      1	52917
      2	53004
      1	53009
      1	53085
      1	53121
      2	53156
      1	53205
      1	53242
      1	53264
      3	53349
      1	53357
      1	53368
      1	53537
      1	53583
      1	53707
      1	53727
      1	53739
      1	53743
      1	53811
      1	53835
      1	53837
      2	53846
      2	53925
      2	53951
      1	54183
      1	54245
      1	54280
      2	54345
      1	54357
      1	54430
      2	54508
      6	54509
      1	54529
      1	54666
      1	54777
      1	54848
      4	54889
      1	54968
      2	55143
      1	55198
      1	55217
      1	55275
      1	55418
      1	55440
      1	55441
      1	55525
      5	55587
      1	55592
      1	55643
      1	55686
      1	55767
      1	55814
      3	55849
      1	55860
      1	55861
      1	55875
      1	55908
      1	56027
      2	56084
      2	56094
      1	56097
      3	56133
      1	56189
      1	56434
      1	56502
      3	56614
      2	56704
      1	56837
      1	56921
      1	56932
      1	57072
      1	57133
      1	57144
      1	57332
      1	57449
      2	57507
      3	57566
      1	57630
      1	57727
      1	57737
      2	57923
      1	58000
      1	58002
      1	58118
      1	58128
      1	58155
      2	58477
      1	58483
      1	58644
      2	58712
      1	58722
      1	58805
      1	58808
      1	58853
      2	58953
      3	58968
      1	58997
      2	59001
      1	59014
      1	59107
      1	59115
      1	59252
      1	59304
      2	59434
      1	59482
      1	59524
      2	59571
      1	59613
      1	59720
      2	59758
      1	59764
      1	59793
      2	60002
      1	60131
      2	60291
      1	60334
      1	60364
      1	60367
      1	60462
      1	60501
      1	60519
      1	60581
      1	60653
      2	60696
      2	60747
      2	60793
      1	60796
      1	60846
      1	60909
      1	60922
      1	61014
      1	61126
      1	61141
      1	61152
      3	61261
      1	61310
      1	61396
      1	61405
      1	61466
      1	61519
      1	61641
      3	61648
      1	61680
      1	61698
      1	61752
      2	61764
      4	61787
      1	61813
      1	61928
      1	62019
      1	62044
      2	62106
      2	62119
      1	62145
      1	62155
      4	62183
      1	62428
      1	62454
      1	62495
      2	62534
      1	62575
      1	62615
      1	62624
      1	62654
      7	62664
      1	62711
      2	62808
      3	62809
      1	62955
      1	63013
      1	63050
      1	63112
      1	63264
      9	63363
      2	63409
      1	63418
      1	63430
      1	63432
      1	63611
      2	63696
      1	63737
      1	63753
      1	63791
      1	63880
      3	63889
      1	63918
      1	63987
      2	64043
      1	64153
      1	64166
      3	64170
      1	64258
      1	64259
      1	64316
      1	64339
      1	64402
      2	64530
      1	64552
      1	64637
      1	64677
      1	65010
      1	65046
      1	65133
      1	65198
      1	65221
      3	65258
      1	65338
      1	65408
      1	65429
      1	65443
      1	65486
