      1	11
      2	56
      2	58
      1	67
      1	97
      2	161
      5	197
      1	248
      1	306
      2	379
      2	457
      1	531
     10	550
      1	553
      6	613
      1	662
      1	676
      5	716
      2	740
      1	779
      1	841
      1	851
      1	869
      1	880
      7	887
      1	959
      4	1023
      2	1046
      1	1079
      1	1103
      1	1107
      2	1124
      1	1130
      1	1160
      1	1180
      1	1232
      2	1253
      4	1256
      1	1261
      1	1361
      1	1369
      1	1406
      1	1471
      2	1493
      2	1508
      2	1527
      1	1569
      1	1595
      1	1656
      1	1683
      1	1688
      1	1722
      1	1782
      3	1805
      1	1857
      1	1917
      2	1937
      1	1986
      3	2041
      1	2057
      1	2087
      1	2138
      2	2164
      1	2206
      1	2221
      1	2247
      1	2289
      1	2342
      1	2395
      1	2426
      3	2434
      1	2442
      2	2589
      8	2633
      1	2683
      1	2693
      1	2725
      1	2802
      1	2862
      1	2863
      1	2938
      1	2940
      2	3000
      1	3014
      1	3073
      1	3119
      8	3129
      1	3141
      1	3151
      1	3223
      1	3239
      2	3242
      1	3279
      2	3283
      2	3332
      1	3379
      7	3402
      1	3454
      1	3525
      1	3543
      1	3642
      1	3675
      1	3690
      1	3774
      1	3779
      1	3822
      1	3861
      1	3876
      1	3924
      2	3995
      1	4040
      4	4047
      1	4082
      1	4109
      7	4113
      2	4114
      1	4146
      1	4184
      1	4228
      3	4231
      1	4327
      1	4360
      1	4376
      1	4409
      2	4442
      1	4506
      6	4528
      2	4540
      2	4584
      1	4743
      1	4797
      4	4848
      1	4870
      1	4930
      1	4975
      1	5035
      1	5042
      1	5062
      1	5257
      1	5309
      1	5468
      1	5475
      1	5476
      3	5484
      1	5529
      1	5572
      1	5581
      1	5595
      2	5613
     23	5670
      1	5684
      2	5727
      1	5770
      1	5782
      1	5794
      1	5892
      1	5916
      1	5964
      1	5991
      1	6019
      4	6020
      1	6045
      1	6055
      1	6073
      1	6098
      1	6143
      1	6174
      4	6175
      4	6178
      1	6217
      7	6220
      1	6241
      2	6256
      1	6275
      1	6330
      2	6332
      1	6334
      1	6353
      1	6363
      1	6387
      4	6429
      1	6486
      1	6497
      4	6529
      1	6546
      1	6603
      1	6615
      1	6630
      1	6647
      1	6677
      1	6678
      1	6700
      1	6736
      1	6755
      1	6762
      3	6772
      1	6801
      1	6889
      1	6902
      1	6949
      1	7052
      2	7101
      1	7121
      1	7167
      2	7173
      1	7221
      1	7280
      1	7313
      2	7339
      1	7343
      1	7352
      1	7423
      1	7482
      1	7493
      3	7609
      1	7649
      1	7671
      1	7678
      1	7778
      2	7894
      4	7936
      2	7942
      1	7970
      1	8014
      7	8062
      2	8123
      1	8143
      1	8154
      1	8217
      1	8219
      3	8281
      2	8305
      1	8365
      2	8376
      1	8394
      1	8407
      1	8416
      1	8448
      1	8515
      1	8583
      1	8586
      1	8589
      1	8624
      2	8678
      1	8680
      1	8681
      1	8707
      1	8739
      3	8741
      2	8742
      1	8750
      1	8768
      2	8784
      4	8800
      1	8839
      2	8843
      2	8876
      3	8934
      1	8936
      1	8962
      1	8983
      1	8989
      1	8998
      1	9038
      1	9118
      1	9155
      1	9168
      1	9191
      1	9192
      1	9200
      2	9209
      1	9227
      1	9258
      4	9317
      1	9327
      1	9442
      1	9452
      4	9475
      1	9496
      1	9499
      1	9640
      1	9666
      1	9705
      1	9728
      1	9760
      1	9764
      1	9780
      1	9884
      1	9965
      1	9969
      1	9973
      1	10001
      1	10011
      1	10026
      2	10101
      3	10107
      1	10121
      1	10174
      1	10194
      2	10205
      4	10217
      1	10221
      7	10281
      1	10316
      1	10319
      1	10324
      1	10375
     62	10413
      1	10446
      2	10453
      7	10456
      2	10517
      1	10656
      1	10673
      1	10727
      3	10741
      2	10813
      1	10872
      1	10950
      1	10986
      1	11024
      1	11035
      1	11073
      1	11082
      1	11090
      1	11127
      1	11141
      2	11143
      2	11182
      1	11211
      2	11215
      1	11260
      2	11339
      4	11467
      1	11477
      1	11512
      1	11584
      1	11606
      2	11621
     17	11650
      1	11662
      4	11718
      1	11741
      1	11795
      1	11888
      1	11904
      1	11951
      1	11995
      1	12006
      1	12015
      1	12020
      1	12028
      1	12029
      1	12072
      1	12084
      1	12155
      1	12173
      1	12232
      1	12249
      2	12290
      1	12330
      2	12355
      1	12375
      1	12390
      1	12393
      4	12397
      1	12503
      1	12620
      1	12649
      1	12677
      1	12695
      1	12697
      1	12757
      1	12767
      1	12783
      2	12792
      1	12870
      1	12896
      3	12918
      1	12945
      4	12967
      1	12975
      4	13118
      1	13185
      5	13252
      1	13267
      1	13271
      1	13294
      2	13322
      1	13332
      1	13335
      1	13382
      1	13384
      2	13439
      1	13453
      4	13489
      1	13491
      4	13499
      2	13515
      1	13521
      2	13589
      1	13620
      1	13668
      1	13678
      3	13699
      1	13738
      1	13772
      1	13805
      2	13826
      1	13871
      1	13886
      1	13929
      1	13937
      1	14003
      1	14052
     22	14053
      1	14079
      1	14081
      1	14139
      1	14166
      2	14184
      2	14271
      1	14343
      1	14377
      1	14378
      2	14385
      1	14396
      1	14436
      2	14437
      1	14457
      1	14509
      3	14521
      1	14580
      1	14584
      1	14592
      1	14608
      1	14636
      6	14643
      1	14686
      1	14692
      1	14708
      5	14737
      1	14775
      1	14799
      1	14872
      1	14929
      1	14950
      1	14958
      1	14993
      1	15059
      1	15069
      2	15086
      1	15090
      1	15092
      1	15100
      1	15188
     10	15201
      1	15202
      1	15256
      1	15260
      1	15266
      1	15269
      1	15271
      1	15274
      3	15282
      3	15293
      6	15491
      1	15498
      1	15509
      1	15518
      1	15535
      1	15555
      4	15587
      1	15651
      1	15653
      1	15673
      1	15684
      1	15704
      4	15766
      1	15850
      1	15859
      1	15932
      3	15972
      1	15977
      1	15985
      2	15994
      1	16112
      1	16113
      1	16202
      4	16236
      1	16318
      2	16332
      1	16437
      3	16482
      1	16488
      1	16516
      3	16558
      1	16654
      1	16656
      1	16662
      1	16683
      1	16757
      1	16762
      1	16787
      1	16792
      1	16833
      1	16851
      1	16916
      4	16920
      1	16942
      1	16954
      1	16972
      1	17066
      2	17080
      1	17087
      2	17090
      2	17107
      2	17126
      1	17160
      1	17198
      1	17206
      1	17214
      1	17314
      2	17338
      1	17352
      1	17399
      1	17452
      1	17498
      1	17524
      1	17544
      3	17572
      1	17591
      1	17682
      1	17699
      2	17796
      2	17873
      1	17928
      4	17934
      2	17944
      5	17975
      1	17982
      1	18024
      7	18076
      1	18083
      1	18107
      1	18139
      1	18180
      1	18269
      2	18322
      1	18333
      3	18403
      1	18432
      4	18444
      1	18487
      1	18496
      2	18498
      2	18538
      2	18558
      1	18568
      1	18590
      1	18631
      2	18672
      1	18677
      2	18692
      1	18693
      2	18712
      1	18749
      1	18795
      2	18823
      3	18843
      1	18847
      2	18870
      1	18905
      1	18992
      1	19024
      1	19150
    107	19221
      1	19226
      2	19241
      2	19326
      1	19418
      1	19420
      2	19425
     59	19441
      1	19462
      1	19483
      6	19486
      1	19511
      1	19539
      1	19580
      1	19692
      1	19694
      1	19732
      2	19744
      3	19762
      1	19929
      1	19959
      1	19960
      1	19989
      2	20012
      2	20062
      1	20144
      1	20162
      1	20176
      1	20213
      1	20221
      2	20227
      1	20267
      1	20268
      1	20364
      1	20370
      1	20387
      1	20406
     11	20438
      1	20609
      2	20653
      1	20775
      1	20808
      1	20827
      1	20831
      1	20891
      1	20925
      2	20926
      1	20928
      3	21068
      1	21108
      1	21133
      3	21253
      1	21284
      1	21319
      2	21329
      3	21340
      3	21380
      1	21389
      2	21420
     10	21461
      1	21466
      1	21468
      1	21492
      3	21518
      2	21553
      6	21607
      2	21612
      1	21621
      1	21668
      1	21669
      1	21691
      1	21802
      1	21842
      1	21850
      1	21892
      1	21901
      1	21952
      1	21962
      1	21970
      1	22029
      1	22070
      1	22097
      2	22130
      2	22164
      1	22178
      1	22204
      4	22230
      1	22247
      1	22336
      1	22350
      1	22355
      1	22365
      1	22392
      1	22482
      1	22522
      1	22591
      2	22678
      1	22800
      1	22806
      4	22829
      1	22840
      2	22888
      2	22893
      1	22976
      1	23013
      1	23023
      1	23026
      1	23033
      2	23078
      1	23106
      1	23113
      1	23166
      1	23205
      1	23275
      1	23328
      1	23349
      3	23378
      1	23382
      1	23432
      1	23449
      1	23493
      1	23526
      2	23577
      1	23678
      1	23679
      1	23692
      1	23720
      1	23851
      1	23879
      1	23923
      1	23996
      4	24005
      1	24010
      2	24076
      1	24123
      1	24126
      1	24138
      1	24152
      1	24157
      3	24162
      1	24163
      1	24225
      1	24228
      1	24265
      3	24342
      3	24345
      1	24356
      1	24381
      1	24418
      1	24469
      1	24506
      1	24549
      1	24573
      4	24589
      1	24613
      1	24640
      1	24684
      1	24726
      1	24740
      1	24747
      1	24837
      1	24852
      1	24895
      2	24914
      1	24917
      1	24925
      2	24956
      3	24969
      1	24975
      1	24991
      1	25090
      1	25182
      2	25219
      1	25247
      1	25318
      2	25322
      1	25433
      1	25451
      2	25456
      1	25543
      4	25600
      1	25630
      2	25647
      2	25663
      1	25664
      1	25690
      1	25697
      1	25709
      1	25724
      2	25743
      1	25788
      1	25797
      1	25817
      1	25881
      1	25899
      2	25921
      1	25943
      1	25955
      1	26009
      1	26039
      1	26072
      1	26121
      1	26239
      1	26338
      1	26379
      3	26381
      2	26443
      1	26458
      1	26470
      2	26488
     15	26549
      1	26551
      2	26635
      1	26636
      1	26641
      1	26656
      1	26777
      1	26806
      1	26818
      1	26841
      1	26880
      1	26882
      1	26912
      1	26959
      1	26999
      1	27039
      1	27051
      1	27076
      1	27083
      2	27142
      1	27150
      1	27208
      1	27238
      2	27276
      3	27277
      1	27286
      1	27342
      3	27349
      1	27350
      2	27382
      1	27414
      1	27463
      1	27469
      1	27519
      1	27551
      1	27631
      2	27698
      2	27717
      1	27731
      1	27762
      1	27773
      1	27816
      1	27828
      2	27854
      4	27938
      1	27951
      1	27970
      1	27975
      1	27979
      2	27992
      1	27994
      2	28012
      4	28013
      1	28151
      1	28173
      2	28214
      1	28244
      1	28254
      1	28278
      1	28308
      1	28318
      4	28351
      1	28365
      7	28403
      1	28469
      2	28491
      1	28493
      1	28506
      1	28578
      2	28605
      1	28615
      1	28635
      1	28718
      1	28720
      2	28824
      1	28834
      1	28846
      4	28847
      1	28875
      1	28895
      1	28986
      1	29010
      1	29034
      1	29057
      1	29105
      1	29110
      1	29137
      1	29181
      2	29211
      1	29217
      1	29247
      2	29257
      2	29265
      2	29266
      1	29296
      1	29326
      1	29353
      1	29377
      1	29433
      1	29437
      2	29446
      1	29500
      1	29560
      1	29578
      3	29596
      3	29624
      1	29646
      1	29703
      2	29707
      1	29713
      1	29730
      4	29760
      1	29766
      1	29777
      4	29786
      1	29789
      2	29815
      1	29826
      2	29831
      2	29852
      1	29879
      1	29880
      1	29881
      1	29958
      1	29988
      3	30032
      1	30048
      2	30096
      4	30104
      1	30119
      1	30134
      1	30161
      2	30167
      2	30186
      1	30226
      1	30280
      1	30303
      1	30319
      1	30352
      1	30364
      3	30394
      1	30437
      1	30443
      1	30455
      1	30458
      1	30459
      1	30563
      1	30565
      4	30585
      2	30627
      1	30637
      2	30643
      1	30660
      1	30706
      1	30801
      1	30843
      1	30859
      1	30866
      2	30925
      1	30937
      1	30971
      1	30977
      1	31022
      1	31048
      1	31062
      1	31072
      1	31095
      1	31164
      2	31210
      1	31223
      1	31313
      2	31367
      1	31378
      1	31400
      2	31432
      1	31446
      7	31458
      1	31530
      2	31562
      1	31602
      1	31613
      1	31623
      1	31693
      1	31720
      1	31728
      1	31771
      2	31810
     57	31943
      2	31983
      8	31989
      2	31990
      1	32016
      2	32156
      1	32177
      1	32190
      1	32257
      1	32271
      1	32309
      2	32337
      1	32372
      1	32386
      1	32425
      1	32426
      6	32446
      1	32515
      1	32538
      1	32582
      2	32612
      1	32634
      1	32652
      1	32657
      2	32677
      1	32679
      1	32704
     16	32737
      1	32750
      1	32761
      1	32822
      1	32863
      1	32909
      1	32918
      1	32929
      1	32967
      1	32993
      1	33052
      1	33059
      1	33069
      1	33098
      1	33100
      1	33102
      1	33175
      1	33196
      1	33217
      1	33261
      1	33270
      1	33355
      1	33399
      1	33442
      1	33465
      5	33484
      1	33497
      1	33537
      1	33687
      1	33739
      1	33756
      1	33762
      2	33768
      1	33777
     10	33825
      2	33863
      1	33874
      1	33925
      1	33942
      1	33964
      4	33972
      1	33995
      1	34058
      1	34068
      1	34169
      1	34212
      2	34216
      2	34219
      1	34241
      3	34261
      1	34264
      2	34323
      1	34356
      1	34427
      2	34430
      2	34439
      1	34457
      1	34466
      1	34501
      2	34516
      1	34569
      1	34574
      1	34576
      1	34608
      1	34659
      1	34695
      1	34699
      1	34737
      2	34773
      1	34777
      5	34888
      1	34901
      1	34915
      2	34943
      1	34975
      4	34984
      3	35033
      1	35081
      1	35122
      8	35186
      1	35247
      1	35263
      2	35300
      3	35314
      1	35376
      3	35453
      1	35484
      1	35557
      1	35582
      1	35601
      1	35644
      1	35650
      1	35686
      6	35708
      5	35731
      1	35799
      1	35835
      1	35836
      4	35898
      1	35949
      1	35962
      1	35978
      2	36026
      2	36057
      2	36116
      1	36209
      1	36371
      1	36407
      1	36423
      2	36430
      8	36472
      1	36494
      1	36549
      1	36559
      1	36568
      1	36655
      1	36678
      1	36682
      1	36690
     10	36796
      1	36810
      2	36819
      1	36831
      1	36874
      1	36878
      2	36985
      6	37127
      1	37247
      3	37248
      1	37344
      1	37393
      1	37407
      2	37464
      2	37490
      2	37511
      1	37565
      1	37625
      2	37640
      3	37801
      1	37817
      1	37836
      3	37902
      1	37924
      1	38018
      2	38037
      1	38050
      1	38058
      1	38131
      1	38152
      1	38228
      1	38287
      1	38315
      1	38351
      1	38392
      1	38398
      1	38427
      1	38439
      1	38495
      1	38533
      1	38595
      1	38624
      2	38652
      2	38654
      1	38665
      1	38712
      1	38738
      1	38788
      5	38839
      1	38925
      1	38926
      6	38927
      1	38938
      1	39049
      1	39075
      1	39080
      1	39119
      1	39159
      4	39200
      1	39204
      1	39213
      1	39218
      1	39227
      1	39233
      1	39251
      6	39320
      1	39365
      2	39537
      1	39541
      1	39555
      3	39561
      1	39619
      1	39634
      2	39703
      2	39783
      1	39999
      1	40050
      2	40069
      1	40092
      1	40106
      3	40169
      2	40195
      2	40252
      2	40261
      1	40284
      5	40306
      1	40330
      1	40401
      1	40473
      1	40641
      1	40661
      1	40666
      2	40668
      4	40711
      1	40725
      1	40732
      1	40808
      1	40810
      1	40846
      3	40869
      2	40923
      1	40933
      1	41015
      1	41023
      2	41113
      1	41122
      3	41133
      4	41139
      1	41229
      1	41241
      2	41280
      1	41360
      3	41372
      1	41456
      1	41477
      1	41493
      1	41546
      3	41582
      1	41632
      1	41640
      1	41694
      1	41697
      3	41714
      1	41737
      1	41749
      1	41750
      1	41768
      1	41771
      1	41787
      1	41853
      1	41867
      1	41875
      2	41927
      1	41963
      1	42077
      2	42119
      3	42183
      1	42206
      1	42207
      1	42228
      1	42229
      1	42237
      1	42248
      4	42259
      1	42277
      1	42282
      1	42301
      1	42388
      1	42389
      1	42453
      1	42457
      3	42504
      1	42517
      1	42530
      1	42533
      1	42569
      1	42583
      2	42601
      1	42627
      1	42628
      1	42651
      7	42661
      1	42746
      1	42845
      4	42876
      1	42884
      1	42915
      2	42957
      6	43051
      4	43065
      3	43093
      1	43094
      1	43102
      1	43144
      1	43148
      1	43162
      1	43247
      1	43255
      1	43272
      1	43277
      1	43278
      1	43297
      2	43305
      2	43335
      1	43343
      1	43360
      1	43422
      1	43497
      1	43543
      3	43558
      1	43588
      1	43599
      1	43640
      1	43645
      1	43684
      1	43730
      2	43811
      2	43972
      2	44035
      1	44046
      1	44055
      1	44078
      1	44171
      1	44208
      5	44228
     11	44306
      1	44318
      1	44322
      1	44329
      1	44342
      1	44360
      1	44365
      1	44389
      2	44460
      2	44489
      1	44554
      2	44578
      1	44618
      1	44636
      2	44644
      1	44722
      1	44743
      3	44750
      1	44793
      3	44833
      2	44843
      1	44857
      1	44882
      1	44896
      2	44912
      1	44935
      1	44942
      1	44961
      1	44987
      1	44996
      1	45036
      1	45060
      1	45061
      1	45173
      1	45200
      1	45210
      2	45249
      1	45293
      1	45317
      1	45324
      1	45326
      1	45368
      1	45381
      1	45449
      1	45450
      2	45529
      1	45531
      2	45608
      1	45673
      1	45733
      1	45767
      1	45778
      1	45794
      1	45847
      1	45935
      1	45958
      1	46008
      1	46061
      2	46077
      1	46150
      1	46219
      1	46236
      1	46290
      1	46316
      2	46330
      1	46351
      2	46359
      2	46368
      1	46388
      2	46392
      1	46442
      1	46447
      1	46527
      2	46530
      1	46549
      3	46560
      2	46595
      2	46607
      1	46636
      1	46646
      2	46664
      1	46667
      1	46676
      1	46743
      2	46841
      4	46853
      1	46899
      1	46902
      1	46925
      1	46975
      1	47010
      1	47012
      3	47104
      4	47124
      1	47159
      1	47161
      3	47183
      1	47185
      1	47212
      1	47215
      1	47258
      1	47311
      1	47320
      5	47368
      1	47564
      1	47635
      1	47640
      5	47756
      1	47763
      1	47847
      1	47872
      1	47873
      2	48080
      2	48083
      1	48086
      1	48096
      1	48131
      1	48181
      5	48256
      1	48260
      1	48266
      3	48326
      1	48327
     10	48353
      1	48354
      1	48367
      1	48389
      1	48513
      1	48540
      1	48565
      1	48616
      1	48634
      1	48645
      1	48714
      1	48810
      1	48911
      1	48928
      1	48945
      1	48954
      2	48974
      2	49063
      2	49073
      1	49080
      1	49110
      3	49122
      3	49123
      1	49153
      2	49177
      1	49180
      1	49233
      1	49236
      1	49260
      1	49298
      1	49328
      1	49330
      1	49332
      1	49356
      1	49380
      1	49491
      1	49495
      1	49521
      2	49566
      1	49657
      1	49678
      4	49687
      3	49696
      1	49716
      1	49718
      1	49804
      1	49844
      1	49929
      1	49938
      1	49947
      1	49957
      1	49958
      1	49968
      1	49973
      1	49980
      1	49991
      2	49993
      2	50049
      1	50058
      1	50104
      4	50109
      1	50168
      1	50290
      1	50354
      1	50442
      1	50500
      1	50559
      1	50561
      1	50584
      1	50597
      1	50609
      1	50627
      2	50794
      3	50831
      1	50838
      1	50859
      1	50862
      4	50885
      1	50895
      1	50899
      1	50905
      1	50928
      1	50935
      2	51036
      8	51044
      1	51053
      1	51067
      1	51135
      1	51136
      1	51369
      1	51379
      1	51381
      1	51409
      1	51417
      1	51449
      1	51475
      1	51493
      1	51513
      4	51566
      3	51576
      1	51614
      1	51695
      2	51700
      1	51718
      2	51745
      1	51749
      2	51815
      1	51881
      1	51894
      1	51932
      2	51961
      1	51988
      6	52000
      1	52060
      1	52149
      4	52170
      5	52180
      1	52181
      4	52304
      1	52328
      1	52346
      1	52347
      1	52370
      5	52564
      1	52567
      2	52613
      1	52660
      1	52685
      1	52735
      1	52746
      1	52754
      1	52942
      1	52948
      1	52996
      1	52997
      2	53000
      1	53104
      1	53176
      1	53224
      1	53243
      1	53275
      1	53290
      1	53317
      1	53331
      3	53349
      2	53357
      2	53379
      1	53398
      2	53477
      1	53508
      2	53537
      2	53538
      1	53568
      1	53707
      1	53786
      1	53829
      2	53925
      2	53947
      1	53965
      1	53990
      4	54094
      2	54122
      1	54135
      2	54142
      1	54183
      1	54210
      1	54240
      1	54357
      1	54397
      1	54407
      1	54439
      1	54508
      1	54546
      1	54573
      1	54669
      1	54676
      2	54698
      1	54720
      1	54729
      1	54733
      1	54743
      2	54777
      2	54780
      1	54784
      1	54819
     11	54908
      1	54930
      1	54960
      4	54980
      1	54988
      1	55098
      1	55148
      2	55282
      1	55283
      1	55285
      1	55295
      1	55311
      3	55332
      1	55407
      1	55418
      1	55421
      1	55429
      1	55455
      1	55486
      1	55496
      1	55498
      3	55517
      1	55565
      1	55586
      2	55587
      1	55625
      1	55645
      1	55667
      1	55698
      1	55767
      1	55782
      2	55818
      1	55820
      1	55851
      1	55875
      3	55934
      1	56034
      1	56052
      1	56063
      1	56073
      1	56119
      1	56252
      2	56292
      1	56303
      1	56386
      2	56404
      1	56410
      1	56411
      1	56434
      1	56449
      2	56517
      1	56563
      3	56583
      1	56614
      1	56646
      1	56686
      1	56735
      1	56740
      3	56802
      1	56837
      2	56845
      1	56852
      2	56868
      1	56894
      1	56918
      3	56930
      1	56932
      1	56959
      1	56961
      2	57009
      1	57064
      1	57068
      1	57131
      2	57136
      1	57144
      1	57173
      1	57254
      1	57288
      1	57289
      1	57331
      3	57346
      2	57367
      5	57409
      1	57446
      1	57457
      1	57482
      1	57484
      2	57537
      1	57539
      4	57595
      3	57646
      1	57660
      2	57663
      1	57695
      1	57703
      1	57708
      1	57711
      1	57712
      2	57714
      5	57737
      1	57751
      1	57757
      1	57803
      1	57836
      1	57847
      1	57870
      2	57965
      1	57971
      2	58036
      1	58037
      2	58098
      1	58104
      1	58154
      1	58177
      2	58216
      1	58251
      1	58342
      1	58429
      1	58449
      1	58470
      1	58516
      1	58517
      1	58602
      3	58639
      1	58649
      1	58687
      1	58757
      1	58790
      2	58812
      1	58856
      1	58857
      1	58886
      4	58951
      1	58960
      1	58964
      1	58968
      4	58976
      1	59020
      1	59037
      1	59055
      1	59132
      1	59186
      1	59201
      1	59222
      2	59286
      1	59291
      3	59307
      2	59368
      1	59408
      1	59472
      1	59515
      1	59529
     71	59593
      1	59660
      1	59679
      3	59758
      6	59811
      1	59938
      1	60062
      1	60103
      3	60127
      2	60192
      1	60204
      1	60211
      1	60216
      1	60270
      2	60276
      1	60283
      1	60312
      1	60331
      2	60379
      1	60416
      5	60449
      1	60456
      1	60486
      1	60563
      1	60584
     15	60658
      1	60660
      1	60669
      2	60671
      2	60675
      1	60688
      1	60773
      1	60820
      1	60870
      1	60909
      3	60912
      2	60919
      2	60965
     17	61021
      1	61080
      7	61107
      4	61121
      1	61195
      2	61204
      2	61232
      1	61249
      3	61257
      2	61261
      1	61291
      1	61340
      1	61352
      1	61383
      1	61399
      1	61492
      1	61589
      1	61647
      1	61648
      2	61736
      1	61754
      1	61761
      1	61828
      1	61860
      1	61934
      1	61954
      1	61971
      1	61999
      1	62006
      1	62025
      1	62026
      1	62030
      4	62048
      2	62053
      1	62106
      1	62109
      1	62117
      2	62140
      1	62174
      4	62183
      2	62194
      1	62218
      1	62280
      3	62281
      1	62353
      2	62363
      1	62378
      1	62399
      4	62412
      1	62414
      9	62432
      1	62467
      1	62492
      1	62593
      1	62672
      1	62675
      1	62697
      1	62761
      1	62782
      2	62796
      1	62846
      4	62872
      1	62890
      1	62893
      1	62958
      1	62974
      2	62980
      1	63002
      1	63060
      1	63140
      1	63145
      5	63189
      1	63220
      1	63231
      2	63254
      5	63315
      2	63363
      2	63381
      1	63397
      1	63409
      5	63421
      2	63495
      5	63559
      1	63611
      1	63651
      1	63723
      2	63807
      1	63873
      1	63883
      2	63920
      1	64094
      2	64174
      2	64255
      1	64261
      1	64284
      1	64287
      1	64304
      1	64314
      1	64379
      1	64411
      1	64454
      1	64510
      2	64566
      2	64627
      1	64677
      3	64712
      2	64720
      1	64907
      1	64908
      1	64913
      1	64951
      1	64991
      1	64995
      1	65053
      2	65056
      1	65081
      1	65088
      1	65121
      1	65123
      1	65154
      1	65211
      1	65249
      1	65252
      1	65258
      1	65263
      1	65296
      2	65329
      2	65348
      1	65360
      1	65401
      1	65411
      3	65458
