      1	40
      1	66
      4	91
      1	113
      1	245
      1	248
      1	276
      3	302
      1	340
      1	466
      1	481
      1	494
      1	502
      1	533
      1	538
      1	608
      1	649
      1	680
      2	708
      2	719
      1	734
      1	819
      1	855
      2	906
      1	1024
      3	1114
      1	1163
      6	1172
      2	1178
      4	1190
      1	1368
      1	1387
      1	1440
      5	1527
      1	1544
      1	1552
      2	1553
      1	1556
      3	1578
      1	1588
      1	1595
      2	1640
      1	1645
      2	1663
      2	1689
      1	1737
      1	1791
      1	1862
      1	1911
      2	1991
      1	2010
      1	2015
      3	2093
      1	2098
      1	2114
     23	2164
      2	2172
     10	2221
      3	2247
      2	2260
      1	2290
      1	2297
      1	2363
      1	2475
      1	2503
      2	2505
      1	2547
      1	2561
      1	2565
      1	2581
      1	2600
      1	2619
      1	2664
      2	2683
      1	2743
      2	2839
      6	2849
      1	2864
      8	2872
      2	2900
      1	2915
      1	2933
      1	2937
      3	3013
      1	3029
      2	3063
      3	3072
      1	3119
      3	3138
      1	3242
      4	3311
      2	3322
     11	3351
      1	3378
      2	3391
      2	3418
      1	3492
      1	3512
      1	3524
      1	3779
      1	3793
      2	3794
      1	3810
      3	3839
      1	3878
      1	4136
      3	4249
      4	4262
      3	4292
      4	4336
      4	4434
      1	4544
      2	4557
      1	4606
      2	4617
      1	4671
      1	4684
      2	4731
      1	4797
      1	4808
      4	4881
      1	4926
      3	5028
      8	5042
      2	5059
      1	5109
      1	5206
      1	5265
      1	5277
      2	5287
      1	5291
      1	5338
      1	5356
      1	5366
      2	5406
      3	5412
      1	5439
      6	5452
      1	5453
      1	5467
      1	5498
      1	5508
      1	5522
      2	5532
      1	5550
      4	5598
      2	5640
      1	5696
      9	5720
      1	5726
      1	5736
      3	5748
      1	5803
      1	5856
      2	5892
      1	5956
      1	5961
      1	5979
      6	6071
      2	6124
      2	6128
      2	6156
     12	6180
      1	6183
      1	6194
      2	6197
      1	6219
      1	6256
      1	6288
      1	6358
      3	6389
      1	6397
      1	6423
      3	6480
      1	6544
      1	6551
      3	6573
      1	6622
      7	6636
      1	6647
      1	6662
      1	6705
      1	6722
      1	6762
      1	6900
      1	6924
      2	6941
      2	6949
      1	6988
      1	7041
      3	7066
      1	7108
      1	7115
      2	7120
      3	7173
      3	7231
      2	7377
      2	7493
      1	7502
      1	7552
      1	7587
      2	7651
      1	7669
      1	7678
      2	7704
      1	7733
      1	7788
      3	7817
      1	7827
      1	7872
      2	7875
      1	7925
      1	7942
      1	7967
      1	8023
      3	8054
      1	8090
      1	8117
      2	8128
      3	8229
      1	8264
      1	8273
      6	8281
      3	8287
      1	8303
      1	8390
      1	8399
      1	8448
      1	8558
      1	8639
      1	8668
      1	8675
      1	8717
      1	8737
      2	8739
      1	8767
      3	8803
      1	8839
      3	8876
      1	8895
      1	8910
      1	9011
      2	9046
      2	9135
      2	9186
      4	9220
      3	9258
      2	9277
      1	9324
      1	9338
      1	9370
      1	9372
      2	9683
      1	9709
      1	9724
      1	9729
      2	9759
      1	9780
      1	9784
      1	9787
      1	9788
      1	9797
      1	9805
      1	9872
      3	9900
      1	9906
      1	9949
      3	9950
      1	10009
      1	10093
      1	10094
      6	10102
      3	10106
      2	10174
      1	10175
      1	10188
      1	10192
      1	10194
      1	10281
     10	10283
      3	10391
      1	10414
      3	10453
      1	10504
      1	10528
      1	10549
      3	10628
      1	10659
      6	10680
      4	10681
      2	10712
      2	10726
      2	10762
      4	10809
      2	10819
      1	10849
      1	10873
      1	10934
      3	11016
      1	11058
      1	11062
      1	11122
      2	11126
      2	11243
      2	11302
      1	11312
      1	11313
      1	11331
      2	11382
      3	11441
      1	11453
      1	11477
      1	11509
      1	11524
      1	11605
      1	11611
      1	11670
      1	11701
      1	11760
      1	11776
      2	11810
      1	11871
      5	11911
      2	12028
      1	12029
      1	12052
      1	12117
      2	12170
      1	12278
      1	12284
      1	12290
      1	12303
      3	12381
      1	12386
      3	12419
      5	12488
      1	12509
      1	12627
      1	12666
      1	12681
      1	12682
      1	12684
      2	12722
      1	12757
     26	12768
      1	12814
      2	12834
      3	12845
      1	12853
      4	12936
      1	12960
      1	13047
      1	13094
      1	13113
      1	13139
      2	13172
      1	13185
      1	13249
      2	13304
      1	13365
      3	13411
      1	13438
      1	13439
      1	13451
      4	13481
      1	13485
      1	13487
      2	13499
      1	13501
      1	13523
      1	13589
      1	13687
      1	13727
      1	13766
      2	13790
      1	13801
      2	13823
      3	13825
      1	13886
      1	13918
      4	13937
      1	14025
      2	14079
      1	14120
      1	14141
      2	14153
      1	14188
      1	14226
      1	14233
      1	14349
      1	14385
      2	14429
      1	14444
      1	14488
      1	14543
      1	14681
      1	14717
      1	14768
      6	14829
      1	14898
      1	14913
      2	15035
      1	15053
      2	15067
      1	15086
      2	15201
      1	15203
      3	15247
      1	15266
      1	15268
      4	15282
      1	15297
      5	15362
      1	15465
      2	15489
      2	15631
      1	15651
      3	15684
      1	15724
      1	15749
      1	15770
      1	15773
      1	15791
      1	15892
      1	15925
      1	15952
      1	15972
      4	15979
      1	16015
      1	16017
      1	16021
      2	16022
      1	16099
      1	16133
      1	16141
      3	16143
     14	16176
      1	16181
      1	16199
      2	16248
      1	16297
      1	16306
      1	16365
      5	16437
      1	16454
      1	16465
      1	16472
      3	16503
      6	16538
      1	16554
      1	16558
      3	16678
      1	16711
      1	16723
      1	16771
      1	16778
      2	16785
      1	16827
      1	16875
      4	16903
      1	16904
      2	16920
      2	16969
      1	16982
      1	17018
      3	17040
      1	17088
      1	17107
      1	17115
      1	17172
      1	17175
      1	17183
      1	17251
      1	17267
      1	17297
      1	17343
      1	17391
      1	17420
      1	17472
      1	17527
      1	17550
      1	17597
      1	17629
      2	17743
      4	17934
      2	17944
      1	17956
      1	17979
      2	17982
      1	17990
      6	18019
      2	18024
      1	18114
      1	18146
      1	18208
      1	18219
      2	18241
      1	18312
      1	18377
      2	18411
      1	18496
      1	18530
      1	18551
      3	18590
      3	18621
      3	18631
      1	18814
      2	18865
      2	18870
      4	19150
      5	19237
      3	19241
      1	19243
      2	19255
      1	19309
      1	19356
      3	19405
      2	19475
      1	19482
      1	19486
      1	19489
      6	19520
      3	19549
      1	19580
      1	19588
      1	19692
      4	19743
      1	19757
      2	19777
      1	19816
      1	19891
      2	19960
      1	20077
      2	20160
      1	20191
     18	20226
      1	20227
      1	20238
      1	20249
      1	20295
      1	20323
      4	20345
      1	20370
      1	20425
      1	20524
      1	20609
      1	20614
      1	20620
      1	20642
      1	20716
      1	20802
      6	20827
      1	20865
      1	20871
      1	20893
      3	20914
      3	20925
      1	20943
      3	20946
      1	21046
      3	21133
      1	21157
      2	21212
      1	21250
      5	21256
      2	21262
      1	21268
      2	21270
      3	21285
      1	21315
      8	21369
      4	21410
      1	21463
      1	21513
      1	21516
      1	21518
      3	21612
      1	21621
      4	21655
      1	21734
      3	21802
      1	21838
      1	21885
      1	21888
      1	21908
      1	21915
      1	21944
      1	22050
      1	22119
      1	22127
      1	22167
      1	22178
      2	22220
      2	22230
      2	22292
      1	22294
      2	22304
      1	22315
      2	22329
      1	22334
      1	22475
      1	22569
      1	22596
      4	22689
      1	22699
      1	22723
      2	22751
      1	22860
      6	22888
      1	22936
      1	22938
      5	23023
      6	23078
      1	23084
      1	23085
      1	23086
      1	23134
      1	23235
      2	23304
      3	23354
      1	23364
      1	23461
      4	23513
      1	23577
      1	23679
      1	23780
      4	23799
      1	23827
      1	23828
      4	23842
      1	23857
      3	23895
      1	23922
      1	23927
      1	23948
     10	24018
      1	24037
      1	24049
      4	24067
      1	24092
      1	24121
      1	24157
      6	24236
      1	24288
      2	24334
      5	24342
      1	24392
      1	24394
      1	24438
      2	24456
      2	24582
      8	24589
      1	24608
      1	24637
      1	24734
      1	24742
      2	24758
      3	24770
     10	24800
      2	24980
      1	24982
      1	24991
      5	25024
      1	25080
      1	25096
      1	25207
      1	25211
      1	25318
      3	25348
      1	25364
      1	25381
      1	25405
      4	25419
      3	25450
      1	25502
      1	25590
      1	25597
      1	25600
      3	25626
      1	25630
      1	25659
      1	25662
      3	25706
      2	25721
      1	25725
      1	25757
      1	25759
      1	25778
      1	25787
      1	25808
      2	25813
      1	25825
      1	25899
      2	25942
      1	25955
      1	25960
      1	25967
      1	25983
      5	26014
      1	26037
      1	26070
      1	26121
      2	26135
      1	26139
      1	26174
      2	26207
      1	26212
      3	26251
      1	26418
      1	26472
      1	26509
      3	26590
      5	26623
      1	26628
      1	26679
      1	26726
      1	26748
      1	26769
      1	26795
      3	26892
      1	26904
      2	26912
      1	27039
      1	27052
      1	27083
      1	27118
      1	27142
      1	27162
      1	27177
      1	27276
      1	27331
      1	27350
      1	27352
      1	27413
      3	27439
      1	27545
      1	27560
      3	27680
     10	27686
      1	27750
      3	27773
      2	27789
      1	27793
      2	27873
      1	27879
      6	27880
      6	27954
      1	27967
      2	28024
      1	28031
      1	28077
      6	28091
      1	28198
      1	28209
      1	28257
      1	28272
      1	28296
      1	28459
      3	28493
      1	28569
      1	28637
      3	28670
      1	28693
      1	28730
      1	28731
      1	28750
      1	28843
      3	28911
      2	29024
      1	29040
      1	29125
      1	29127
      1	29128
      1	29140
      1	29163
      3	29164
      1	29184
      4	29211
      3	29220
      1	29224
      1	29228
      1	29257
      1	29265
      1	29325
      1	29326
      2	29383
      1	29481
      1	29524
      1	29541
      6	29576
      1	29606
      2	29612
      1	29714
      3	29773
      1	29807
      2	29826
      1	29935
      1	30069
      1	30081
      1	30096
      3	30104
      1	30147
      2	30152
      1	30161
      1	30167
      2	30209
      2	30225
      3	30248
      1	30297
      1	30325
      3	30394
      1	30402
      2	30522
      2	30594
      1	30623
      1	30637
      1	30655
      5	30720
      3	30798
      1	30811
      2	30857
      1	30896
      3	30950
      1	30955
      1	31012
      2	31037
      1	31063
     10	31075
      1	31093
      1	31161
      1	31174
      1	31231
      1	31281
      1	31373
      1	31437
      3	31480
      1	31515
      1	31633
      1	31774
      1	31778
      1	31815
      2	31873
      1	31877
      2	31966
      1	32055
      1	32177
      1	32239
      5	32257
     13	32313
      2	32322
      1	32348
      3	32368
      1	32389
      1	32413
      2	32425
      2	32426
      1	32429
      1	32520
      1	32770
      1	32794
      2	32822
      3	32825
      1	32890
      1	32946
      1	32973
      2	32978
      1	32994
      2	33027
      1	33051
     31	33064
      1	33069
      1	33078
      4	33098
      2	33192
      3	33219
      1	33425
      1	33476
      1	33597
      2	33685
      1	33705
      1	33709
      1	33755
      2	33812
      6	33830
      2	33841
      3	33874
     50	33971
      1	33972
      1	34035
      3	34090
      3	34188
      3	34264
      1	34271
      1	34315
      1	34318
      2	34323
      1	34439
      1	34462
      2	34486
      4	34517
      1	34683
      1	34713
      1	34725
      1	34806
      1	34810
      1	34843
      2	34854
      1	34895
      1	34902
      1	34925
      2	34973
      2	34975
      1	35068
      5	35095
      1	35112
      3	35119
      1	35263
      4	35313
      1	35344
      1	35346
      2	35360
      1	35378
      7	35390
      1	35391
      2	35399
      1	35496
      1	35498
      3	35527
      1	35709
      1	35717
     27	35731
      2	35758
      1	35782
      1	35887
      1	35949
      1	35965
      1	36007
      1	36015
      2	36028
      1	36044
      2	36070
      1	36102
      3	36111
      2	36147
      1	36197
      1	36217
      1	36300
      1	36312
      1	36327
      1	36423
      1	36450
      3	36477
      1	36529
      1	36534
      2	36553
      1	36618
      1	36651
      1	36675
      2	36690
      1	36703
      1	36714
      1	36715
      1	36726
      1	36750
      1	36754
      2	36778
      1	36780
      1	36796
      1	36873
      2	36893
      1	36967
      1	37004
      3	37034
      2	37035
      6	37095
      1	37150
      1	37162
      1	37167
      1	37205
      1	37222
      4	37240
      5	37243
      1	37251
      2	37252
      2	37268
      2	37392
      2	37407
      1	37479
      1	37481
      1	37511
      4	37565
      1	37610
      1	37640
      1	37820
      1	37836
      2	37900
      2	37960
      3	37963
      1	37983
      5	38050
      1	38059
      1	38068
      1	38120
      2	38127
      4	38131
      1	38151
      1	38152
      1	38189
      1	38236
      1	38309
      1	38315
      1	38345
      1	38380
      1	38381
      2	38392
     12	38404
      2	38439
      1	38447
      2	38544
      1	38592
      2	38600
      1	38610
      4	38654
      1	38681
      2	38716
      1	38794
      2	38822
      4	38852
      3	38925
      3	38938
      1	38943
      2	39024
      1	39119
      1	39127
      1	39149
      1	39172
      1	39193
      1	39196
      4	39201
      1	39205
      1	39241
      1	39269
      1	39275
      1	39294
      1	39348
      2	39365
      1	39387
      1	39391
      2	39452
      1	39465
      1	39476
      1	39494
      2	39565
      1	39571
      1	39628
      1	39629
      1	39646
      2	39697
      3	39727
      1	39775
      3	39819
      1	39820
      1	39851
      2	39862
      1	39903
      1	39931
      2	40038
      1	40051
      2	40175
      4	40184
      2	40195
      1	40204
      2	40210
      2	40235
      2	40236
      6	40314
      1	40317
      1	40357
      2	40432
      2	40490
      1	40502
      1	40527
      3	40542
      1	40575
      1	40682
      1	40718
     10	40732
      2	40740
      3	40810
      2	40811
      2	40813
      1	40838
      1	40869
      1	40889
      1	40890
      3	40938
      8	40991
      2	41027
      2	41056
      1	41068
      2	41122
      3	41133
      1	41155
      1	41303
      1	41312
      1	41347
      4	41438
      1	41513
      2	41566
      1	41600
      2	41619
      1	41637
      2	41669
      1	41699
      1	41753
      2	41774
      1	41804
      2	41825
      4	41865
      1	41894
      1	41923
      2	41951
      1	41985
      1	42072
      1	42108
      1	42123
      4	42217
      1	42228
      1	42251
      1	42372
      1	42380
      1	42388
      1	42389
      3	42414
      1	42428
      1	42479
      1	42501
      1	42512
      2	42518
      4	42522
      1	42524
      1	42556
      5	42630
      3	42657
      5	42693
      1	42696
      2	42767
      3	42845
      1	42888
      1	42957
      1	43006
      2	43032
      1	43148
      5	43252
      1	43261
      5	43294
      1	43326
      1	43337
      2	43359
      1	43369
      2	43417
      1	43445
      1	43593
      1	43640
      3	43680
      1	43693
      1	43715
      4	43730
      1	43777
      1	43789
      1	43811
      1	43832
      1	43849
      1	43856
      1	43932
      3	43961
      1	44021
      1	44055
      1	44114
      1	44117
      1	44123
     13	44153
      9	44171
      1	44184
      1	44228
      2	44254
      3	44322
      1	44327
      1	44370
      1	44381
     24	44409
      1	44441
      1	44506
      1	44532
      2	44536
      3	44562
      1	44605
      2	44636
     38	44741
      4	44770
      1	44817
      1	44823
      2	44843
      1	44879
      1	44907
      1	44960
      1	45001
      3	45147
      3	45178
      1	45211
      1	45215
      2	45246
      4	45251
      3	45253
      1	45296
      2	45371
      1	45425
      2	45427
      2	45449
      1	45450
      1	45529
      2	45645
      2	45751
      1	45778
      1	45791
      1	45815
      1	45897
      2	45998
      1	46033
      1	46137
      1	46147
      2	46153
      1	46195
      2	46285
      1	46397
      1	46587
      1	46616
      3	46656
      1	46745
      1	46761
      5	46766
      1	46776
      1	46822
      2	46827
      2	46873
      1	46904
      1	46915
      1	46965
      1	47001
      1	47073
      1	47144
      2	47161
      3	47231
      1	47370
      1	47584
      2	47602
      1	47635
      1	47643
      2	47750
      2	47787
      1	47833
      1	47845
      1	47905
      1	47924
      2	47940
      1	47968
      1	48000
      2	48011
      1	48053
      1	48072
      1	48080
      1	48134
      1	48152
      1	48169
      1	48170
      1	48195
      2	48251
      1	48264
      1	48265
      1	48308
      2	48326
      1	48439
      1	48452
      6	48462
      1	48478
      6	48569
      1	48579
      1	48690
      1	48712
      1	48729
      2	48743
      1	48759
      2	48837
      1	48846
      1	48870
      2	48924
      3	48933
      1	48945
      2	48946
      1	48951
      1	48993
      1	49010
      1	49133
      1	49209
      1	49267
      2	49305
      2	49361
      1	49411
      1	49510
      2	49521
      1	49566
      1	49568
      1	49575
      1	49577
      2	49598
      1	49600
      1	49604
      5	49691
      1	49707
      1	49758
      4	49823
      1	49957
      1	49968
      2	50068
      1	50104
      1	50115
      2	50216
      1	50255
      1	50289
     10	50290
      1	50385
      1	50420
      4	50439
      2	50456
      1	50473
      2	50481
      2	50511
      1	50554
      6	50557
      1	50580
      3	50660
      1	50717
      1	50872
      1	51063
      1	51107
      1	51127
      1	51128
      1	51156
      2	51166
      1	51179
      1	51207
      1	51315
      1	51331
      1	51354
      3	51400
      1	51475
      1	51534
      4	51591
      1	51632
      1	51715
      1	51718
      1	51739
      5	51745
      2	51804
      1	51830
      1	51835
      1	51888
      2	51900
      1	52000
      1	52109
      1	52133
      3	52304
      3	52328
      2	52347
      1	52401
      1	52434
      1	52596
      1	52673
      1	52736
      1	52757
      1	52763
      1	52850
      1	52856
      2	52890
      4	52947
      1	52966
      1	53045
      5	53054
      1	53112
      1	53140
      1	53176
      1	53212
      3	53227
      1	53242
      1	53243
      1	53257
      1	53349
      1	53423
      1	53466
      1	53485
      1	53526
      1	53596
      2	53719
      1	53722
      1	53755
      1	53770
      1	53820
      1	53865
      1	53914
      1	53944
      2	53971
      1	54006
      1	54007
      1	54102
      2	54124
      1	54183
      1	54186
      4	54230
      1	54232
      1	54292
      1	54332
      1	54407
      3	54479
      1	54617
      1	54666
      1	54735
     15	54777
      2	54784
      1	54820
      1	54866
      1	54867
      1	54876
      1	54888
      3	54908
      2	54982
      2	55098
      3	55135
      1	55150
      1	55171
      7	55177
      2	55182
      1	55251
      1	55268
      7	55285
      1	55390
      1	55418
     24	55429
      1	55562
      2	55565
      1	55570
      2	55578
      3	55585
      1	55594
      1	55660
      1	55678
      6	55779
      1	55792
      1	55832
      5	55855
      1	55936
      1	56034
      2	56048
      2	56066
      4	56075
      3	56113
      1	56179
      1	56186
      1	56189
      1	56196
      1	56250
      3	56292
      1	56428
      1	56444
      3	56543
      1	56617
      1	56693
      2	56765
      2	56798
      2	56803
      1	56896
      1	56903
      1	56932
      5	56990
      1	57061
      4	57125
      2	57133
     15	57144
      1	57221
      1	57232
      1	57349
      1	57490
      2	57495
      1	57519
      1	57525
      1	57552
     26	57595
      1	57634
      2	57648
      2	57727
      1	57737
      1	57740
      2	57746
      1	57878
      1	57911
      1	57941
      1	58036
      1	58041
      2	58068
      1	58078
      1	58099
      1	58188
      1	58191
      1	58222
      1	58324
      5	58335
      1	58458
      1	58527
      1	58575
      2	58589
      4	58637
      2	58642
      2	58679
      1	58699
      2	58700
      1	58767
      1	58812
      1	58815
      1	58845
      3	58853
      2	58913
      1	58949
      1	58963
      2	59105
      2	59110
      7	59140
      1	59147
      1	59165
      2	59202
      3	59245
      2	59255
      7	59304
      1	59348
      1	59369
      1	59398
      1	59423
      1	59480
      1	59567
      1	59624
      1	59634
      2	59674
      1	59677
      1	59691
      1	59699
      3	59756
      2	59780
      2	59818
      1	59918
      1	59925
      1	59951
      1	59995
      1	60006
      1	60088
      1	60179
      2	60191
      2	60217
      1	60276
      1	60327
      1	60367
      3	60403
      1	60428
      2	60473
      2	60531
      1	60533
      1	60536
      1	60543
      1	60554
      1	60577
      1	60579
      1	60658
      1	60678
      3	60682
      1	60749
      1	60862
      1	61027
      1	61038
      1	61126
      1	61131
      4	61141
      2	61148
      1	61207
      1	61231
      2	61251
     12	61261
      3	61300
      4	61355
      1	61383
      5	61395
      2	61398
      1	61431
      2	61477
      3	61530
      5	61603
      3	61664
      1	61683
      1	61686
      1	61693
      1	61717
      3	61761
      1	61814
      1	61824
      1	61826
      1	61832
      6	61855
      1	61904
      1	62001
      1	62006
      3	62067
      1	62102
      1	62145
      1	62238
      2	62252
      7	62270
      1	62428
      1	62435
      3	62497
      4	62525
      2	62534
      1	62584
      1	62591
      1	62593
      1	62610
      1	62614
      1	62664
      1	62675
      2	62706
      2	62715
      2	62717
      2	62731
      2	62752
      2	62819
      1	62894
      1	62897
      1	62929
      1	63140
      1	63145
      3	63150
      4	63224
      5	63235
      6	63338
      2	63363
      1	63399
      1	63489
      4	63559
      1	63665
      1	63766
      4	63796
      1	63914
      1	63936
      1	64003
      1	64059
      1	64066
      1	64075
      1	64102
      3	64174
      1	64195
      1	64266
      1	64307
      2	64314
      2	64334
      1	64362
      1	64469
      6	64474
      1	64515
      1	64557
      1	64580
      1	64599
      1	64627
      1	64705
      1	64851
      5	64876
      2	64969
      2	64991
      1	65010
      1	65081
      1	65113
     14	65114
      1	65118
      1	65156
      3	65169
      2	65215
      1	65258
      2	65273
      3	65334
      2	65402
      1	65414
      2	65419
      1	65469
      1	65493
