      1	242
      1	1038
      1	1714
      1	3732
      1	3872
      2	4601
      1	5021
      1	6403
      1	6746
      1	8264
      1	8736
      1	9054
      1	10317
      1	15977
      1	16108
      1	16940
      1	17139
      1	17164
      1	17474
      1	19757
      1	19775
      1	20267
      1	20611
      1	20683
      1	21346
      1	21915
      1	22744
      1	22970
      1	23029
      1	24062
      1	24583
      1	27247
      1	27446
      1	32657
      1	32704
      1	33356
      3	33527
      1	33718
      2	34708
      1	39827
      3	40340
      1	40757
      1	42970
      1	44927
      1	45897
      1	48746
      1	49458
      1	49560
      1	49903
      1	50784
      1	51354
      1	53100
      1	54774
      1	55207
      1	56434
      1	58968
      1	59996
