      1	29
      1	39
      1	77
      1	89
      1	322
      1	384
      1	597
      1	664
      1	708
      1	747
      1	779
      3	865
      1	895
      1	960
      1	984
      1	1079
      2	1264
      1	1274
      1	1317
      1	1330
     13	1361
      1	1480
      1	1616
      1	1645
      1	1652
      1	1662
      3	1818
      1	1937
      3	1976
     11	2087
      1	2090
      6	2093
      1	2132
      1	2169
      2	2182
      3	2188
      1	2523
      1	2589
      1	2774
      1	2931
      1	3003
      1	3004
      1	3005
      1	3068
      3	3102
      1	3126
      2	3204
      1	3361
      1	3417
      4	3486
      2	3538
      1	3552
      1	3557
      1	3661
      2	3690
      1	3750
      1	3852
      2	3864
      1	4178
      3	4286
      1	4334
      1	4388
      1	4415
      1	4447
      1	4485
      1	4541
      2	4601
      1	4604
      3	4664
      1	4681
      1	4690
      1	4713
      1	4780
      1	4790
      1	4810
      4	4926
      4	4930
      1	4993
      1	5220
      1	5248
      2	5287
      1	5305
      1	5475
      1	5510
      1	5542
      1	5565
      1	5731
      1	5823
      3	5905
      4	6012
      1	6072
      1	6073
      1	6216
      1	6370
      1	6677
      1	6980
      2	7191
      1	7359
      1	7517
      2	7572
      1	7876
      2	8011
      1	8077
      1	8121
      4	8146
      1	8172
      2	8202
      2	8276
      4	8281
      1	8416
      1	8685
      2	8956
      1	8983
      1	9211
      1	9307
      1	9345
      1	9347
      2	9411
      1	9428
      1	9498
      1	9546
      2	9716
      1	9773
      2	9797
      5	9900
      1	10026
      1	10216
      1	10245
      1	10266
      1	10606
      3	10610
      1	10673
      1	10710
      1	10722
      6	10724
      1	10732
      1	10798
      1	10974
      2	11135
      1	11181
      1	11535
      2	11584
      1	11662
      1	11759
     18	11837
      1	11850
      5	11951
      3	11964
      2	11967
      1	11986
      3	11995
      1	12108
      1	12307
      1	12405
      1	12418
      3	12435
      1	12505
      1	12579
      3	12597
      4	12667
      5	12684
      2	12708
      2	12762
      3	12801
      1	12809
      1	12915
      1	12970
      1	13049
      1	13057
      4	13252
      3	13315
      1	13382
      1	13402
      2	13403
      1	13532
      1	13594
      1	13768
      1	13871
      2	13891
      1	14053
      1	14128
      2	14166
      1	14332
      1	14392
      1	14540
      1	14594
      1	14793
      1	14939
      2	15038
      1	15088
      1	15109
      1	15328
      3	15355
      1	15430
      1	15604
      1	15605
      2	15674
      1	15702
      1	15952
      2	15955
      3	15985
      1	16071
      1	16108
      1	16112
      1	16200
      2	16276
      2	16388
      1	16418
      1	16503
      1	16554
      1	16560
      1	16614
      2	16620
      1	16704
      2	16738
      3	16767
      1	16862
      2	16887
      1	17003
      1	17017
      1	17062
      6	17210
      2	17214
      1	17323
      2	17338
      1	17352
      1	17454
      1	17656
      2	17771
      2	17918
      1	18022
      3	18354
      2	18364
      1	18402
      1	18443
      1	18455
      1	18530
      1	18590
      6	18660
      3	18747
      4	18812
      1	18827
      1	18876
      2	18905
      1	18992
      1	19004
      1	19150
      2	19198
      1	19212
      1	19248
      1	19269
      1	19402
      1	19403
      1	19471
      3	19582
      1	19622
      1	19775
      1	19825
      1	19944
      1	20084
      1	20152
      1	20172
      2	20267
      2	20268
      1	20290
      1	20362
      4	20422
      1	20483
      2	20599
      2	20647
      6	20658
      1	20683
      1	20784
      1	20800
      1	20805
      1	21052
      1	21079
      1	21135
      1	21173
      1	21247
      1	21266
      5	21378
      2	21476
      1	21628
      1	21733
      2	21800
      3	21822
      2	21911
      1	21926
      1	22010
      1	22097
      6	22204
      2	22227
      3	22365
      1	22392
      1	22447
      2	22482
      2	22744
      1	22995
      1	23006
      2	23013
      3	23029
      1	23094
      1	23138
      1	23158
      1	23414
      2	23449
      1	23526
      1	23577
      3	23638
      3	23923
      1	24023
      5	24058
      1	24089
      2	24136
      1	24234
      2	24345
      1	24394
      3	24412
      3	24506
      1	24794
      1	24990
     12	25046
      1	25069
      1	25125
      1	25233
      3	25338
      1	25502
      1	25509
      1	25654
      1	25683
     11	25689
      1	25757
      1	25801
      1	25899
      7	26111
      3	26290
      1	26359
      3	26368
      3	26458
      1	26544
      1	26641
      3	26777
      1	26798
      1	26899
      3	27039
      1	27091
      1	27257
      1	27286
      1	27409
      1	27481
      1	27862
      1	27867
      1	27890
      1	27966
      5	28012
      1	28015
      1	28140
      1	28303
      1	28541
      1	28557
      1	28585
      1	28615
      3	28621
      1	28716
      1	28809
      3	28879
      1	28995
      1	29002
      1	29040
      2	29207
      1	29255
      1	29257
      1	29422
      1	29514
      1	29564
      2	29596
      1	29601
      2	29753
      1	30024
      1	30102
      1	30131
      1	30151
      1	30352
      2	30427
      1	30460
      1	30555
      1	30565
      3	30613
      1	30824
      3	30877
      1	30913
      1	30983
      1	31022
      1	31050
      1	31121
      6	31238
      1	31526
      1	31738
      2	31787
      1	31919
      1	31946
      1	32089
      1	32126
      1	32172
      1	32204
      1	32249
      1	32309
      3	32497
      1	32517
      1	32657
      1	32671
      3	32687
      6	32871
      1	32895
      1	33143
      4	33194
      3	33226
      3	33292
      2	33400
      2	33484
      1	33494
      1	33499
      1	33565
      1	33661
     46	33726
      1	33767
      1	33923
      1	33972
      2	34042
      2	34063
      1	34084
      9	34110
      1	34190
      1	34241
      2	34332
      2	34340
      1	34359
      2	34428
      6	34521
      5	34576
      1	34773
      5	34981
      1	35068
      1	35114
      1	35166
      2	35212
      1	35391
      1	35635
      1	35679
      1	35724
      1	35750
      1	35836
      1	36559
      1	36656
      4	36690
      6	36773
      1	36783
      1	36814
      1	36838
      1	36840
      1	37006
      1	37030
      1	37285
      1	37355
      2	37387
      1	37495
      1	37795
      1	37808
      1	37895
      1	37980
      1	38007
      1	38160
      2	38184
      1	38206
      1	38439
      1	38479
      2	38480
      1	38496
      1	38520
      1	38553
      1	38730
      1	38830
      1	39049
      1	39176
      7	39325
      1	39327
      1	39340
      2	39365
      1	39450
      1	39565
      1	39619
      1	39816
      1	39856
      1	40004
      1	40063
      2	40067
      1	40353
      1	40394
      1	40619
      4	40661
      2	40733
      1	40798
      1	40816
      2	40821
      1	40950
      1	41093
      1	41185
      1	41315
      1	41355
      1	41361
      1	41377
      1	41394
      1	41396
      1	41421
      1	41451
      1	41478
      1	41537
      1	41578
      2	41582
      6	41770
      4	41827
      1	42058
      1	42138
      2	42230
      1	42261
      6	42408
      1	42419
      1	42511
      1	42582
      1	42699
      1	42797
      1	42820
      1	42830
      3	42860
      3	42868
      1	43205
      1	43221
      3	43247
      1	43417
      1	43440
      1	43441
      1	43518
      1	43805
      1	43818
      1	43832
      1	43933
      3	44094
      1	44112
      1	44217
      9	44252
      1	44267
      1	44329
      1	44410
      1	44446
      2	44489
      1	44568
      1	44617
      1	44716
      2	44833
      1	44878
      3	44896
      2	44907
      1	44968
      1	45165
      1	45352
      1	45465
      2	45466
      1	45550
      1	45748
      1	45791
      9	45847
      1	46132
      2	46174
      1	46380
      1	46402
      2	46530
      1	46595
      1	46646
      1	46692
      1	46853
      1	46887
      1	46977
      2	47038
      1	47077
      1	47149
      1	47290
      4	47311
      2	47314
      1	47351
      1	47429
      1	47475
      2	47497
      3	47650
      1	47814
      3	47844
      1	47883
      1	47905
      1	48064
      1	48086
      1	48135
      1	48316
      2	48513
      1	48527
      2	48698
      1	48776
      1	48808
      1	48844
      1	48983
      1	49120
      1	49131
      1	49272
      1	49278
      1	49361
      1	49498
      3	49563
      1	49644
      1	49987
      1	49991
      1	50079
      1	50394
      1	50401
      3	50537
      1	50609
      5	50940
      2	51031
      1	51037
      1	51065
      1	51221
      2	51325
      1	51433
      1	51493
      1	51710
      1	51920
      1	51981
      3	52067
      4	52121
      1	52129
      2	52164
      1	52316
      2	52323
      7	52370
      4	52414
      1	52563
      3	52575
      1	52579
      2	52709
      1	52794
      1	52819
      1	52892
      1	52918
      1	53095
      1	53156
      1	53296
      1	53401
      1	53441
      2	53450
      1	53482
      2	53521
      1	53545
      1	53550
      1	53584
      1	54102
      1	54272
      1	54368
      1	54481
      1	54525
      1	54573
      1	54681
      1	54732
      1	54736
      2	54745
      1	54841
      1	54866
      2	54989
      1	55217
      1	55355
      3	55496
      2	55565
      6	55574
      2	55814
      2	55908
     36	55910
      2	56027
      2	56105
      1	56145
      1	56187
      2	56191
      2	56494
      1	56533
      1	56663
      1	56718
      1	56762
      1	56805
      3	56807
      1	56814
      2	56855
      1	57028
      1	57119
      1	57131
      1	57133
      3	57144
      1	57420
      1	57449
      1	57470
      1	57513
      1	57566
      4	57622
      1	57630
      1	57771
      2	57786
      1	57904
      1	57922
      1	57936
      1	57951
      1	57958
      1	58002
      1	58111
      1	58180
      1	58208
      1	58216
      1	58223
      1	58352
      1	58477
      1	58644
      1	58679
      4	58887
      2	58953
      1	58997
      1	59094
      1	59107
      1	59120
      1	59180
      1	59567
      1	59571
      1	59581
      2	59715
      3	59720
      2	59758
      1	59817
      1	59845
      1	59944
      1	59953
      1	60002
      1	60123
      1	60156
      1	60162
      1	60210
      2	60287
      1	60312
      1	60344
      1	60499
      1	60557
      1	60563
      1	60669
      2	60882
      1	60890
      1	60951
      1	61032
      1	61054
      1	61066
      1	61138
      1	61141
      2	61230
      1	61245
      1	61261
      2	61277
      1	61460
      1	61466
      2	61539
     12	61832
      1	61897
      1	62010
      2	62021
      1	62099
      1	62119
      1	62179
      1	62183
      1	62195
      1	62267
      1	62311
      2	62323
      1	62431
      1	62629
      4	62664
      2	62693
      1	62846
      5	62930
      1	63002
      1	63019
      1	63024
      1	63041
      1	63047
      1	63077
      1	63177
      1	63276
      1	63277
      1	63354
      4	63363
      1	63368
      1	63409
      1	63418
      1	63446
      2	63543
      1	63637
      1	63737
      2	63743
      2	63791
      1	63850
      1	63889
      1	63918
      4	63987
      2	64102
      2	64120
      1	64178
      1	64370
      1	64371
      1	64485
      1	64528
      1	64530
      1	64542
      1	64557
      1	64637
      1	64721
      1	64738
      1	65042
      1	65080
      1	65110
      1	65306
      1	65449
      1	65499
