      2	18
      1	61
      1	67
      1	114
      1	171
      2	182
      1	218
      2	225
      3	263
      3	271
      1	283
      1	340
      1	401
      1	419
      2	505
      4	538
      3	580
      1	671
      1	691
      7	713
      1	755
     16	775
      1	945
      1	974
      1	995
      1	1026
      2	1070
      1	1115
      1	1153
      2	1173
      1	1205
     10	1232
      4	1253
      2	1254
      2	1285
      6	1405
      2	1421
     10	1508
      2	1541
      1	1556
      2	1585
      1	1620
      1	1621
      1	1777
      1	1784
      1	1814
      1	1829
      2	1856
      6	1857
      1	1866
      1	1918
      1	1928
      1	1981
      2	1983
      1	2024
      1	2041
      1	2077
      1	2120
      1	2147
      1	2150
      2	2170
      1	2206
      3	2222
      1	2270
      8	2307
      1	2366
      1	2375
      1	2400
      2	2419
      1	2443
      1	2470
     18	2475
      1	2485
      1	2493
      1	2503
      4	2519
      1	2527
      1	2529
      1	2627
      1	2659
      3	2662
      7	2683
      1	2729
      1	2757
      2	2808
      1	2820
      6	2849
      1	2982
      1	3005
      5	3020
      1	3079
      1	3121
      1	3123
      1	3168
      1	3204
      4	3212
      1	3221
      1	3227
      3	3344
      1	3351
      2	3402
      2	3425
      1	3443
      1	3456
      3	3486
      1	3506
      2	3512
      2	3648
      2	3665
      1	3690
      1	3727
      4	3732
      1	3750
      1	3775
      1	3812
      1	3872
     10	3908
      2	3932
      5	3967
      1	4030
      1	4108
      4	4113
      1	4114
      1	4224
      1	4245
      1	4269
      1	4292
      2	4300
      4	4437
      1	4536
      1	4561
      1	4617
      2	4623
      1	4651
      4	4754
      1	4758
      1	4823
      2	4848
      1	4878
      3	4907
      8	4913
      1	4993
      1	5021
      1	5022
      1	5076
      2	5091
      8	5112
      1	5140
      1	5154
      1	5157
      1	5161
      2	5208
      1	5218
      1	5231
      2	5271
      2	5287
      4	5300
      1	5378
      6	5389
      1	5424
      1	5476
      1	5567
      1	5682
      1	5697
      1	5709
      1	5726
      5	5731
      5	5736
      1	5763
      1	5790
      2	5810
      1	5830
      1	5837
      1	5858
      2	5892
      1	5894
      3	5915
      1	6020
      4	6032
     19	6035
      1	6101
      1	6119
     12	6156
      1	6175
      1	6194
      1	6235
      1	6246
      2	6285
      1	6366
      1	6392
      1	6422
      1	6443
      1	6491
      6	6497
      4	6551
      2	6586
      1	6590
      3	6626
      1	6756
      2	6894
      1	6971
      5	6980
      1	6993
      1	7032
      4	7041
      1	7047
      1	7066
      1	7153
      1	7203
      1	7221
      1	7222
      1	7271
      1	7335
      3	7359
      3	7517
      1	7673
      1	7825
      1	7835
      3	7902
      2	7955
      1	8003
      3	8117
      1	8138
      1	8141
      1	8151
      2	8354
      1	8378
     10	8427
      2	8489
      1	8557
      2	8560
      1	8658
      1	8659
      2	8664
      2	8677
      1	8680
      3	8698
     18	8736
      2	8760
      1	8774
      1	8847
      1	8887
      1	8917
      6	8944
      2	8956
      1	8989
      2	9028
      2	9032
      1	9073
      1	9125
      1	9190
      1	9191
      1	9211
      1	9234
      1	9259
      1	9287
      1	9317
      1	9322
      1	9345
      1	9386
      1	9424
      1	9434
      1	9442
      1	9472
      1	9552
      1	9562
      7	9610
      1	9623
      1	9667
      1	9700
      1	9752
      2	9773
      1	9788
     12	9797
      4	9805
      2	9832
      1	9835
      1	9846
      1	9850
      1	9888
      6	9900
      1	9927
      1	10020
     15	10022
      1	10094
      3	10121
      1	10175
      1	10208
      1	10243
      1	10374
      3	10427
      3	10504
      2	10594
      1	10612
      1	10687
      1	10705
      1	10723
      1	10791
      1	10820
      1	10980
      2	11012
     32	11082
      1	11100
      4	11144
      1	11235
      1	11290
      2	11382
      1	11415
      1	11456
      2	11461
     13	11467
      1	11477
      4	11487
      1	11524
      3	11546
      1	11563
      1	11587
      4	11611
      2	11634
      1	11701
      3	11718
      1	11760
      2	11823
      2	11833
      2	11880
      1	11914
      1	11976
      2	11990
      1	12016
      1	12050
      1	12084
      1	12113
      3	12188
      2	12195
      2	12253
      1	12322
      1	12341
      1	12363
      2	12375
     34	12397
      1	12505
      2	12636
      2	12641
      1	12694
      1	12704
      2	12708
      1	12740
      1	12742
      2	12745
      1	12792
      1	12804
      1	12849
      1	12868
     10	13022
      1	13067
     10	13083
      1	13096
      1	13172
      1	13184
      1	13238
      1	13327
      1	13384
      1	13410
      1	13458
      1	13479
     11	13481
      1	13490
      1	13572
      1	13668
      1	13672
      9	13682
      1	13764
      1	13788
      1	13913
      1	13930
      1	13965
      1	14062
      1	14100
      4	14105
     12	14169
      2	14171
      1	14280
      2	14305
      1	14349
      1	14353
      3	14385
      1	14401
      4	14430
      5	14438
      4	14443
      1	14488
      1	14513
      2	14537
      3	14559
      1	14701
      4	14713
      1	14720
      2	14801
      1	14819
      1	14847
      1	14863
      2	14898
      1	14921
      1	14933
      1	14952
      1	14984
      1	14996
      2	15017
      1	15053
      1	15058
      1	15064
      1	15093
      1	15095
      2	15136
      2	15183
      3	15222
      1	15257
      1	15282
      2	15290
      2	15306
      1	15318
      2	15344
      1	15374
      2	15403
      1	15411
      1	15467
      1	15562
      2	15600
      3	15605
      2	15701
      1	15884
      1	15895
      1	15931
      1	15974
      4	15996
      4	16016
      1	16017
      1	16021
      2	16039
      2	16047
      5	16148
     15	16153
      1	16174
      1	16195
      2	16226
      1	16276
      3	16317
      2	16414
      1	16465
     14	16503
      1	16536
      1	16545
      1	16588
      1	16678
      1	16723
      2	16728
      8	16748
      6	16759
      1	16826
      1	16887
      4	16935
      1	16937
      1	16950
      1	17009
      1	17027
      1	17033
      1	17066
      2	17067
      1	17092
      6	17213
      1	17216
      1	17267
      4	17306
      1	17314
     14	17352
      2	17375
      2	17474
      5	17613
      1	17616
      1	17738
      1	17743
      9	17773
      1	17776
      1	17849
      2	17880
      4	17934
      2	17938
      1	17968
      1	18010
      1	18064
      2	18092
      1	18109
      1	18270
      1	18403
      1	18420
      2	18442
      3	18471
      1	18511
      1	18518
      3	18533
     46	18590
      1	18666
      8	18696
      1	18698
      1	18719
      1	18737
      1	18749
      3	18776
      1	18788
      1	18842
      1	18867
      2	18899
      5	18939
      2	18962
      1	18992
      1	19053
      2	19150
      2	19234
      1	19339
      4	19356
      1	19361
      4	19441
      2	19518
      1	19580
      1	19586
      3	19620
      2	19624
      2	19627
      1	19640
     10	19678
      1	19718
      1	19745
      7	19763
      2	19785
      1	19800
      1	19850
      2	19891
      1	19904
      4	19928
      1	19950
      4	19975
      1	20024
      1	20077
      2	20081
      1	20088
      1	20118
      1	20172
      1	20222
      3	20228
      1	20229
      1	20282
      1	20326
      1	20371
      2	20428
      2	20513
      5	20545
      1	20615
      3	20631
      2	20713
      1	20739
      7	20772
      1	20788
     18	20827
      2	20865
      4	20883
      2	21015
      2	21095
      1	21162
      2	21222
      3	21227
      1	21253
      2	21256
      1	21289
     16	21380
      2	21382
      1	21432
      5	21544
      2	21552
      2	21621
      4	21674
      1	21693
      9	21830
      1	21855
      1	21859
      1	21865
      1	21871
      1	21926
      2	21981
      1	22031
      2	22039
      3	22055
      1	22100
      6	22164
      1	22180
      1	22194
      1	22233
      4	22365
      1	22408
      1	22499
      5	22589
      1	22625
      1	22689
     11	22713
      1	22739
      1	22746
      1	22769
      2	22771
      1	22806
      1	22835
      1	22896
      1	22902
      3	23013
      1	23026
      8	23030
      1	23062
      1	23070
      1	23083
      1	23089
     10	23134
      1	23219
      1	23330
      1	23410
      1	23464
      3	23469
      2	23533
      1	23535
      4	23559
      1	23566
      1	23572
      1	23577
      6	23596
      1	23602
      1	23622
      1	23692
      1	23780
     14	23799
      1	23869
      9	23925
      1	23995
      2	24049
      1	24123
      4	24138
      5	24236
      1	24266
      1	24268
      5	24412
      5	24451
      1	24570
      1	24573
      1	24583
      1	24626
      2	24637
      1	24698
      1	24750
      1	24787
     24	24800
      2	24849
      1	24851
      7	24852
      1	24866
      2	24915
      1	24962
      3	24980
      4	24990
     10	25024
      1	25263
      1	25281
      1	25338
      3	25381
      9	25405
      1	25410
      1	25432
      1	25515
      1	25540
      1	25563
      2	25597
      1	25725
      1	25813
      1	25830
      1	25834
      7	25871
      1	25906
      1	25953
      1	26013
      2	26026
      1	26028
      1	26138
      2	26161
      5	26207
      1	26290
      1	26301
      1	26309
      1	26363
      1	26383
      3	26420
      1	26445
      1	26476
      1	26600
      1	26602
      1	26617
      1	26625
     15	26666
      3	26703
      3	26748
      4	26824
      2	26876
      1	27039
      2	27052
      1	27069
      1	27134
      1	27151
      3	27155
      1	27169
      1	27227
      1	27259
     19	27350
      1	27386
      1	27395
      1	27478
      2	27479
      1	27545
      1	27605
      1	27607
      1	27690
      1	27765
      1	27771
      1	27773
      1	27784
      1	27789
      1	27830
      3	27860
      1	27892
      1	27893
      2	27912
      1	27938
      1	27995
      1	28012
      2	28035
      1	28077
      2	28091
      1	28131
      1	28242
      8	28250
     17	28270
      1	28292
      1	28293
      3	28308
      1	28324
      1	28429
      2	28438
      1	28486
      1	28538
      5	28594
      1	28688
      2	28773
      1	28824
      2	28890
      3	28948
     40	28960
     13	29023
      1	29043
      1	29051
      1	29067
      1	29116
      3	29153
      1	29156
      1	29204
      1	29233
      5	29246
      1	29249
     18	29257
      1	29258
     15	29286
      1	29405
      1	29443
      1	29450
      1	29500
      1	29578
      1	29686
      2	29707
      1	29717
      1	29723
      1	29735
      1	29802
      1	29826
      2	29853
      2	29892
      1	30003
      1	30055
      1	30099
      2	30167
      1	30225
      1	30280
      1	30307
      1	30389
      1	30401
      5	30402
      1	30441
      1	30458
      1	30476
      1	30554
      3	30570
      3	30582
      1	30595
      2	30652
      4	30655
      1	30665
      2	30672
      8	30687
     11	30727
      3	30760
     14	30764
      4	30769
      1	30776
      1	30782
      1	30882
      1	30923
      1	30946
      1	30964
      2	30973
      2	30979
      1	31001
      1	31006
      4	31060
      1	31088
      6	31098
      1	31111
      2	31112
      2	31397
      4	31404
      1	31407
      1	31453
      1	31455
      1	31470
      1	31473
      3	31474
      1	31562
      1	31585
      1	31623
      1	31647
      1	31750
      3	31779
      3	31853
      1	31869
      1	31896
      1	31915
      1	31942
      1	31990
      1	32025
      1	32064
      1	32074
      1	32117
      1	32141
      1	32180
      1	32295
      7	32326
     12	32372
      1	32390
      1	32425
      3	32426
      1	32429
      4	32451
      1	32526
      1	32574
      1	32614
      3	32662
      1	32675
      4	32681
      4	32696
      2	32718
      1	32737
      1	32770
      1	32784
      3	32831
      2	32857
      1	32918
      1	32930
      1	32967
      1	32978
      1	32991
      2	33030
      4	33078
      1	33124
     17	33143
      2	33145
      9	33194
      5	33211
     25	33292
      1	33293
      1	33356
      1	33462
      1	33474
      1	33570
      1	33586
      1	33615
      1	33682
      1	33700
      1	33755
      1	33756
      1	33832
      2	33846
      1	33857
      1	33904
      1	33921
      1	33957
      1	33964
     14	33971
      1	34043
      1	34083
      1	34142
      1	34216
      1	34264
      1	34283
      1	34294
      1	34318
      4	34357
      1	34374
      1	34375
      1	34466
      2	34532
      2	34550
      1	34561
      1	34614
      1	34641
      1	34750
      3	34773
      1	34783
      1	34795
      4	34797
      1	34908
      1	34965
      1	34973
      2	34975
      1	35008
      2	35025
      2	35068
      4	35100
      1	35162
      1	35186
      1	35212
      1	35222
      1	35231
      1	35330
      9	35360
      2	35475
      2	35498
      1	35559
      3	35608
      1	35617
      1	35659
      1	35717
      1	35724
      1	35757
      1	35762
      1	35805
      1	35841
      1	35907
      1	35949
      1	36028
      4	36034
      3	36056
      2	36077
     32	36111
      1	36112
      1	36114
      1	36180
      1	36186
      1	36230
      1	36280
      2	36295
      1	36296
      2	36383
      1	36414
      1	36438
      7	36480
      1	36520
      2	36566
      1	36579
      1	36627
      1	36666
     32	36690
      1	36718
      2	36720
      2	36734
      1	36810
      1	36858
      1	36868
      1	36901
      3	36945
      1	37014
     15	37226
      1	37266
      1	37273
      1	37305
      2	37308
      2	37321
      3	37350
      1	37354
      4	37355
      1	37387
      2	37464
      1	37493
      2	37536
      1	37640
      1	37685
      8	37709
      1	37748
      1	37755
      2	37777
      2	37788
      1	37836
      3	37865
      2	37870
      1	37884
      4	37892
      3	37941
      4	38007
      2	38021
      2	38068
      1	38130
      1	38134
      1	38163
      3	38221
     22	38243
      1	38266
      1	38273
      1	38287
      1	38333
      1	38380
     16	38439
      2	38494
      1	38527
      1	38598
      1	38642
      8	38676
      1	38702
     37	38756
      1	38869
      1	38911
      1	38914
      1	38938
      1	38939
      4	39072
      3	39079
      4	39086
      1	39144
      3	39193
      1	39222
      7	39265
      2	39278
      6	39285
      2	39302
      1	39337
      1	39380
      3	39432
      3	39458
      4	39465
      1	39466
      2	39558
      1	39785
      2	39805
      2	39850
      6	39886
      1	39887
      1	39897
      1	39932
      7	39940
      1	40040
      1	40051
      2	40063
      6	40085
      5	40093
      1	40124
      2	40126
      2	40128
      3	40175
      3	40194
      2	40204
      1	40210
      2	40211
      3	40298
      1	40346
      1	40373
      2	40394
      1	40432
      1	40524
      1	40527
      1	40551
      1	40658
      1	40679
      1	40698
      1	40711
      1	40718
      1	40733
      1	40740
      2	40781
      1	40796
      2	40811
     25	40830
      1	40917
      5	40920
      1	40942
      1	40944
      1	40961
      4	41015
      1	41152
      1	41165
      4	41198
      1	41202
      1	41315
      3	41355
      1	41421
      2	41515
      1	41558
      1	41619
      1	41642
      3	41669
      5	41771
      4	41791
      1	41811
      5	41892
      2	42013
      1	42077
      1	42110
      1	42183
      1	42186
      1	42201
      1	42299
      3	42333
      1	42355
      2	42372
      1	42377
      1	42464
      1	42475
      1	42501
      1	42651
      1	42677
     59	42686
      5	42687
      2	42704
      1	42767
      2	42851
      1	42856
      1	42908
      2	42953
      1	42957
      1	42959
      1	43055
      3	43068
      1	43204
      2	43250
      1	43294
      1	43501
      1	43609
      1	43673
      1	43706
      1	43737
      2	43760
      1	43777
      3	43832
      6	43852
      2	43856
      6	43861
      1	43862
      1	44193
      2	44228
      1	44271
      1	44300
      1	44381
      1	44390
      2	44412
      1	44429
      1	44430
      5	44446
      1	44453
      1	44475
      5	44489
      4	44528
      1	44558
      1	44561
      1	44575
      1	44583
      2	44672
      1	44714
      2	44773
      4	44804
      1	44807
      1	44818
      1	44826
      1	44856
      2	44887
      3	44896
      1	44911
     11	44961
      1	44983
      4	45018
      1	45022
      1	45094
      2	45111
      2	45127
      2	45145
      1	45189
      4	45219
      1	45228
      1	45238
      1	45293
      1	45331
      1	45352
      4	45373
     11	45424
     28	45425
      1	45455
      1	45472
      1	45496
      6	45611
      2	45751
      1	45758
      4	45774
      1	45847
      2	45935
      1	45944
      1	45961
      1	45978
      2	46057
      1	46069
      1	46125
      1	46126
      7	46168
      4	46198
      1	46261
      1	46285
      1	46304
      2	46316
      1	46393
      3	46402
      1	46409
      1	46474
      1	46488
      1	46530
      5	46573
      1	46574
      1	46623
      1	46647
      1	46664
      2	46680
      1	46692
      1	46701
      4	46753
      2	46766
      1	46787
      1	46827
      1	46841
      2	46851
      3	46901
      1	46919
      1	46929
      6	46949
      1	47010
      2	47011
      3	47045
      1	47126
      1	47165
      1	47304
      2	47349
      1	47364
     14	47376
      1	47421
      3	47463
      1	47464
      3	47593
      1	47597
      1	47640
      2	47707
      4	47931
      4	48033
      1	48064
      1	48086
      6	48176
      1	48218
      1	48265
      2	48285
      1	48289
      1	48299
      5	48309
      1	48326
      6	48355
      1	48401
      1	48527
      5	48544
      1	48573
      1	48708
      2	48712
      1	48721
      2	48729
      3	48749
      3	48924
      1	48993
      1	49025
      2	49043
      4	49044
      1	49071
      1	49073
      7	49107
      1	49123
      2	49177
      2	49196
      2	49301
      1	49329
      3	49361
      1	49412
      1	49482
      1	49538
      4	49541
      4	49598
      1	49619
      1	49661
      1	49693
      1	49696
      2	49789
      1	49831
      1	49870
      3	49884
      3	49929
      1	49966
      1	49991
      1	50129
      2	50191
      1	50216
      1	50219
      1	50340
      8	50372
      1	50385
      2	50419
      1	50471
      3	50497
      1	50527
      2	50537
      1	50560
      1	50590
      2	50660
      1	50708
      1	50785
      1	50835
      2	50872
      1	50904
     10	50910
      1	50952
      1	51004
      1	51024
      1	51044
      4	51078
     12	51099
      1	51115
      1	51197
      1	51208
      1	51326
      1	51352
      3	51392
      1	51494
      1	51550
      1	51576
      4	51591
      2	51676
      1	51770
      4	51835
      1	51857
      1	51863
      1	51888
      1	51917
      4	51946
      1	52013
      1	52049
      1	52067
      1	52074
      1	52148
     11	52181
      1	52286
      5	52308
      1	52322
      1	52339
      1	52370
      3	52405
      1	52409
      2	52422
      1	52511
      1	52534
      1	52541
      1	52584
      5	52794
      1	52818
      1	52881
      1	52898
      3	52947
      1	52948
      1	52985
      2	52988
      2	53044
      5	53054
      1	53101
      1	53227
      1	53244
     11	53358
      1	53361
      3	53401
      1	53479
     10	53502
      1	53511
      1	53534
      1	53661
      3	53662
      5	53707
      2	53770
      1	53820
      1	53824
      1	53891
      1	53947
      1	53972
      1	53980
      1	53990
      1	53996
      3	54001
      1	54014
      1	54024
      1	54028
      1	54051
      2	54075
      2	54183
      4	54245
      2	54267
      4	54389
      1	54399
      2	54401
      2	54430
      2	54449
      4	54450
      1	54474
      1	54525
      1	54529
      1	54550
      4	54554
      1	54558
      1	54563
      1	54565
      1	54766
      4	54855
      1	54916
      1	54927
      1	55085
      1	55093
      1	55135
      2	55136
      1	55156
      1	55245
      1	55305
      1	55382
      2	55418
      1	55464
      1	55479
     14	55500
      1	55508
      1	55521
      2	55528
      9	55587
      1	55608
      3	55640
      4	55660
      1	55661
     11	55698
      1	55736
      1	55761
      2	55791
      1	55854
      1	55896
      3	55963
      1	55981
      1	55983
      1	55998
      1	56038
      2	56039
      1	56086
      1	56105
      2	56143
      1	56199
      3	56221
     11	56230
      1	56261
      1	56350
     13	56434
      1	56448
      2	56484
      2	56496
      1	56513
      1	56530
      1	56560
      1	56641
      1	56644
      1	56706
      1	56722
      1	56774
      1	56782
      1	56803
      1	56814
      1	56855
      1	56874
      1	56904
      1	56994
      1	57050
      3	57064
     30	57133
      1	57141
     23	57144
      1	57219
      1	57221
      1	57258
      1	57294
      8	57332
      1	57346
      1	57349
      1	57352
      1	57354
      1	57372
      1	57374
      2	57394
      1	57410
      5	57419
      1	57462
      1	57468
      1	57494
      1	57513
      2	57541
      1	57564
      1	57566
      1	57577
      2	57688
      3	57750
      1	57777
      1	57910
      2	58017
      1	58025
      1	58041
      1	58081
      1	58147
      1	58154
      2	58197
      1	58216
      5	58223
      3	58240
      1	58269
      3	58289
      1	58297
      2	58299
      1	58335
      1	58370
      1	58414
      2	58466
      1	58488
      1	58503
      4	58527
      1	58569
      1	58589
      3	58651
      1	58678
      8	58750
      1	58804
      1	58808
      1	58824
      1	58860
      2	58917
      1	58930
      6	58984
      2	58988
      8	59006
      1	59010
      2	59052
      4	59089
      1	59195
      1	59256
      1	59277
      2	59304
      1	59316
      1	59327
      1	59332
      1	59369
      1	59440
      4	59512
      5	59514
      1	59535
      1	59562
      1	59567
      3	59571
      2	59593
      1	59620
      1	59689
      2	59748
      1	59756
      1	59900
      1	59911
      1	60005
      1	60017
      1	60023
      1	60122
      1	60123
      8	60210
      6	60232
      1	60274
      4	60295
      2	60367
      5	60382
      1	60407
      4	60497
      5	60501
      6	60505
      1	60630
      1	60663
      2	60671
      2	60679
      1	60682
      1	60686
      4	60696
      2	60750
      1	60839
      1	60849
      1	60861
      1	60880
      1	60927
      1	60934
      2	60957
      1	60959
      2	60997
      1	61026
      5	61131
      1	61140
      5	61152
      7	61246
      1	61289
      2	61362
      1	61390
      1	61504
      2	61528
      1	61614
     15	61638
      1	61668
      1	61771
      2	61773
      1	61783
     11	61832
      2	61869
      1	61872
      1	61973
      1	62024
      2	62057
      1	62076
      3	62130
      1	62145
      1	62162
      1	62180
      1	62194
      1	62267
      5	62290
      3	62291
      2	62311
      1	62337
      1	62374
      1	62395
      1	62420
      1	62427
      2	62455
      2	62525
      1	62534
      1	62573
      1	62586
      1	62599
      2	62607
      3	62629
      4	62645
      4	62715
      1	62740
      1	62794
      1	62798
      1	62819
      1	62837
      1	63119
      2	63140
      1	63147
      3	63192
      1	63194
     11	63216
      1	63267
      3	63338
      1	63339
      1	63381
      9	63409
      3	63471
     15	63509
      1	63608
      1	63671
      7	63743
      1	63789
      4	63940
      2	63958
      5	63995
      1	64053
      1	64056
      1	64068
      1	64079
      1	64084
      1	64086
      1	64105
      2	64126
     13	64129
      1	64163
      1	64185
      1	64237
      2	64239
      1	64248
      1	64266
      4	64270
      8	64339
      8	64375
      1	64382
      1	64385
      2	64470
      3	64582
      1	64633
      1	64670
      2	64712
      1	64726
      1	64767
      1	64900
      1	64908
      1	64938
      1	64951
      1	65005
      1	65041
      1	65081
      1	65114
      7	65124
      1	65138
      4	65150
      1	65232
      1	65334
      1	65339
      1	65375
      1	65415
      2	65462
