      2	45
      1	357
      1	460
      1	561
      1	646
      1	685
      1	707
      1	709
      1	722
      1	758
      2	779
      1	808
      1	816
      1	823
      1	865
      4	902
      1	971
     10	1107
      2	1144
      1	1184
      4	1232
      1	1248
      1	1261
      1	1288
      2	1293
      1	1296
      5	1402
      1	1405
      1	1418
      2	1558
      1	1656
      1	1906
      2	1943
      1	2006
      1	2015
      1	2057
      1	2087
      1	2093
      1	2129
      1	2131
      2	2188
      1	2276
      1	2302
      1	2370
      3	2388
      3	2396
      1	2479
      2	2504
      1	2550
      1	2739
      1	2784
      1	2806
      1	2827
      1	2845
      6	2849
      1	2853
      1	2916
      2	3013
      2	3071
      1	3221
      1	3243
      1	3339
      3	3569
      1	3661
      1	3690
      2	3824
      1	3869
      1	4032
      3	4106
      2	4195
      1	4279
      1	4299
      1	4301
      1	4308
      2	4316
      1	4388
      1	4422
      1	4438
      1	4841
      1	4926
      2	4930
      1	5026
      1	5061
      2	5160
      1	5214
      1	5219
      2	5257
      1	5269
      1	5330
      2	5405
      1	5452
      1	5475
      1	5598
      1	5619
      1	5697
      2	5731
      1	5751
      3	5786
      1	5819
      4	5876
      4	5905
      2	5967
      1	6004
     14	6012
      2	6045
      1	6101
      1	6175
      1	6209
      1	6226
     26	6275
      1	6306
      1	6322
      1	6328
      1	6366
      1	6396
      1	6423
      1	6493
      1	6497
      2	6583
      5	6596
      1	6651
      1	6669
      1	6717
      9	6770
      2	6887
      1	6935
      1	6949
      1	7083
      1	7109
      2	7115
      1	7181
      3	7186
      1	7229
      1	7327
      1	7403
     15	7452
      1	7490
      1	7533
      1	7581
      1	7705
      4	7746
      1	7816
      2	8009
      1	8014
      4	8121
      2	8172
      1	8185
      1	8221
      1	8222
      2	8236
      1	8264
      2	8365
      2	8390
      2	8411
      3	8435
      1	8589
      2	8652
      1	8736
      2	8737
      1	8801
      1	8840
      1	8853
      1	8859
      2	8931
      1	8983
      1	9016
      2	9217
      1	9232
      1	9304
      1	9324
     17	9331
      3	9345
      1	9374
      1	9435
      1	9456
      1	9486
      1	9554
      1	9556
      1	9564
      3	9633
      1	9698
      1	9819
      1	9824
      1	9848
     18	9927
      1	10207
      1	10245
      1	10346
      1	10432
      1	10447
      2	10607
      3	10659
      1	10673
      2	10724
      1	10744
      1	10809
      1	10845
      1	10859
      1	10950
      1	10974
      1	11044
      1	11096
      1	11116
      1	11231
      1	11272
      2	11307
      1	11321
      1	11378
      1	11558
      1	11569
      1	11584
      4	11607
      1	11668
      1	11718
      1	11776
      1	11890
      1	11964
      6	12009
      1	12108
      1	12147
      1	12271
      2	12320
      1	12334
     14	12350
      1	12359
      1	12360
      1	12382
      2	12396
      1	12560
      1	12585
      1	12597
      2	12623
      5	12684
     14	12728
      1	12757
      1	12878
      1	12915
      1	12921
      9	12936
      1	13024
      2	13026
      1	13113
      3	13210
      2	13273
      3	13369
      1	13461
      1	13481
      2	13515
      1	13533
      1	13554
      2	13567
      8	13734
      3	13806
      2	13987
      1	14079
      1	14111
      1	14128
      4	14135
      1	14153
      1	14213
      1	14323
      3	14343
      1	14352
      1	14359
      3	14385
      1	14398
      1	14530
      1	14565
      1	14589
      2	14602
      1	14611
      1	14622
      1	14626
      1	14717
      2	14883
      1	14938
      2	15033
      1	15035
      1	15125
      2	15147
      1	15201
      1	15268
      1	15328
      1	15344
      1	15535
      1	15621
      1	15702
      1	15946
      1	15956
      1	16002
      1	16007
      1	16114
      4	16192
     10	16276
      1	16330
      3	16354
      1	16377
      1	16418
      2	16442
      4	16554
      2	16641
      1	16714
      4	16738
      1	16862
      1	16924
      3	17027
      1	17062
      2	17131
      2	17137
      1	17149
      1	17214
      1	17225
      4	17267
      1	17282
      4	17498
      1	17527
      2	17569
      1	17580
      1	17597
      1	17644
      1	17717
      5	17835
      2	17864
      1	17895
      1	18040
      1	18114
     14	18203
      1	18393
      1	18746
      3	18782
      1	18796
     11	18988
      1	19063
      1	19101
      1	19340
      2	19471
      1	19485
      5	19582
      1	19622
      1	19629
      1	19641
      1	19678
      1	19707
      1	19790
      3	19851
      1	19911
      1	19940
      1	20267
      1	20323
      1	20414
      1	20626
      1	20660
      1	20671
      1	20683
      2	20748
      1	20774
      1	20825
      2	20837
      6	20871
      2	20939
      1	20955
      3	20960
      2	20997
      2	21034
      2	21082
      2	21164
      6	21180
      2	21198
      1	21236
      2	21357
      1	21378
      1	21393
      1	21398
      7	21650
      1	21686
      4	21812
      8	21822
      1	21829
      1	21896
      1	21926
      1	21981
      1	22018
      1	22164
      1	22171
      2	22204
      1	22206
      1	22305
      1	22374
      1	22386
      1	22414
      1	22697
      2	22727
      3	22744
      2	22871
      1	22886
      1	22912
      2	22977
      1	22995
      1	23015
      1	23021
      1	23029
      1	23168
      2	23267
      1	23370
      1	23399
      1	23472
      1	23486
      1	23526
      1	23543
      1	23577
      2	23589
      1	23601
      1	23639
      2	23670
      1	23713
      1	23729
      2	23741
      1	23776
      1	23801
      1	23820
      1	23822
      1	23881
      1	24006
      1	24058
      1	24067
      1	24094
      1	24126
     10	24302
      6	24345
      1	24458
      1	24533
      1	24567
      1	24589
      1	24668
      1	24839
      1	24840
      1	25009
      2	25024
      7	25142
      1	25195
      1	25213
      1	25256
      1	25293
      1	25324
      3	25364
      1	25398
      4	25463
      1	25507
      1	25512
      1	25620
      2	25654
      4	25689
      1	25695
      1	25953
      1	26069
      3	26111
      1	26207
      1	26267
     15	26308
      1	26368
      1	26432
      3	26536
      1	26583
      1	26597
      1	26644
      1	26679
      1	26711
      1	26828
      1	26857
      1	26888
      2	26913
      1	26939
      2	26994
      4	27022
      1	27248
      2	27257
      1	27278
      3	27286
      3	27302
      1	27307
      2	27411
      1	27552
      1	27615
      1	27734
      1	27920
      2	27944
      1	27960
      2	28008
      1	28015
      1	28140
      1	28187
      1	28240
      1	28244
      2	28293
      1	28405
      3	28520
      1	28579
      1	28613
      5	28615
      2	28795
      2	28867
      1	28875
      1	28919
      1	28993
      2	29028
      1	29166
      1	29221
      1	29245
      1	29255
      1	29270
      1	29298
      1	29353
      1	29374
      2	29517
      1	29595
      3	29707
      1	29815
      1	29972
      5	30174
      1	30257
      1	30427
      8	30460
      1	30556
      2	30565
      1	30613
      1	30747
      1	30756
      1	30819
      3	30912
      2	30941
      1	30983
      1	31071
      1	31088
      5	31156
      1	31221
      1	31269
      1	31302
      1	31343
      2	31347
      1	31370
      1	31386
      8	31395
      1	31397
      1	31399
      1	31670
      1	31789
      1	31919
      1	31948
      1	31962
      1	32008
      1	32038
      1	32147
      1	32154
      1	32256
      1	32266
      1	32273
      1	32337
      1	32342
      4	32345
      1	32426
      1	32438
      1	32517
      1	32520
      2	32547
      1	32571
      1	32657
      1	32687
      1	32857
      2	32863
      1	32871
      1	32886
      1	32916
      1	32938
      1	33027
      1	33035
      1	33064
      1	33124
      1	33194
      1	33204
      1	33253
      1	33306
      1	33484
      3	33516
      2	33586
      6	33665
      2	33674
      1	33971
      1	34092
      1	34103
      4	34105
      1	34181
      3	34188
      1	34234
      1	34428
      1	34439
      2	34440
      2	34479
      1	34495
      2	34599
      3	34608
      2	34704
      1	34750
      1	34805
      1	35052
      1	35102
      2	35122
      1	35140
      1	35183
      6	35192
      2	35212
      1	35298
      2	35336
      2	35337
      1	35420
      1	35498
      1	35521
      4	35591
      1	35613
      2	35708
      1	35717
      1	35739
      1	35750
      1	35777
     16	35824
      1	35844
      1	35976
      1	36015
      1	36070
      1	36200
      1	36232
      3	36368
     10	36396
      2	36435
      1	36438
      1	36587
      2	36598
      3	36648
      1	36658
      3	36721
      1	36780
      5	36810
      3	36823
      1	36838
      1	36870
      1	36940
      4	36987
      1	37174
     12	37195
      1	37218
      2	37355
      1	37490
      1	37709
      1	37820
      1	37983
      3	38181
      2	38238
      1	38249
      1	38311
      1	38381
      2	38389
      1	38439
      3	38516
      1	38520
      6	38582
      1	38611
      1	38652
      2	38662
      1	38738
      1	38874
      1	38886
      1	38916
      1	38967
      1	38997
      2	39000
      1	39044
      3	39102
      2	39176
      1	39197
      1	39275
      1	39281
      1	39302
      1	39379
      1	39485
      1	39492
      3	39515
      2	39569
      1	39727
      1	39734
     10	39807
      1	39819
      1	40074
      1	40132
      1	40280
      2	40309
      1	40314
      2	40317
      1	40460
      1	40562
      5	40574
      1	40682
      9	40740
      1	40746
      1	40774
      1	40825
      2	40857
      1	40864
      1	41051
      1	41065
      3	41185
      1	41269
      2	41396
      7	41419
      1	41439
      2	41496
      1	41570
      1	41588
      1	42021
      1	42078
      2	42086
      1	42164
      7	42218
      4	42281
      1	42334
      1	42357
      1	42404
     12	42468
      3	42578
      1	42657
      4	42691
      2	42768
      2	42830
      1	42897
      1	43039
      1	43080
      1	43106
      1	43119
      1	43145
      1	43148
      1	43366
      1	43379
      1	43419
      1	43441
      1	43811
      2	43827
      4	43832
      1	43858
      2	43923
      3	43953
      3	43989
      4	44113
      5	44115
      1	44126
      2	44138
      2	44141
      4	44354
      1	44380
      1	44434
      1	44611
      3	44615
      5	44666
      1	44721
      1	44725
      1	44820
      3	44833
      2	44843
      3	44878
      1	44907
      6	44912
      4	44947
      1	44961
      1	44968
      1	45086
      2	45209
      1	45322
      2	45368
      7	45383
      1	45617
      1	45631
      1	45660
      1	45671
      1	45721
      1	45786
      1	45794
      1	45799
      1	45815
      1	45818
      1	45827
      1	45836
      2	45847
      1	45853
      3	45875
      1	46019
      1	46023
      2	46045
      1	46077
      1	46234
      1	46304
      1	46359
      1	46372
      1	46488
      1	46492
      1	46499
      1	46517
      1	46530
      1	46724
      1	46780
      1	46822
     32	46827
      2	46921
      1	47012
      1	47038
      1	47105
      1	47124
     10	47131
      4	47151
      1	47193
      1	47204
      1	47231
      2	47256
      1	47294
      3	47311
      8	47316
      2	47351
      1	47376
      2	47429
      1	47481
      1	47632
      2	47711
      2	47774
      1	47846
      1	47866
      1	47883
      1	47897
      1	47903
      2	47905
      1	47985
      1	48184
      1	48367
      1	48400
      1	48410
      2	48462
      1	48599
      1	48604
      3	49201
      1	49247
      1	49296
      3	49358
      1	49362
      1	49382
      1	49470
      1	49525
      1	49568
      2	49677
      2	49722
      1	49748
      4	49776
      3	49844
      6	49897
      2	49926
      1	50257
      1	50465
      2	50477
      1	50609
      1	50694
      2	50717
      1	50756
      1	50771
      1	50798
      2	50955
      1	51085
      1	51152
     30	51243
      2	51300
      1	51305
      1	51321
      5	51331
      1	51342
      2	51369
      1	51394
      1	51434
      1	51475
      1	51534
      1	51587
      1	51630
      1	51739
      1	51740
      3	51988
      1	51989
      2	52181
      1	52239
      2	52304
      1	52305
      2	52323
      5	52330
      2	52370
      1	52423
      3	52616
      2	52635
      2	52687
      1	52736
      2	52763
      1	52791
      1	52794
      1	52800
      5	52801
      1	52819
      1	52856
      1	52896
      1	52951
      1	52954
      1	53068
      1	53073
      1	53147
      1	53205
      2	53243
      1	53324
      1	53357
      1	53450
      2	53502
      2	53519
      2	53584
      1	53660
      2	53661
      1	53681
      2	53749
      1	53759
      1	53783
     55	53784
      1	53796
      1	53855
      2	53883
      1	53925
      1	54086
      1	54103
      1	54183
      1	54209
      2	54307
      2	54345
      1	54401
      2	54407
      1	54430
      1	54681
      7	54916
      1	55093
      2	55143
      1	55196
      3	55217
      1	55273
      1	55350
      1	55371
      1	55393
      1	55418
      1	55444
      4	55460
      1	55486
      1	55520
      2	55584
      2	55587
      2	55663
      2	55692
      2	55746
      1	55814
      1	55822
      1	55914
      1	55973
      1	55979
      3	56027
      3	56113
      1	56264
     10	56311
      2	56328
      1	56347
      1	56359
      2	56371
      1	56556
      2	56647
      1	56683
      2	56693
      3	56803
      1	56872
      2	56987
      5	56990
     10	57144
      1	57177
      1	57332
      9	57346
      1	57379
      1	57383
      1	57480
      1	57507
      1	57608
      1	57631
      4	57635
      1	57736
      1	57762
      1	57784
      2	57836
     15	57951
      1	58124
      1	58128
      1	58212
      1	58419
      2	58466
      2	58506
      1	58554
      1	58587
      2	58712
      2	58750
      1	58760
      6	58800
      1	58815
      1	58857
     15	58887
      1	58960
      1	58963
      3	58999
      1	59001
      3	59048
      1	59062
      1	59118
      1	59157
      1	59180
      1	59215
      2	59354
      1	59625
      2	59726
      1	59836
      1	59940
      1	59951
      1	60120
      1	60309
      1	60379
      1	60389
      2	60416
      1	60427
      1	60595
      1	61014
      1	61152
      2	61191
      1	61250
     22	61261
      1	61277
      2	61301
      3	61330
      3	61332
      1	61346
      1	61376
      1	61396
      1	61398
      1	61553
      2	61568
      1	61612
      1	61631
      2	61641
      1	61734
      9	61767
      1	61946
      2	62006
      1	62013
      1	62076
      1	62311
      2	62374
      1	62514
      1	62533
      1	62534
      1	62664
      1	62886
      1	62930
      1	63073
      1	63142
      1	63178
      1	63264
      2	63267
      1	63291
      4	63338
      2	63366
      2	63411
      1	63434
      1	63581
      1	63702
      7	63807
      1	63842
      3	63872
     13	63987
      7	64129
      1	64182
      1	64530
      1	64575
      4	64637
      2	64769
      1	64809
      2	65042
      3	65078
     16	65087
      1	65137
      3	65145
      1	65176
      1	65177
      1	65213
      2	65258
      3	65319
      1	65324
      1	65432
      1	65451
