      2	162
      1	172
      1	198
      1	259
      1	322
      1	428
      1	430
      1	505
      1	547
      1	577
      2	709
      1	734
      1	740
      1	779
      1	857
      1	865
      2	880
      1	1008
      1	1012
      1	1070
      4	1107
      1	1157
      2	1167
      1	1209
      3	1232
      1	1261
      1	1421
      3	1497
      1	1506
      1	1617
      1	1668
      1	1714
      1	1740
      2	1758
      1	1768
      2	1794
      2	1818
     16	1857
      1	1981
      1	1991
      7	2093
      1	2098
      2	2125
      1	2172
      1	2231
      1	2251
      1	2284
      2	2321
      1	2347
      1	2388
      1	2396
      1	2473
      1	2561
      1	2613
      1	2667
      3	2741
      1	2849
      1	3098
      1	3124
      2	3213
      1	3229
      1	3241
      1	3339
      1	3457
      1	3507
      2	3559
      1	3648
      1	3690
      2	3745
      1	3750
      1	3764
      1	3808
      2	3839
      1	3843
      1	3881
      1	3914
      2	4106
      1	4184
      1	4216
      3	4245
      1	4286
      1	4307
      1	4326
      1	4334
      1	4412
      1	4424
      1	4492
      1	4565
      1	4604
      1	4616
      1	4664
      1	4722
      1	4729
      2	4732
      1	4754
      1	4789
      1	4808
      1	4830
      2	4926
      1	4942
      1	4980
      1	5222
      4	5224
      2	5228
      1	5452
      1	5465
      1	5475
      1	5484
      1	5508
      1	5568
      1	5652
      1	5720
      1	5763
      1	5892
      1	5893
      1	5905
      1	6012
      1	6045
      1	6146
      2	6191
      1	6226
      1	6274
      1	6330
      1	6488
      1	6494
      1	6497
      2	6563
      1	6669
      1	6694
      1	6717
      2	6837
      1	6887
      1	6949
      2	6980
      2	7002
      1	7017
      1	7240
      1	7288
      1	7362
      1	7376
      2	7403
      1	7435
      3	7472
      1	7485
      1	7529
      1	7533
      1	7579
      1	7667
      1	7705
      3	7765
      1	7778
      1	7817
      2	7931
      1	7959
      3	7981
      1	8009
      1	8016
      1	8036
      2	8201
      1	8273
      1	8281
      1	8363
      2	8376
      2	8390
      1	8618
      1	8645
      3	8700
      1	8782
      1	8799
      1	8803
      7	8823
      1	8845
      2	8853
      1	8956
      1	9028
      1	9121
      1	9174
      1	9195
      1	9210
      1	9212
      4	9304
      1	9317
      1	9345
      4	9359
      1	9411
      2	9470
      1	9488
      1	9498
      2	9501
      1	9516
      1	9593
      2	9607
      1	9718
      2	9733
      1	9752
      1	9795
      2	9817
      1	9950
      1	9952
      1	9999
      1	10078
      1	10083
      1	10085
      1	10100
      1	10174
      1	10223
      1	10255
      1	10346
      2	10399
      2	10451
      2	10591
      1	10610
      1	10624
      1	10703
      2	10712
      4	10747
      2	10777
      1	10782
      1	10819
      1	10843
      5	10845
      2	10860
      1	10934
      1	10942
      1	10950
      1	11048
      1	11090
      1	11126
      1	11155
      1	11189
      2	11307
      2	11312
      1	11313
      1	11321
      7	11453
      1	11491
      1	11509
      1	11524
      1	11535
      1	11569
      1	11584
      2	11602
      1	11612
      1	11642
      1	11750
      3	11759
      1	11795
      1	11833
      1	11961
      1	11964
      1	12016
      1	12022
      1	12047
      1	12058
      1	12271
     25	12290
      1	12330
      1	12334
      1	12390
      1	12396
      1	12492
      7	12535
      1	12545
      1	12684
      3	12717
      5	12728
      4	12936
      4	13024
      2	13064
      1	13076
      1	13113
      1	13153
      1	13159
      1	13261
     10	13273
      1	13304
      3	13344
      2	13369
      1	13402
      1	13438
      1	13444
      4	13490
      1	13510
      1	13539
      1	13567
      1	13688
      1	13723
      1	13816
      2	13882
      1	13924
      1	13941
      1	13976
      5	14025
      1	14080
      1	14124
      1	14239
      1	14290
      2	14325
      2	14326
      1	14385
      1	14455
      3	14466
      1	14626
      1	14648
      2	14708
      3	14724
      2	14775
      1	14913
      1	14993
      1	15088
      1	15119
      1	15180
      1	15183
      1	15247
      1	15345
      2	15366
      1	15386
      1	15403
      1	15423
      1	15429
      1	15437
      1	15478
      1	15491
      1	15558
      1	15562
      1	15684
      1	15702
      1	15710
      1	15818
      1	15837
      1	15925
      8	15939
      1	15996
      2	16007
      1	16125
      2	16153
      1	16191
      1	16204
      1	16230
      1	16266
     16	16276
      1	16295
      1	16312
      1	16330
      1	16339
      1	16418
      1	16503
      8	16554
      1	16679
      1	16704
      1	16712
      2	16737
      1	16790
      3	16806
      2	16862
      2	16934
      1	16935
      1	16984
      1	17009
      1	17088
      1	17183
      1	17206
      1	17351
      2	17352
      1	17544
      1	17580
      1	17662
      3	17695
      1	17916
      1	17944
      1	18024
      1	18109
      1	18203
      1	18304
      1	18340
      1	18510
      2	18563
      1	18590
      2	18593
      1	18631
      2	18636
      4	18687
      1	18746
      1	18787
      1	18845
      5	18865
      1	18867
      1	18897
      1	18906
      1	18983
      1	18992
      1	19016
      3	19095
      1	19148
      1	19233
      1	19252
      5	19512
      1	19539
      4	19588
      1	19622
      1	19629
      2	19641
      1	19685
      3	19713
      1	19740
      1	19744
      2	19770
      1	19886
      1	19904
      1	19918
      1	19947
      2	19976
      2	19998
      4	20015
      1	20084
      1	20333
      3	20375
      1	20406
      1	20412
      1	20416
      1	20483
      1	20605
      1	20611
      1	20742
      1	20785
      1	20837
      1	20844
      1	20997
      2	21109
      2	21149
     20	21180
      1	21191
      1	21217
      1	21312
      1	21357
      1	21378
      1	21382
      1	21410
      1	21412
      1	21483
      1	21623
      1	21650
      1	21665
      1	21719
      1	21742
      1	21775
      1	21812
      1	21957
      1	22100
      1	22180
      1	22188
      1	22190
      3	22192
      3	22206
      1	22278
      1	22309
      2	22365
      3	22394
      1	22440
      1	22538
      1	22554
      1	22623
      1	22689
      1	22699
      2	22713
      1	22854
      1	22888
      1	22905
      1	22911
      1	22912
      1	22967
      6	23015
      2	23089
      1	23094
      3	23192
      3	23309
      1	23371
      1	23435
      1	23441
      1	23449
      1	23459
      1	23472
      2	23473
      1	23484
      5	23589
      2	23611
      1	23628
      1	23692
      1	23780
      4	23888
      2	23895
      2	23999
      2	24002
      1	24044
      1	24058
      1	24133
      1	24136
      3	24139
      1	24150
      1	24237
      3	24303
      2	24345
      1	24384
      1	24450
      1	24459
      3	24469
      1	24506
      1	24673
      1	24684
      1	24750
      8	24817
      1	24826
      2	24986
      1	24990
      1	25096
      1	25141
      1	25162
      1	25163
      1	25277
      1	25312
      1	25348
      1	25507
      1	25551
      1	25602
      2	25654
      1	25659
      1	25759
      1	25810
      3	25837
      2	26058
      2	26090
      1	26097
      1	26111
      1	26136
      1	26156
      1	26182
      1	26198
      1	26202
      1	26203
      1	26212
      2	26219
      1	26246
     10	26251
      1	26285
      1	26290
      1	26293
      1	26318
      6	26327
      1	26364
      1	26397
      2	26442
      1	26662
      1	26667
      3	26711
      3	26777
      1	26806
      1	26860
      1	26873
      1	27028
      1	27052
      1	27061
      1	27062
      1	27191
      2	27192
      6	27212
      1	27289
      1	27409
      1	27449
      1	27495
      1	27510
      1	27524
      1	27525
      1	27625
      1	27638
      3	27681
      2	27731
      1	27750
      1	27828
      1	27910
      1	27920
      1	27967
      1	28244
      2	28293
      1	28324
      1	28431
      1	28440
      1	28459
      3	28488
      1	28581
      1	28615
      1	28665
      2	28683
      2	28877
      1	28922
      1	28933
      1	29046
      2	29139
      2	29150
      1	29226
      1	29233
      1	29258
      4	29311
      2	29407
      3	29490
      1	29541
      1	29593
      1	29607
      1	29670
      1	29726
      1	29819
      2	29948
      2	30038
      1	30150
     10	30174
      1	30238
      1	30269
      1	30306
      1	30388
      1	30419
      1	30460
      1	30513
      2	30544
      1	30549
      1	30556
      5	30708
      1	30719
      1	30790
      1	30909
      1	30912
      1	30931
      1	30950
      8	30957
      1	31051
      1	31119
      1	31129
      1	31140
      1	31158
      1	31325
      1	31407
      2	31453
      1	31456
      1	31473
      1	31480
      1	31535
      1	31606
      1	31613
      2	31713
      1	31812
      1	31876
      1	31915
      1	32148
      1	32204
      2	32224
      1	32230
      1	32240
     12	32266
      1	32339
      5	32345
      1	32413
      1	32438
      1	32456
      3	32484
      1	32509
      1	32520
      4	32526
      1	32687
      1	32735
      1	32782
      2	32857
      3	32871
      1	32876
      1	32924
      1	32967
      1	33022
      8	33064
      1	33098
      1	33175
      1	33217
     12	33270
      2	33354
      1	33433
      1	33500
      1	33518
      1	33549
      1	33718
      1	33755
      1	33799
      2	33874
      1	33948
      5	33971
      2	33992
      1	34018
      1	34042
      1	34083
      1	34133
      1	34226
      7	34303
      2	34326
      1	34359
      1	34447
      1	34449
      1	34495
      2	34521
      1	34538
      1	34670
      1	34740
      1	34795
     16	34853
      1	34963
      1	35052
      5	35122
      8	35192
      9	35313
      1	35344
      1	35518
      1	35527
      1	35601
      3	35613
      1	35622
      1	35708
      1	35744
      2	35814
      1	35824
      1	35886
      1	35901
      1	36028
      1	36147
      4	36169
      2	36188
      2	36230
      1	36252
      1	36267
      1	36339
      1	36354
      2	36490
      1	36559
      1	36587
      2	36600
      2	36658
      1	36744
      1	36754
      1	36768
      2	36838
      1	36873
      4	36948
      1	36975
      1	36987
      1	37064
      2	37095
      1	37111
      1	37139
      1	37185
      1	37256
      3	37271
      1	37300
      1	37340
      2	37350
      1	37355
      5	37411
      1	37444
      1	37449
      1	37460
      1	37544
      4	37609
      1	37640
      9	37667
      9	37734
      1	37795
      1	37805
      1	37820
      1	37855
      2	37867
      1	37885
      3	37960
      1	38008
      1	38018
      1	38047
      1	38054
      3	38110
      2	38163
      3	38164
      2	38265
      2	38470
      1	38514
      1	38582
      1	38616
      1	38640
      2	38681
      2	38756
      8	38773
      1	38788
      4	38794
      2	38866
      1	38867
      1	38874
      3	38909
      1	38933
      1	39052
      1	39119
      1	39260
      1	39319
      1	39794
      1	39851
     30	39868
      1	39964
      1	40011
      4	40063
      1	40068
      1	40132
      3	40145
      1	40278
      3	40317
      1	40384
      1	40429
      1	40439
      3	40630
      1	40662
      1	40725
      1	40757
      2	40864
      1	40933
     15	41032
      1	41051
      5	41185
      4	41269
      1	41306
      2	41333
      1	41361
      1	41403
      2	41456
      1	41611
      1	41632
      1	41640
      1	41663
      3	41754
      1	41927
      1	42040
      1	42163
      1	42201
      1	42329
      2	42344
      1	42419
      1	42433
      1	42497
      1	42595
      1	42608
      1	42621
      1	42651
      1	42808
      2	42914
      4	42955
      1	43023
      8	43148
      1	43169
      1	43247
      2	43270
      1	43293
      2	43367
      1	43441
      1	43463
      1	43538
      1	43598
      1	43603
      1	43616
      3	43686
      1	43803
      7	43832
      2	43842
      1	43913
      5	43989
      3	44094
      1	44113
      1	44117
      1	44236
      1	44272
      1	44315
      1	44329
      1	44353
      2	44370
      1	44409
      1	44429
      2	44440
      1	44489
      1	44556
      1	44692
      1	44694
      1	44740
      3	44741
      1	44761
      2	44823
      1	44927
      1	45001
      1	45058
      1	45338
      1	45390
      1	45407
      4	45586
      1	45596
      1	45611
      1	45767
      1	45777
      2	45806
      1	45834
      2	45847
      1	45853
      1	45869
      1	45943
      2	46033
      1	46132
      8	46145
      1	46263
      1	46347
      1	46372
      1	46417
      7	46499
      1	46509
      1	46529
      1	46595
      1	46645
      1	46669
      1	46676
      3	46691
     29	46827
      1	46834
      1	46921
      1	46948
      1	46977
      2	47025
      1	47027
     10	47038
      1	47159
      1	47164
      1	47201
      1	47221
      1	47230
      1	47295
      1	47351
      1	47429
      1	47440
      2	47457
      1	47478
      1	47546
      1	47707
      1	47786
      1	47846
      2	47858
      1	47883
      2	47946
      1	48002
      1	48067
      1	48285
      1	48326
      5	48397
      1	48512
      1	48597
      1	48599
      2	48607
      1	48634
     10	48708
      1	48733
      1	48860
      1	48897
      1	48968
      3	49010
      1	49082
      2	49100
      1	49103
      2	49111
      2	49180
      2	49200
      1	49231
      3	49247
      1	49282
      1	49333
      2	49406
      1	49408
      1	49485
      1	49487
      1	49491
      1	49538
      2	49568
      1	49722
      3	49765
      1	49770
      1	49788
      1	49797
      1	49844
      1	49926
      2	49933
      1	49957
      1	49966
      6	50184
      6	50269
      6	50313
      1	50323
      3	50387
      1	50394
      2	50413
      1	50477
      4	50544
      1	50645
      1	50708
      3	50717
      1	50778
      1	50781
      5	50784
      2	50795
      1	50834
      3	50843
      1	50850
      6	50910
      1	50999
      1	51037
      1	51044
      1	51085
      5	51183
      1	51325
      4	51392
      5	51434
      1	51472
      1	51475
      1	51478
      7	51516
      1	51576
      3	51644
      1	51676
      1	51708
      2	51739
      1	51793
      1	51795
      3	51822
      1	51866
      1	51881
      3	51914
      2	51920
      2	51948
      1	51981
     12	52044
      1	52100
      3	52181
      1	52227
      1	52243
      1	52293
      1	52323
      1	52330
      1	52343
      1	52457
      1	52613
      1	52848
      4	52861
      1	52863
      1	52954
      1	53009
      1	53023
      2	53068
      1	53150
      2	53205
      3	53243
      2	53357
      1	53368
      1	53385
      1	53503
      1	53517
      1	53553
     16	53762
      3	53820
      5	53857
      1	54028
      1	54105
      1	54124
      1	54127
      1	54146
      1	54215
      1	54255
      1	54293
      1	54332
      1	54345
      1	54430
      1	54507
      1	54617
      1	54726
      2	54752
      1	54811
      1	54820
      2	54894
      3	54916
      1	54982
      1	55083
      6	55143
      1	55178
      1	55238
      2	55285
      1	55309
      1	55429
      1	55440
      1	55450
      1	55493
      3	55500
      1	55524
      2	55528
      2	55574
      2	55587
      1	55680
      1	55784
      1	55859
      1	55920
      4	56027
      4	56052
      2	56062
      1	56094
      1	56122
      1	56232
      2	56263
      1	56292
      2	56338
     21	56371
      1	56418
      1	56480
      2	56693
      1	56771
      1	56772
      2	56807
      1	56833
      1	56844
      2	56897
      1	56907
      1	56975
      1	56990
      1	56995
      1	57061
      2	57144
      4	57200
      1	57303
      1	57359
      1	57379
      9	57383
      2	57397
      2	57459
      1	57503
      1	57507
      1	57557
      1	57612
      2	57631
      2	57640
      3	57654
      2	57688
      4	57762
      1	57764
      3	57836
      3	57843
      1	57922
      6	57949
      1	57965
      1	57999
      1	58009
      1	58034
      1	58041
      1	58144
      1	58147
      1	58154
      1	58170
      1	58195
      1	58281
      1	58297
      1	58488
      3	58545
      1	58606
      1	58649
      3	58652
      2	58699
      1	58705
      2	58756
      1	58808
      8	58887
      1	58895
      1	58901
      2	58913
      1	59118
      2	59168
      1	59304
      1	59308
      1	59324
      1	59335
      1	59354
      1	59398
      2	59466
      1	59512
      1	59541
      2	59687
      2	59722
      1	59758
      1	59763
      1	59781
      1	59789
      1	59817
      1	59858
      1	59938
      1	59967
      1	60036
      1	60120
      1	60210
      1	60247
      1	60284
      7	60335
      1	60410
      1	60459
      1	60513
      2	60527
      1	60536
      1	60605
      4	60653
      1	60701
      3	60723
      1	60914
      1	60934
      1	61054
      1	61068
      1	61103
      1	61106
      1	61173
      1	61191
      1	61207
      1	61220
      3	61230
      7	61261
      1	61277
      1	61298
      3	61300
      1	61330
      1	61367
      5	61383
      1	61426
      2	61530
      1	61603
      5	61632
      3	61655
      1	61711
      1	61752
      2	61816
      2	61824
      1	62012
      1	62041
      4	62063
      1	62095
      1	62108
      4	62160
      1	62183
      1	62189
      2	62252
      1	62330
      1	62336
      2	62631
      2	62644
      2	62661
      2	62731
      1	62771
      2	62811
      1	62813
      1	62864
      1	62930
      1	62952
      1	63039
      1	63097
      2	63105
      1	63119
      1	63137
      1	63170
      1	63210
      1	63221
      1	63224
      1	63338
      1	63363
      1	63368
      1	63372
      1	63480
      1	63665
      2	63769
      1	63784
      6	63807
      1	63872
      3	63900
      1	63953
      1	63976
      1	64042
      1	64049
      5	64078
      1	64115
      2	64124
      1	64204
      1	64269
      1	64314
      1	64339
      2	64385
      2	64424
      1	64528
      3	64530
      1	64580
      2	64589
      1	64597
      2	64613
      3	64637
      1	64638
      2	64717
      1	64775
      1	64896
      1	65004
      1	65042
      1	65066
      2	65137
      1	65182
      1	65232
      1	65399
