      1	77
      2	91
      2	366
      1	546
      6	664
      1	779
      2	851
      1	932
      1	1160
      1	1248
      2	1253
      1	1267
      1	1305
      1	1330
      1	1357
      2	1366
      1	1702
      1	1714
      3	1857
      1	1937
      1	2007
      2	2087
      1	2090
      2	2475
      2	2521
      1	2522
      1	2567
      1	2677
      1	2982
      2	3013
      1	3016
      1	3098
      2	3114
      1	3209
      1	3327
      1	3434
      2	3486
      2	3792
      1	3808
      1	3830
      2	3842
      1	3881
      1	3949
      3	4060
      1	4109
      1	4308
      1	4442
      1	4462
      1	4481
      1	4497
      1	4517
      1	4581
      1	4624
      2	4682
      1	4753
      1	4780
      1	5102
      1	5161
      1	5210
      1	5212
      2	5555
      1	5731
      1	5792
      1	5830
      1	5836
      6	5888
      1	5892
      2	5905
      1	6073
      2	6085
      1	6156
      1	6181
      1	6216
      4	6275
      1	6332
      1	6358
      1	6359
      1	6366
      1	6393
      2	6497
      1	6597
      1	6710
      1	6738
      1	6770
      1	6932
      1	7301
      1	7327
      1	7347
      1	7403
      1	7407
      1	7774
      1	7935
      1	8281
      1	8462
      1	8564
      1	8599
      1	8708
      1	8754
      3	8767
      1	8847
      1	9061
      1	9066
      1	9141
      1	9258
      1	9568
      1	9609
      2	9773
      1	9994
      1	10070
      1	10104
      2	10137
      2	10346
      1	10442
      1	10444
      2	10681
      1	10724
      1	10807
      1	10934
      6	11058
      1	11237
      2	11307
      1	11608
      1	11750
      1	11776
      1	11964
      1	11969
      1	12295
      1	12334
      1	12350
      1	12386
      2	12397
      1	12736
      1	12804
      5	12936
      1	12956
      1	12960
      1	13206
      1	13267
      1	13288
      1	13360
      1	13422
      1	13490
      1	13653
      1	13738
      1	13771
      2	13787
      1	13871
      1	13915
      1	13924
      1	13986
      1	14000
      1	14210
      1	14284
      3	14287
      1	14305
      1	14389
      1	14429
      1	14498
      1	14565
      1	14717
      1	14784
      1	14848
      1	14988
      1	15021
      1	15038
      2	15093
      1	15183
      1	15188
      1	15355
      2	15429
      1	15461
      2	15467
      1	15534
      2	15593
      9	15661
      1	15787
      6	16007
      1	16070
      1	16140
      1	16193
      1	16276
      1	16280
      1	16503
      2	16565
      1	16620
      3	16649
      2	16675
      1	16718
      1	16935
      1	16960
      1	16968
      1	16972
      1	17019
      1	17062
      1	17439
      1	17592
      1	17665
      1	17743
      2	17773
      1	17824
      2	17887
      2	17989
      1	18100
      1	18305
      1	18348
      1	18354
      1	18392
      1	18472
      2	18475
      1	18498
      1	18504
      1	18562
      1	18641
      4	18646
      1	18660
      1	18677
      1	18770
      2	18842
      2	19305
      1	19402
      1	19506
      3	19510
      1	19616
      1	19678
      1	19897
      1	19904
      2	20118
      1	20159
      1	20203
      1	20222
      1	20483
      1	20489
      1	20806
      1	20865
      1	20988
      1	21157
      1	21180
      1	21235
      1	21319
      1	21430
      5	21483
      1	21497
      1	21507
      1	21563
      1	21628
      1	21686
      2	21822
      2	21833
      1	21981
      1	22074
      1	22140
      4	22164
      1	22270
      2	22305
      2	22392
      1	22433
      1	22478
      8	22547
      1	22551
      1	22625
      1	22693
      4	22742
      1	22744
      1	22792
      1	22829
      2	22903
      1	22970
      1	23091
      2	23159
      1	23166
      1	23266
      1	23385
      4	23577
      1	23869
      1	23923
      1	24092
     16	24333
     11	24334
      2	24367
      1	24412
      1	24469
      1	24519
      1	24656
      1	24672
      2	24817
      1	25046
      1	25125
      1	25163
      1	25360
      1	25563
      1	25666
      1	25689
      2	26135
      2	26207
      1	26216
      1	26217
      1	26219
      1	26383
      6	26435
      5	26552
      1	26641
      2	26777
      1	27061
      1	27093
      1	27326
      1	27462
      1	27495
      1	27630
      1	27797
      1	27880
      1	27995
      1	28010
      2	28250
      1	28304
      7	28330
      1	28348
      1	28438
      1	28440
      3	28731
      1	28813
      1	28889
      2	29146
      1	29202
      1	29356
      1	29713
      1	29808
      1	29888
      1	30062
      1	30126
      1	30195
      1	30206
      1	30957
      1	30983
      1	31079
      1	31130
      1	31161
      1	31370
      1	31397
      1	31550
      2	31556
      2	31615
      1	31654
      2	31812
      1	31949
      1	32003
      2	32022
      3	32038
      1	32048
      2	32114
      1	32389
      1	32405
      1	32620
      1	32648
      1	32657
      1	32674
      1	32754
      1	32782
      1	32802
      2	32857
      3	33045
      2	33092
      1	33137
      1	33170
      1	33205
      2	33484
      1	33682
      2	33708
      1	33818
      1	34219
      1	34297
      1	34335
      1	34345
      1	34374
      1	34414
      1	34601
      1	34702
      1	34708
      1	34750
      1	34816
      1	35091
      1	35105
      1	35156
      1	35212
      1	35239
      1	35577
      2	35644
      1	35814
      1	35831
      1	35856
      2	35918
      1	35999
      1	36007
      1	36028
      1	36030
      2	36066
      1	36071
      1	36147
      1	36188
      1	36229
      1	36466
      1	36508
      1	36580
      2	36600
      1	36658
      1	36675
      3	36690
      1	36705
      1	36770
      1	36775
      1	36870
      1	36930
      1	37049
      1	37427
      2	37442
      1	37445
      1	37611
      5	37625
      1	37634
      1	37709
      2	37734
      2	37788
      1	37885
      1	38224
      7	38243
      1	38333
      2	38447
      1	38481
      2	38652
      2	38687
      1	38888
      1	39072
      1	39098
      1	39127
      1	39158
      1	39184
      1	39348
      1	39387
      3	39432
      1	39466
      2	39569
      1	39807
      1	39843
      1	40100
      1	40358
      1	40429
      1	40580
      1	40609
      2	40630
      4	40712
      1	40802
      1	40901
      1	41032
      6	41093
      1	41119
      1	41185
      1	41216
      3	41266
      1	41267
      1	41278
      1	41496
      1	41547
      1	41578
      1	41760
      1	41768
      1	41883
      1	42008
      3	42185
      1	42329
      1	42333
      3	42369
      1	42372
      1	42476
      1	42650
      2	42723
      1	42792
      1	42803
      1	43039
      1	43160
      2	43436
      1	43811
      2	43853
      1	43996
     18	44024
      1	44094
      2	44248
      2	44311
      1	44313
      1	44380
      1	44432
      1	44572
      5	44649
      1	44726
      1	44753
      2	44777
      1	44833
      2	44959
      1	45056
      1	45059
      2	45180
      1	45289
      1	45384
      2	45465
      1	45563
      1	45663
      1	45847
      1	45891
      1	45898
      1	45910
      1	45943
      1	45973
      2	45986
      3	46078
      1	46100
      2	46322
      1	46375
      1	46499
      2	46530
      1	46576
      2	46595
      1	46667
      1	46692
      1	46750
      6	46884
      1	47012
      1	47038
      1	47045
      1	47089
      2	47212
      1	47311
      1	47421
      1	47822
      1	47845
      1	47931
      1	48064
      1	48228
      1	48285
      1	48320
      1	48577
      1	48666
      1	48714
      1	49010
      1	49073
      1	49086
      1	49107
      2	49235
      2	49598
      2	49804
      1	49844
      2	49938
      1	49944
      1	49966
      1	50474
      1	50569
      2	50580
      1	50601
      1	50607
      1	50660
      1	50784
      1	50798
      1	50828
      2	50840
      1	50999
      1	51065
      1	51099
      1	51124
      1	51321
      1	51393
      1	51394
      1	51475
      1	51810
      1	51823
      2	52112
      1	52344
      1	52416
      1	52457
      3	52524
      1	52626
      3	52746
      1	52794
      1	52796
      1	52914
      1	52968
      1	53004
      1	53147
      1	53401
      1	53517
      1	53583
      2	53820
      1	53967
      1	54058
      1	54103
      3	54146
      1	54183
      1	54184
      2	54227
      3	54272
      1	54507
      1	54525
      2	54608
      1	54679
      1	54916
      2	55135
      2	55217
      1	55237
      2	55238
      1	55345
      1	55418
      1	55444
      1	55460
      1	55528
      1	55544
      1	55587
      4	56028
      1	56090
      1	56105
      1	56264
      3	56348
      1	56359
      7	56434
      1	56629
      1	56693
      2	56706
      1	56805
      1	56812
      1	56947
      4	57077
      2	57092
      1	57162
      1	57332
      1	57349
      2	57396
      1	57420
      1	58170
      1	58216
      1	58281
      1	58297
      1	58472
      1	58621
      1	58887
      2	58895
      1	58947
      1	58952
      1	58953
      1	59031
      2	59139
      2	59142
      1	59512
      1	59571
      1	59585
      1	59869
      1	59947
      1	59967
      1	60023
      1	60131
      1	60210
      1	60249
      1	60268
      1	60389
      2	60488
      1	60501
      1	60557
      1	60722
      1	60762
      2	61053
      1	61230
      1	61234
      1	61327
      1	61332
      1	61374
      3	61383
      1	61632
      1	61711
      1	62013
      1	62041
      1	62082
      1	62189
      2	62311
      4	62364
      1	62492
      1	62543
      1	62591
      1	62808
      2	62902
      1	62930
      1	62967
      1	63041
      1	63050
      1	63262
      1	63306
      1	63363
      1	63382
      4	63409
      1	63617
      1	63743
      1	63885
      1	63918
      3	63940
      1	64032
      1	64170
      2	64196
      1	64328
      1	64371
      1	64528
      2	64637
      1	64721
      1	64775
      1	64794
      1	64883
      3	64884
      1	64952
      1	64964
      1	65025
      1	65232
      1	65346
      1	65381
      1	65494
