     14	11
      1	86
      2	105
      3	279
      4	290
      1	298
      3	305
      6	373
     20	403
      3	421
      7	457
      2	582
      2	586
     10	628
      2	665
     10	751
      8	772
      3	799
      1	812
      1	847
      4	856
     10	861
      1	887
      1	900
      2	982
      3	1052
      1	1101
      8	1126
      4	1209
      1	1276
      1	1315
      1	1351
      2	1360
      1	1453
      3	1473
      1	1517
      4	1618
      1	1719
     11	1724
      2	1736
     10	1756
      1	1783
      1	1822
      1	1838
      1	1920
      2	1960
      1	2106
      6	2112
      1	2125
      1	2126
      3	2161
      2	2223
      1	2289
      6	2292
      3	2334
     14	2381
      1	2414
      1	2429
      2	2437
      2	2477
      2	2488
      1	2506
      1	2508
      1	2513
     25	2526
      1	2569
      4	2627
      1	2673
      1	2730
      1	2743
      1	2786
      4	2831
     14	2865
      1	2891
      1	2940
      2	2959
      4	2965
      1	3106
      5	3113
      5	3183
      2	3234
      1	3241
      2	3261
      1	3265
      1	3266
      2	3270
      2	3333
      6	3369
      2	3399
      2	3504
      1	3506
      2	3531
      1	3575
      1	3633
      1	3641
      2	3699
      5	3705
      1	3709
      1	3724
      1	3742
      5	3816
      4	3836
      1	3906
      4	3934
      9	3938
      1	3993
      1	4007
     26	4054
      1	4061
      5	4131
      1	4144
      2	4160
      7	4183
      1	4186
      2	4233
      2	4268
     15	4297
      2	4368
      3	4477
      3	4496
      6	4526
      1	4527
      4	4566
      1	4593
      6	4599
      2	4605
     10	4606
     12	4628
      2	4673
      1	4769
      1	4792
      2	4859
      2	4866
      1	5008
      1	5009
      4	5013
      5	5056
      2	5087
      4	5099
      3	5147
      9	5202
     10	5207
      5	5250
      1	5258
      1	5263
      1	5367
      5	5375
      1	5398
      1	5433
     26	5438
      4	5478
      1	5505
      1	5512
      5	5525
      1	5530
      1	5536
      2	5551
      7	5558
      2	5624
      1	5886
      1	5895
      4	5935
      2	5938
      2	5986
      1	5993
      4	6015
      1	6033
      1	6043
      6	6067
      1	6072
     11	6142
      3	6153
      2	6176
      1	6278
      1	6312
      1	6497
      1	6501
      1	6521
      1	6531
     60	6572
      2	6634
      1	6647
      1	6803
      1	6938
      7	6957
      1	6986
      1	7068
      2	7097
      1	7141
      1	7196
      3	7248
      9	7253
      3	7285
      1	7295
      1	7315
      1	7356
      1	7445
      3	7454
      1	7455
      1	7463
      1	7595
      3	7605
      1	7620
      1	7758
      1	7791
      1	7802
      2	7826
      1	7851
      2	7867
      1	7939
      1	7978
      3	8027
      1	8044
      3	8052
     12	8145
      2	8176
      1	8207
     18	8227
      5	8235
      8	8236
      1	8243
     10	8244
      1	8262
     14	8320
      1	8327
      1	8331
      3	8344
      1	8347
      1	8445
      1	8489
     18	8547
      4	8577
      2	8647
      2	8686
      1	8814
      1	8840
      7	8898
      4	8949
      1	9030
     20	9043
      2	9098
      1	9132
      2	9140
      3	9250
      4	9367
      6	9375
      3	9379
      1	9401
      5	9412
      3	9417
      1	9474
      1	9492
      2	9496
      1	9503
      7	9531
      7	9561
      2	9573
      4	9626
      1	9672
      2	9857
      1	9862
      2	9886
      1	9925
      1	9934
      5	9938
      1	9941
      2	10008
      1	10038
      1	10107
      4	10207
      1	10364
      3	10376
      1	10378
      1	10388
      9	10406
      1	10411
      1	10573
      2	10635
      1	10671
     10	10720
      1	10732
      1	10738
      2	10816
      4	10838
      2	11008
      1	11031
     21	11040
      1	11057
      1	11088
      1	11161
      1	11172
      1	11179
      1	11221
      6	11251
      2	11264
      1	11286
      1	11361
      2	11376
      2	11412
      8	11421
      1	11457
      1	11482
      1	11485
      1	11506
      1	11548
      4	11592
      1	11661
      6	11693
      1	11708
      4	11746
      1	11747
      2	11777
      1	11808
      2	11812
      2	11814
      1	11817
      1	11891
      1	11893
      2	11901
      1	11929
      1	11932
      1	11977
      1	11981
      4	11989
      2	12148
     13	12197
      4	12254
      1	12298
      2	12324
      1	12328
      1	12335
      2	12367
      1	12471
      1	12487
      1	12553
      1	12558
      4	12612
      1	12685
      4	12698
      1	12766
      2	12789
      3	12826
      5	12842
      2	12877
      1	12952
      1	12967
      2	13040
      6	13050
      1	13087
      1	13125
      2	13126
      2	13178
      4	13201
      1	13226
      2	13253
      2	13297
      3	13443
     15	13498
      4	13568
      1	13609
      1	13610
      1	13651
      4	13665
      3	13677
      2	13716
      2	13760
     10	13811
     10	13833
      1	13841
      2	13972
      1	13993
      9	14040
      1	14059
      1	14112
      1	14139
      6	14161
      4	14182
      4	14204
      1	14209
      1	14265
      1	14330
      1	14341
      1	14377
      1	14388
      1	14441
      6	14521
      1	14605
      1	14610
      1	14625
      1	14641
     18	14642
      1	14728
      3	14755
      1	14785
      1	14804
      2	14825
      7	14829
      2	14845
     10	14876
      3	14970
      4	15073
      7	15154
      1	15194
      1	15311
      1	15315
      1	15358
      1	15373
      2	15471
      1	15531
      1	15583
      1	15629
     14	15637
     29	15638
      2	15659
      3	15713
      1	15757
      1	15809
      1	15828
      1	15919
      2	15936
      1	15937
      1	15945
      3	15984
      1	16013
      3	16105
      1	16156
      2	16175
      3	16198
      1	16245
      2	16309
      1	16311
      2	16327
      1	16436
      7	16465
      7	16484
      1	16540
      2	16613
      1	16661
     10	16702
      7	16730
      1	16793
      1	16805
      6	16814
      1	16836
      1	16881
      1	16888
      1	16893
      1	16919
      1	17002
      3	17090
      1	17102
      7	17130
      1	17133
      5	17146
      5	17162
      6	17234
     10	17291
      1	17301
      3	17328
      4	17344
      1	17346
      1	17377
      6	17386
      2	17415
      1	17432
      1	17547
      1	17598
      1	17612
      6	17650
      1	17658
      1	17659
      2	17684
      2	17721
      1	17736
      4	17812
      5	17878
      1	17929
      5	17951
      6	18010
      1	18016
     10	18036
      1	18040
      1	18091
      1	18147
      2	18152
      1	18155
      2	18157
      1	18170
      3	18190
      2	18192
     44	18196
      1	18283
      4	18325
      2	18348
      4	18350
     23	18362
      1	18382
      1	18428
      1	18439
      1	18477
      1	18489
      1	18551
      2	18570
      4	18606
      1	18632
      3	18709
      1	18714
      1	18764
      1	18770
      6	18772
     18	18813
      1	18872
      1	18884
      1	18887
      1	18902
      1	18927
      1	18963
      4	19003
      1	19040
      1	19145
      1	19167
      1	19387
      3	19401
      1	19420
      6	19474
      3	19476
      4	19501
     15	19531
      2	19545
      1	19588
      1	19606
      3	19614
      3	19666
      6	19676
      3	19700
      2	19747
      9	19780
      1	19878
      1	19884
      1	19915
      4	19926
     33	20000
      2	20013
      1	20016
      1	20072
      1	20176
      2	20190
      1	20211
      2	20231
      1	20234
      1	20237
      5	20268
      1	20285
      2	20312
      1	20354
      9	20373
      4	20376
      1	20410
      1	20502
      5	20511
      1	20601
      2	20609
      2	20611
      1	20645
      2	20675
      2	20685
      3	20722
      3	20738
     98	20756
     22	20758
      1	20811
      1	20903
      1	20908
      2	20952
      2	20961
      1	20988
      2	21130
      1	21175
      3	21179
      1	21183
      1	21306
      2	21347
     85	21375
      1	21422
      2	21426
      2	21453
      1	21459
      1	21460
      1	21494
      1	21497
      4	21501
      4	21510
      1	21522
      3	21535
      4	21541
      1	21551
     16	21617
     12	21645
      1	21652
      2	21836
      1	21857
      1	21876
      4	21932
      6	21977
      2	21994
      1	22038
      1	22048
      7	22069
      1	22075
      1	22103
      1	22104
      2	22131
      7	22133
      1	22151
     15	22253
      1	22284
     11	22311
      3	22392
      2	22451
      2	22498
      1	22513
      5	22528
      1	22537
      1	22578
      2	22619
      1	22670
      1	22711
      4	22747
      1	22758
      2	22777
      4	22818
      1	22867
      1	22937
      1	22946
      1	22950
      1	22951
      5	22996
      3	23023
      4	23051
     49	23081
      2	23089
      1	23126
      2	23133
      1	23157
      5	23202
      1	23303
      1	23362
      2	23367
      4	23378
      1	23492
      1	23652
      2	23653
      1	23687
      4	23689
      1	23702
      1	23716
      1	23729
      2	23731
      3	23744
      1	23753
      1	23770
      1	23774
      8	23788
      1	23792
     24	23801
     10	23895
      3	24020
      1	24046
      1	24063
      2	24120
      1	24181
      1	24238
      2	24249
      1	24263
      1	24271
      4	24391
      1	24396
      4	24419
     30	24426
      1	24434
      1	24444
     21	24460
      2	24490
      1	24595
      1	24599
      1	24634
     14	24843
      3	24894
      1	24963
      2	24985
      1	25103
      2	25107
      6	25153
      5	25178
      2	25219
      1	25221
      2	25253
      8	25337
      4	25373
      3	25388
      1	25398
     11	25406
      2	25407
      1	25454
      1	25474
      4	25478
     36	25496
      1	25525
      1	25536
      2	25559
      1	25642
     10	25649
      1	25720
     24	25740
      8	25756
      2	25763
      1	25782
      3	25825
      1	25834
      3	25888
      2	25891
      3	25974
      1	26008
      1	26022
      4	26082
      7	26129
      2	26199
      1	26215
      1	26435
      2	26441
      1	26454
     11	26479
      2	26547
     11	26639
      6	26652
      9	26682
      2	26732
      4	26747
      2	26885
      7	26948
      1	26957
      1	26974
      2	27025
      2	27083
      1	27108
      1	27152
      3	27206
      2	27237
      1	27251
      1	27333
      1	27351
      2	27387
      1	27454
      2	27456
      1	27473
      1	27543
      1	27548
      1	27686
      6	27717
      1	27810
      1	27869
      2	27909
      2	27950
      4	27976
      1	28158
      1	28176
      1	28186
      1	28264
     12	28280
      1	28287
      2	28317
      7	28333
      1	28351
      1	28391
      3	28402
      1	28427
     10	28444
      3	28510
      1	28546
      2	28570
      2	28598
      2	28700
     83	28729
      6	28736
      1	28809
      7	28848
      1	28888
      3	29000
      1	29002
     13	29032
      3	29042
      3	29144
      7	29172
      1	29292
      6	29419
      1	29477
      1	29510
      1	29537
      4	29636
      4	29664
      1	29718
      1	29724
      3	29734
      1	29789
      7	29818
      8	29863
      1	29905
      1	29926
      1	29942
      1	29949
      1	29967
      1	29975
      1	29987
      1	30002
      1	30006
      1	30053
      2	30103
      3	30148
      1	30225
      2	30232
      4	30302
      1	30305
      2	30367
      1	30379
      4	30429
      8	30462
      1	30497
      1	30516
      1	30528
      2	30548
      1	30573
      1	30613
      3	30622
      8	30650
      2	30731
      3	30742
      1	30812
      2	30835
      5	30868
      6	30919
      3	30934
      1	30974
      1	30991
      2	31014
      1	31027
      1	31030
      1	31109
     20	31146
      1	31153
      5	31154
      1	31175
     12	31185
      1	31192
      1	31193
      1	31199
      5	31248
      4	31290
      1	31379
      2	31380
      4	31429
      1	31512
      2	31530
      2	31593
     10	31615
      2	31681
      1	31699
      1	31702
      1	31790
      1	31829
      4	31838
      1	31842
      1	31859
      3	31869
      1	31897
      1	31951
      1	31996
      2	32049
      1	32065
      1	32086
      1	32094
      1	32173
      1	32183
      3	32207
     18	32214
     15	32396
      1	32421
      1	32440
     16	32444
      4	32470
      4	32484
      2	32547
      1	32580
      1	32598
      1	32609
      6	32619
      1	32657
      2	32703
      1	32726
      4	32730
      2	32752
      7	32872
      3	32976
      5	32998
      1	33002
      4	33206
      6	33307
      6	33319
     38	33342
      3	33446
      1	33448
      7	33468
      2	33508
      2	33509
      2	33511
     10	33556
      1	33581
      1	33615
      2	33646
      2	33657
      4	33677
      3	33727
      6	33740
      2	33750
      3	33752
      1	33789
      2	33799
      2	33823
     47	33827
      7	33833
      1	33859
      1	33868
      4	33916
     12	33919
      3	33926
      1	33974
      3	33994
      2	34022
      2	34034
      2	34038
      1	34067
      1	34133
      2	34143
      2	34144
      3	34161
      2	34336
      1	34364
      3	34413
     19	34490
      1	34508
      1	34553
      4	34657
      1	34669
     35	34695
      3	34722
     60	34772
     13	34888
      3	34912
      1	34944
      3	35032
      1	35033
      3	35064
      2	35092
      6	35107
      1	35157
      1	35178
      1	35203
      1	35228
      1	35250
     12	35253
      1	35263
      1	35297
      2	35338
      2	35363
      1	35365
      1	35391
      1	35458
      4	35478
      1	35515
      1	35641
      1	35677
     22	35693
      1	35746
     19	35784
      9	35800
      3	35871
      8	35913
      1	35917
      2	35966
      1	36000
      7	36026
      1	36114
      7	36147
      2	36170
      2	36241
      1	36287
      8	36332
      1	36462
      2	36537
      5	36585
      1	36654
      1	36718
      1	36758
      6	36763
      1	36788
      7	36792
      1	36809
      1	36811
      1	36813
      2	36815
      1	36861
      1	36863
      3	36889
      1	36917
      1	36938
     22	36942
      2	36968
      1	36978
      8	37053
      2	37055
     22	37075
      1	37209
      3	37223
      1	37262
     10	37272
      5	37293
      1	37330
      1	37344
     13	37361
      3	37374
      1	37394
      2	37445
      2	37456
      2	37485
      3	37541
     12	37632
      2	37638
      2	37676
      5	37721
      1	37893
      2	37913
      7	37933
      4	37980
      2	37994
     10	38014
      1	38043
     14	38057
      2	38061
      3	38182
      1	38246
      2	38296
      1	38315
      1	38325
      5	38329
      1	38335
      1	38415
      1	38483
      2	38535
      1	38712
      4	38717
      2	38748
      1	38771
      4	38805
      6	38921
      3	38942
      1	38963
      5	38982
      1	39021
      1	39058
      1	39080
      1	39159
      3	39180
      1	39192
      3	39292
      9	39308
     32	39315
      1	39325
      1	39407
      1	39412
      1	39419
      1	39435
      1	39441
      4	39572
      4	39611
      2	39635
      2	39637
      1	39672
      1	39692
      4	39724
      1	39736
      6	39749
      1	39759
      1	39813
      4	39824
      1	39837
      1	39877
      1	39928
      6	39937
      2	39949
      5	39965
      2	39970
      2	39981
      2	40006
      2	40017
      1	40042
      1	40122
     27	40193
      1	40223
      3	40283
      2	40483
      1	40495
      1	40569
      3	40665
      1	40784
      1	40809
      4	40833
      1	40837
      5	40844
      6	40867
      1	40919
      2	40927
      4	40930
     10	40956
      1	40997
     12	41055
      4	41069
      1	41459
      1	41470
     14	41492
      1	41513
      1	41519
      3	41552
      1	41570
      1	41571
      1	41580
      4	41627
      1	41710
      1	41719
      5	41741
      2	41744
      1	41747
      2	41749
      1	41837
      1	41846
      3	41848
      2	41881
      1	41897
      1	41908
      2	41969
      2	41978
      1	41995
      4	42061
      8	42088
      2	42099
      2	42117
      6	42204
      1	42208
      7	42253
      2	42274
      2	42306
      2	42308
     19	42349
      1	42358
      1	42403
      3	42411
      5	42457
      6	42483
      1	42515
      1	42549
      1	42585
      5	42619
      2	42654
      2	42665
      1	42716
      1	42733
      1	42796
      6	42811
      5	42832
      1	42840
      2	42869
      1	42936
      4	42971
      1	43093
      2	43114
      1	43125
      1	43130
      2	43145
      2	43223
      1	43349
      1	43385
      5	43474
      1	43514
      1	43518
      2	43563
      4	43566
      2	43580
      2	43635
      1	43641
      1	43658
      2	43675
     20	43682
     11	43742
      2	43747
      1	43865
      4	43936
      8	43978
      1	43981
      4	44056
      8	44162
      1	44180
      2	44194
      1	44279
     10	44281
      3	44306
      2	44331
      1	44388
     16	44437
      1	44527
      6	44549
      1	44573
      3	44642
      2	44654
      1	44796
      2	44806
      1	44827
      1	44886
      1	44912
      5	44926
      1	45002
      3	45008
      1	45037
     23	45052
      4	45064
     60	45081
      9	45115
      2	45197
      2	45202
      1	45214
      1	45240
      3	45258
      9	45271
      2	45277
      1	45316
      1	45334
      1	45348
      1	45368
      1	45439
      1	45450
      1	45461
      5	45481
      1	45573
      2	45605
      1	45616
      2	45619
      1	45622
      2	45646
      4	45650
      1	45666
      6	45669
      1	45684
     18	45694
      2	45723
     61	45737
      6	45763
      1	45869
      1	45895
      2	45902
      1	45948
      2	45953
      2	45975
      2	45982
      1	45987
      1	46199
      2	46257
      2	46271
      4	46276
      1	46288
      3	46300
      2	46307
     12	46318
     18	46335
      1	46396
      7	46427
      1	46438
      1	46480
      3	46523
      1	46545
      1	46555
      2	46602
      1	46624
      4	46648
      3	46649
      2	46711
      3	46734
      1	46759
      1	46841
      4	46876
      1	46877
      1	46951
      1	47008
      1	47041
      3	47109
      7	47155
      5	47220
      3	47269
      1	47288
      1	47297
      1	47311
     15	47319
      1	47328
      1	47487
      3	47489
      2	47513
      2	47551
      1	47606
     23	47638
      1	47709
      5	47710
      1	47770
      1	47881
      5	47887
      1	47912
      1	47949
      1	47990
     15	48025
      1	48031
      6	48113
      3	48136
      1	48255
      1	48300
      6	48345
      1	48372
      1	48385
      1	48402
     10	48539
      1	48553
      1	48592
      1	48655
      1	48698
      1	48757
      2	48829
      1	48848
      8	48901
     21	48944
      1	48948
      1	48967
      3	48979
      1	49024
      6	49033
      2	49270
      1	49303
      7	49312
      2	49340
      8	49373
      1	49375
      1	49447
      1	49500
      3	49579
      5	49624
      1	49670
      3	49688
      7	49696
      5	49730
      1	49755
      1	49771
      3	49838
      1	49867
      1	50005
      8	50096
      1	50120
      2	50140
     30	50168
      2	50245
      3	50319
      1	50339
      2	50340
      1	50342
      5	50365
      5	50382
      1	50389
      1	50436
      1	50491
      1	50502
      2	50543
      3	50570
      3	50609
      2	50620
      3	50623
      2	50632
      1	50641
     10	50672
      1	50679
      1	50755
      1	50860
      3	50880
      2	50933
      2	50941
      1	50949
      1	50962
      2	50995
      2	51025
      5	51064
     40	51067
      3	51117
      1	51123
      1	51140
      1	51183
      9	51207
      1	51209
      1	51223
      9	51473
      1	51520
      2	51533
      2	51597
      3	51624
      5	51649
      3	51712
      1	51753
      2	51755
      6	51809
      1	51849
      1	51864
      1	51869
      1	51873
      2	51878
      5	51915
      1	51952
      1	51959
     36	52066
      2	52143
      1	52286
      1	52357
      7	52370
      2	52396
      1	52402
      1	52428
      6	52438
      1	52464
      1	52472
      4	52494
      2	52541
      2	52564
      3	52570
      3	52617
      1	52734
      2	52741
      7	52773
      1	52794
      1	52810
      2	52833
      3	52834
      1	52873
      9	52885
      1	52893
      3	52923
      1	52969
    140	52991
     57	53000
      1	53082
      1	53125
      1	53258
      2	53277
      4	53302
      1	53431
      1	53443
      3	53530
      1	53543
      1	53583
      1	53590
      1	53606
      1	53689
      1	53735
      2	53756
      2	53773
     10	53814
      2	53844
      1	53846
      1	53893
      1	53918
      1	53925
      6	53948
      2	53969
      2	53982
      3	54053
     14	54085
      1	54102
     14	54121
      2	54156
      1	54177
      1	54357
      1	54360
      1	54523
      4	54596
     12	54633
      3	54637
      2	54678
      1	54687
     45	54698
      1	54730
      2	54786
     12	54832
      2	54846
      1	54892
      2	54996
      1	55058
     54	55079
     15	55088
      1	55111
      1	55121
     35	55124
      1	55185
      1	55189
      1	55191
      5	55212
      1	55214
      1	55237
      1	55309
      7	55310
     10	55339
      2	55372
      1	55396
      1	55397
      5	55581
      2	55602
      5	55620
      2	55631
      4	55651
      3	55671
      3	55679
      2	55682
      2	55690
     13	55768
      1	55810
      4	55845
     25	55905
      3	55910
      2	55961
     46	55969
     10	55992
      2	55994
      1	56032
      1	56063
      1	56083
      1	56110
      1	56181
      1	56223
      5	56306
      2	56327
      5	56333
      1	56425
      1	56490
      9	56580
      1	56618
      3	56669
      1	56680
      1	56724
      1	56767
      4	56776
      8	56805
      3	56816
      1	56822
      1	56841
      1	56913
      1	56947
      1	56977
      8	56983
      4	57037
      2	57044
      1	57065
      1	57070
      2	57148
      1	57183
      3	57198
      1	57371
      3	57383
     23	57405
     14	57407
      1	57421
      4	57440
      1	57444
      8	57465
      6	57501
     18	57562
      1	57563
      1	57568
      1	57574
      1	57619
      2	57658
      2	57665
      1	57755
      1	57767
      1	57781
      1	57799
      5	57854
      3	57855
      4	57864
      4	57900
      5	57929
      2	57948
      1	57955
      2	57996
      1	58020
      1	58028
      1	58035
      2	58052
      5	58057
      4	58076
      1	58159
      1	58174
     19	58197
      1	58199
      1	58251
      2	58333
      1	58372
      1	58375
      3	58423
      1	58455
      2	58487
      1	58499
      1	58522
      1	58533
      3	58558
     22	58581
      5	58584
      6	58591
      2	58634
      2	58651
      1	58656
     39	58658
      3	58829
      2	58863
      7	58871
      2	58873
      1	58884
      3	58885
      7	58941
      1	58945
      1	58950
      6	58973
      8	58980
      1	59052
      1	59056
      1	59060
      1	59075
      1	59209
      4	59211
      1	59222
      2	59400
      4	59430
      1	59471
      2	59484
      3	59493
      4	59499
      1	59504
      1	59506
      2	59548
      5	59554
      1	59638
      1	59647
      2	59651
      2	59660
      1	59678
      1	59726
      4	59737
      3	59806
      3	59812
      1	59822
      2	59892
      1	59903
      1	59919
      1	59934
      1	59936
      1	59944
      1	60048
     13	60068
      3	60087
      1	60126
     60	60132
      5	60133
      1	60189
      2	60192
      2	60193
      1	60207
      1	60231
      1	60246
      1	60295
      6	60408
      4	60466
      3	60494
      2	60539
      2	60609
      1	60725
      4	60729
      1	60730
      1	60737
      2	60756
      3	60837
      1	60852
      1	60884
      1	60918
      1	60987
      1	61065
      1	61150
      3	61197
      2	61237
     23	61239
      1	61269
      3	61295
      3	61379
      1	61444
      1	61486
      1	61495
      1	61549
      1	61570
      1	61683
      1	61714
      1	61727
      2	61796
      1	61828
      2	61855
      1	61903
      2	61913
      1	61991
      1	62026
      1	62050
      1	62051
      9	62080
      1	62099
      1	62132
      1	62134
      4	62148
      3	62211
      1	62215
      1	62255
      5	62283
      1	62319
      1	62351
      2	62352
      3	62448
      7	62478
      1	62506
      2	62512
      1	62586
      3	62636
      2	62686
      1	62724
      1	62739
      1	62797
      2	62804
      1	62813
      1	62908
     73	62926
      1	62937
      1	62940
      9	62976
      2	62998
      1	63037
      2	63081
      8	63094
      1	63127
      1	63243
      2	63265
      1	63273
      1	63279
      2	63297
      2	63302
      7	63362
      1	63363
      1	63422
      1	63465
      9	63524
      1	63544
     18	63598
      9	63601
      1	63622
      3	63634
      1	63664
      2	63675
     14	63755
      1	63835
      1	63867
      1	63906
      2	63930
     64	63949
      1	64050
      1	64089
      3	64137
      1	64156
      1	64224
      1	64233
      3	64249
      1	64268
      1	64287
      3	64318
      4	64326
      4	64374
      2	64385
      1	64399
      1	64462
      3	64505
      3	64517
      1	64552
      1	64608
      1	64643
      1	64647
      1	64680
      9	64696
      1	64707
      1	64746
      7	64762
      5	64831
      2	64843
      6	64899
      1	64926
      1	64928
      1	64946
      2	64960
      2	64988
      1	65010
      2	65068
      1	65124
      2	65144
      2	65181
      1	65244
      8	65250
      1	65423
      2	65435
      6	65442
     11	65483
      3	65502
