      1	0
      1	5
      6	11
      5	29
      1	35
      2	45
      1	48
      1	77
      1	84
      1	88
      1	89
      1	97
      1	113
      1	152
      1	182
      1	259
      1	343
      4	346
      1	350
      1	351
      4	360
      1	366
      1	374
      1	375
      2	399
      1	413
      1	426
      1	478
      1	484
      1	493
      3	512
      1	525
      2	532
      2	533
      1	558
      2	593
      3	620
      1	631
      2	664
      1	680
      1	690
     12	697
      1	725
      1	737
      4	758
      1	770
     14	779
      1	792
      1	818
      5	823
      1	853
      8	865
      1	901
      1	904
      1	912
      1	920
      2	926
      1	938
      1	944
      1	972
      1	984
      1	1012
      5	1015
      1	1112
      2	1130
      1	1138
      1	1144
      1	1168
      1	1175
      1	1177
      1	1180
      1	1184
      1	1219
      6	1261
      1	1264
      1	1348
      1	1402
      4	1405
      2	1418
      2	1497
      1	1506
      2	1511
      1	1532
      1	1612
      1	1616
      1	1669
      1	1712
      1	1784
      3	1803
      2	1841
      1	1857
      1	1925
      1	1929
      2	2020
      1	2025
      1	2039
      1	2051
      1	2057
      1	2060
      3	2077
      1	2087
      5	2093
      1	2131
      1	2151
      1	2188
      1	2262
      1	2267
      1	2372
      1	2386
      1	2398
      1	2407
      2	2410
      2	2413
      2	2417
      2	2442
      1	2443
      1	2485
      1	2493
      1	2511
      1	2529
      1	2547
      1	2549
      1	2551
      1	2574
      1	2589
      1	2593
      1	2621
      1	2648
      2	2695
      1	2734
      2	2774
      1	2775
      1	2885
      1	2984
      1	2992
      2	3004
      3	3014
      2	3020
      1	3025
      1	3073
      2	3109
      1	3114
      1	3124
      2	3143
      1	3176
      2	3184
      1	3191
      1	3204
      4	3219
      1	3227
      1	3243
      1	3246
      1	3256
      1	3299
      1	3367
      3	3382
      4	3451
      1	3483
      1	3486
      2	3493
      2	3509
      2	3533
      4	3537
      1	3560
      1	3589
      1	3595
      1	3622
      1	3628
      1	3690
      1	3693
      4	3696
      2	3723
      2	3737
      3	3745
      3	3764
      1	3777
      1	3812
      1	3821
      5	3872
      3	3874
      1	3881
      1	3890
      2	4001
      1	4008
      1	4027
      1	4034
      1	4046
      1	4073
      2	4074
      3	4109
      1	4211
      3	4223
      2	4245
      1	4274
      2	4286
      1	4300
      6	4306
      3	4308
      1	4319
      1	4327
      5	4332
      1	4342
      1	4422
      2	4430
      1	4447
      1	4485
      1	4502
      1	4514
      1	4540
      1	4604
      1	4610
      2	4652
      1	4659
      1	4664
      1	4667
      2	4713
      1	4744
      1	4751
      1	4754
      1	4762
      4	4780
      1	4785
      2	4790
      1	4834
      1	4877
      1	4900
      1	4917
      3	4926
      1	4942
      2	4967
     16	4969
      1	4979
      1	5023
      4	5122
      1	5126
      1	5133
      1	5140
      1	5174
      3	5206
      1	5212
      1	5214
      1	5218
      1	5238
      1	5255
      1	5300
      3	5314
      1	5327
      1	5335
      3	5375
      1	5402
      1	5405
      1	5480
      2	5510
      1	5562
      1	5595
      1	5597
      1	5609
      1	5636
      3	5652
      1	5661
      2	5678
      1	5719
      1	5768
      1	5790
      1	5792
      6	5823
      2	5874
      2	5876
      2	5888
      1	5893
      1	5905
      1	5907
      4	5927
      1	5956
      1	5957
      1	5970
      3	6012
      1	6018
      3	6031
      3	6045
      5	6055
      1	6062
      1	6085
      1	6099
      1	6111
      1	6113
      1	6140
      1	6149
      4	6162
      1	6163
      4	6175
      1	6182
      1	6183
      8	6226
      1	6229
      1	6265
     28	6275
      1	6282
      1	6293
      1	6338
      1	6357
      1	6360
      2	6366
      1	6382
      1	6396
      1	6399
      2	6417
      1	6452
      1	6462
      5	6518
      3	6583
      1	6586
      4	6596
      1	6635
      1	6649
      1	6650
      1	6657
      6	6678
      1	6702
      1	6727
      2	6758
      3	6767
      1	6795
      1	6805
      2	6809
      1	6839
      2	6843
      1	6856
      1	6858
      1	6860
      1	6898
      1	6899
      1	6906
      2	6914
      1	6925
      1	6927
      2	6980
      1	7004
      1	7013
      2	7029
      1	7042
      1	7048
      3	7071
      1	7074
      1	7109
      9	7117
      1	7189
      1	7256
      1	7299
      1	7325
      1	7343
      1	7348
      1	7377
      4	7403
      1	7414
      1	7426
      1	7435
      1	7518
      1	7533
      2	7572
      2	7579
      1	7644
      1	7665
      1	7703
      1	7704
      2	7770
      1	7801
      1	7843
      1	7846
      1	7875
      1	7926
      1	7935
      1	7942
      1	7948
      2	7970
      1	7981
      1	8014
      3	8016
      1	8030
      1	8035
      1	8036
      1	8040
      1	8092
      1	8102
      1	8111
      1	8138
      1	8172
      1	8185
      1	8201
      1	8227
      3	8281
      1	8302
      2	8318
      1	8337
      1	8381
      1	8482
      4	8515
      1	8617
      1	8660
      1	8685
      1	8700
      1	8730
      1	8782
      1	8787
      1	8798
      1	8954
      4	8956
      1	8962
      1	8974
      2	8983
      1	8999
      1	9006
      1	9020
      1	9046
      2	9056
      2	9058
      1	9073
      1	9101
      1	9112
      1	9125
      1	9149
      1	9174
      1	9175
      1	9182
      1	9200
      5	9211
      9	9214
      1	9259
      2	9277
      1	9301
      1	9304
      1	9317
      2	9327
     10	9345
      2	9359
      1	9363
      1	9400
      1	9402
      1	9411
      1	9414
      1	9423
      1	9428
      2	9456
      1	9463
      5	9486
      5	9491
      2	9496
      5	9498
      1	9576
      1	9613
      1	9616
      2	9653
      1	9693
      2	9735
      1	9747
      3	9793
      1	9797
      3	9805
      1	9812
      2	9837
      1	9874
      2	9878
      2	9900
      1	9911
      1	9917
      3	9921
      4	9965
      1	9982
      1	10009
      3	10026
      3	10045
      1	10097
      1	10128
      1	10130
      1	10137
      1	10198
      1	10202
      2	10263
      1	10280
      1	10346
      2	10353
      1	10385
      1	10444
      3	10447
      2	10465
      4	10466
      1	10557
      2	10570
      5	10576
      1	10605
      4	10610
      1	10649
      1	10652
      2	10664
      2	10673
      1	10700
      1	10710
      1	10722
      4	10724
      1	10743
      1	10759
      1	10791
      1	10830
      1	10843
      1	10849
      1	10874
      1	10875
      1	10900
      1	10905
      1	10950
      1	10955
      1	10974
      1	11009
      1	11012
      1	11068
      2	11116
      1	11135
      1	11137
      2	11155
      2	11162
      1	11211
      2	11226
      1	11248
      1	11295
      2	11303
      2	11307
      1	11317
      1	11337
      1	11382
      1	11394
      2	11437
      1	11535
      1	11545
      3	11548
      3	11584
      1	11593
      1	11612
      1	11617
      1	11704
      1	11749
      1	11751
      1	11779
      1	11785
      3	11794
      1	11800
      1	11829
      1	11837
      1	11883
      2	11887
      9	11964
      1	11979
      1	11990
      1	11995
      1	12005
      1	12022
      1	12024
      1	12081
      1	12132
      1	12188
      1	12192
      1	12271
      1	12280
      1	12290
      1	12295
      1	12301
      1	12350
     11	12356
      1	12383
      2	12386
      3	12394
      1	12418
      1	12500
      3	12505
      1	12545
      3	12597
      1	12626
      1	12660
      1	12667
      2	12684
      1	12703
      1	12717
      1	12756
      2	12776
      2	12781
      3	12818
      3	12826
      2	12860
      2	12919
      1	12946
      3	12948
      1	13025
      1	13057
      1	13076
      1	13118
      1	13153
      1	13157
      1	13183
      2	13230
      3	13270
      3	13273
      1	13315
      1	13390
      1	13402
      1	13418
      1	13419
      1	13421
      1	13437
      1	13453
      1	13459
      1	13478
      1	13481
      1	13490
      2	13503
      1	13539
      1	13556
      3	13572
      2	13595
      1	13602
      1	13639
      2	13672
      1	13682
      1	13695
      4	13723
      1	13724
      2	13738
      3	13745
      2	13806
      1	13822
      2	13823
      1	13846
      1	13862
      1	13871
      2	13895
      1	13913
      1	13934
      1	13940
      1	13965
      2	13972
      1	13994
      2	14007
      1	14026
      2	14039
      1	14107
      2	14111
      8	14127
      5	14128
      1	14166
      1	14177
      1	14213
      5	14290
      1	14340
      1	14377
      8	14385
      1	14392
      9	14398
      1	14465
      2	14490
      1	14509
      1	14538
      1	14565
      1	14569
      1	14576
      1	14591
      1	14594
      5	14606
      1	14643
      1	14648
      1	14756
      2	14765
      1	14769
      1	14786
      2	14812
      1	14821
      2	14847
      1	14911
      4	14914
      2	14923
      1	14960
      9	14965
     10	14986
      1	15020
      1	15044
      2	15047
      1	15090
      2	15103
      1	15106
      1	15147
      1	15160
      2	15188
      1	15263
      2	15291
      1	15310
      1	15334
      1	15340
      1	15341
      1	15348
      9	15355
      3	15397
      1	15399
      3	15420
      4	15479
      1	15483
      1	15498
      2	15503
      1	15504
      3	15505
      2	15508
      1	15524
      1	15558
      1	15566
      1	15590
      1	15604
      1	15614
      1	15621
      1	15639
      1	15646
      2	15661
      5	15674
      1	15679
      3	15702
      2	15756
      1	15757
      1	15762
      2	15832
      1	15847
      1	15872
      2	15909
      1	15912
      1	15932
      1	15946
      2	15985
      2	16007
      1	16049
      1	16055
      1	16076
      1	16079
      2	16106
      2	16188
      1	16207
      1	16211
      4	16219
      1	16231
      1	16239
      1	16276
      2	16285
      1	16291
      1	16299
      1	16354
      5	16368
      2	16377
      1	16444
      1	16453
      2	16457
      1	16466
      1	16477
      1	16479
      1	16486
      1	16503
      3	16524
      1	16529
      1	16546
      1	16554
      1	16557
      2	16628
      2	16673
      1	16689
      1	16694
      1	16713
      3	16714
      1	16715
      3	16738
      1	16833
      1	16887
      1	16894
     10	16907
      3	16916
      1	16934
      1	16938
      2	16984
     19	17003
     13	17027
      1	17055
      1	17064
      1	17077
      1	17117
      1	17131
      2	17207
     13	17214
      1	17216
      2	17225
      2	17237
      1	17274
      3	17338
      1	17349
      1	17356
      1	17365
      1	17393
      1	17440
      1	17454
      1	17459
      1	17470
      1	17499
      1	17540
      2	17560
      1	17592
      1	17608
      1	17665
      2	17666
      2	17667
      1	17682
      1	17736
      1	17753
      3	17771
      1	17838
      1	17859
      3	17864
      1	17883
      2	17895
      3	17927
      1	17929
      2	17945
      1	17947
      2	17950
      2	17990
      2	18003
      1	18030
      2	18054
      3	18081
      1	18084
      1	18130
      2	18166
      1	18175
      1	18192
      2	18228
      2	18232
      6	18237
      1	18278
      2	18308
      1	18310
      1	18315
      2	18337
      2	18348
      1	18413
      1	18420
      2	18422
      5	18442
      1	18443
      1	18448
      1	18470
      1	18476
      1	18491
      3	18498
      1	18508
      4	18515
      1	18530
      1	18562
      3	18618
      1	18621
      1	18623
      4	18660
      1	18677
      4	18688
      1	18710
      2	18720
      6	18747
      1	18777
      3	18793
      1	18798
      1	18867
      1	18869
      2	18880
      1	18885
      1	18915
      2	18919
      1	18923
      2	18937
      1	18945
      1	18954
      1	18984
      1	18992
      2	19004
      2	19016
      1	19078
      1	19113
      1	19134
      1	19138
      1	19151
      2	19228
      1	19229
      1	19239
      1	19248
      2	19269
      1	19277
      1	19319
      1	19323
      1	19335
      1	19339
      1	19345
      1	19371
      1	19396
      1	19402
      1	19403
      1	19420
     19	19454
      1	19455
      1	19464
      1	19483
      1	19488
      2	19511
      1	19512
      2	19525
      1	19539
      1	19553
      1	19571
      1	19578
      1	19605
     14	19622
      6	19641
      1	19650
      2	19665
      1	19677
      1	19695
      1	19707
      2	19708
      2	19725
      1	19729
      1	19761
      1	19775
      1	19822
      2	19831
      1	19865
      4	19889
      1	19892
      5	19904
      3	19919
      1	19947
      3	19976
      1	20082
      3	20156
      4	20162
      1	20170
      2	20172
      1	20221
      1	20229
      1	20243
      1	20264
      2	20268
      1	20273
      3	20323
      1	20333
      1	20357
     10	20390
      2	20397
      1	20432
      1	20433
      1	20480
      2	20483
      1	20546
      1	20587
      1	20595
      1	20599
      1	20606
      1	20611
      1	20614
      1	20626
      1	20658
      1	20678
      1	20688
      2	20716
      1	20766
      1	20780
      1	20785
      1	20791
      3	20805
      1	20814
      1	20861
      1	20865
      1	20872
      5	20882
      1	20883
      1	20918
      1	20949
      4	20960
      1	20966
      1	20994
      1	21002
      1	21070
      1	21082
      1	21122
      2	21124
      1	21164
      4	21170
      5	21180
      1	21203
      1	21235
      1	21247
      1	21266
      1	21285
      1	21319
      1	21352
      1	21364
      1	21374
      1	21376
      1	21396
      1	21411
      1	21418
      4	21444
      1	21470
      1	21471
      1	21499
      2	21507
      2	21512
      1	21549
      4	21552
      1	21569
      1	21602
      2	21607
      4	21623
      1	21625
      1	21628
      1	21652
      1	21665
      2	21686
      1	21712
      2	21724
      1	21800
      1	21807
      1	21839
      1	21854
      5	21864
      1	21873
      2	21877
      6	21911
      1	21926
      1	21970
      2	21981
      1	22065
      1	22070
      1	22071
      1	22077
      2	22093
      1	22100
      1	22122
      1	22125
      1	22164
      5	22188
      2	22206
      1	22290
      1	22300
      2	22305
      1	22335
      6	22336
      1	22337
      1	22365
      1	22400
      1	22417
      2	22419
      1	22428
      1	22433
      1	22440
      5	22447
      7	22495
      4	22501
      1	22511
      1	22513
      1	22546
      4	22573
      1	22601
      1	22653
      2	22665
      1	22670
      1	22675
      1	22686
      2	22721
      1	22742
      1	22751
      2	22761
      1	22792
      1	22807
      1	22833
      1	22867
      1	22894
      1	22902
      1	22903
      3	22905
      1	22906
      1	22915
      1	22923
      1	22958
      7	22970
      1	22973
      1	22995
      2	23006
      1	23029
      1	23055
      3	23059
      4	23092
      1	23094
      1	23114
      1	23129
      2	23137
      2	23138
      1	23157
      1	23176
      1	23219
      1	23304
      1	23385
      2	23412
      1	23414
      1	23429
      3	23443
      2	23449
      2	23455
      4	23526
      1	23536
      2	23555
      2	23574
      2	23577
      1	23589
      1	23594
      1	23611
      1	23612
      1	23622
      1	23655
      1	23656
      1	23720
      1	23728
      1	23729
      1	23748
      2	23753
      1	23764
      2	23811
      1	23842
      1	23853
      3	23864
      1	23870
      2	23905
      4	23923
      2	23934
      1	23997
      3	24014
      1	24023
      1	24053
      3	24058
      1	24063
      1	24097
      1	24111
      6	24136
      1	24159
      1	24208
      1	24222
      1	24225
      1	24244
      1	24305
      3	24312
      3	24334
      1	24353
      2	24356
      3	24360
      1	24384
      1	24409
      3	24412
      1	24440
      1	24450
      2	24458
      1	24469
      1	24497
      1	24546
      1	24567
      1	24573
      1	24596
      1	24672
      2	24683
      1	24707
      4	24755
      2	24802
      2	24818
      1	24839
      1	24846
      1	24914
      2	24917
      1	24967
      1	24981
      5	24990
      1	25007
      1	25014
      1	25049
      1	25096
      1	25102
      3	25141
      1	25147
      1	25156
      2	25163
      1	25173
      1	25193
      1	25224
      2	25247
      3	25276
      3	25289
      4	25293
      1	25325
      3	25338
      1	25346
      1	25357
      1	25372
      1	25439
      1	25444
      1	25446
      1	25502
      1	25503
      2	25508
      2	25531
      1	25571
      1	25584
      1	25620
      2	25626
      1	25634
      1	25636
      2	25647
      1	25663
      2	25689
      1	25712
      1	25781
      2	25805
      1	25816
      1	25834
      1	25856
      1	25875
      1	25888
      1	25908
      1	25944
      1	25981
      1	26012
      4	26043
      1	26068
      1	26069
      1	26107
      3	26111
      1	26125
      1	26126
      3	26127
      1	26140
      3	26160
      1	26208
      2	26230
      1	26240
      1	26246
      1	26249
      4	26255
      2	26258
      1	26267
      2	26289
      1	26290
      1	26296
      1	26374
      1	26375
      1	26426
      1	26435
      2	26460
      1	26534
     12	26564
      1	26591
      2	26592
      2	26672
      1	26680
      2	26711
      1	26729
      7	26777
      1	26810
      2	26838
      1	26840
      3	26850
      1	26913
      1	26940
      1	26964
      1	26965
      1	26975
      2	26993
      2	27039
      1	27046
      1	27047
      2	27071
      1	27077
      2	27116
      1	27120
      2	27159
      1	27172
      1	27186
      1	27216
      1	27225
      3	27241
      1	27247
      1	27257
      1	27269
      9	27286
      2	27288
      1	27301
      1	27305
      4	27323
      1	27326
      1	27378
      1	27382
      1	27399
      1	27402
      3	27409
      2	27413
      1	27444
      3	27446
      2	27469
      1	27510
      2	27519
      1	27529
      1	27547
      2	27572
      1	27615
      2	27620
      1	27642
      3	27649
      2	27691
      4	27717
      1	27723
      1	27724
      1	27745
      1	27773
      1	27830
      1	27856
      5	27859
      1	27862
      2	27872
      1	27896
      4	27920
      8	27954
      2	27959
      3	27973
      1	27979
      1	27994
      2	28002
      1	28079
      1	28156
      1	28187
      1	28240
      1	28246
      1	28277
      1	28278
      2	28328
      1	28355
      1	28391
      1	28393
      2	28405
      1	28463
      1	28468
      4	28478
      1	28495
      2	28505
      1	28521
      3	28524
      1	28531
      1	28538
      2	28567
      1	28574
      1	28585
      3	28615
      1	28631
      2	28655
      1	28661
      3	28665
      1	28716
      1	28720
      1	28731
      1	28778
      1	28803
      2	28809
      2	28824
      2	28877
      1	28889
      1	28922
      1	28929
      1	28934
      1	28962
      1	28963
      1	28995
      1	29002
      4	29025
      1	29046
      1	29068
      1	29103
      1	29105
      1	29153
      1	29165
      1	29168
      1	29211
      1	29236
      1	29247
      2	29257
      1	29290
      1	29295
      9	29311
      1	29323
      1	29374
      1	29376
      5	29377
      1	29478
      1	29484
      1	29496
      1	29499
      1	29516
      1	29541
      1	29558
      1	29577
      1	29593
      1	29595
      1	29596
      1	29650
      1	29670
      1	29677
      1	29697
      1	29716
      1	29760
      2	29789
      1	29899
      4	30018
      2	30024
      1	30055
      1	30121
      1	30132
      1	30151
      1	30154
      1	30159
      2	30161
      1	30211
      1	30284
      1	30285
      1	30304
      2	30321
      1	30355
      2	30427
      1	30443
      1	30462
      2	30512
      2	30549
      6	30564
      1	30565
      1	30570
      1	30578
      1	30595
      5	30613
      1	30640
      1	30661
      1	30706
      1	30708
      2	30719
      1	30754
      2	30778
      1	30780
      1	30851
      1	30861
      1	30863
      2	30884
      1	30900
      1	30910
      2	30921
      2	30924
      1	30941
      2	30958
      3	30983
      1	31025
      1	31050
      1	31093
      1	31126
      1	31137
      1	31147
      1	31148
      3	31178
      1	31186
      2	31205
      2	31247
      2	31290
      1	31323
      1	31340
      1	31360
      3	31370
      1	31412
      2	31423
      4	31453
      1	31468
      1	31481
      1	31495
      1	31511
      2	31535
      3	31574
      3	31606
      1	31642
      1	31653
      1	31722
      5	31743
      2	31757
      7	31848
      1	31869
      1	31872
      1	31885
      1	31890
      1	31896
      1	31904
      1	31983
      1	32028
      1	32052
      2	32060
      1	32067
      1	32088
      1	32099
      1	32112
      1	32126
      1	32137
      1	32139
      2	32200
      1	32224
      2	32234
      1	32267
      2	32288
      1	32289
      1	32318
      1	32328
      2	32372
      1	32394
      2	32413
      1	32414
      1	32438
      1	32466
      3	32515
      4	32590
      1	32620
      1	32654
      1	32677
      5	32687
      1	32701
      2	32704
      1	32707
      1	32718
      1	32778
      1	32811
      3	32844
      1	32863
      3	32886
      1	32890
      3	32967
      1	32970
      1	32983
      1	32995
      1	33060
      1	33074
      1	33110
      1	33196
      1	33200
      1	33229
      1	33249
      5	33259
      4	33292
      1	33293
      2	33317
      1	33318
      1	33354
      1	33473
      2	33484
      1	33520
      1	33570
      1	33587
      3	33611
      1	33619
      1	33718
      1	33742
      1	33753
     11	33768
      1	33814
      1	33876
      1	33887
      1	33904
      2	33917
      1	33945
      1	33948
      2	33965
      3	33972
      1	33976
      1	33982
      6	33992
      3	34031
      1	34040
      1	34041
      2	34042
      1	34063
      1	34071
      2	34129
      1	34133
      3	34165
      1	34170
      1	34205
      1	34207
      1	34226
      1	34241
      1	34254
      1	34264
      2	34294
      1	34369
      1	34371
      1	34391
      2	34440
      1	34443
      1	34444
      4	34446
      1	34507
      1	34536
      1	34601
      4	34647
      1	34697
      1	34719
      1	34746
      1	34752
      1	34771
      1	34799
      1	34848
      1	34938
      1	34959
      1	34981
      1	34984
      1	35004
      1	35024
      1	35037
      1	35042
      1	35046
      1	35047
      1	35048
      2	35056
      1	35079
      4	35086
      1	35126
      2	35166
      1	35169
      1	35170
      1	35172
      1	35182
      3	35197
      1	35212
      1	35222
      1	35223
      2	35264
      1	35311
      1	35318
      1	35325
      1	35343
      2	35385
      2	35392
      1	35411
      1	35416
      1	35420
      1	35443
      1	35468
      1	35479
      1	35528
      1	35591
      1	35599
      5	35613
      5	35622
      1	35644
      3	35717
      2	35739
      3	35786
      2	35791
      2	35797
      1	35834
      5	35836
      1	35844
      1	35886
      1	35908
      1	35925
      1	35930
      1	35971
      1	35996
      3	35999
      2	36009
      1	36028
      1	36044
      1	36062
      1	36069
      2	36084
      2	36105
      2	36113
      1	36177
      1	36186
      1	36200
      1	36256
      1	36351
      1	36363
      1	36374
      4	36438
      1	36443
      2	36448
      1	36466
      1	36500
      1	36526
      1	36542
      3	36559
      1	36587
      1	36595
      1	36630
      1	36644
      1	36655
      2	36656
      2	36658
      2	36659
      1	36666
      1	36674
      2	36688
      1	36706
      1	36717
      1	36719
      1	36733
      1	36783
      1	36814
      1	36835
      1	36838
      4	36896
      1	36906
      2	36948
      2	36960
      1	37006
      1	37011
      1	37029
      1	37031
      1	37064
      2	37111
      1	37217
      1	37244
      1	37246
      4	37247
      2	37273
      3	37288
      1	37289
      1	37324
      1	37342
      1	37348
      2	37355
      2	37368
      1	37388
      1	37393
      1	37421
      1	37429
      1	37448
      1	37454
      1	37465
      1	37493
      1	37497
      2	37552
      1	37580
      1	37593
      2	37617
      5	37640
      1	37653
      2	37665
      1	37698
      1	37709
      2	37743
      2	37760
      1	37767
      1	37782
      1	37812
      1	37824
      1	37844
      1	37851
      6	37853
      1	37873
      1	37895
     11	37907
      1	37916
      1	37966
      1	38006
      1	38029
      3	38047
      1	38049
      2	38052
      1	38088
      1	38134
      1	38139
      1	38206
      1	38213
      2	38224
      1	38265
      4	38311
      9	38380
      1	38439
      1	38449
      2	38457
      1	38468
      5	38480
      3	38520
      1	38536
      1	38563
      2	38614
      1	38654
      1	38664
      1	38687
      1	38688
      1	38692
      1	38703
      3	38712
      1	38831
      1	38839
      2	38865
      2	38893
      2	38894
      2	38902
      1	38926
      2	38939
      1	39032
      1	39049
      1	39061
      1	39071
      1	39077
      4	39098
      1	39103
      1	39108
      1	39124
      3	39159
      4	39176
      1	39206
      1	39219
      1	39242
      1	39254
      1	39257
      1	39297
      2	39332
      1	39352
      1	39360
      1	39364
      2	39379
      1	39428
      2	39440
      3	39471
      1	39485
      1	39565
      1	39566
      1	39569
      1	39581
      1	39601
      2	39674
      1	39775
      1	39779
      1	39785
      2	39807
      1	39809
      1	39875
      3	39946
      1	40000
      1	40040
      5	40063
      2	40093
      1	40107
      1	40170
      2	40212
      2	40269
      1	40309
      1	40353
      1	40358
      4	40387
      3	40394
      2	40408
      2	40437
      1	40488
      1	40537
      2	40550
      1	40575
      1	40579
      1	40640
      1	40641
      1	40646
      2	40651
      2	40661
      1	40699
      1	40756
      1	40766
      5	40770
      5	40779
      1	40795
      1	40817
      2	40839
      1	40855
      1	40879
      1	40933
      1	40954
      3	40978
      1	41051
      1	41070
      3	41086
      1	41097
      1	41126
      1	41129
      1	41144
      2	41185
      1	41188
      1	41215
      1	41250
      1	41314
      1	41328
      1	41347
      1	41361
      1	41377
      1	41393
      2	41421
      1	41440
      1	41461
      1	41515
      1	41533
      1	41582
      1	41584
      1	41586
      2	41609
      5	41640
      1	41692
      1	41724
      1	41733
      1	41759
      4	41760
      1	41768
      1	41827
      3	41848
      2	41925
      4	41928
      1	41970
      1	42006
      8	42027
      1	42110
      1	42112
      3	42122
      1	42123
      1	42129
      1	42235
      1	42248
      3	42261
      2	42283
      1	42333
      2	42389
      2	42404
      1	42405
      1	42408
      1	42422
      3	42474
      1	42479
      1	42487
      1	42614
      1	42632
      7	42637
      1	42651
      1	42672
      1	42699
      1	42703
      1	42715
      7	42723
      1	42735
      3	42739
      1	42763
      1	42789
      1	42802
      1	42806
      1	42820
      1	42836
      1	42837
      1	42851
      1	42884
      1	42888
      1	42899
      2	42914
      1	42921
      1	42967
      2	43039
      1	43053
      2	43058
      1	43073
      3	43080
      4	43095
      1	43148
      1	43153
      3	43204
      1	43221
      4	43231
      1	43234
      1	43257
      1	43271
      3	43272
      1	43329
      1	43429
      1	43440
      3	43441
      7	43468
      1	43470
      1	43481
      1	43493
     21	43531
      1	43535
      2	43583
      1	43586
      1	43605
      2	43623
      1	43626
      1	43632
      2	43646
      2	43669
      1	43687
      1	43719
      1	43735
      1	43757
      2	43761
      1	43808
      3	43811
     11	43832
      1	43839
      1	43851
      1	43898
      1	43927
      2	43953
      2	43965
      1	44049
      1	44066
      7	44094
      1	44103
      4	44117
      1	44133
      1	44135
      2	44137
      1	44144
      1	44189
      1	44252
      1	44287
      1	44305
     11	44329
      1	44345
      1	44374
      1	44410
      1	44429
      1	44446
      1	44453
      4	44512
      1	44603
      2	44611
      1	44624
      2	44651
      3	44666
      1	44673
      1	44683
      1	44687
      1	44701
      2	44709
      2	44716
      1	44717
      1	44740
      1	44750
      1	44770
      3	44787
      1	44801
      1	44807
      1	44809
      2	44833
      1	44896
      1	44907
      1	44909
      1	44939
      1	44960
      1	44978
      2	45014
      1	45061
      1	45086
      1	45140
      1	45150
      1	45164
      1	45184
      3	45213
      3	45219
      1	45252
      1	45323
      4	45341
      1	45360
      1	45460
      1	45471
      1	45483
      2	45520
      2	45538
      1	45539
     11	45570
      1	45593
      1	45627
      1	45645
      1	45677
      3	45678
      3	45683
      1	45687
      1	45748
      1	45772
      1	45778
      1	45791
      1	45794
      1	45796
      2	45818
      1	45844
      1	45845
      4	45847
      1	45913
      1	45919
      1	45929
      3	45938
      1	45942
      1	45955
      1	45962
      4	45979
      1	45986
      1	46026
      1	46075
      2	46102
      1	46111
      1	46213
      2	46221
      1	46247
      2	46289
      1	46302
      2	46304
      1	46329
      1	46355
      2	46372
      2	46387
      3	46388
      1	46416
      1	46417
      2	46418
      1	46421
      1	46441
      2	46451
      1	46469
      2	46554
      1	46570
      1	46581
      1	46595
      2	46636
      2	46667
      1	46734
      1	46756
      1	46757
      1	46778
      1	46793
      1	46801
      1	46884
      1	46931
      1	46937
      1	46996
      1	47025
      4	47038
      1	47053
      2	47104
      1	47162
      1	47208
      1	47226
      1	47238
      1	47294
      1	47309
      6	47311
      1	47380
      2	47396
      1	47429
      1	47475
      1	47497
      1	47502
      5	47547
      1	47564
      1	47566
      1	47613
      1	47632
      1	47650
      3	47692
      1	47708
      1	47718
      2	47788
      1	47794
      1	47857
      9	47883
      5	47893
      1	47897
      1	47908
      1	47911
      4	47952
      1	47981
      1	48004
      1	48013
      1	48057
      1	48064
      1	48083
      3	48115
      1	48135
      2	48151
      1	48204
      1	48224
      1	48256
      1	48288
      1	48322
      1	48327
      1	48337
      1	48367
      1	48368
      1	48373
      2	48389
      1	48404
      1	48434
      1	48478
      1	48505
      2	48509
      1	48513
      2	48540
      4	48550
      2	48577
      1	48603
      1	48608
      1	48630
      1	48651
      9	48666
      1	48681
      3	48695
      1	48726
      2	48744
      1	48746
      3	48776
     12	48834
      2	48863
      4	48884
      2	48940
      1	48992
      1	48995
      1	49043
      8	49073
      1	49120
      1	49131
      2	49155
      1	49176
      6	49180
      1	49198
      7	49200
      1	49208
      3	49234
      1	49267
      1	49273
      1	49325
      1	49361
      6	49362
      1	49383
      1	49399
      1	49411
      2	49416
      2	49428
      2	49439
      1	49458
      1	49463
      1	49498
      1	49528
      2	49552
      1	49556
      2	49560
      4	49567
      1	49577
      1	49589
      1	49604
      3	49640
      1	49664
      1	49682
      1	49701
      1	49715
      1	49753
      2	49765
      1	49773
      1	49774
      2	49776
      1	49779
      5	49781
      2	49785
      9	49844
      2	49897
      2	49956
      2	49966
      1	49999
      4	50001
      1	50058
      1	50070
      1	50079
      1	50188
      1	50199
      1	50206
      1	50236
      2	50261
      1	50268
      1	50285
      1	50428
      1	50463
      1	50508
      1	50533
     10	50539
      5	50550
      4	50579
      1	50613
      6	50648
      1	50660
      1	50682
      1	50719
      1	50738
      1	50757
      1	50771
      1	50790
      1	50811
      1	50828
      1	50853
      1	50868
      1	50910
      1	50926
      2	50930
      2	50940
      2	50981
      1	51028
      1	51031
      3	51065
      1	51078
      1	51088
      1	51093
      1	51100
      2	51106
      1	51108
      1	51135
      3	51144
      1	51159
      1	51196
      5	51205
      2	51206
      1	51216
      1	51218
      2	51259
      2	51294
      3	51314
      1	51325
      1	51334
      1	51358
      1	51381
      1	51394
      1	51434
      1	51441
      1	51446
      1	51450
      4	51475
      1	51478
      1	51511
      2	51525
      1	51534
      1	51539
      1	51570
      1	51574
      2	51577
      1	51588
      1	51614
      1	51633
      3	51644
      2	51669
      2	51720
      2	51766
      3	51771
      1	51780
      1	51787
      4	51812
      7	51822
      1	51830
      2	51836
      3	51920
      2	51946
      1	51972
      1	51981
      1	51983
      2	51988
      2	51997
      1	52030
      1	52049
      1	52074
      1	52092
      1	52093
      1	52115
     12	52121
      7	52160
      1	52164
      1	52174
      1	52181
      1	52238
      1	52249
      1	52255
      1	52278
      2	52323
      5	52370
      1	52376
      1	52401
      1	52407
      2	52414
      1	52434
      1	52439
      1	52441
      1	52463
      1	52528
      2	52551
      1	52563
      1	52601
      1	52603
      1	52616
      2	52626
      1	52640
      1	52641
      1	52643
      1	52687
      5	52695
      1	52709
      5	52717
      1	52736
      1	52758
      2	52794
      1	52812
      1	52840
      2	52892
      2	52902
      4	52917
      1	52920
      1	53004
      6	53009
      1	53076
      1	53087
      1	53091
      1	53125
      2	53147
      1	53199
      1	53216
      1	53234
      1	53242
      1	53260
      1	53309
      1	53325
      4	53357
      1	53434
      4	53446
      1	53469
      2	53479
      1	53517
      3	53521
      1	53534
      1	53545
      2	53584
      1	53595
      1	53630
      1	53666
      1	53693
      2	53695
      1	53700
      2	53714
      3	53723
      1	53730
      1	53782
      1	53784
      1	53796
      1	53805
      5	53846
      1	53908
      8	53925
      1	53951
      1	53975
      3	53980
      1	54005
      1	54102
      4	54105
      1	54146
      1	54150
      1	54156
      1	54226
      1	54240
      1	54244
      1	54245
      1	54270
      1	54302
      1	54309
      1	54336
      1	54357
      1	54400
      1	54431
      2	54509
      1	54523
      3	54525
      1	54538
      1	54560
      1	54582
      2	54601
      3	54608
      1	54632
      1	54651
      1	54658
      1	54681
      1	54683
      1	54720
      2	54726
      2	54729
      3	54745
      1	54766
      1	54855
      2	54861
      7	54889
      1	54932
      1	54938
      4	54968
      1	54974
      1	55030
      2	55097
      1	55172
      1	55189
      1	55205
      2	55209
      4	55217
      3	55223
      3	55224
      1	55238
      1	55275
      2	55282
      1	55296
      1	55384
      1	55393
      3	55398
      1	55418
      1	55421
      1	55429
      1	55444
      5	55466
      1	55477
      2	55478
      1	55487
      2	55496
      2	55503
      1	55525
      2	55565
      1	55574
      1	55576
      8	55587
      1	55592
      1	55607
      1	55619
      1	55640
      1	55649
      1	55662
      7	55674
      2	55681
      1	55733
      1	55801
      2	55814
      1	55843
      1	55848
      1	55853
      1	55863
      2	55872
      1	55885
      2	55908
      2	55972
      2	55979
      1	55996
     15	56027
      7	56052
      1	56067
      1	56080
      1	56097
      2	56105
      3	56113
      1	56127
      4	56133
      2	56187
      1	56209
      1	56239
      3	56334
      1	56347
      1	56369
      4	56410
      2	56434
      1	56494
      1	56495
      1	56507
      5	56533
      1	56542
      2	56612
      1	56637
      1	56670
      7	56718
      3	56795
      1	56797
      1	56807
      1	56821
      2	56846
      1	56855
      2	56876
      2	56878
      1	56920
      1	56939
      2	56941
      3	56952
      3	57001
      1	57052
      2	57091
      3	57093
      3	57111
      3	57144
      1	57171
      2	57272
      2	57297
      2	57298
      1	57303
      2	57375
      1	57394
      4	57402
      1	57420
      1	57449
      1	57475
      1	57499
      1	57512
      1	57554
      2	57566
      1	57593
      1	57609
      1	57673
      1	57709
      1	57720
      2	57749
      2	57751
      1	57764
      1	57772
      1	57779
      1	57836
      1	57843
      1	57894
      1	57922
      1	57951
      1	57981
      1	58041
      1	58046
      2	58062
      1	58074
      2	58109
      1	58111
      3	58118
      2	58120
      1	58154
      2	58155
      2	58183
      3	58199
      2	58212
      1	58216
      1	58239
      6	58244
      1	58251
      3	58317
      2	58329
      1	58330
      2	58434
      2	58466
      1	58477
      1	58489
      2	58496
      1	58506
      2	58545
      1	58580
      1	58589
      1	58654
      3	58679
      4	58735
      1	58766
      2	58778
      1	58800
      1	58815
      1	58860
      1	58876
      1	58887
      2	58901
      1	58902
      3	58953
      1	58997
      1	59010
      1	59043
      2	59049
      1	59064
      2	59107
      1	59134
      1	59183
      1	59187
      1	59210
      1	59215
      1	59292
      1	59326
      2	59512
      2	59536
      1	59570
      2	59571
      1	59604
      1	59620
      1	59624
      1	59660
      1	59679
      2	59688
      1	59698
      1	59707
      4	59720
      2	59742
     28	59758
      2	59799
      1	59807
      3	59858
      1	59876
      2	59887
      1	59923
      1	59926
      4	60000
      1	60002
      1	60047
      1	60060
      9	60074
      3	60081
      1	60120
      1	60140
      1	60197
      5	60208
      1	60210
      1	60236
      1	60287
      1	60293
      1	60300
      3	60312
      1	60372
      2	60409
      6	60462
      1	60465
      5	60499
      3	60501
      1	60504
      1	60523
      1	60528
      1	60596
      1	60615
      1	60635
      1	60640
      5	60653
      1	60669
      1	60716
      1	60806
      1	60808
      1	60870
      1	60887
      3	60910
      1	60911
      1	60965
      1	60975
      1	61019
      1	61066
      1	61110
      1	61121
      2	61138
      2	61158
      2	61191
      9	61230
      1	61231
      1	61255
     13	61261
      2	61277
      1	61290
      1	61317
      1	61362
      1	61435
      1	61464
      1	61492
      1	61525
      1	61554
      3	61579
      1	61594
      4	61657
      1	61660
      1	61673
      1	61679
      3	61683
      2	61705
      1	61716
      1	61727
      1	61734
      2	61772
      1	61774
      1	61787
      1	61829
      1	61877
      1	61928
      1	61931
      3	61943
      2	61962
      3	61964
      1	62002
      1	62017
      1	62021
      3	62024
      1	62051
      4	62053
      3	62056
      1	62081
      1	62087
      1	62099
      1	62159
      4	62183
      9	62189
      1	62267
      1	62274
      1	62288
      1	62293
      1	62339
      1	62384
      1	62401
      1	62412
      1	62427
      2	62534
      1	62584
      3	62593
      1	62631
      1	62664
      1	62713
      1	62727
      1	62759
      1	62772
      1	62780
      1	62785
      1	62808
      1	62841
      1	62862
      1	62896
      1	62903
      2	62926
      2	62942
      6	62948
      1	62965
      1	63024
      1	63087
      1	63092
      1	63101
      1	63107
      1	63142
      1	63147
      1	63155
      1	63169
      1	63204
      1	63264
      1	63272
      1	63277
      1	63338
      2	63363
      4	63368
      1	63372
      1	63384
      8	63409
      2	63418
      1	63426
      1	63458
      1	63483
      1	63509
      3	63565
      1	63575
      2	63611
      1	63644
      1	63660
      1	63690
      3	63696
      1	63737
      2	63743
      2	63750
      1	63766
      3	63786
     13	63807
      1	63846
      2	63872
      1	63878
      1	63884
      1	63918
      2	63982
      4	63987
      1	64001
      1	64031
      1	64032
      1	64042
      3	64071
      1	64081
      1	64161
      1	64166
      1	64176
      1	64177
      3	64196
      1	64208
      2	64253
      3	64267
      1	64268
      2	64286
      2	64307
      1	64339
      1	64411
      3	64439
      1	64448
      2	64454
      1	64470
      2	64474
      1	64479
      1	64485
      1	64496
      1	64512
      2	64528
      3	64530
      1	64557
      2	64563
      1	64578
     11	64637
      3	64650
      1	64656
      2	64665
      2	64668
      1	64720
      1	64721
      3	64752
      1	64788
      1	64844
      1	64884
      1	64896
      1	64942
      1	64963
      1	65029
      1	65040
      1	65046
      1	65061
      2	65062
      1	65095
      2	65121
      1	65137
      1	65138
      1	65140
      9	65195
     23	65206
      1	65207
      2	65257
      2	65258
      1	65277
      1	65289
      2	65372
      1	65373
      3	65401
      1	65427
      1	65449
      1	65458
      1	65462
      1	65494
