      1	55
      1	74
     12	91
      1	113
      3	505
      7	538
      2	697
      5	708
      2	779
      3	813
      1	1026
      1	1190
      1	1232
      2	1253
      8	1508
      1	1544
      2	1556
      3	1690
      1	1731
      1	1830
      4	1857
      2	1872
      1	1911
      1	1918
      1	1940
      1	2024
      1	2206
      1	2323
      1	2475
      1	2493
      1	2548
      2	2549
      1	2683
     13	2849
      1	2862
      1	2982
      1	2985
      1	3037
      1	3079
      1	3144
      1	3189
      1	3221
      1	3315
      1	3330
      1	3486
      1	3493
      1	3512
      1	3514
      1	3584
      2	3732
      1	3750
      1	3922
      1	3933
      1	3956
      1	4114
      1	4447
      1	4456
      1	4527
      1	4604
      2	4621
      1	4644
      2	4647
      1	4652
     10	4681
      1	4735
      1	4848
      1	4885
      6	4913
      1	4937
      2	4969
      1	5161
      1	5210
      1	5348
      1	5389
      1	5684
      1	5731
      1	5736
      1	5792
      9	5813
      3	5943
      1	5981
      1	6235
      2	6274
      1	6311
      1	6497
      1	6566
      2	6622
      1	6626
      1	6745
      1	6755
      1	6768
      5	6794
      1	6796
      1	6854
      3	6980
      2	7032
      3	7041
      3	7067
      2	7071
      1	7235
      1	7289
      1	7302
      2	7319
      1	7331
      1	7332
      1	7339
      1	7359
      1	7386
      3	7505
      1	7688
      1	7788
      1	7833
      1	7926
      1	7990
      5	8268
      1	8328
      2	8354
      1	8363
      1	8698
      1	8859
      1	8930
      1	8936
      1	9188
      1	9234
      1	9277
      6	9317
      2	9386
      1	9434
      1	9516
      1	9585
      1	9610
      1	9688
      1	9826
      1	9900
      1	9936
      3	9952
      1	9967
      1	10022
      1	10274
      1	10389
     13	10538
      1	10662
      1	10687
      1	10721
      4	10863
      1	10872
      1	10959
      1	11071
      9	11082
      1	11276
      3	11308
      1	11355
      2	11415
      1	11506
      1	11546
      1	11642
      1	11652
      1	11739
      1	11823
      5	11880
      1	11963
      1	12020
      1	12049
      2	12084
      5	12195
      2	12288
      4	12348
      2	12397
      1	12509
      1	12686
      1	12751
      2	12809
      2	12814
      1	12818
      3	12819
      1	12826
      1	12948
      1	13017
      1	13098
      2	13153
      2	13315
      8	13461
      7	13481
      1	13735
      1	13745
      2	13823
      1	13915
      1	14054
      1	14113
      5	14169
      2	14275
      1	14429
      3	14430
      1	14444
      1	14473
      1	14513
      1	14537
      1	14670
      1	14720
      2	14917
      1	14952
      1	15047
      1	15234
      4	15420
      2	15499
      3	15522
      1	15525
      1	15599
      1	15650
      1	15934
      1	16047
      1	16060
      1	16110
      1	16181
      1	16204
      1	16276
      1	16317
      1	16348
      1	16465
      1	16477
      1	16503
      1	16684
      1	16721
      1	16753
      3	16759
      1	16788
      1	16907
      8	17005
      2	17015
      1	17168
      3	17216
      3	17229
      1	17270
      1	17343
     12	17352
      1	17474
      6	17655
      1	17681
      1	17771
      4	17773
      2	17880
      2	17885
      1	17916
      1	18064
      8	18141
      1	18259
      3	18295
      3	18420
      4	18442
     18	18590
      1	18672
      1	18707
      3	18790
      2	18897
      1	18939
      3	18962
      1	18992
      2	19127
      1	19128
      1	19150
      1	19277
      1	19291
      1	19301
      3	19356
      1	19518
      1	19597
      1	19627
      3	19678
      1	19692
      1	19816
      1	19825
      1	19862
      3	19918
      1	19947
      6	20049
      1	20118
      2	20163
      3	20191
      1	20195
      2	20204
      1	20212
      1	20322
      1	20612
      1	20658
      3	20683
      1	20713
      1	20761
      1	20790
      1	20852
      1	20995
      1	21095
      1	21157
      1	21268
      1	21325
      1	21640
      1	21790
      2	21830
      1	22012
      1	22164
      1	22194
      1	22211
      1	22288
      1	22330
      2	22350
      1	22383
      1	22389
      2	22408
      3	22467
      1	22478
      2	22491
      1	22516
      1	22586
      1	22601
      1	22624
      4	22767
      1	22771
      4	22957
      2	23059
      1	23062
      1	23084
     10	23094
      1	23219
      2	23321
      1	23381
     37	23456
      1	23501
      3	23566
      8	23620
      1	23653
      1	23678
      1	23720
     15	23799
     12	23852
      1	23856
      1	23936
      1	24117
      1	24174
      1	24176
      2	24222
      1	24625
      1	24640
      1	24684
      3	24800
      1	24806
      1	24817
      1	24849
      5	25024
      1	25079
      2	25096
      6	25238
      1	25341
      1	25367
      1	25461
      1	25538
      1	25551
      5	25553
      2	25563
      1	25671
      1	25808
      2	25869
      2	25899
      1	26027
      1	26045
      1	26114
      2	26135
     13	26161
      1	26179
      3	26246
      1	26287
      1	26289
      2	26290
      1	26564
      2	26666
      2	26672
      1	26798
      1	26860
      1	26966
      1	27051
      2	27052
      1	27110
      2	27216
     19	27350
      1	27519
      2	27525
      1	27606
      1	27698
      1	27765
      1	27814
      1	27872
      2	27873
      1	27954
      1	28047
      1	28070
      1	28096
      1	28130
      2	28250
      1	28266
      1	28308
      2	28410
      1	28486
      1	28563
      1	28567
      1	28807
      1	28824
      1	28990
      1	29166
      1	29246
      4	29253
     12	29257
      1	29311
      1	29364
      2	29367
      1	29405
      1	29522
      1	29523
      2	29638
      1	29777
      1	29876
      4	29888
      2	29951
      5	29988
      1	30021
      1	30057
      1	30167
      7	30168
      1	30190
      1	30277
      1	30427
      1	30437
      8	30562
      1	30590
      1	30595
      2	30601
      1	30739
      2	30764
      1	30909
      2	30956
      4	30973
      1	31088
      1	31098
      3	31111
      8	31119
      3	31443
      1	31455
      2	31474
      2	31606
      2	31630
      2	31642
      1	31731
      1	31896
      1	31933
      1	31981
      3	32212
      2	32537
      1	32538
      1	32541
      1	32597
      3	32657
      1	32716
      1	32790
      1	32857
      1	32992
      1	33051
      1	33143
      2	33180
      2	33194
      1	33211
      1	33229
      1	33291
      4	33292
      1	33352
      1	33454
      1	33476
      3	33597
      5	33674
      2	33700
      1	33767
      1	33925
      1	33945
      1	34035
      3	34070
      1	34150
      1	34317
      1	34423
      2	34538
      1	34549
     10	34550
      5	34580
      1	34763
      3	34773
      1	34775
      1	34860
      1	34876
      1	34925
      1	35008
      1	35110
      2	35197
      4	35308
      1	35360
      2	35391
      1	35462
      2	35545
      1	35582
      1	35593
      1	35717
      1	35748
      1	35783
      1	35814
      3	36011
      2	36074
      1	36098
      3	36186
      2	36239
      1	36267
      2	36295
      1	36354
      1	36404
      1	36423
      6	36480
      1	36650
      1	36709
      1	36961
      1	37126
      2	37294
      1	37321
      1	37333
      1	37387
      1	37432
      5	37493
      2	37536
      1	37577
      2	37608
      1	37709
      1	37784
      1	37812
      1	37836
      2	37907
     12	37997
      3	38013
      3	38134
      1	38232
      1	38238
      2	38243
      1	38353
      1	38367
      1	38398
      2	38439
      1	38447
      1	38681
      1	38757
      1	38795
      1	38836
      1	39025
      1	39103
      1	39159
      1	39218
      1	39513
      1	39588
      1	39604
      1	39616
      2	39738
      1	39886
      7	39887
      3	40047
      1	40063
      1	40104
     11	40317
      2	40394
      2	40432
      2	40516
      2	40540
      1	40575
      1	40809
      1	40830
      1	40890
      1	40950
      1	41048
      1	41080
      1	41140
      1	41142
      1	41185
      2	41198
      1	41216
      1	41262
      1	41329
      1	41347
      1	41421
      2	41443
      1	41701
      1	41811
      1	42151
      1	42408
      6	42686
      1	42748
      5	42852
      1	42934
      1	43061
      1	43090
      1	43148
      1	43429
      1	43472
      2	43603
      1	43757
      1	43832
      1	43847
      1	43958
      1	44058
      1	44110
      1	44190
      1	44271
      1	44313
      1	44434
      1	44583
      1	44683
      2	44838
      1	44896
      1	44912
      1	44960
      1	45189
      2	45359
      1	45465
      1	45665
      3	45774
      1	46012
      2	46262
      3	46315
      1	46392
      1	46486
      1	46492
      1	46621
      2	46656
      1	46776
      1	46848
      1	46919
      2	46921
      1	47027
      2	47072
      1	47156
      1	47191
      1	47208
      1	47260
      1	47311
      1	47384
      1	47546
      1	47632
      2	47640
      1	47693
      1	47707
      1	47721
      2	47882
      1	47883
      1	47913
      3	48055
      1	48067
      1	48206
      1	48266
     11	48292
      1	48317
      1	48366
      1	48427
      1	48475
      2	48544
      5	48712
      1	48714
      3	48749
      1	48795
      2	48797
      2	48876
      1	49114
      1	49361
      1	49484
      2	49567
      1	49600
      2	49828
      1	49882
      1	49929
      1	50166
      4	50216
      1	50219
      1	50537
      1	50575
      1	50590
     14	50660
      1	50680
      4	50721
      3	50910
      2	50930
      2	51024
      1	51044
      1	51070
      2	51078
      2	51099
      1	51197
      1	51294
      1	51397
      4	51493
      1	51525
      2	51771
      1	51793
      1	51835
      1	51838
      1	52121
      1	52145
      1	52178
      3	52308
      2	52406
      1	52498
      1	52522
      2	52532
      1	52551
      1	52660
      2	52673
      1	52757
      1	52794
      1	52918
      1	53053
      1	53093
      1	53271
      1	53282
      3	53296
      2	53550
      2	53580
      1	53583
      1	53770
      2	53782
      3	53996
     12	54024
      1	54182
      4	54183
      1	54210
      1	54245
      1	54337
      1	54394
      1	54474
      1	54513
      1	54662
      2	54669
      1	54898
      2	54910
      1	54916
      1	54979
      1	55172
      1	55174
      1	55217
      1	55261
      1	55299
      1	55464
      1	55478
      1	55521
      1	55564
      2	55587
      1	55630
      3	55660
      2	55919
      1	55945
      1	55963
      2	56047
      1	56074
      1	56105
      1	56160
      1	56170
      1	56271
      1	56281
      1	56396
      1	56471
      2	56617
      1	56693
      1	56706
      1	56723
      5	56791
      1	56855
      1	56874
      2	56939
      1	56981
      5	57001
      1	57025
      3	57101
      1	57133
     11	57144
      1	57349
      1	57537
      1	57557
      1	57612
      1	57703
      1	57783
      7	57798
      1	57824
      1	57978
      1	57981
     19	58097
      1	58098
      1	58115
      1	58119
      2	58184
      2	58191
      1	58199
      1	58222
      1	58297
      1	58352
      1	58416
      1	58644
      1	58649
      1	58679
      1	58750
      1	58820
      2	58821
      1	58838
      1	58960
      7	59089
      7	59140
      1	59231
      2	59245
      6	59304
      1	59484
      2	59567
      1	59715
      1	59723
      1	59763
      1	59994
      1	60024
      1	60344
      1	60429
      1	60501
      3	60555
      1	60602
      3	60664
      1	60686
      1	60750
      1	60780
      1	61033
      1	61066
      2	61132
      2	61140
      3	61219
      2	61231
      1	61289
      1	61396
      5	61466
     12	61528
      1	61581
      2	61589
      2	61638
      1	61759
      1	61832
      3	61872
      1	62051
      2	62236
      1	62285
      1	62343
      1	62374
      1	62426
      1	62485
      1	62607
      1	62631
      6	62664
      1	62715
      2	62847
      1	62867
      2	62871
      1	62967
      2	63119
      1	63147
      1	63175
      1	63210
      1	63365
      2	63376
      1	63409
      3	63509
      2	63712
     13	63743
      1	63792
      2	63878
      1	63935
      7	63995
      3	64102
      3	64129
      1	64157
      2	64196
      4	64382
      1	64402
      1	64446
      1	64543
      1	64625
      1	64633
      2	64798
      2	64995
      1	65204
      2	65232
      1	65256
      2	65257
      2	65408
