      1	108
      1	150
      1	179
      1	302
      2	524
      2	590
      3	690
      2	830
      1	866
      1	927
      1	974
      1	1023
      1	1038
      1	1066
      1	1101
      1	1107
      1	1160
      1	1203
      2	1449
      1	1468
      2	1615
      1	1630
      1	1645
      1	1777
      2	1806
      2	1961
      2	1976
      1	2072
      1	2173
      1	2290
      2	2448
      1	2452
      1	2601
      1	2720
      1	2937
      2	3008
      2	3089
      1	3105
      2	3160
      1	3307
      1	3367
      1	3400
      1	3427
      1	3449
      1	3514
      1	3517
      1	3599
      1	3637
      1	3727
      1	3733
      1	3755
      1	3835
      1	3933
      1	4067
      2	4172
      1	4191
      1	4390
      2	4464
      1	4609
      2	4640
      1	4724
      1	4732
      3	4785
      2	4796
      1	4960
      1	5017
      1	5188
      1	5301
      1	5404
      1	5468
      2	5532
      1	5701
      1	5813
      1	5844
      1	5860
      1	6016
      2	6184
      1	6229
      1	6247
      1	6314
      3	6325
      1	6468
      6	6497
      1	6587
      1	6707
     20	6781
      1	6842
      1	6914
      1	6915
      2	6947
      1	6964
      2	7041
      1	7231
      2	7393
      1	8316
      1	8324
      1	8410
      1	8497
      2	8508
      1	8537
      1	8622
      1	8670
      1	8700
      3	8760
      1	8787
      1	8808
      1	8840
      1	8953
      1	8979
      1	8999
      2	9066
      1	9167
      1	9176
      2	9267
      2	9324
      1	9434
      1	9534
      1	9707
      1	9710
      1	9784
      1	9826
      1	9843
      3	9953
      1	9992
      1	10040
      1	10205
      1	10374
      3	10447
      1	10516
      1	10603
      1	10913
      1	10935
      1	11183
      2	11185
      2	11642
      1	11652
      1	11659
      1	11678
      1	11765
      1	11908
      1	11919
      1	11969
      2	12044
      1	12288
      1	12371
      1	12389
      1	12396
      1	12409
      2	12537
      1	12819
      2	12946
      1	13283
      1	13424
      1	13490
      1	13721
      1	13735
      1	13961
      2	13992
      1	14051
      2	14065
      1	14137
      1	14166
      1	14194
      1	14271
      2	14312
      2	14343
      2	14376
      1	14401
      1	14430
      1	14461
      1	14518
      1	14537
      1	14589
      1	14650
      1	14730
      1	14787
      1	14849
      1	14912
      4	15139
      1	15166
      1	15272
      1	15274
      1	15361
      1	15461
      1	15508
      1	15733
      1	15778
      1	15854
      1	15862
      4	15974
      1	15985
      1	16004
      2	16038
      1	16055
      1	16070
      1	16110
      1	16171
      1	16290
      1	16321
      1	16513
      1	16604
      1	16945
      1	16997
      1	17048
      3	17151
      1	17216
      1	17229
      1	17296
      1	17379
      2	17514
      1	17527
      2	17613
      1	17814
      1	17929
      1	18057
      1	18092
      1	18108
      1	18185
      1	18202
      1	18227
      1	18303
      1	18402
      1	18420
      1	18493
      1	18650
      2	18651
      5	18682
      1	18737
      1	18743
      1	18750
      3	18935
      1	18939
      2	19013
      2	19356
      1	19460
      1	19518
      1	19527
      1	19707
      1	19759
      1	19784
      1	19874
      2	20122
      1	20402
      2	20452
      2	20589
      1	20657
      1	20699
      1	20729
      1	20740
      1	20869
      1	21174
      1	21282
      1	21293
      1	21333
      1	21595
      1	21625
      2	21693
      1	21698
      1	21830
      1	21866
      2	21905
      1	21963
      1	22091
      1	22232
      1	22389
      2	22423
      1	22486
      2	22682
      1	22782
      1	22805
      2	23030
      1	23173
      1	23238
      1	23291
      1	23323
      1	23410
      2	23559
      1	23655
      1	23711
      1	23736
      1	23833
      1	23888
      4	23932
      2	23988
      1	24212
      1	24255
      2	24257
      1	24858
      2	24881
      1	24906
      1	24907
      2	24985
      1	25258
      1	25275
      1	25472
      1	25508
      2	25785
      1	25869
      1	25959
      1	26001
      1	26021
      1	26327
      1	26409
      2	26445
      1	26555
      1	26574
      6	26592
      2	26637
      1	26724
      1	26887
      1	26945
      2	27052
      1	27151
      3	27287
      1	27354
      1	27397
      1	27625
      2	27640
      1	27771
      2	27834
      1	27842
      1	27872
      2	27882
      2	27912
      4	28025
      2	28046
      1	28211
      1	28257
      1	28279
      1	28523
      1	28580
      1	28628
      1	28631
      1	28824
      1	28827
      1	28908
      1	28962
      1	28973
      1	29016
      1	29140
      3	29239
      1	29288
      1	29323
      1	29324
      1	29367
      1	29773
      1	29809
      1	30175
      2	30366
      1	30437
      1	30544
      1	30702
      1	30704
      1	30756
      2	30842
      2	30863
      1	30910
      1	30940
      2	30947
      1	30973
      1	31097
      1	31125
      1	31156
      1	31263
      1	31350
      1	31358
      1	31470
      1	31484
      2	31615
      5	31913
      1	31915
      1	31989
      1	32048
      1	32295
      1	32345
      4	32354
      1	32391
      1	32405
      1	32460
      1	32496
      1	32541
      1	32651
      1	33217
      1	33270
      1	33351
      1	33477
      1	33499
      1	33562
      1	33617
      1	33844
      1	33894
      4	33971
      2	33991
      1	34014
      1	34056
      1	34242
      1	34288
      1	34393
      2	34447
      1	34599
      2	34649
      1	34804
      1	34954
      1	34990
      1	34994
      1	35102
      1	35162
      1	35253
      1	35256
      1	35362
      1	35476
      2	35514
      2	35518
      1	35552
      1	35574
      1	35633
      1	35677
      3	35748
      1	35841
      1	35904
      1	35918
      2	36066
      2	36082
      2	36091
      1	36098
      1	36151
      1	36186
      2	36250
      5	36260
      1	36278
      1	36333
      1	36338
      1	36359
      2	36443
      2	36508
      1	36520
      1	36640
      1	36715
      3	36760
      1	36973
      1	37196
      1	37399
      1	37539
      1	37584
      1	37606
      1	37633
      1	37640
      1	37723
      3	37747
      2	37810
      1	37872
      1	37892
      1	38134
      1	38298
      1	38353
      1	38412
      1	38420
      1	38503
      1	38620
      3	38911
      3	38939
      3	39079
      1	39187
      1	39190
      1	39328
      2	39527
      2	39753
      1	39759
      2	39783
      1	40107
      1	40124
      1	40129
      1	40202
      1	40367
      1	40594
      1	40604
      1	40639
      2	40692
      1	40928
      1	41287
      1	41300
      1	41322
      1	41345
      1	41456
      1	41477
      1	41617
      1	41785
      1	41854
      5	41864
      1	42010
      2	42024
      1	42051
      1	42065
      1	42102
      1	42258
      1	42337
      1	42381
      1	42476
      1	42517
      1	42585
      1	42651
      1	42677
      1	42788
      2	42953
      1	43207
      1	43359
      1	43481
      1	43625
      1	43870
      1	43958
      1	44078
      2	44166
      2	44335
      1	44357
      1	44583
      1	44683
      1	44715
      1	44838
      1	44875
      1	44945
      1	45138
      1	45141
      1	45173
      2	45373
      1	45422
      1	45526
      1	45537
      1	45641
      1	45967
      1	45977
      1	46100
      2	46243
      1	46278
      1	46361
      1	46409
      1	46419
      1	46474
      2	46497
      1	46718
      1	46781
      1	46982
      3	47002
      1	47044
      1	47063
      1	47216
      1	47268
      2	47295
      1	47303
      2	47380
      3	47447
      1	47527
      1	47563
      1	47723
      3	47786
      1	47872
      2	47969
      1	48004
      1	48151
      1	48274
      1	48319
      1	48336
      1	48458
      1	48481
      1	48597
      1	48755
      1	48838
      1	48964
      2	49014
      1	49482
      1	49538
      1	49670
      1	49755
      1	49794
      1	49873
      1	50177
      1	50388
      1	50494
      5	50524
      1	50573
      2	50767
      1	50835
      1	50850
      1	50868
      1	50894
      1	51266
      1	51305
      2	51306
      2	51498
      1	51671
      2	51686
      1	51973
      1	52344
      1	52360
      1	52371
      1	52379
      1	52397
      1	52410
      1	52518
      1	52534
      1	52575
      2	52623
      3	52626
      1	52780
      1	53178
      1	53243
      2	53361
      1	53432
      1	53511
      2	53550
      1	53556
      1	53691
      1	53695
      1	53875
      1	53881
      1	53960
      1	53996
      1	54255
      1	54295
      1	54298
      2	54321
      1	54335
      2	54352
      2	54357
      1	54647
      1	54866
      4	54929
      1	55303
      1	55315
      1	55475
      1	55495
      2	55660
      1	55715
      2	55843
      1	56027
      1	56178
      1	56221
      1	56232
      1	56254
      1	56260
      1	56261
      1	56281
      2	56315
      1	56363
      1	56494
      1	56542
      4	56720
      1	56757
      3	56823
      3	56888
      1	56935
      1	57011
      1	57151
      2	57341
      1	57473
      1	57634
      1	57671
      1	57753
      1	57944
      1	58137
      1	58180
      2	58219
      1	58488
      3	58567
      3	58761
      1	58782
      1	58914
      1	58993
      1	59016
      2	59054
      2	59089
      1	59099
      1	59440
      1	59452
      1	59513
      1	59563
      2	59630
      2	59668
      1	59681
      1	59723
      1	59878
      1	59879
      1	60123
      1	60140
      1	60266
      1	60367
      1	60370
      1	60416
      1	60538
      1	60617
      1	60722
      1	60801
      1	60892
      1	60968
      1	61014
      2	61606
      1	61648
      1	61750
      2	61817
      1	61904
      1	62237
      1	62311
      1	62591
      2	63174
      1	63337
      1	63338
      2	63454
      1	63476
      1	63726
      1	63827
      1	63920
      1	63981
      1	64000
      1	64056
      1	64065
      1	64105
      1	64185
      1	64189
      1	64199
      1	64362
      1	64371
      1	64440
      1	64506
      1	64565
      1	64775
      1	64791
      8	64794
      1	64840
      1	64920
      1	65140
      1	65339
      1	65411
      1	65492
