      1	11
      1	690
      1	753
      2	779
      1	880
      1	1588
      1	1616
      1	1906
      1	2114
      2	2131
      3	2795
      1	2934
      1	3008
      1	3136
      1	3517
      3	3607
      1	3745
      1	4358
      1	4464
      1	4606
      1	4634
      1	4780
      1	5161
      1	5565
      1	5737
      1	5786
      1	5892
      1	6055
      5	6603
      1	6939
      1	7199
      1	7393
      1	7474
      1	7572
      1	8782
      3	9152
      2	9182
      2	9549
      1	10428
      1	10520
      1	10782
      2	10950
      1	10977
      1	10987
      1	11604
      1	12123
      1	13026
      1	13273
      1	13421
      1	13694
      1	13952
      1	14177
      1	14271
      1	14356
      1	14375
      1	14655
      1	14711
      1	14821
      2	14898
      1	15147
      1	16290
      2	16317
      2	16354
      2	16475
      1	16837
      1	17624
      1	17705
      1	18210
      5	18402
      2	18907
      1	19277
      1	19693
      2	19713
      1	19904
      1	20928
      1	21378
      1	21662
      1	21670
      1	22118
      1	22164
      1	22180
      1	22205
      1	22305
      1	22772
      4	23176
      1	23238
      1	23245
      1	23494
      2	23611
      1	24044
      1	24356
      5	24384
      1	24464
      1	24539
      1	25688
      1	25785
      1	26045
      3	26097
      2	26542
      1	26564
      1	26821
      2	28241
      1	28468
      1	28665
      3	28824
      1	28879
      1	30354
      1	30988
      1	31511
      2	31535
      1	31557
      1	32032
      1	32127
      1	32249
      5	32345
      1	32358
      1	32871
      1	32918
      2	33954
      2	34092
      1	34475
      1	34848
      1	34903
      1	34925
      1	35212
      1	35376
      3	35432
      1	35818
     10	35968
      1	36084
      1	36438
      1	36722
      1	37681
      1	37983
      1	38047
      2	38224
      1	38874
      1	39208
      1	39219
      1	39234
      1	40209
      1	41068
      1	41970
      2	42175
      1	42183
      1	42456
      2	42847
      1	42864
      1	43154
      1	43294
      1	43598
      1	43953
      1	44094
      1	44440
      1	44520
      1	45017
      1	45089
      1	45265
      1	45520
      1	45752
      1	45977
      1	46075
      1	47038
      1	47168
      1	47185
      1	47692
      1	47897
      1	47904
      1	48695
      2	48776
      1	48822
      1	48844
      1	49131
      1	49281
      2	50001
      1	50368
      1	50727
      3	50777
      1	50868
      1	51369
      1	51474
      2	51856
      1	51914
      1	52394
      1	52459
      1	52635
      2	53154
      1	53212
      1	53237
      2	53243
      4	54289
      1	54557
      2	54754
      1	55460
      1	55587
      1	55646
      1	55964
      2	56693
      1	56765
      1	56797
      4	56807
      2	56995
      1	57221
      1	57520
      1	57541
      7	57691
      1	57983
      3	57994
      2	58155
      1	58812
      1	59076
      1	60354
      1	61261
      1	61343
      1	61395
      1	61528
      1	61776
      1	62495
      1	62681
      1	62874
      2	63532
      7	64120
      1	64425
      1	65051
      1	65413
