      1	171
      1	366
      1	408
      1	426
      2	873
      1	904
      1	979
      2	1232
      1	1565
      1	1595
      1	1616
      2	1649
      1	1744
      8	1782
      1	1928
      1	2002
      1	2041
      1	2766
      2	2925
      1	3003
      1	3242
      1	3330
      1	3486
      1	3549
      1	3709
      3	3737
      1	3819
      1	4245
      1	4293
      1	4480
      6	4514
      1	4604
      3	4930
      1	5109
      2	5287
      2	5475
      1	5612
      2	5810
      1	6293
      2	6677
      4	7015
      1	7181
      1	7300
      1	7536
      3	7602
      1	7648
      1	7746
      1	7772
      1	7795
      1	7950
      1	8009
      1	8242
      1	8287
      2	8293
      1	8384
      4	8462
      2	8954
      1	9220
      3	9234
      1	9367
      1	9498
      1	9716
      2	9768
      3	9797
      1	10174
      1	10220
      1	10409
      1	10556
      1	10570
      1	10900
      2	10974
      1	10977
      1	11126
      2	11278
      1	11477
      1	11491
      1	11553
      1	11608
      1	11659
      1	11662
      1	11718
      1	11839
      1	11846
      2	12295
      2	12505
      1	12597
      1	12792
     17	12809
      3	13064
      1	13304
      1	13439
      1	13738
      1	13929
      2	13970
      1	14127
      1	14398
      1	14646
      1	15003
      1	15029
      1	15431
      1	15639
      1	15659
      1	15663
      1	15826
     11	15985
      1	16057
      1	16099
      2	16164
      8	16191
      1	16231
      3	16614
      1	16792
      1	16917
      1	16951
      3	17062
      1	17214
      1	17328
      1	17352
      1	17486
      2	17498
      1	18069
      1	18337
      1	18496
      1	18776
      2	18905
      1	19002
      1	19259
      1	19339
      2	19411
      1	19546
      1	19585
      1	19960
      1	20069
      1	20253
      1	20268
      1	20521
      1	20784
      1	20800
      1	21140
      1	21713
      1	21800
      2	21926
      2	22077
      2	22198
      1	22220
      1	22355
      1	22515
      1	23234
      2	23451
      1	23523
      1	23869
      1	23889
      3	23973
      1	24063
      1	24157
      1	24327
      1	24394
      1	24469
      1	24728
      2	24902
      1	25341
      2	25585
      1	25639
      1	25768
      1	25813
      2	25834
      1	26287
      1	26344
      1	26458
      1	26633
      3	27039
      1	27042
      1	27052
      1	27339
      1	27395
      1	27529
      1	27706
      1	27765
      1	28046
      1	28493
      1	28895
      1	28990
      8	29253
      2	29364
      1	29514
      1	29632
      1	29688
      1	29936
      1	30043
      1	30096
      1	30522
      2	30554
      3	30613
      4	30776
      1	31025
      1	32249
      1	32426
      1	32696
      2	32899
      1	32969
      3	33497
      1	33991
      1	34133
      1	34210
      1	34339
      7	34430
      1	34466
      3	34510
      1	34579
      3	34773
      2	34979
      1	35381
      1	35644
      1	35892
      1	35893
      1	36082
      1	36105
      5	36215
      8	36230
      1	36404
      4	36703
      7	36747
      1	37006
      1	37213
      3	37308
      1	37316
      2	37382
      1	37471
      2	37478
      1	37549
      1	38088
      1	38120
      1	38152
      2	38238
      1	38335
      1	38414
      1	38550
      1	38650
      5	38665
      1	38822
      3	38836
      7	38897
      1	39139
      1	39310
      5	39379
      1	39460
      1	39751
      2	39869
      1	39917
      1	40038
      1	40115
      1	40170
      2	40294
      1	40403
      2	40431
      1	40475
      2	40583
      7	40587
      1	40614
      1	40640
      1	40694
      1	41002
      6	41086
      1	41185
      1	41355
      1	41394
      2	41533
      1	42211
      1	42261
      1	42309
      1	42329
      1	42372
      1	42404
      1	42699
      1	42742
      1	42763
      1	42957
      1	43058
      1	43289
      1	43389
      1	43518
      1	43985
      1	44169
      1	44328
      2	44432
      1	45008
      1	45460
      1	45748
      1	45884
      1	45935
      1	45990
      1	46008
      1	46030
      1	46261
      1	46724
      1	46950
      1	47468
      1	47493
      1	47693
      2	47721
      1	47735
      1	48292
      1	48316
      1	48407
      3	48428
      2	48583
      4	48824
      1	48996
      1	49073
      3	49481
      1	49493
      4	49667
      1	49693
      1	49715
      1	49785
      2	49966
      1	50236
      1	50250
      1	50474
      1	50537
      1	50579
      9	50654
      1	50849
      1	51039
      1	51106
      1	51695
      1	51822
      1	52414
      1	52748
      1	52782
      1	52814
      1	52989
      1	53204
      1	53324
      1	53450
      1	53517
      1	53524
      1	53689
      1	53947
      1	54182
      1	54249
      1	54395
      1	54729
      6	54769
      1	55457
      1	55565
      2	55587
      1	55847
      2	56334
      2	56681
      1	56743
      2	56935
      1	57076
      7	57177
      1	57528
      1	57999
      2	58069
      1	58147
      3	58913
      1	58960
      1	59308
      1	59494
      2	59834
      1	60207
      1	60210
      1	60738
      1	60775
      1	61101
      2	61121
      1	61173
      1	61336
      1	61464
      2	62099
      1	62194
      2	62427
      1	62534
      3	62575
      1	62927
      1	62947
      1	63056
      2	63101
      1	63145
      3	63338
      1	63449
      1	63471
      1	63611
      1	63743
      1	63807
      2	63837
      1	64314
      1	64530
      1	64869
      1	64991
      1	65081
      1	65195
      2	65242
