     18	11
      2	18
      1	58
      1	64
      1	89
      1	91
      1	99
      1	144
      1	156
      2	157
      3	173
      2	175
      1	182
      1	194
      1	198
      1	199
      2	200
     12	202
      3	219
      4	222
      3	240
      1	257
      3	259
      2	293
      2	333
      1	343
      1	346
      5	365
      3	372
     10	377
      1	378
      1	384
      1	390
      3	391
      2	416
      2	419
      1	449
      2	481
      1	482
      1	515
      1	538
      2	547
      2	558
      1	564
      1	569
      1	578
      1	581
     14	590
      1	614
      1	627
      1	633
      2	645
      3	648
      4	658
      5	719
      1	721
      1	739
      1	740
      5	754
      1	779
      1	783
      2	787
      1	789
      2	798
      1	806
      1	809
      1	813
      2	830
      4	860
      8	885
      1	894
      6	904
      2	910
      1	924
      2	927
      1	931
      1	940
      6	944
      1	945
      1	965
      1	967
      3	974
      1	976
      5	982
      4	1010
      2	1011
      1	1013
      1	1022
      1	1038
      1	1049
      1	1079
      1	1089
      4	1092
      1	1106
      1	1131
      1	1155
      1	1170
      2	1172
      1	1173
      2	1180
      1	1188
      3	1196
      2	1198
      1	1199
      1	1203
      1	1204
      2	1236
      1	1248
      1	1256
      2	1264
      5	1274
      2	1288
      2	1290
      1	1314
      1	1317
      4	1348
      2	1368
      1	1380
      4	1397
      1	1405
      1	1450
      2	1468
      1	1481
      1	1489
      2	1500
      1	1508
      2	1543
      1	1553
      1	1571
      3	1574
      1	1587
      2	1598
      1	1606
      2	1619
      9	1630
      2	1651
      2	1703
      2	1704
      1	1723
      1	1752
      2	1756
      4	1780
      4	1781
      1	1788
      1	1789
      2	1800
      1	1807
      1	1812
      1	1832
      3	1836
      3	1873
      2	1878
      1	1899
      1	1911
      1	1913
      2	1947
      1	1953
      2	1954
      1	1955
      1	1983
      1	1990
      1	2009
      8	2028
      3	2031
      1	2044
      1	2067
      4	2068
      5	2096
      3	2114
      1	2132
      1	2153
      3	2163
      2	2164
      1	2169
      1	2177
      2	2183
      1	2185
      1	2188
      1	2205
      1	2221
      3	2231
      2	2244
      4	2250
      1	2274
      1	2293
      2	2319
      4	2335
      3	2375
      1	2378
      1	2384
      1	2395
      2	2396
      1	2397
      5	2426
      1	2450
      1	2474
      1	2475
      1	2492
      5	2519
      1	2532
      2	2560
      1	2592
      1	2593
      1	2600
      3	2609
      1	2619
      4	2635
      1	2657
      3	2665
      1	2695
      1	2725
      1	2729
      1	2734
      2	2757
      4	2766
      2	2801
      4	2812
      1	2818
      1	2823
      1	2837
      1	2853
      1	2856
      4	2885
      1	2902
      2	2912
      1	2934
      1	2977
      1	2985
      2	3008
      3	3029
      1	3031
      2	3044
      1	3061
      1	3073
      4	3084
      1	3089
      8	3098
      3	3104
      2	3119
      8	3123
      1	3124
      2	3160
      1	3164
      2	3172
      2	3188
      1	3189
      1	3198
      1	3235
      1	3243
      2	3244
      2	3279
      2	3296
      1	3302
      1	3307
      2	3321
      8	3332
      4	3340
      4	3353
      1	3360
      1	3367
      1	3373
      6	3385
      1	3398
      1	3406
      3	3418
      5	3427
      4	3456
      2	3458
      1	3471
      1	3479
      1	3486
      1	3502
      9	3503
      4	3506
      1	3517
      2	3524
      1	3528
      1	3538
      1	3543
      5	3570
      1	3577
      2	3596
      1	3642
      1	3645
      2	3650
      2	3666
      6	3677
      2	3706
      5	3732
      1	3750
      1	3755
      2	3764
      8	3770
      1	3792
      1	3807
      1	3810
      1	3821
      6	3870
      1	3878
      1	3906
      1	3907
      1	3912
      1	3924
      1	3925
      1	3942
      1	3956
      5	3962
      2	3972
      1	3978
      2	3981
      1	3989
      1	3995
      2	4000
      1	4015
      1	4022
      2	4030
      1	4034
      1	4063
      1	4074
      2	4088
      1	4106
      2	4123
      1	4136
      1	4165
      1	4182
      3	4191
      1	4198
      1	4211
      1	4216
      2	4231
      1	4232
      1	4233
      1	4254
      2	4274
      1	4286
      8	4318
      1	4321
      1	4326
      1	4327
      1	4372
      3	4379
      2	4390
      1	4416
      1	4419
      2	4438
      1	4445
      2	4460
      2	4462
      3	4464
      1	4466
      1	4473
      1	4510
      1	4515
      3	4523
      1	4526
      4	4552
      1	4581
      6	4609
      6	4616
      1	4649
      1	4652
      2	4672
      1	4681
      1	4711
      4	4720
      1	4732
      2	4733
      1	4739
      1	4752
      1	4753
      1	4766
     14	4785
      1	4787
      1	4797
      1	4841
      2	4845
      2	4849
      2	4856
      1	4878
      1	4910
      3	4937
      1	4969
      3	4972
      4	4983
      2	4984
      1	4995
      6	5022
      1	5024
      1	5030
      1	5053
      1	5099
      3	5116
      1	5118
      2	5161
      1	5166
      1	5187
      5	5233
      1	5257
      1	5265
      6	5311
      1	5315
      2	5320
      2	5327
      1	5366
      1	5373
      4	5424
      1	5433
      2	5441
      1	5452
      1	5463
      1	5465
      1	5475
      1	5484
      1	5522
      1	5546
      1	5572
      2	5596
      1	5608
      1	5611
      2	5612
      7	5637
      1	5640
      1	5661
      1	5670
      4	5673
      2	5693
      1	5697
      4	5701
      1	5711
      1	5726
      1	5736
      2	5741
      1	5742
      2	5744
      1	5748
      3	5752
      1	5756
      1	5757
      1	5758
      1	5772
      2	5819
      1	5831
      1	5832
      2	5858
      1	5862
      1	5888
      1	5904
      2	5905
      1	5926
      1	5955
      1	5976
      1	5977
      2	6002
      4	6016
      1	6020
      5	6054
      1	6055
     21	6081
      1	6098
      1	6099
      1	6100
      1	6115
      1	6123
      4	6129
      1	6143
      1	6148
      2	6150
      1	6153
      1	6155
      3	6156
      1	6164
      3	6171
      1	6172
      2	6175
      3	6177
      2	6194
      1	6195
      3	6196
     10	6197
      3	6208
      1	6217
      1	6228
      1	6229
      2	6254
      2	6255
      7	6275
      6	6277
      1	6288
      2	6291
      2	6302
      1	6312
      4	6321
      1	6330
      1	6334
      2	6363
      1	6365
      2	6391
      1	6397
      2	6412
      2	6452
      1	6482
      3	6497
      2	6505
      1	6523
      1	6535
      3	6564
      1	6568
      1	6575
      1	6614
      1	6647
      1	6651
      1	6654
      1	6684
      1	6707
      1	6717
      4	6727
      4	6736
      4	6738
      1	6745
      4	6775
      1	6806
      1	6810
      1	6817
      1	6821
      1	6842
      2	6854
      2	6900
      1	6906
      2	6914
      1	6920
      2	6929
      3	6962
      1	6964
      1	6968
      1	6985
      1	6989
      2	7015
      4	7024
      1	7027
      2	7030
      1	7039
      1	7042
      3	7056
      1	7057
      2	7076
      7	7106
      2	7129
      1	7141
      1	7144
      2	7166
      4	7171
      1	7173
      2	7176
      3	7178
      1	7192
      1	7222
      1	7224
      1	7231
      4	7252
      1	7278
      1	7288
      1	7302
      1	7304
      2	7332
      1	7339
      1	7351
      2	7364
      1	7366
      5	7377
      1	7409
      1	7414
      1	7430
      1	7440
      2	7448
      1	7450
      1	7471
      6	7472
      1	7505
      1	7559
      2	7567
      1	7598
      1	7610
      1	7612
      1	7614
      1	7616
      1	7650
      1	7654
      1	7657
      1	7660
      1	7669
      1	7675
      1	7690
      1	7703
      2	7706
      1	7718
      1	7723
      1	7733
      5	7746
      2	7781
      1	7825
      1	7832
      1	7842
      3	7850
      1	7890
      2	7894
      1	7907
      1	7924
      1	7936
      2	7981
      1	7984
      4	8009
      1	8011
      1	8023
      1	8028
      1	8045
      7	8051
      3	8054
      1	8057
      4	8061
      1	8076
      1	8080
      1	8081
      1	8089
      3	8092
      2	8118
      1	8138
      1	8139
      1	8146
      1	8154
      1	8202
      1	8203
      1	8223
      1	8225
      1	8232
      1	8264
      1	8310
      1	8323
      6	8335
      2	8346
      1	8359
      5	8367
      4	8376
      1	8378
      1	8398
      3	8410
      1	8435
      1	8448
      1	8452
      1	8453
      1	8462
      1	8497
      1	8498
      2	8504
      1	8558
      1	8579
      1	8618
      2	8631
      3	8639
      4	8641
      2	8652
      1	8660
      1	8664
      1	8665
      1	8675
      1	8677
      2	8695
      2	8715
      1	8741
      3	8742
      2	8761
      1	8767
      1	8779
      1	8782
      1	8783
      2	8808
      2	8810
      1	8818
      2	8827
      4	8834
      4	8840
      1	8844
      2	8856
      1	8859
      1	8877
      2	8902
      1	8917
      1	8920
      3	8930
      1	8936
      1	8940
      1	8962
      1	8989
      1	8999
      1	9016
      1	9024
      5	9029
      1	9080
      1	9101
      3	9119
      4	9135
      4	9138
      1	9142
      1	9162
      1	9165
      3	9167
      1	9170
      1	9178
      1	9182
      1	9186
      1	9216
      1	9228
      8	9230
      1	9251
      5	9267
      2	9281
      2	9304
      1	9317
      1	9324
      1	9334
      1	9337
      2	9338
     11	9345
      2	9374
      2	9383
      2	9418
      2	9452
     13	9463
      1	9469
      1	9472
      2	9484
      3	9485
      3	9496
      1	9516
      1	9623
      1	9644
     15	9653
      2	9666
     27	9705
      1	9706
      3	9710
      1	9712
      3	9731
      3	9752
      1	9758
      1	9784
      3	9803
      1	9829
      1	9843
      1	9869
      1	9884
      1	9921
      2	9969
      3	9977
      4	10007
      2	10020
      2	10022
      1	10026
      3	10032
      3	10040
      1	10054
      2	10069
      2	10070
      2	10094
      1	10148
      2	10168
      1	10175
      2	10198
      5	10205
      1	10240
      2	10262
      1	10280
      1	10282
      3	10286
      1	10321
      3	10327
      1	10339
      3	10354
      1	10373
      2	10374
      3	10385
      1	10387
      3	10397
      2	10398
      2	10447
      3	10465
      1	10476
      2	10516
      5	10519
      1	10520
      2	10548
      1	10563
      1	10570
      1	10610
      1	10617
      1	10625
      2	10638
      2	10659
      2	10694
      2	10724
      1	10759
      1	10762
      1	10771
      2	10776
      3	10788
      1	10790
      5	10827
      2	10832
      1	10858
      1	10872
      2	10895
      2	10913
      1	10940
     13	10950
      1	10957
      1	10967
      1	10976
      3	10980
      1	10981
      1	11032
      2	11035
      5	11059
      1	11062
      1	11065
      1	11071
      1	11077
      2	11085
      1	11086
      3	11095
      2	11096
      2	11106
      1	11122
      2	11124
      2	11154
      6	11155
      8	11170
      2	11171
      4	11213
      1	11216
      1	11252
      1	11261
      2	11278
      1	11285
      3	11290
      4	11298
      2	11326
      1	11356
      2	11378
      1	11385
      1	11404
      1	11411
      1	11419
      2	11487
      1	11488
      2	11491
      1	11494
     10	11525
      1	11529
      1	11587
      2	11589
      1	11603
      4	11604
      1	11630
      1	11634
      4	11642
      3	11668
      2	11684
      3	11696
      3	11704
      3	11726
      1	11729
      3	11736
      4	11762
      2	11766
      3	11767
      2	11784
      1	11823
      3	11837
      1	11846
      1	11867
      1	11876
      1	11887
      1	11914
      1	11949
      2	11951
      1	11953
      1	11956
      5	11969
      1	11972
      9	11981
      1	11999
      2	12019
      1	12021
      4	12022
      6	12028
      4	12034
      1	12037
      7	12041
      2	12043
      1	12059
      1	12084
      2	12113
      2	12116
      1	12149
     13	12158
      1	12174
      1	12195
      1	12238
      1	12249
      1	12257
      1	12271
      1	12283
      3	12290
      1	12307
      4	12312
      8	12322
      1	12323
      1	12326
      1	12328
      2	12350
      1	12367
      1	12373
      1	12397
      1	12407
      1	12412
      2	12418
      2	12424
      1	12433
      1	12434
      1	12437
      1	12447
      1	12483
      1	12502
      1	12510
      1	12516
     42	12527
     28	12584
      1	12621
      1	12636
      3	12677
      1	12689
      3	12697
      1	12742
      1	12751
      1	12767
      2	12781
      3	12787
      2	12797
      3	12804
      5	12841
      1	12854
      2	12866
      2	12879
      6	12896
      3	12920
      2	12967
      1	12968
      1	12985
      4	12990
      1	13004
      1	13007
      2	13012
      1	13015
      1	13022
      1	13057
      1	13065
      1	13075
      2	13098
      1	13141
      2	13147
      1	13148
      1	13152
      2	13217
      6	13283
     15	13292
      1	13297
      1	13300
      1	13306
      4	13314
      1	13362
      2	13366
      1	13413
      1	13419
      2	13430
      2	13437
      1	13441
      2	13450
      1	13453
      4	13468
      1	13480
      1	13483
     16	13490
      1	13501
      1	13502
      2	13515
      1	13537
      3	13545
      2	13555
      2	13595
      3	13647
      1	13673
      1	13681
      2	13682
      1	13699
      1	13735
      2	13773
      1	13799
      1	13802
      4	13805
      2	13810
      1	13811
      3	13819
      1	13820
      6	13823
      1	13835
      4	13870
      1	13911
      1	13932
      3	13941
      1	13954
      2	13972
      2	13974
      1	13978
      1	13986
      2	14000
      1	14008
      3	14020
      2	14025
      1	14032
      1	14034
      1	14036
      1	14053
      1	14058
      1	14062
      2	14065
      1	14072
      1	14104
      2	14116
      1	14126
      1	14128
      1	14133
      4	14135
      2	14137
      1	14159
      1	14166
      1	14174
      6	14191
      1	14201
      2	14213
      2	14232
      4	14258
      6	14271
      1	14279
      1	14290
      1	14296
      1	14343
      1	14352
      2	14361
      2	14377
      2	14385
      1	14389
      1	14412
      1	14419
      1	14420
      1	14427
      1	14430
      2	14433
      1	14437
      2	14441
      1	14444
      2	14447
      2	14454
      1	14476
      1	14487
      4	14534
      3	14537
      3	14538
      4	14539
      1	14540
      1	14545
      1	14547
      1	14577
      1	14589
      1	14614
      1	14635
      1	14667
      1	14671
      1	14676
      2	14681
      1	14704
      1	14718
      2	14732
      1	14783
      1	14798
      2	14829
      2	14841
      3	14850
      1	14869
      2	14872
      2	14876
      1	14878
      1	14882
      2	14897
      1	14900
      2	14915
      1	14982
      4	14985
      1	14996
      1	15006
      1	15034
      1	15067
      5	15070
      4	15103
      1	15110
      2	15115
      1	15132
      1	15180
      2	15198
      1	15202
      9	15204
      1	15205
      1	15224
      1	15235
      1	15252
      1	15266
      2	15271
      1	15274
      2	15275
      1	15298
      1	15306
      2	15318
      1	15343
      1	15345
      4	15357
      1	15371
      1	15379
      1	15422
      1	15442
      6	15446
      2	15449
      1	15476
      1	15479
      1	15496
      2	15518
      1	15530
      1	15559
      8	15575
      1	15591
      1	15611
      1	15631
      1	15651
      2	15653
      1	15659
      1	15685
      1	15688
      5	15701
      1	15704
      2	15722
      1	15748
      1	15752
      1	15756
      1	15763
      1	15770
      2	15784
      1	15831
      2	15847
      2	15861
      1	15881
      2	15884
      2	15895
      1	15896
      2	15920
      3	15974
      1	15977
      2	15985
      1	15994
      1	16000
      1	16001
      1	16017
      1	16055
      1	16060
      2	16065
      2	16126
      1	16132
      1	16139
      1	16148
     15	16153
      3	16164
      1	16178
      1	16182
      9	16223
      1	16254
      1	16264
      2	16269
      1	16270
      1	16276
      1	16279
      1	16284
      2	16290
      1	16332
      3	16344
      1	16345
      1	16348
      1	16377
      2	16383
      1	16388
      2	16415
      1	16424
      1	16437
      4	16447
      1	16470
      8	16495
      2	16513
      4	16548
      4	16553
      1	16554
      1	16609
      1	16610
      1	16614
      3	16620
      1	16648
      1	16679
      1	16704
     13	16711
      1	16715
      1	16718
      1	16734
      1	16738
      2	16758
      1	16759
      1	16762
      1	16778
      1	16788
      1	16793
      1	16810
      1	16824
      2	16827
      1	16833
      1	16845
      4	16851
      1	16875
      1	16902
      1	16915
      2	16916
      3	16917
      2	16935
      1	16940
      2	16942
      4	16945
      1	16949
      1	16958
      2	16974
      1	16976
      1	16978
      2	16982
      1	17002
      1	17004
      1	17016
      1	17017
      1	17035
      1	17048
      1	17061
      2	17067
      1	17093
      1	17104
      2	17117
      1	17141
      2	17145
      2	17220
      1	17251
      5	17267
      1	17274
      1	17282
      3	17293
      1	17294
      3	17300
      2	17331
      1	17332
      1	17342
      1	17345
      4	17357
      1	17377
     13	17383
      5	17384
      1	17393
      6	17401
      1	17403
      1	17430
      1	17485
      1	17486
     10	17493
      6	17514
      2	17565
      1	17591
      3	17613
      1	17621
      1	17624
      3	17636
      1	17641
      1	17654
      1	17672
      1	17699
      6	17736
      1	17738
      1	17756
      1	17765
      1	17802
      3	17808
      1	17809
      1	17817
      1	17839
      5	17840
      2	17843
      1	17845
      1	17867
     14	17882
      1	17889
      1	17930
      1	17934
      2	17971
      2	17972
      1	17975
      1	17980
      3	17982
      3	17989
      1	18008
      1	18014
      1	18024
      2	18056
      1	18081
      1	18083
      3	18107
      3	18133
      1	18134
      1	18142
      1	18143
      1	18156
      1	18160
      2	18166
      2	18176
      1	18188
      1	18194
      2	18208
      2	18254
      1	18255
      1	18257
      2	18270
      1	18291
      1	18302
      2	18308
      2	18320
      4	18342
      1	18352
      2	18353
      2	18355
      3	18427
      9	18435
      1	18448
      2	18465
      1	18493
      2	18498
      1	18522
      1	18585
      2	18590
      1	18591
      6	18592
      1	18611
      9	18621
      1	18624
      1	18656
      3	18696
      2	18706
      1	18719
      1	18740
      1	18759
      3	18776
      1	18792
      1	18815
      2	18825
      1	18852
      1	18874
      1	18885
      1	18890
      1	18897
      1	18904
      1	18914
      1	18934
      5	18949
      1	18954
      1	18958
      2	18968
      2	18976
      2	18980
      1	18992
      1	19016
      1	19053
      1	19066
      1	19076
      3	19079
      3	19091
      1	19139
      1	19190
      2	19207
      2	19229
      1	19248
      1	19268
      1	19269
      1	19286
      5	19326
      3	19340
      2	19355
      2	19362
      3	19366
      1	19370
      1	19371
      3	19402
      1	19417
      2	19420
      1	19422
      1	19486
      1	19496
      1	19500
      3	19518
      2	19533
      1	19535
      1	19544
      1	19546
      1	19568
      1	19578
      4	19608
      1	19613
      5	19617
      1	19620
      1	19633
      4	19644
      4	19668
      1	19673
      3	19681
      1	19683
      1	19689
      1	19695
      3	19724
      1	19743
      1	19744
      2	19757
      1	19759
      3	19777
     10	19784
      1	19788
      1	19803
      1	19804
      2	19824
      3	19831
      1	19848
      1	19850
      1	19881
      1	19884
      2	19891
      2	19900
      1	19928
      1	19939
      2	19958
      1	19989
      1	19992
      2	19994
      1	19995
      2	20009
      1	20019
      2	20023
      1	20024
      2	20050
      3	20067
      1	20071
      1	20074
      1	20086
      3	20118
      3	20152
      1	20156
      1	20182
      3	20188
     13	20205
      1	20213
      1	20226
      1	20252
      1	20253
      1	20260
      2	20267
      2	20283
      1	20302
      5	20344
      4	20348
      2	20362
      1	20364
      1	20382
      2	20385
      3	20386
      1	20392
      1	20398
      3	20452
      8	20469
      1	20480
      1	20483
      4	20493
      1	20524
      1	20536
      4	20546
      1	20572
      1	20575
      2	20620
      1	20630
      1	20631
      1	20645
      7	20667
      2	20668
      1	20674
      2	20686
      1	20687
      1	20693
      2	20711
      2	20715
      1	20728
      2	20736
      2	20738
      2	20758
      3	20777
      1	20783
      1	20797
      1	20808
      2	20810
      1	20816
      1	20818
      1	20837
      1	20842
      1	20861
      1	20865
      1	20882
      1	20917
      1	20919
      5	20921
      2	20923
      1	20925
      3	20928
      1	20939
      5	20943
      1	20949
      1	20960
      1	20997
      1	21021
      2	21032
      2	21036
      1	21042
      2	21082
      1	21110
      2	21114
      1	21133
      1	21134
      1	21137
      1	21151
      2	21173
      1	21180
      2	21188
      1	21195
      1	21203
      2	21227
      1	21243
      3	21249
      1	21253
      3	21271
      1	21275
     21	21284
      3	21289
      2	21293
      1	21318
      3	21329
      1	21366
      1	21374
      1	21378
      1	21401
      2	21412
      1	21420
      1	21421
      3	21444
      1	21459
      1	21466
      1	21471
      1	21474
      1	21476
      4	21481
      2	21504
      1	21509
      1	21516
      1	21517
      1	21521
      1	21530
      1	21553
      1	21563
      1	21588
      1	21605
      4	21612
      1	21625
      1	21643
      2	21669
      1	21686
      2	21705
      1	21713
      1	21714
      3	21719
      1	21720
      1	21733
      1	21750
      1	21755
     39	21764
      2	21777
      1	21778
      4	21783
      2	21787
      1	21789
      1	21799
      2	21809
      1	21821
      4	21823
      1	21831
      1	21845
      3	21854
      1	21865
      1	21866
      2	21883
      1	21888
      1	21896
      1	21915
      1	21942
      1	21958
      6	21963
     13	21974
      2	21988
      2	21994
      1	22018
      1	22039
      1	22063
      1	22096
      1	22097
      1	22102
      7	22118
      1	22175
      1	22180
      1	22200
      1	22257
      4	22275
      2	22292
      2	22295
      1	22305
      2	22306
      1	22309
      3	22324
      3	22334
      1	22338
      1	22356
      1	22358
      2	22383
      1	22386
      2	22423
      1	22445
      1	22450
      1	22516
      1	22527
      1	22539
      1	22546
      1	22554
      2	22573
      4	22576
      2	22577
      3	22590
      1	22591
      1	22618
      1	22654
      2	22666
      1	22678
      6	22680
      1	22696
      1	22698
      4	22731
      1	22734
      1	22771
      8	22782
      1	22798
      1	22805
      1	22822
      1	22823
     12	22830
      4	22860
      3	22870
      1	22874
      1	22876
      1	22901
      1	22907
      1	22942
      2	22970
      1	22971
      1	22978
      1	22983
      7	23019
      1	23023
      6	23033
      4	23053
      1	23055
      1	23066
      1	23077
      1	23080
      1	23086
      1	23101
      2	23103
      1	23114
      5	23118
      2	23122
      1	23123
      1	23140
      1	23157
      8	23173
     28	23180
      1	23183
      4	23199
      2	23201
      1	23202
      1	23206
      1	23218
      1	23228
      2	23238
      1	23244
      2	23248
      1	23267
      1	23277
      2	23291
      1	23304
      1	23351
      4	23354
      3	23368
      1	23374
      1	23375
      1	23376
      3	23381
      1	23385
      1	23387
      1	23402
      1	23412
      1	23417
      1	23429
      2	23436
      1	23437
      1	23444
      4	23456
      1	23461
      1	23464
      1	23490
      1	23501
      1	23513
      2	23526
      2	23542
      3	23547
      1	23577
      1	23589
      1	23628
      2	23631
      1	23633
      2	23651
      2	23656
      1	23670
      1	23702
      2	23736
      1	23754
      1	23765
      4	23767
      1	23768
     10	23787
      1	23788
      1	23797
      1	23801
      1	23814
      1	23828
      2	23833
      1	23840
      1	23849
      1	23864
      4	23888
      1	23912
      2	23932
      1	23943
      1	23946
      4	23948
      1	23949
      3	23962
      2	23967
      3	23996
      2	24023
      2	24026
      1	24076
      2	24080
      3	24085
      1	24106
      1	24126
      1	24130
      1	24144
      1	24149
      1	24160
      2	24177
      1	24194
      2	24223
      5	24251
      2	24270
      2	24279
      1	24288
      1	24308
      1	24321
      1	24331
    147	24333
     15	24345
      1	24357
      1	24359
      1	24381
      2	24382
      2	24387
      1	24395
      1	24458
      1	24489
      1	24492
      1	24501
      1	24506
      1	24511
      4	24514
      1	24529
      1	24557
      1	24568
      2	24573
      4	24574
      5	24582
      4	24589
      1	24596
      2	24608
      2	24625
      4	24638
      2	24649
      2	24668
      1	24672
      1	24676
      9	24691
      1	24698
      4	24734
      1	24755
      2	24764
      1	24766
      1	24792
      1	24793
      1	24794
      1	24813
      1	24821
      1	24822
      2	24823
      2	24867
      1	24888
      4	24892
      1	24905
      1	24918
      1	24944
      1	24959
      4	24974
      2	24980
      1	25007
      2	25009
      2	25017
     13	25020
      4	25044
      2	25061
      1	25067
      1	25087
      1	25097
      1	25100
      2	25101
      1	25103
      1	25124
      1	25126
      1	25141
      1	25145
      1	25167
      2	25175
      1	25186
      1	25188
      2	25219
      1	25221
      2	25237
      1	25242
      1	25267
      1	25294
      1	25331
      2	25348
      1	25387
      4	25390
      1	25393
      2	25411
      4	25421
      1	25445
      1	25472
      1	25475
      1	25529
      1	25553
      1	25555
      1	25561
      1	25566
      1	25571
      2	25620
      1	25634
      1	25640
      1	25647
      1	25658
      2	25663
      1	25680
      2	25701
      1	25713
      1	25752
      1	25774
      6	25785
      1	25805
      2	25818
      2	25821
      1	25834
      1	25838
      2	25851
      7	25871
      1	25946
      1	25949
      1	25963
      1	25985
     49	25988
      1	26014
      2	26017
      7	26023
      1	26027
      1	26039
      4	26072
      1	26075
      1	26101
     30	26126
      1	26138
      3	26139
      1	26146
      1	26158
      1	26164
      1	26173
      1	26179
      8	26202
      1	26211
      2	26234
      1	26279
      2	26287
      1	26294
      4	26321
     10	26324
      1	26349
      1	26353
      2	26364
      1	26377
      1	26385
      2	26418
      1	26435
      5	26445
      1	26446
      6	26448
      2	26458
      1	26468
      3	26470
      5	26489
      2	26497
      1	26501
      2	26555
      1	26556
      2	26588
      4	26589
      4	26592
      3	26611
      2	26615
      3	26625
      1	26626
      1	26636
      1	26641
      1	26646
      1	26650
      2	26666
      5	26682
      1	26690
      1	26703
      1	26711
      2	26722
      2	26731
      1	26810
      1	26838
      2	26852
      1	26860
      4	26862
      1	26888
      1	26897
      1	26908
      1	26910
      4	26911
      1	26930
      4	26945
      1	26947
     26	26965
      1	26994
      1	27006
      1	27011
      3	27023
      1	27051
      1	27052
      1	27067
      1	27131
      1	27135
      1	27178
      1	27193
      1	27205
      2	27214
      4	27217
      2	27245
      3	27246
      1	27259
      1	27276
      1	27281
     10	27285
      3	27286
      1	27307
      4	27350
      2	27354
      7	27361
      1	27374
      1	27385
      1	27429
      2	27449
      3	27469
      1	27476
      2	27499
      1	27509
      2	27519
      4	27523
      1	27525
      1	27548
      1	27555
      3	27561
      2	27563
      1	27598
      1	27607
      1	27674
      2	27680
      1	27686
      3	27716
      1	27734
      4	27762
      1	27764
      1	27767
      1	27825
     14	27834
      2	27837
      1	27859
      2	27872
      3	27893
     13	27914
      1	27932
      1	27943
      1	27947
      2	27966
      2	27975
      1	28002
      1	28025
      3	28040
      2	28078
      3	28096
      1	28104
      2	28113
      1	28124
      1	28144
      1	28157
      1	28169
      1	28181
      1	28203
      1	28224
      4	28234
      1	28241
      1	28245
      1	28258
      2	28270
      1	28272
      1	28302
      6	28308
      1	28319
      4	28328
      1	28331
      1	28353
      1	28383
      2	28403
      6	28469
      4	28472
      2	28496
      1	28504
      5	28506
      1	28536
      1	28552
      1	28555
      3	28609
      1	28631
      1	28635
      1	28658
      1	28661
      3	28662
      1	28664
      1	28674
      1	28677
      2	28693
      2	28730
      1	28731
      1	28732
      1	28749
      4	28758
      1	28778
     15	28824
      1	28882
      1	28895
      2	28910
      1	28919
      2	28939
      2	28952
      2	28953
      2	28960
      1	28963
      1	28996
      2	29015
      4	29050
     30	29090
      1	29114
      1	29116
      1	29138
      2	29140
      2	29181
      1	29190
      1	29202
      1	29213
      1	29238
      1	29245
      1	29250
      2	29255
      1	29265
      1	29268
      5	29270
      1	29295
      2	29309
      1	29324
      2	29339
      1	29347
      6	29368
      1	29371
      4	29373
      1	29379
      1	29398
      1	29411
      4	29417
      1	29426
      1	29437
      1	29449
      1	29455
      1	29461
      1	29473
      1	29512
      1	29514
      1	29519
      1	29530
      2	29547
      1	29549
      2	29555
      1	29564
      1	29566
      1	29567
      2	29593
      1	29596
      1	29604
      2	29619
      4	29639
      1	29683
      4	29708
      1	29738
      1	29746
      1	29765
      1	29766
      1	29773
      3	29789
      2	29809
      1	29826
      2	29829
      1	29880
      1	29881
      1	29888
      1	29912
      1	29936
      5	29945
      3	29948
      1	29983
      1	30007
      2	30012
      1	30018
      2	30055
      1	30056
      1	30070
      2	30075
      6	30083
      1	30097
      1	30102
      1	30131
      1	30153
      1	30168
      2	30174
      5	30178
      1	30189
      3	30203
      1	30206
      1	30225
      1	30246
      1	30252
      1	30282
      5	30284
      3	30297
      1	30310
      1	30316
      1	30338
      1	30354
      2	30355
      3	30363
      1	30373
      1	30374
      4	30402
      3	30406
      2	30414
      1	30422
      2	30434
      1	30445
      1	30453
      1	30505
      1	30524
      1	30540
      1	30570
      1	30575
      1	30611
      1	30613
      2	30646
      1	30679
      1	30682
      1	30693
      3	30702
      1	30707
      1	30711
      2	30721
      2	30733
      2	30735
      1	30742
      2	30756
      1	30769
      5	30780
      1	30781
      2	30788
      1	30790
      1	30828
      1	30829
      1	30836
      1	30842
      2	30857
      2	30863
      1	30865
      2	30880
      2	30900
      3	30903
      1	30935
      8	30943
      3	30955
      1	30957
      1	30990
      1	31012
      1	31013
      1	31021
      4	31032
      4	31043
      4	31051
      1	31059
      2	31061
      4	31097
      1	31113
      2	31146
      2	31153
      1	31161
      2	31166
      2	31174
     10	31185
      4	31199
      1	31212
      1	31233
      4	31261
      1	31279
      1	31280
      1	31281
      1	31312
      3	31323
      2	31328
      8	31333
      1	31355
      1	31407
      1	31416
      5	31435
      1	31480
      3	31484
      4	31510
      4	31522
      1	31535
      5	31562
      1	31563
      5	31566
      2	31571
      1	31573
      1	31578
      1	31599
      5	31615
      1	31616
      1	31617
      1	31649
      3	31664
      1	31685
      1	31700
      1	31738
      1	31743
      7	31756
      1	31774
      1	31779
      2	31789
      3	31800
      1	31806
      1	31810
      1	31825
      3	31872
      1	31876
      4	31895
      1	31915
      4	31919
      1	31926
      1	31929
      1	31949
      1	31954
      1	31962
      5	31966
      2	32008
      1	32009
      1	32032
      1	32045
      1	32048
      2	32069
      1	32073
      1	32079
      1	32114
      4	32125
      1	32128
      1	32131
      1	32147
      1	32148
      1	32211
      1	32237
      1	32267
      1	32272
      4	32288
      3	32295
      2	32296
      1	32303
      1	32319
     35	32389
      2	32390
      1	32396
      4	32398
      1	32421
      1	32426
      2	32450
      1	32454
      1	32465
      1	32496
     22	32497
      1	32500
      1	32505
      1	32520
      1	32522
      1	32523
      3	32568
      4	32582
      1	32584
      1	32585
      2	32587
      1	32603
      3	32621
      4	32622
      1	32646
      1	32647
      3	32648
      3	32654
      3	32671
      1	32675
      5	32677
      1	32688
      1	32724
      4	32737
      1	32751
      2	32762
      2	32778
      1	32780
      1	32784
      1	32805
      2	32809
      1	32825
      1	32830
      2	32863
      1	32900
      2	32905
      1	32926
      3	32951
      4	32978
      1	32979
      2	32991
      1	33017
      1	33047
      3	33064
      2	33082
      4	33100
      1	33111
      1	33120
      2	33125
      2	33134
      5	33158
      1	33167
      1	33181
      4	33205
      2	33221
      1	33225
      1	33236
      1	33256
      1	33286
      1	33292
      2	33306
      1	33317
      1	33318
      3	33329
      4	33351
      9	33367
      2	33368
      1	33380
      1	33391
      1	33424
      4	33430
      1	33433
      1	33444
      1	33449
      4	33450
      1	33465
      1	33472
      3	33476
      2	33484
      1	33487
      4	33509
      1	33510
      1	33514
      3	33520
      2	33521
      1	33574
      1	33578
      1	33597
      1	33639
      1	33661
      1	33669
      3	33694
      1	33704
      1	33718
      1	33719
      1	33735
      3	33767
      1	33768
      4	33779
      3	33787
      2	33812
      1	33822
      1	33825
      3	33852
      1	33863
      4	33871
      1	33879
      3	33894
      2	33909
      1	33916
      3	33917
      1	33919
      1	33932
      1	33965
     31	33971
      2	33977
      2	33991
     10	33995
      1	33997
      2	34005
      1	34023
      3	34031
      1	34073
      3	34082
      1	34087
      2	34104
      1	34132
      2	34133
      1	34155
      1	34164
      1	34188
      2	34189
      8	34197
      2	34207
      1	34226
      2	34257
      2	34259
      1	34261
      3	34277
      7	34279
      1	34284
      1	34289
      1	34297
      1	34301
      1	34321
      1	34335
      1	34369
      2	34374
      5	34375
      1	34388
      1	34396
      4	34398
      1	34399
      1	34400
      2	34406
      1	34412
      1	34428
      2	34443
      3	34449
      1	34451
      1	34462
      1	34463
      1	34464
      1	34486
      2	34503
      4	34509
      2	34516
      1	34536
      1	34538
      2	34541
      1	34545
      5	34550
      1	34579
      1	34590
      5	34592
      5	34599
      1	34604
      2	34608
      1	34625
      1	34635
      2	34699
      2	34708
      2	34764
      6	34784
      3	34803
      3	34819
      4	34832
      1	34857
      1	34860
      2	34910
      1	34934
      1	34938
      1	34941
      1	34943
      2	34997
      1	34999
      1	35023
      1	35024
      1	35047
      2	35051
      2	35054
      1	35077
      1	35102
      3	35115
      1	35137
      1	35170
      1	35172
      1	35182
      1	35186
      1	35197
      2	35208
      3	35220
      1	35221
      1	35223
      1	35237
      3	35248
      1	35250
      1	35254
      1	35263
      1	35266
      3	35269
      1	35277
      1	35299
      3	35310
      1	35320
      1	35344
      1	35346
      2	35349
      1	35376
      1	35415
      1	35420
      1	35435
      1	35452
      5	35453
      1	35495
     11	35496
      4	35521
     10	35542
      2	35564
      1	35570
      2	35572
      1	35582
      1	35583
      1	35591
      1	35606
      1	35613
      1	35622
      1	35659
      1	35667
      1	35674
      1	35691
     14	35708
      2	35717
      1	35720
      2	35731
      1	35754
      6	35755
      1	35776
      1	35782
      1	35838
      1	35841
      3	35856
      1	35867
      2	35871
      5	35887
      3	35923
      1	35946
      1	35954
      3	35955
      1	35959
      4	35961
     13	35966
      1	35973
      1	35985
      2	36005
      1	36008
      1	36019
      5	36055
      1	36056
      1	36073
      2	36074
      2	36106
      1	36112
      1	36114
      2	36153
      1	36170
      4	36180
      5	36212
      1	36219
      4	36230
      5	36244
      2	36296
      1	36304
      1	36323
      1	36333
      1	36359
      1	36377
      1	36380
      1	36384
      1	36390
      1	36404
      1	36421
      1	36423
      2	36431
      3	36435
     19	36437
      4	36465
      1	36477
      1	36494
      1	36508
      1	36526
      9	36532
      3	36542
      3	36553
      5	36559
      3	36564
      8	36604
      4	36611
      6	36614
      3	36625
      4	36628
      1	36636
      1	36663
      4	36680
      1	36690
      2	36697
      1	36703
      1	36708
      1	36725
      1	36726
      1	36746
      1	36750
      1	36754
      2	36770
      3	36778
     21	36780
      1	36781
      3	36820
      1	36831
      2	36833
      1	36840
      2	36851
      2	36860
      2	36863
      1	36865
      1	36875
      4	36890
      4	36922
      1	36970
      1	36973
      4	36987
      1	36991
      2	36996
      1	36998
      2	37021
      6	37026
      5	37035
      8	37052
      2	37064
      1	37117
      1	37126
      1	37140
      1	37156
      1	37161
      1	37162
      1	37168
      1	37173
      1	37196
      4	37213
      1	37217
      4	37223
      1	37224
      3	37233
      1	37243
     26	37244
      1	37247
      5	37252
      2	37257
      1	37265
      1	37279
      1	37282
      1	37285
      2	37307
      1	37310
      9	37341
      1	37351
      2	37358
      3	37364
      1	37387
     44	37393
      4	37407
      2	37409
      2	37411
      6	37429
      1	37449
      1	37464
      1	37465
      2	37481
      1	37536
      4	37558
      2	37584
      1	37600
      3	37601
      1	37602
      2	37610
      1	37617
      7	37640
      1	37653
     14	37670
      2	37679
      1	37681
      4	37683
      1	37725
      1	37735
      1	37746
      1	37782
      5	37801
      1	37819
      2	37828
      2	37838
      2	37850
      1	37854
      1	37855
      1	37878
      2	37885
      3	37892
      2	37902
      1	37924
      2	37936
      3	37945
      1	37946
      2	37958
      3	37967
      1	37972
      2	37980
      1	37988
      2	38018
      1	38031
      2	38034
      3	38047
      1	38054
      1	38059
      2	38071
      1	38100
      1	38171
      1	38184
      1	38192
      3	38194
      1	38196
      6	38238
      2	38239
      1	38253
      1	38269
      2	38294
      1	38305
      1	38311
      1	38315
      1	38316
      1	38320
      3	38332
      1	38398
      1	38480
      1	38486
      2	38494
      2	38495
      1	38593
      5	38598
      1	38614
      3	38622
      2	38654
      2	38665
      1	38673
      2	38681
      1	38689
      1	38712
      1	38730
      5	38738
      1	38743
      5	38756
      1	38790
      1	38794
      1	38801
      2	38852
      2	38856
      1	38887
      2	38897
      1	38909
      1	38912
      1	38926
      2	38939
      2	38948
      1	38950
      1	39003
      1	39015
      1	39021
      1	39024
      1	39028
      2	39032
      2	39035
      1	39043
      1	39074
      2	39080
      5	39102
      1	39103
      2	39119
      3	39127
      3	39175
      1	39182
      1	39184
      7	39189
      1	39213
      3	39243
      2	39275
      2	39277
      2	39316
      6	39325
      1	39348
      1	39372
      1	39379
      2	39386
      7	39406
      1	39416
      1	39428
      2	39432
      1	39436
      1	39460
      2	39484
      2	39485
      2	39492
      1	39494
      1	39512
      1	39525
      1	39578
      1	39586
      1	39601
      1	39606
      4	39674
      1	39686
      2	39689
      1	39702
     15	39705
      1	39710
      1	39721
      1	39736
      1	39738
      6	39746
      2	39775
      1	39781
      3	39783
      2	39790
      1	39868
      2	39869
      1	39877
      5	39886
      1	39896
      1	39908
      6	39920
      1	39937
      6	39947
      1	39950
      1	39952
      2	39987
      3	40007
      1	40031
      1	40047
      1	40057
      5	40075
      2	40100
      1	40104
      1	40120
      1	40128
      1	40130
      1	40145
      1	40182
      1	40194
      6	40202
      2	40204
      2	40210
      1	40230
      1	40251
      2	40291
      2	40292
      1	40309
      3	40350
      2	40373
      1	40382
      2	40387
      1	40401
      1	40420
      1	40486
      1	40488
      1	40518
      1	40522
      2	40527
      6	40540
      2	40546
      1	40551
      3	40587
      1	40597
      1	40603
      3	40635
      1	40639
      1	40661
      3	40692
      3	40700
      1	40707
      2	40710
      1	40721
      8	40730
      3	40732
      3	40742
      1	40774
      1	40779
      3	40781
      1	40802
      2	40804
      2	40822
      1	40830
      1	40836
      2	40856
      2	40861
      4	40869
      2	40891
      3	40899
      1	40923
      1	40928
      1	40942
      1	40951
      2	40953
      1	40985
      1	40988
      1	40991
      1	40995
      1	41003
      2	41027
      1	41043
      1	41060
      1	41070
      1	41086
      1	41106
      2	41122
      1	41130
      3	41142
      6	41159
      2	41198
      4	41213
      2	41241
      2	41242
      4	41249
      1	41254
      2	41266
      2	41277
      2	41287
      7	41298
      1	41299
      2	41312
      1	41318
      3	41319
      2	41324
      1	41335
      1	41339
      2	41347
      3	41405
      2	41437
      4	41443
      1	41448
      5	41456
      1	41463
      1	41473
      2	41478
      1	41484
      3	41497
      1	41499
      1	41504
      2	41530
      2	41539
      1	41540
      1	41558
      2	41603
      1	41645
      3	41646
      1	41699
      3	41701
      3	41707
      1	41716
      2	41750
      1	41756
      3	41759
      1	41771
     22	41774
      1	41775
      1	41782
      1	41829
      2	41849
      3	41854
      1	41856
      1	41861
      1	41865
      1	41883
      4	41892
      2	41931
      1	41938
      3	41952
      2	41974
      1	41986
      1	41988
      4	41997
      5	42010
     11	42018
      2	42036
      1	42051
      3	42058
      2	42065
      2	42085
      1	42086
      1	42131
      1	42136
      1	42143
      6	42144
      1	42155
      6	42165
      2	42170
      4	42177
      4	42186
      2	42187
      1	42192
      1	42207
      1	42217
      1	42228
      3	42229
      2	42250
      2	42256
      1	42262
      1	42275
      3	42282
      1	42295
      1	42316
      1	42323
      1	42328
      4	42335
      1	42337
      2	42343
      1	42364
      1	42372
      1	42375
      3	42381
      1	42393
      3	42394
      1	42419
      1	42454
      1	42457
      4	42493
      1	42506
      3	42517
      1	42540
      1	42541
      1	42549
      2	42554
      1	42560
      5	42575
      1	42576
      2	42593
      3	42599
      1	42601
      2	42612
      1	42616
     20	42651
      1	42656
      1	42669
      1	42672
      1	42679
      1	42690
      5	42693
      2	42698
      2	42723
      1	42738
      1	42744
      1	42755
      1	42769
      1	42778
      2	42788
     30	42802
      3	42851
      2	42855
      1	42863
      2	42876
      1	42889
      3	42890
      2	42953
      1	42962
      1	42964
      1	42966
      1	42969
      2	42987
      5	43033
      9	43048
      1	43062
      3	43066
      1	43080
      4	43111
      2	43121
      4	43146
      1	43149
     12	43162
      1	43168
      5	43176
      1	43180
      2	43191
      1	43207
      4	43225
      3	43240
      4	43243
      1	43255
      2	43278
      5	43286
      1	43297
      1	43300
      1	43314
      1	43315
      1	43317
      3	43354
      1	43359
      3	43360
      2	43374
      1	43385
      5	43472
      2	43496
      2	43507
      1	43535
      5	43536
      1	43538
      1	43548
      1	43580
      1	43583
      1	43589
      1	43599
      1	43606
      1	43624
      9	43626
      3	43674
      1	43678
      2	43705
      2	43762
      1	43771
      2	43773
      6	43811
      1	43817
      1	43819
      4	43821
      1	43822
      3	43827
      1	43857
      4	43895
      4	43900
      2	43903
      1	43905
      1	43907
      2	43910
      1	43913
      2	43919
      1	43961
      4	43994
      2	43997
      2	44028
      2	44046
      3	44065
      1	44069
      1	44078
      1	44092
      1	44097
      2	44112
      1	44113
      2	44171
      1	44184
      1	44193
      1	44209
      1	44211
      1	44221
      4	44237
      1	44252
      1	44263
      2	44330
     10	44335
      1	44337
      3	44343
      3	44345
      2	44351
      1	44354
      1	44370
      1	44441
      3	44455
      1	44482
      1	44487
      2	44528
      3	44532
     20	44542
      4	44544
      1	44546
      1	44558
      3	44579
      2	44583
      1	44615
      1	44621
      3	44636
      1	44654
      2	44657
      1	44687
      2	44690
      1	44714
      5	44715
     11	44716
      1	44724
      1	44725
      2	44726
      1	44737
      1	44750
      3	44758
      5	44770
      1	44777
      1	44793
      1	44820
      1	44872
      1	44879
      4	44885
      1	44886
      1	44921
      2	44928
      4	44953
      1	44959
      1	44961
      1	44968
      1	44982
      2	44995
      2	45002
      1	45010
      2	45015
      1	45020
      1	45036
      1	45051
      1	45056
      1	45062
      7	45141
      1	45164
      2	45166
      2	45178
      3	45180
      1	45189
      2	45240
      1	45246
      2	45263
      1	45279
      5	45314
      4	45345
      4	45349
      1	45359
      1	45382
      6	45393
      3	45416
      3	45419
      2	45437
      1	45450
      1	45465
      1	45466
      1	45487
      4	45490
      6	45506
      1	45515
      1	45517
      1	45527
      2	45531
      1	45550
      8	45586
      2	45603
      1	45608
     21	45611
      3	45620
      1	45622
      1	45641
      1	45643
      1	45681
      2	45710
      2	45721
      1	45724
      1	45740
      6	45753
      1	45803
      1	45826
      1	45828
      3	45834
      2	45854
      9	45858
      1	45912
      4	45930
      1	45955
      2	45958
     40	45961
      2	45962
      4	45977
      1	45984
      2	46018
      2	46045
      1	46092
      2	46102
      1	46107
      1	46122
      3	46173
      1	46210
      1	46239
      1	46243
      1	46260
      1	46349
      1	46352
      3	46357
      1	46376
      1	46389
      1	46402
      1	46409
      2	46436
      1	46444
      1	46476
      3	46484
      2	46497
      3	46505
      1	46527
      1	46559
      1	46564
      1	46597
      3	46607
      4	46659
      1	46662
      2	46680
      1	46706
      1	46711
      2	46734
      1	46736
      4	46743
      3	46745
      1	46753
      1	46776
      1	46779
      4	46782
      1	46813
      1	46827
      1	46857
      1	46901
      1	46914
      8	46915
      2	46921
     28	46929
      5	46931
      3	46955
      1	46965
      6	47012
      1	47038
      3	47044
      1	47053
      1	47054
      3	47060
      2	47062
      1	47072
      1	47098
      6	47102
      1	47123
    868	47124
      2	47143
      4	47151
      1	47164
     13	47186
      1	47190
      4	47213
      1	47220
      1	47226
      1	47229
      2	47237
      1	47248
      1	47270
      6	47272
      4	47277
      1	47286
      3	47305
      1	47312
      1	47323
      1	47351
      4	47361
      1	47370
      1	47376
      1	47380
      1	47416
      4	47443
      2	47447
      1	47459
      1	47470
      2	47486
      1	47499
      1	47508
      1	47526
      2	47531
      1	47540
      1	47547
      1	47559
      1	47569
      1	47579
      3	47621
      1	47635
      1	47644
      9	47647
      1	47650
      3	47668
      1	47672
      1	47677
      1	47696
      6	47718
      1	47719
      1	47723
      1	47744
      2	47753
      2	47754
      1	47787
      1	47804
      1	47820
      1	47826
      1	47905
      6	47922
      2	47927
      1	47931
      1	47938
      1	47962
      2	47977
      1	48004
      2	48005
      1	48019
      1	48027
      5	48056
      1	48082
      6	48085
      1	48114
      1	48170
      1	48172
      1	48181
      1	48195
      1	48198
      2	48219
      1	48228
      1	48236
      3	48241
      2	48257
      1	48294
      4	48319
      1	48366
      5	48400
      3	48412
      1	48422
      1	48455
      3	48458
      1	48488
      2	48490
      1	48515
      4	48533
      1	48553
      1	48566
      2	48579
      1	48593
      2	48613
      1	48623
      1	48632
      1	48634
      1	48635
      1	48640
      4	48645
      1	48651
      1	48675
      2	48698
      3	48714
      1	48726
      5	48729
      4	48750
      1	48754
      1	48775
      1	48797
      2	48834
      1	48862
      1	48874
      2	48897
      2	48906
      2	48921
      1	48924
      1	48943
      2	48946
      3	48964
      1	48989
      1	48991
      2	48992
      1	48995
      1	49006
      1	49014
      1	49020
      1	49033
      1	49040
      2	49071
      4	49090
      1	49094
      2	49123
      1	49131
      2	49134
      1	49198
      1	49240
      2	49298
     24	49305
     10	49312
      1	49327
      1	49344
      1	49376
      1	49377
      1	49397
      2	49411
      1	49416
      1	49427
      1	49434
      3	49435
      1	49439
      2	49441
      1	49444
      2	49452
      1	49458
      6	49460
      1	49474
      1	49476
      1	49484
      1	49487
      1	49494
      1	49505
      1	49510
      2	49513
      1	49525
      1	49534
      1	49538
      1	49556
      4	49566
      1	49569
      1	49582
      1	49588
      1	49600
      1	49605
      2	49652
      1	49657
      4	49661
     11	49662
      1	49663
      1	49670
      8	49696
      2	49703
      2	49716
      2	49724
      1	49764
      1	49779
      1	49780
      2	49792
      9	49794
      1	49806
      1	49819
      1	49823
      5	49862
      1	49877
      1	49917
      1	49935
      1	49971
      1	49974
      2	50029
      1	50040
      5	50068
      1	50109
      2	50139
      6	50147
      1	50169
      8	50177
      3	50181
      2	50194
      1	50208
      1	50219
      2	50262
      1	50269
      1	50288
      1	50290
      2	50309
      1	50323
      2	50329
      1	50339
      1	50349
      2	50371
      1	50372
      3	50378
      1	50407
      2	50446
      1	50456
      1	50463
      1	50473
      1	50494
      3	50522
      4	50526
      4	50541
      1	50546
      2	50561
      2	50573
      1	50598
      1	50606
      1	50607
      2	50645
      2	50649
      4	50680
      1	50686
      1	50693
      3	50708
      1	50717
      1	50718
      1	50720
      1	50721
      1	50729
      1	50756
      1	50776
      1	50777
     16	50826
      1	50835
      3	50850
      1	50863
      3	50868
      2	50880
      7	50895
      1	50915
      6	50934
      1	50960
      3	50979
      2	50983
      3	50992
      1	50996
      4	51002
      1	51007
      3	51039
      1	51052
      1	51065
      1	51071
      1	51078
      1	51088
      1	51102
      2	51107
      4	51132
    258	51136
      1	51167
      3	51168
      1	51207
      1	51222
      2	51262
      4	51279
      1	51289
      1	51303
      5	51314
      2	51315
      1	51321
      1	51354
      1	51363
      1	51382
      4	51392
      1	51400
      2	51412
      1	51419
      1	51422
      1	51433
      1	51438
      1	51442
      1	51475
      1	51478
      1	51504
      1	51534
      4	51541
      1	51564
      1	51582
      3	51591
      1	51593
      1	51606
      1	51617
      1	51635
      1	51639
      1	51645
      3	51647
      4	51662
      1	51667
      1	51676
      5	51678
      1	51700
      1	51704
      1	51718
      2	51726
      3	51741
      1	51766
      1	51770
      1	51777
      2	51779
      1	51817
      2	51822
      1	51843
      6	51881
      1	51888
      1	51893
      1	51900
      5	51913
      3	51929
      1	51944
      1	51946
      2	51992
      1	51998
      5	52029
      1	52030
      1	52036
      2	52045
      1	52054
      1	52062
      4	52069
      1	52118
      2	52119
      2	52137
      3	52140
      1	52141
      1	52145
      1	52148
      5	52154
     14	52164
      2	52169
      1	52175
      1	52182
      2	52234
      1	52239
      1	52254
      1	52266
      1	52289
      2	52305
      2	52344
      1	52345
      1	52370
      2	52393
      1	52406
      2	52414
      1	52415
      3	52421
      1	52457
      1	52462
      2	52496
      1	52498
      2	52505
      2	52509
      1	52511
      3	52522
      2	52534
      1	52571
      2	52575
      3	52594
      1	52613
      1	52625
      1	52635
      1	52636
      1	52686
      1	52689
      4	52700
      2	52709
      1	52733
      1	52739
      1	52767
      3	52772
      2	52780
      5	52797
      4	52801
      7	52803
      1	52814
      1	52815
      1	52840
      1	52848
      1	52888
      2	52892
      1	52894
      1	52906
      5	52912
      3	52918
      2	52921
      1	52951
      5	53011
      1	53034
      3	53053
     12	53071
      1	53105
     13	53111
      2	53154
      3	53163
      1	53211
      1	53214
      4	53223
      1	53224
      6	53229
      4	53243
      1	53245
      9	53258
      1	53276
      5	53283
      4	53284
      1	53293
      2	53317
      1	53331
      4	53349
      1	53357
      3	53363
      1	53379
      1	53395
      8	53398
      6	53405
      1	53409
      1	53426
      1	53479
      1	53482
      3	53523
      2	53537
      1	53558
      1	53559
      1	53564
      1	53580
      1	53604
      1	53619
      1	53629
      4	53636
      3	53649
      2	53669
      1	53676
      2	53689
      6	53691
      1	53693
      1	53696
      1	53703
      1	53730
      1	53735
      4	53744
      2	53749
      1	53758
      1	53762
      1	53771
      1	53779
      1	53799
      4	53810
      2	53855
      1	53856
      1	53863
      3	53865
      2	53874
      3	53882
      1	53896
      9	53899
      1	53908
      1	53918
      1	53966
      1	53967
      1	53971
      4	53980
      1	53996
      1	53997
      3	54001
      1	54037
      2	54075
      1	54076
      1	54089
      3	54091
      1	54130
      3	54150
      1	54156
      1	54184
      1	54186
      3	54191
      1	54220
      5	54230
      1	54242
      1	54251
      1	54287
      1	54293
      6	54321
      2	54322
      1	54323
      1	54339
      1	54354
      1	54356
      3	54362
      1	54384
      2	54386
      1	54393
      1	54395
      4	54399
      4	54400
      1	54402
      1	54407
      1	54422
      2	54447
      1	54505
      1	54510
      2	54521
      6	54528
      3	54546
      1	54550
      1	54556
      2	54559
      1	54602
      1	54661
      5	54662
      1	54690
      1	54696
      1	54745
      1	54754
      2	54761
      1	54777
      6	54787
      1	54814
      1	54837
      4	54845
      1	54863
      2	54866
      1	54890
      1	54922
      3	54927
      1	54932
      1	54934
      1	54947
      3	54950
      1	54980
      1	55021
      1	55026
      3	55044
      2	55045
      1	55047
      7	55054
      1	55080
      3	55084
      1	55093
      1	55118
      1	55123
      1	55135
      1	55152
      2	55179
      1	55184
      1	55189
      1	55199
      1	55207
      2	55249
      2	55251
     13	55262
      1	55273
      3	55299
      1	55306
      2	55315
      3	55345
      1	55360
      1	55374
      3	55415
      2	55429
      1	55451
      2	55452
      1	55453
      1	55475
      1	55477
      4	55486
      2	55496
      1	55498
      1	55505
      1	55525
      1	55562
      1	55565
      2	55592
      1	55608
      1	55635
      7	55650
      2	55664
      1	55672
      1	55733
      2	55735
      2	55749
      1	55756
      1	55781
      1	55796
      4	55813
      3	55818
      2	55821
      6	55843
      1	55849
      2	55854
      2	55855
      1	55864
      1	55895
      1	55939
      1	55944
      1	55983
      1	55988
      1	56028
      3	56039
      2	56073
      2	56084
      9	56086
      1	56108
      4	56130
      1	56147
      7	56178
      2	56179
      1	56194
      2	56228
      5	56232
     10	56239
      1	56246
      1	56254
      4	56258
      5	56260
      1	56261
      1	56273
      2	56313
      5	56317
      3	56323
      1	56340
      2	56363
      2	56385
      2	56441
      1	56446
      2	56450
      1	56454
      3	56469
      2	56504
      1	56542
      3	56548
      1	56574
      1	56575
      2	56618
      1	56625
      4	56631
      2	56693
      4	56715
      2	56720
      2	56722
      4	56768
      6	56776
      1	56805
      1	56808
      1	56813
      1	56821
      5	56823
      3	56845
      2	56874
      1	56894
      1	56935
      1	56939
      2	56947
      1	56954
      1	56957
      2	56964
      2	56992
      1	57022
      1	57036
      2	57050
      1	57051
      2	57056
      1	57061
      5	57074
      2	57084
      5	57144
      2	57163
      1	57165
      2	57171
      4	57177
      1	57178
      1	57179
      1	57181
      1	57187
      1	57214
      1	57218
      1	57238
      1	57261
      1	57268
     10	57279
      1	57283
      1	57289
      1	57290
      1	57317
      1	57324
      3	57384
      5	57428
      1	57467
      1	57468
      1	57477
      1	57486
      2	57490
      1	57492
      1	57529
      3	57560
      1	57567
      4	57574
      1	57579
      2	57589
      1	57595
      1	57599
      1	57600
      1	57622
      2	57629
     22	57630
      1	57631
      1	57634
      1	57650
      1	57679
      8	57704
      1	57727
      1	57749
     10	57750
      3	57798
      1	57818
      1	57822
      2	57832
      2	57835
      1	57842
      1	57861
      9	57870
      1	57896
      2	57940
      1	57944
      1	57948
      1	57965
      2	57974
      1	57978
      1	57979
      1	57989
      1	58008
      4	58009
      1	58010
      1	58027
      1	58038
      3	58112
      1	58119
      1	58132
      2	58137
      2	58148
      4	58154
      1	58155
      2	58185
      1	58191
      1	58202
     26	58223
      1	58227
      1	58235
      1	58268
      1	58271
      4	58297
      1	58312
      1	58318
      1	58320
      1	58335
      1	58341
      1	58352
      2	58383
      1	58401
      1	58413
      3	58425
      2	58441
      3	58476
      1	58483
      1	58488
      1	58496
      4	58500
      1	58511
      2	58515
      1	58526
      1	58548
      4	58580
      1	58589
      4	58594
      1	58604
      2	58637
      2	58655
      5	58656
     13	58688
      3	58692
      2	58699
      5	58704
      1	58749
      1	58758
      4	58769
      1	58787
      4	58795
      2	58799
      2	58804
      1	58806
      8	58845
      1	58882
      2	58887
      1	58895
      3	58913
      1	58914
      1	58917
      1	58934
      5	58947
      1	58952
      1	58960
      1	59014
      2	59043
      1	59047
      1	59058
      2	59060
      1	59086
      4	59097
      3	59102
      1	59109
     36	59132
      1	59140
      1	59158
      1	59177
      1	59181
      1	59194
      4	59202
     18	59222
      1	59224
      1	59226
      1	59239
      1	59248
      6	59252
      1	59255
      1	59259
      6	59279
      1	59293
      1	59345
      2	59354
      1	59370
      1	59371
      3	59382
      2	59401
     10	59423
      1	59428
      3	59431
      6	59438
      1	59440
      1	59464
      1	59467
      1	59484
      1	59494
      1	59509
      3	59513
      1	59514
      2	59525
      2	59558
      1	59571
      1	59581
      2	59642
      1	59644
      3	59660
      1	59676
      1	59696
      1	59707
      5	59718
      1	59723
      5	59726
      1	59740
      2	59755
      1	59812
      8	59817
      1	59836
      4	59837
      2	59868
      4	59876
      1	59903
      1	59913
      1	59938
      1	59951
      1	59953
      3	59979
      4	59986
      1	59995
      1	60000
      2	60007
      3	60048
      2	60051
      9	60058
      1	60090
      1	60100
      1	60127
      1	60135
      2	60142
      4	60149
      1	60150
      1	60155
      1	60173
      1	60191
      1	60210
      1	60214
      2	60215
      1	60226
      1	60230
      8	60232
      1	60244
      4	60260
      1	60278
      2	60283
      1	60287
      1	60297
      1	60300
      1	60309
      1	60313
      1	60321
      4	60327
      1	60328
      1	60340
      1	60345
      1	60367
      4	60370
      3	60380
      1	60386
      1	60432
      4	60448
      1	60475
      1	60482
      1	60485
      4	60489
      1	60493
      1	60496
      1	60519
      1	60521
      1	60523
      1	60529
      5	60531
      1	60533
      2	60554
      1	60563
      1	60597
      1	60638
      1	60656
      1	60682
      1	60719
      1	60732
      1	60738
      1	60753
      1	60757
      1	60762
      1	60799
      1	60802
      1	60806
      1	60819
      3	60822
      1	60847
      1	60853
      1	60880
      1	60887
      1	60908
     15	60915
      1	60916
      2	60919
      1	60934
      1	60957
      1	60983
      5	60984
      2	60987
      1	60997
      1	61009
      1	61019
      2	61027
      1	61033
      1	61040
      1	61057
      2	61064
      2	61107
      1	61111
      1	61147
      1	61156
      1	61157
      1	61171
      1	61176
      2	61191
      1	61230
      1	61234
      2	61237
      1	61246
      1	61255
      9	61261
      2	61274
      1	61277
      4	61282
     15	61340
      1	61361
      4	61366
      1	61383
      1	61390
      3	61414
      2	61424
      1	61431
      3	61477
      1	61492
      1	61548
      2	61553
      1	61562
      1	61577
      1	61581
      2	61584
      1	61598
      2	61603
      3	61606
      1	61632
      2	61651
      1	61652
      5	61657
      2	61665
      1	61670
      1	61674
      1	61698
      1	61739
      7	61753
     40	61771
      1	61789
      1	61799
      1	61816
     10	61817
      2	61824
      1	61828
      5	61839
      1	61866
      1	61895
      2	61904
      1	61907
      1	61944
      2	61955
      1	61957
      2	61959
      3	61968
      1	61969
      1	61971
      1	61973
      1	61981
      1	61997
      1	62002
      1	62005
      1	62006
      1	62017
      5	62026
      2	62060
      2	62081
      6	62083
      9	62095
      2	62106
     60	62107
      1	62119
      1	62134
      3	62149
      2	62217
      2	62238
      2	62251
      1	62298
      1	62303
      2	62311
      2	62318
      1	62319
      1	62328
      1	62330
      2	62336
      1	62396
      1	62410
      1	62428
      1	62446
      1	62457
      3	62491
      1	62502
      4	62503
      1	62524
      1	62529
      1	62534
      1	62535
      1	62585
      1	62591
      4	62593
      1	62610
      4	62613
      2	62616
      1	62624
      1	62631
      1	62643
      1	62650
      1	62664
      1	62665
      1	62681
      1	62685
      4	62703
      1	62709
      2	62730
      1	62756
      2	62763
      1	62766
      1	62777
      5	62780
      2	62788
      1	62818
      1	62848
      2	62849
      3	62853
      3	62867
      4	62882
      2	62891
      1	62900
      2	62909
      1	62942
      1	62947
      3	62961
      1	62963
      1	62965
      1	62967
      1	62992
      1	63000
      1	63009
      4	63013
      2	63017
      4	63022
      1	63027
      1	63032
      1	63041
      1	63066
      1	63077
      8	63097
      1	63112
      2	63130
      1	63136
      1	63143
      1	63154
      1	63171
      5	63197
      1	63204
      1	63231
      1	63337
      1	63338
      1	63348
      2	63368
      1	63382
      1	63398
      1	63413
      1	63443
      1	63464
      2	63478
      5	63483
      2	63492
      1	63497
      1	63519
      1	63521
      1	63525
      2	63528
      2	63537
      2	63565
      1	63579
      3	63586
      3	63603
      3	63605
      1	63609
      1	63615
      1	63623
      2	63633
      1	63657
      2	63659
      1	63660
      3	63674
      1	63684
     11	63702
      1	63706
      1	63709
      5	63712
      1	63727
      1	63754
      1	63780
      1	63803
      1	63807
      1	63817
      2	63823
      1	63849
      2	63855
      1	63861
      1	63873
      1	63879
      3	63914
      5	63923
      2	63942
      8	63947
      3	63962
      1	63980
      1	63981
      1	63987
      1	63990
      1	63997
      1	63999
      8	64000
      1	64008
      1	64043
      1	64063
     19	64065
      1	64068
      4	64075
      1	64086
      1	64091
      1	64123
      1	64127
      2	64128
      4	64145
      1	64146
      1	64148
      1	64153
      2	64155
      2	64159
      4	64174
     13	64206
      1	64224
      2	64225
      2	64239
      3	64248
      1	64266
      1	64276
      1	64291
      5	64307
      2	64322
      2	64325
      2	64328
      2	64334
      1	64342
      2	64398
      1	64425
      1	64435
      2	64440
      2	64444
      1	64453
      1	64457
      3	64458
      4	64465
      3	64485
      1	64502
      1	64520
      1	64543
      1	64544
      1	64545
      5	64551
      1	64581
      2	64665
      5	64677
      1	64680
      4	64682
      6	64702
      1	64721
      1	64726
      2	64775
      3	64780
      1	64800
      1	64809
      1	64829
      1	64837
      2	64840
      2	64846
      2	64851
      2	64855
      2	64856
      1	64927
      1	64931
      3	64951
      2	64953
      1	64958
     38	64963
      1	64976
      4	64981
      2	64990
      1	65005
      1	65011
      1	65014
      1	65039
      1	65048
      2	65053
     19	65060
      1	65061
      1	65083
      1	65093
      3	65099
      1	65111
      1	65156
      2	65157
      1	65177
      1	65195
      3	65198
      2	65213
      4	65215
      4	65230
      1	65250
      1	65256
      5	65266
      1	65269
      2	65272
      2	65273
      1	65289
      6	65296
      2	65319
      6	65324
      1	65338
      3	65352
      1	65373
      1	65384
      1	65398
      3	65401
      1	65407
      1	65408
      3	65410
      1	65413
      3	65458
      1	65464
      1	65467
      2	65483
      5	65489
      2	65492
      1	65494
      1	65499
      1	65500
      2	65529
