      2	11
      1	52
      1	139
      1	168
      1	216
      1	228
      1	279
      3	582
      3	610
      2	618
      1	751
      1	779
      3	789
      8	926
      1	968
      1	1045
      1	1106
     11	1220
      1	1227
      4	1263
      1	1335
      1	1426
     14	1523
      2	1532
      5	1550
     11	1558
      1	1695
      1	1706
     17	1712
      1	1727
      3	1872
     21	1928
      1	1963
      1	2023
      1	2024
      1	2047
      1	2093
      2	2109
      2	2381
      2	2428
      3	2477
      3	2498
     19	2550
      3	2632
      1	2723
     41	2735
      1	2774
      1	2793
      2	2797
      3	2907
     10	3065
      1	3200
      1	3341
      8	3493
      2	3595
      1	3662
      4	3680
      2	3710
      2	3786
      2	3791
      1	3887
      1	3898
      1	3922
      1	4046
      1	4059
      1	4083
      2	4106
      7	4135
      3	4144
      3	4161
      4	4286
      3	4308
     22	4354
      1	4357
      1	4450
     19	4459
      1	4485
      1	4499
      6	4512
      3	4664
      4	4689
     10	4701
      2	4894
      2	4942
      3	5021
      4	5056
      5	5086
      1	5096
      1	5225
     12	5284
      1	5295
      1	5336
      1	5346
      3	5381
      2	5475
      1	5592
      1	5615
      1	5663
      4	5788
      1	5817
      1	5880
      2	6011
     16	6012
     44	6015
      2	6042
      1	6073
      1	6078
      1	6092
      2	6142
      1	6310
      2	6383
      9	6409
      1	6435
      4	6469
      1	6480
      1	6501
      4	6517
     14	6646
      4	6667
      3	6727
      6	6808
      8	6923
      1	6946
      1	6990
      1	7002
      1	7096
      1	7150
      2	7169
      1	7480
      1	7533
      1	7597
      1	7659
      2	7893
      1	7897
      4	7902
      1	7909
      1	7914
      3	7971
      2	8012
      1	8029
      1	8073
      4	8172
      5	8230
      2	8236
     23	8243
      1	8291
      1	8313
      1	8402
      1	8422
      1	8428
      1	8625
      1	8782
      7	8824
      2	8973
      2	8983
      1	9126
      1	9189
      1	9219
      1	9308
      1	9437
      5	9453
      9	9473
      1	9545
      1	9797
      2	9889
      1	9902
      1	9983
      7	10021
      6	10051
      1	10080
      1	10115
      3	10231
      1	10254
      1	10289
      6	10341
      1	10414
      1	10559
      1	10570
      1	10641
      1	10747
      1	10759
      6	10805
      1	10864
      3	11009
      1	11042
      1	11052
      1	11075
      1	11214
      3	11288
      3	11357
      1	11361
      8	11446
      1	11538
     22	11712
      1	11718
      3	11773
      2	11797
      4	11857
      1	11886
      2	12046
      1	12220
      4	12223
     36	12242
      2	12335
      1	12474
      1	12491
      1	12820
      1	12899
      2	12952
     16	13482
      1	13577
      1	13603
      1	13629
      1	13663
      1	13722
      2	13827
      1	13840
     16	13895
      3	13923
      7	13977
      2	13983
      2	14128
      1	14177
     18	14192
      6	14251
      1	14265
      1	14275
      1	14289
      1	14306
      8	14316
     12	14390
     27	14424
      4	14467
      1	14545
      1	14582
      4	14584
      2	14590
      2	14642
      1	14729
      1	14752
      2	14766
      1	14788
      1	14796
      1	14868
     16	14876
      2	14913
      6	15003
      3	15014
      1	15070
      2	15118
      1	15162
      1	15212
      7	15227
      2	15262
      1	15295
     47	15431
      6	15474
      1	15505
      6	15543
      1	15561
      3	15621
     15	15737
      3	15764
      1	15789
      2	15870
      3	15887
      1	16228
     49	16234
      2	16271
      1	16291
      1	16358
      5	16444
      1	16447
      3	16450
      1	16486
      1	16496
      2	16540
      1	16614
      1	16620
      1	16799
      1	16805
      1	16836
      2	16862
      1	17020
      4	17091
      1	17120
      1	17124
     27	17243
      1	17256
      1	17281
     49	17287
      1	17424
      6	17516
      1	17613
      1	17641
      3	17659
      2	17736
      5	17761
      1	17871
      1	17907
      5	17920
      2	17946
      1	18060
      1	18186
      1	18200
      2	18278
      1	18337
      1	18341
      6	18344
      1	18348
      1	18350
      2	18418
     22	18612
      6	18821
     11	18833
      1	18853
      1	19042
      6	19157
      1	19182
      2	19286
      2	19287
      4	19471
     26	19547
      1	19562
      1	19568
      2	19606
      1	19616
      4	19641
      1	19687
      1	19827
      1	19878
      6	19914
      3	19984
      9	20069
      1	20093
      6	20162
      1	20193
      1	20217
     19	20290
      2	20305
      2	20380
      1	20501
      2	20578
      1	20690
      1	20767
      1	20851
      1	20883
      8	20894
      1	20931
      1	21044
      2	21050
      1	21052
      4	21070
      1	21107
     57	21248
      4	21256
     12	21272
      1	21494
      3	21509
      3	21541
      4	21660
      3	21739
      2	21769
      1	21775
      1	21786
      4	21792
      1	21800
      3	21824
      1	21825
      4	21926
      1	22086
      8	22122
      1	22134
      1	22206
      1	22213
      1	22219
      1	22292
      1	22305
      3	22311
      3	22323
      1	22392
      1	22443
      3	22451
      7	22482
      8	22515
     14	22536
      1	22675
      1	22864
      2	22897
      1	22905
      1	22965
      1	22995
      6	23011
     32	23205
     11	23283
      2	23303
      2	23474
     15	23533
      5	23554
     43	23587
      1	23589
      3	23645
      1	23765
     15	23774
      1	23932
      2	23955
      1	23956
     12	23968
      1	23984
      2	24114
      6	24117
      1	24136
     23	24167
      4	24381
      1	24384
      2	24472
      4	24761
      1	24812
      4	24830
      1	24901
      3	24973
      6	24975
     12	25117
      1	25140
      1	25141
      1	25198
      1	25416
      4	25470
      3	25509
     15	25512
      1	25689
      3	25715
      2	25722
     18	25758
      1	25784
      1	25993
      5	26103
      3	26111
      3	26207
      2	26220
     19	26300
      1	26375
     10	26522
      1	26538
      2	26653
      3	26664
      1	26748
      1	26823
      1	26872
     15	26946
     18	26973
      3	26984
      3	27039
      5	27286
      1	27297
      3	27299
      4	27393
      3	27409
      1	27439
      1	27488
      7	27547
      1	27639
      2	27731
      1	27765
      1	27809
      8	27810
      1	27838
      2	27856
     10	27861
      1	27905
      1	27911
     27	27939
      2	27949
      2	27991
      1	28062
      1	28280
      1	28324
      2	28413
      1	28499
      6	28545
      1	28615
      3	28616
      2	28658
      5	28729
      4	28871
      1	28896
      1	28961
      2	29096
      2	29260
      2	29311
      1	29408
      2	29457
      3	29593
      2	29657
      1	29689
      2	29691
     13	29756
      3	29782
      1	29866
      5	30481
      1	30482
     36	30495
      1	30559
     10	30598
      2	30630
      1	30677
      1	30684
      1	30715
      1	30778
      1	30785
      1	30810
      1	30815
      1	30920
      2	31083
      1	31325
     10	31446
      2	31463
      1	31548
      1	31656
      3	31670
      2	31744
      1	31807
      2	31834
      1	31838
      1	31862
      1	31866
      9	31889
      1	31938
     11	32061
      1	32084
      2	32106
      1	32130
      3	32308
      2	32352
      2	32373
      1	32402
      2	32502
      1	32704
      1	32730
      3	32825
      1	32866
      1	32883
      1	33005
     12	33116
      7	33242
      3	33251
      2	33313
      5	33316
      7	33427
      1	33433
      1	33584
      1	33611
      2	33626
      4	33655
      1	33682
      1	33735
      1	33771
      1	33811
      5	33877
      1	33972
      1	33992
      1	34078
      3	34133
      1	34149
      1	34229
      1	34245
      4	34427
      1	34440
      1	34497
      2	34586
      1	34597
      6	34693
      1	34719
      2	34841
      1	34871
      7	34960
      7	35027
      1	35043
      2	35092
      1	35297
      1	35303
      1	35340
      1	35379
      1	35386
      5	35391
      2	35392
      1	35448
      1	35489
      2	35526
      1	35541
      5	35560
      2	35586
      1	35703
      1	35990
      1	36055
      2	36148
      1	36153
      1	36210
      1	36219
      2	36241
      1	36286
      1	36349
      3	36416
      1	36438
      1	36475
      1	36498
      1	36535
      3	36538
      1	36567
      1	36744
     11	36799
      3	36816
      4	36880
      1	36889
      2	37081
     12	37094
      4	37245
     15	37318
      3	37522
      1	37532
      1	37694
      1	37795
      1	37848
      1	37857
      3	37932
      1	37991
      3	38014
      7	38119
      2	38164
      1	38209
      2	38267
      2	38480
      1	38554
      1	38573
      5	38708
      1	38926
      5	38984
      7	39062
      1	39071
      2	39100
      9	39115
      1	39139
      3	39143
      5	39174
      2	39426
      1	39475
      2	39496
      1	39569
      1	39584
     10	39716
      1	39768
      1	39786
      1	39824
      1	39825
      2	39830
      3	39892
      1	40076
      2	40094
      2	40118
      6	40152
      1	40165
      2	40294
      1	40326
      3	40346
      2	40431
      1	40458
      1	40581
      1	40643
      2	40723
      1	40733
      1	40776
      2	40867
      4	40878
      4	40910
      1	40962
      3	40966
     12	41049
      2	41067
      1	41149
      3	41268
      1	41433
      1	41467
      2	41534
      1	41629
      1	41632
      2	41679
      3	41888
      1	41969
      1	42016
      2	42021
      1	42025
      1	42075
      1	42119
      1	42208
      2	42269
      4	42308
      1	42367
      2	42370
      1	42523
      3	42554
      1	42699
      1	42746
      1	42909
      2	42972
      1	43199
      1	43252
      1	43527
      1	43531
      8	43557
      2	43563
      6	43574
      2	43619
     45	43652
      2	43760
      1	43953
      5	43964
      2	44159
      1	44162
      1	44241
      1	44319
      3	44329
     47	44447
      4	44511
      2	44524
      1	44570
      1	44680
      2	44757
      1	44907
      2	44947
      1	45022
      1	45150
      1	45269
      1	45329
      6	45353
      1	45369
      1	45606
      2	45743
      1	45823
      1	45852
      1	45982
      1	45990
     24	46095
      1	46220
      5	46324
      3	46373
      2	46389
      1	46499
      1	46554
      2	46602
      1	46670
      1	46723
      1	46724
      4	46726
      1	46727
      2	46793
      2	46843
      1	46853
      1	46950
      1	47057
      3	47077
      3	47084
      6	47123
      2	47197
      1	47319
      3	47320
      6	47378
      1	47429
      1	47638
      1	47679
      1	47781
      4	47798
      1	47887
      2	47990
      1	48255
      1	48399
     47	48407
      3	48652
      1	48665
      1	48820
      1	48841
      1	48987
      1	49051
      1	49118
     31	49120
      2	49180
      2	49253
      2	49324
      1	49378
     86	49547
      3	49668
      2	49796
      1	49799
     11	49959
      5	49966
      1	49974
      4	50014
     12	50161
      3	50241
      1	50291
      4	50312
     11	50326
      2	50341
      1	50377
      1	50434
      1	50543
     17	50604
      1	50630
      1	50641
      2	50851
     10	51031
      2	51135
      2	51198
      5	51219
      2	51248
      1	51302
      2	51332
      2	51342
      3	51433
      1	51435
      4	51475
      3	51478
      1	51712
      1	51722
      3	51803
     37	51901
      1	52002
      3	52013
      2	52066
      9	52074
      1	52189
      1	52198
      5	52296
      1	52323
      3	52495
      1	52563
      1	52591
      1	52592
      1	52645
      4	52954
     23	52991
      1	53037
      2	53143
      4	53177
      1	53183
      6	53217
      5	53324
      1	53352
      3	53371
      1	53401
      1	53450
      1	53580
      7	53602
     40	53827
      1	53846
      1	53925
      4	53961
      1	54077
      1	54189
      1	54206
     10	54283
      2	54383
      7	54458
      3	54473
      1	54481
      1	54486
      4	54518
     57	54626
      1	54646
      2	54698
      1	54797
      1	54886
      3	54912
      2	55159
      1	55346
      3	55364
     14	55393
      3	55457
      2	55520
      1	55587
      2	55626
      2	55712
     57	55751
     32	55820
      1	55908
      1	55969
      1	55979
      4	56027
      2	56105
      4	56157
      1	56247
      1	56287
      1	56378
      3	56394
      2	56580
      1	56589
      1	56720
      1	56762
      1	56968
      2	57198
      1	57244
      1	57270
      1	57578
      3	57678
      1	57700
      3	57732
      2	57764
      2	57843
      1	57855
      9	57858
      1	57942
      1	58052
      3	58110
      1	58127
      1	58128
      1	58148
      1	58173
      1	58199
      1	58207
      2	58244
     33	58368
      1	58396
      1	58531
      2	58608
      1	58646
      3	58658
      1	58712
      3	58834
      1	58887
      1	58901
      1	58953
      2	59052
      1	59120
      1	59129
      2	59193
     15	59219
      1	59228
     13	59239
      3	59255
     18	59257
      2	59258
      1	59389
      2	59515
      1	59561
      1	59577
      2	59587
      1	59649
      3	59732
      2	59739
      1	59806
      5	59833
      5	59932
     17	59944
      4	60000
      1	60009
      8	60056
      1	60068
      1	60094
      2	60131
      1	60157
      1	60174
      3	60198
      1	60199
      1	60332
      1	60449
      1	60460
      1	60495
      1	60557
      1	60628
      1	60636
      2	60653
      4	60737
      1	61234
      1	61261
      7	61280
      1	61349
      2	61488
      1	61619
      2	61688
      1	61744
      1	61753
      2	61772
      1	61796
      2	61963
     11	62003
      1	62112
      1	62180
     18	62373
      1	62455
      1	62611
      1	62664
      1	62694
      1	62749
      8	62950
      1	63031
      1	63182
      1	63241
      2	63255
      1	63313
      2	63338
      1	63409
     13	63446
      1	63515
      1	63565
      1	63612
      1	63752
      1	63755
      1	63792
      1	63893
      1	63918
     36	64001
      7	64162
      3	64211
      1	64296
     11	64514
      2	64516
      1	64524
      3	64736
      1	64847
      2	64870
      3	64899
      1	64934
      1	65000
      2	65056
      1	65170
      1	65240
      2	65379
      3	65384
      4	65517
