      1	48
      2	162
      1	188
      4	378
      1	538
      5	779
      1	865
      1	880
      1	1175
      2	1497
      1	1511
      1	1818
      1	2090
      1	2251
      1	2774
      2	3126
      1	3204
      1	3236
      1	3256
      1	3425
      1	3625
      1	3690
      1	3709
      2	3932
      1	4388
      1	4780
      1	4888
      2	4926
      1	5069
      1	5079
      1	5475
      2	5510
      1	5778
      1	5792
      1	5876
      1	6012
      1	6031
      2	6275
      1	7011
      1	7113
      1	7186
      1	7403
      2	7466
      1	7646
      1	7852
      1	8172
      3	8281
      1	8290
      1	8364
      3	8515
      1	8617
      1	8843
      1	8983
      1	9204
      1	9232
      1	9327
      1	9435
      1	9483
      1	9486
      1	9564
      1	9653
      1	9824
      1	10069
      1	10191
      3	10724
      1	10744
      1	11297
      2	11584
      1	11801
      1	11964
      1	12005
      7	12397
      1	12447
      1	12597
      1	12660
      1	12676
      2	12684
      1	12724
      1	13118
      1	13388
      1	13481
      1	13490
      1	13738
      1	13747
      1	13771
      1	14070
      1	14128
      1	14171
      1	14389
      1	14392
      1	14475
      1	14654
      2	15029
      1	15303
      1	15593
      1	16554
      1	16887
      2	17027
      1	17233
      1	17267
      1	17341
      1	17975
      1	17990
      1	18313
      1	18590
      1	18677
      1	18770
      1	19016
      1	19339
      1	19585
      1	19641
      1	20172
      1	20268
      1	20896
      1	21082
      1	21203
      1	21378
      1	21476
      2	21822
      1	21885
      2	21911
      1	21981
      1	22027
      1	22097
      1	22227
      1	22392
      1	22417
      1	22625
      1	22713
      1	22995
      3	23029
      2	23050
      1	23166
      1	23385
      1	23713
      3	23864
      1	24150
      1	24406
      1	24412
      1	24506
      1	24570
      1	24615
      1	25163
      1	25293
      1	25610
      1	25620
      1	25689
      1	25695
      6	25813
      1	26002
      1	26435
      3	26777
      1	27105
      1	27230
      1	27384
      1	27519
      1	27572
      1	27944
      1	28365
      2	28438
      1	28520
      1	28605
      1	28615
      1	28855
      1	29166
      1	29538
      1	29596
      1	29657
      1	29886
      1	30313
      1	30460
      1	31238
      1	31548
      1	31588
      2	31642
      1	31831
      1	31982
      1	32114
      1	32126
      1	32204
      1	32249
      1	32345
      1	32648
      1	32871
      1	33074
      1	33137
      1	33194
      1	33292
      1	33602
      1	33972
      1	34158
      1	34371
      1	34440
      1	34479
      1	34962
      1	35114
      1	35207
      1	35223
      1	35224
      1	35310
      1	35384
      1	35622
      1	35708
      1	35821
      1	35886
      1	36056
      1	36443
      2	36659
      2	36690
      1	37042
      1	37672
      2	37709
      1	37743
      1	38381
      1	38480
      1	38665
      2	38687
      1	38709
      2	38839
      2	38888
      1	39032
      2	39159
      1	39379
      1	39471
      1	40109
      1	40169
      1	40220
      1	40439
      1	40537
      2	40661
      1	41315
      1	41753
      1	41768
      1	42261
      2	42372
      1	42425
      1	42530
      1	42966
      1	43148
      1	43528
      1	43757
      2	43832
      1	43933
      1	43996
      1	44028
      2	44078
      1	44144
      1	44254
      1	44410
      1	44440
      1	44615
      2	44666
      3	44833
      1	44961
      1	45104
      1	45219
      1	45466
      1	45748
      2	45847
      1	45876
      1	45912
      1	46132
      2	46261
      1	46402
      1	46499
      1	46595
      1	46615
      1	46978
      1	47038
      1	47648
      1	47692
      1	47996
      1	48086
      1	48147
      1	48354
      1	48434
      1	48559
      1	48746
      1	48776
      1	48924
      2	48983
      1	49078
      1	49082
      1	49346
      1	49361
      1	49362
      2	49844
      1	49884
      1	49933
      1	50209
      1	50474
      1	50776
      1	51216
      1	51255
      1	51325
      1	51392
      1	51394
      2	51427
      1	51644
      1	51720
      1	51835
      1	51949
      5	51959
      1	52114
      1	52370
      1	52414
      1	52794
      1	52848
      1	53243
      1	53349
      1	53450
      2	53479
      1	53584
      1	53746
      1	53846
      1	54024
      2	54509
      1	54778
      1	55048
      2	55207
      2	55217
      2	56027
      1	56160
      2	56187
      1	56434
      1	56762
      1	56813
      1	56915
      1	56981
      1	57092
      1	57119
      1	57234
      1	57349
      1	57489
      1	57772
      1	57836
      1	57944
      1	58104
      1	58216
      1	58224
      1	58352
      1	58372
      1	58477
      1	58543
      1	58622
      1	59001
      1	59094
      1	59096
      1	59304
      1	60020
      1	60172
      1	60344
      1	60499
      1	60775
      1	61116
      1	61261
      1	61367
      1	62427
      2	62664
      1	62711
      2	62882
      1	63073
      1	63105
      1	63198
      1	63607
      1	63705
      1	63737
      1	63987
      1	64129
      1	64541
      1	64637
      1	65009
      1	65121
      1	65373
      1	65518
