      2	11
      1	29
      1	77
      8	96
      1	121
      1	125
      2	157
      1	163
      1	196
      1	220
      1	283
      3	318
      1	322
      1	347
      1	418
      1	532
      1	582
      1	602
      1	746
      1	751
      3	789
      1	833
      4	865
      2	926
      2	931
      1	954
      1	977
      1	1049
      1	1088
      1	1163
      1	1169
      1	1248
      2	1261
      1	1263
      1	1511
      4	1558
      1	1584
      1	1640
      1	1649
      1	1768
      2	1769
      1	1785
      1	1808
      1	1906
      2	1980
      1	2042
      1	2114
      1	2124
      1	2172
      1	2329
      1	2398
      1	2426
      1	2561
      1	2638
      1	2640
      1	2735
      1	2770
      1	2823
      1	2858
      6	2907
      1	2925
      1	2931
      1	2949
      1	2955
      1	3065
      1	3124
      1	3140
      1	3246
      1	3361
      1	3479
      1	3584
      1	3661
      1	3692
      1	3698
      1	3967
      1	3982
      1	3995
      3	4034
      1	4036
      1	4067
      1	4072
      1	4130
      1	4148
      1	4271
      1	4286
      1	4318
      1	4391
      1	4422
      1	4485
      1	4499
      1	4537
      1	4578
      1	4579
      1	4583
      1	4602
      1	4605
      1	4659
      1	4689
      1	4733
      2	4780
      1	4860
      1	4861
      1	4917
      5	4939
      1	4954
      1	4976
      3	4979
      3	4982
      1	5028
      1	5031
      1	5142
      1	5284
      2	5300
      1	5408
      2	5444
     10	5445
      2	5695
      1	5744
      1	5756
      1	5766
      1	5770
      1	5837
      1	5876
      1	5880
      1	5896
      1	5943
      1	5998
      1	6116
      1	6162
      1	6226
     28	6275
      1	6379
      3	6490
      1	6493
      2	6501
      1	6562
      1	6578
      1	6601
      1	6631
      5	6667
      1	6680
      2	6932
      3	6942
      1	6970
      2	6989
      1	7011
      1	7042
      1	7106
      1	7109
      1	7191
      1	7197
      3	7216
      1	7221
      1	7256
      1	7350
      1	7386
      1	7616
      1	7644
      2	7647
      1	7706
      1	7821
      1	7851
      2	7861
      2	7875
      8	7953
      1	8051
      1	8172
      1	8227
      1	8368
      2	8476
      1	8534
      1	8547
      1	8573
      1	8693
      1	8796
      1	8801
      1	8877
      1	8900
      2	8983
      1	9006
      1	9149
      1	9301
      1	9304
      1	9363
      1	9379
      2	9437
      2	9446
      1	9448
      1	9456
     12	9473
      1	9564
      1	9566
      3	9653
      1	9680
      1	9739
      1	9780
      1	9813
      1	9817
      2	9902
      1	9915
     37	10026
      5	10045
      1	10136
      1	10159
      1	10175
      1	10321
      4	10365
      2	10410
      1	10431
      1	10554
      3	10597
      1	10610
      2	10664
      1	10818
      1	10901
      1	10935
      1	11054
      1	11069
      1	11119
      1	11170
      2	11183
      1	11206
      1	11394
      1	11521
      2	11548
      1	11626
      1	11718
      1	11725
      1	11891
      1	11980
      1	12005
      1	12037
      1	12158
      1	12313
      1	12335
      2	12584
     10	12952
      2	12997
      1	13048
      1	13210
      2	13211
      1	13261
      1	13271
      1	13363
      1	13414
      8	13438
      1	13439
      1	13504
      3	13575
      1	13653
      1	13662
      1	13773
      1	13833
      2	13992
      1	14070
      1	14071
      1	14096
      2	14177
      2	14265
      1	14385
      2	14501
      5	14545
      1	14590
      1	14594
      2	14606
      2	14654
      1	14712
      1	15035
      1	15061
      1	15093
      1	15095
      1	15109
      1	15112
      2	15118
      1	15119
      2	15183
      1	15202
      2	15212
      1	15252
      1	15266
      1	15303
      1	15306
      1	15348
      1	15386
      5	15443
      1	15503
      1	15535
     14	15661
      1	15702
      1	15704
      1	15748
      2	15806
      3	15923
      2	16007
      1	16013
      1	16073
      1	16108
     25	16117
      1	16154
      1	16261
      1	16291
      1	16362
      5	16381
      1	16444
      1	16524
      1	16532
      1	16614
      1	16652
      1	16738
      1	16758
      1	16788
      1	16793
      1	16827
      2	16890
      1	16942
      5	16972
      1	17002
      1	17048
      1	17067
      1	17120
      1	17131
      1	17139
      2	17214
      1	17229
      1	17244
      2	17267
      3	17282
      1	17339
      1	17475
      1	17494
      1	17516
      1	17636
      1	17659
      1	17731
      4	17802
      1	17835
      1	17981
      1	17989
      1	17997
      2	18010
      1	18080
      1	18290
      1	18372
      1	18422
      1	18466
      1	18472
      1	18490
      6	18498
      2	18561
      1	18612
      3	18660
      1	18759
      2	18794
      1	18905
      2	18946
      1	19030
      1	19033
      1	19049
      1	19131
      1	19152
      1	19215
      1	19342
      1	19343
      1	19460
      1	19497
      1	19571
      1	19606
      1	19622
      5	19760
      2	19830
      1	19904
      1	19943
      1	20015
      1	20034
      1	20166
      2	20170
      1	20205
      1	20212
      2	20307
      1	20347
      1	20449
      1	20464
      4	20574
      1	20602
      3	20611
      1	20847
      1	21061
      1	21133
      7	21180
      1	21238
      1	21255
      1	21282
      1	21318
      1	21342
      2	21497
      1	21541
      1	21602
      2	21623
      1	21628
      2	21639
      1	21645
      1	21650
      1	21665
      1	21699
      1	21735
      1	21777
      1	21780
      3	21791
      1	21805
      1	21864
      1	21926
      1	21930
      1	21962
      1	21974
      1	22036
      2	22077
      1	22226
      2	22249
      1	22278
     10	22378
      1	22400
      1	22444
      6	22564
      1	22609
      1	22640
      6	22867
      1	22893
      1	22901
      1	22986
      1	23013
      1	23029
      1	23033
      2	23071
      1	23078
      1	23142
      1	23273
      3	23291
      1	23342
      1	23364
      1	23499
      1	23514
      1	23526
      1	23574
      2	23583
      1	23611
      1	23729
      1	23774
      1	23811
      1	23914
      1	23940
      1	23956
      1	23997
      1	23998
      1	24026
      4	24117
      2	24212
      1	24334
      2	24405
      2	24501
      1	24724
      3	24817
      5	24858
      1	24868
      1	24915
      1	24941
      1	24963
      1	25024
      1	25167
      1	25198
      1	25368
      1	25416
      1	25455
      1	25566
      1	25631
      1	25633
      1	25762
      6	25805
      6	25888
      1	25943
      1	26160
      1	26184
      2	26231
      1	26240
      4	26466
      2	26524
      2	26563
     12	26564
      1	26610
      1	26633
      2	26685
      1	26738
      1	26739
      7	26838
      1	26922
      1	26959
      5	26970
      2	27105
      1	27127
      2	27139
      1	27141
      1	27172
      1	27227
      3	27466
      1	27615
      2	27636
      1	27649
      1	27660
      1	27691
      1	27750
      1	27790
      2	27823
      1	27832
      1	27963
      6	27980
      1	28061
      1	28218
      2	28256
      2	28365
      1	28393
      1	28418
      1	28427
      1	28478
      1	28506
      2	28524
      1	28540
      1	28614
      1	28632
      1	28772
      1	28847
      1	28889
      1	28911
      2	28980
      1	29019
      1	29116
      1	29137
      1	29228
      1	29254
      1	29255
      1	29300
      1	29377
      1	29398
      1	29445
      5	29500
      1	29626
      1	29662
      1	29697
      1	29756
      1	29808
      1	29837
      1	29907
      1	30050
      1	30099
      1	30273
      1	30288
      7	30298
      1	30321
      1	30601
      2	30644
      1	30708
      2	30724
      1	30859
      1	30886
      2	30941
      1	30983
      2	31025
      1	31042
      3	31137
      1	31205
      1	31247
      2	31280
      1	31290
      1	31304
      3	31321
      2	31360
      1	31388
      1	31553
      1	31557
      1	31562
      1	31643
      4	31656
      3	31692
      1	31694
      1	31699
      1	31706
      1	31867
      1	31908
      1	31909
      1	31979
      1	32025
      1	32060
      1	32067
      1	32106
      2	32139
      1	32181
      1	32204
      1	32211
      1	32215
      1	32244
      2	32249
      1	32339
      2	32345
      1	32404
      1	32580
      1	32616
      1	32652
      1	32675
      4	32705
      1	32747
      1	32795
      4	32797
      3	32825
      1	32960
      1	33111
      1	33153
      1	33165
      1	33242
      1	33253
      1	33267
      2	33313
      3	33362
      5	33538
      1	33579
      1	33595
      1	33660
      1	33758
      1	33789
      4	33829
      1	33881
      1	33901
      8	33940
      3	33949
      1	33953
      2	33992
      2	34143
      1	34233
      1	34288
      1	34303
      1	34323
      2	34497
      1	34543
      1	34579
      1	34592
      1	34633
      1	34692
      1	34695
      1	34730
     13	34912
      1	35009
      9	35027
      1	35051
      1	35063
      1	35077
      4	35087
      1	35169
      1	35193
      1	35310
      1	35316
      3	35392
      1	35506
      2	35588
      1	35613
      1	35672
     22	35697
      6	35782
      2	35788
      1	35821
      1	35839
      1	35952
      1	35976
      1	36090
      1	36153
      2	36174
      1	36200
      1	36210
      1	36226
      1	36274
      5	36286
      1	36437
      1	36486
      1	36538
      1	36559
      2	36651
      1	36692
      1	36706
      1	36717
      1	36752
      1	36941
      1	36943
      1	36987
      1	37044
      1	37132
      1	37185
      1	37214
      1	37298
      3	37310
      1	37395
      1	37449
      1	37499
      1	37536
      1	37554
      1	37622
      1	37625
      1	37741
      1	37758
      4	37760
      2	37782
      1	37795
      1	37796
     12	37853
      1	37904
      1	37913
      1	37940
      1	37980
      1	38013
      2	38058
      1	38136
      1	38171
      1	38184
      1	38217
      5	38238
      1	38243
      1	38280
      5	38316
      1	38394
      1	38395
      2	38452
      1	38480
      2	38520
      1	38654
      1	38720
      1	38745
      1	38747
      1	39030
      1	39032
      1	39049
      1	39098
      5	39159
      1	39204
      1	39234
      1	39379
      1	39406
      1	39436
      1	39462
      6	39476
      1	39601
      2	39775
      1	39837
      1	39877
      1	39895
      1	40063
      1	40076
      2	40115
      1	40167
      1	40269
      1	40284
      1	40570
      1	40591
      1	40607
      2	40779
      1	40784
      1	40876
      1	40935
      6	40995
      1	41121
      1	41185
      1	41217
      1	41254
      1	41311
      1	41316
      1	41363
      1	41433
      1	41442
      1	41504
      1	41621
      2	41629
      1	41650
      1	41664
      6	41760
      1	41771
      1	41777
      1	41789
      1	41828
      1	41838
      1	41882
      1	41986
      2	41988
      1	42030
      1	42073
      1	42157
      1	42185
      4	42281
      1	42289
      2	42308
      1	42497
      1	42575
      1	42607
      1	42671
      1	42866
      1	42983
      1	43013
      1	43037
      1	43058
      1	43104
      1	43137
      2	43171
      3	43204
      1	43277
      2	43319
      1	43415
      1	43455
      1	43469
     42	43531
      1	43548
      1	43566
      1	43632
      1	43755
      1	43757
      1	43811
      1	43813
      2	43818
      1	43929
      1	43953
      1	44032
      1	44195
      3	44241
      3	44297
      2	44324
      1	44329
      1	44339
      1	44372
      1	44410
      1	44412
      1	44440
      1	44442
      1	44482
      1	44489
      1	44507
      1	44560
      1	44642
      2	44787
     10	44829
      1	44896
      1	44936
      1	44978
      1	45086
      2	45111
      1	45230
      2	45269
      1	45298
      8	45457
      2	45464
      1	45548
      1	45671
     10	45737
      9	45840
      1	45951
      1	45969
     24	46025
      2	46075
      2	46083
      1	46095
      1	46212
      2	46225
      1	46523
      1	46554
      1	46589
      1	46595
      1	46606
      1	46607
      2	46717
      2	46749
      1	46753
      1	46793
      1	46848
      2	47015
      1	47025
      6	47104
      1	47175
      1	47230
      1	47250
      1	47311
      2	47315
      1	47320
      1	47367
      1	47432
      1	47440
      1	47447
      2	47457
      1	47491
      5	47583
      1	47635
      2	47756
      4	47798
      1	47873
      3	47883
      1	47905
      1	47918
      1	47969
      1	47978
      2	47999
      1	48033
      2	48037
      1	48135
      1	48369
      1	48389
      1	48412
      1	48481
      1	48490
      1	48623
      1	48636
      1	48726
      4	48929
      1	49014
      1	49073
      1	49234
      5	49236
      2	49298
      1	49362
      2	49403
      1	49457
      4	49481
      1	49541
      1	49592
      1	49595
      1	49623
      1	49652
      1	49696
      1	49885
      2	49941
      1	49956
      1	50014
      1	50072
      1	50193
      1	50238
      1	50323
      1	50339
      1	50361
      1	50366
      1	50377
      2	50382
      1	50426
      1	50479
      1	50590
      2	50663
      1	50718
      1	50793
      1	50811
      1	50863
      1	50865
      1	50929
      2	50983
      1	51007
      2	51037
      1	51081
      1	51137
      4	51198
      1	51216
      1	51219
      2	51258
      2	51259
      1	51263
      1	51325
      2	51372
      1	51434
      2	51475
      1	51511
      1	51549
      3	51576
      1	51599
      1	51662
      1	51804
      2	51827
      2	51858
      2	51874
      1	51878
      1	51949
      1	51969
      3	52189
      1	52314
      1	52331
      1	52401
      1	52420
      2	52439
      2	52465
      1	52528
      1	52530
      3	52645
      1	52716
      2	52743
      1	52794
      1	52863
      1	52885
      1	52927
      1	52986
      1	53001
      1	53004
      1	53020
      5	53157
      1	53195
      1	53205
      1	53283
      2	53401
      2	53416
      1	53519
      1	53549
      1	53584
      1	53630
      1	53648
      1	53747
     13	53846
      1	53866
      1	53903
      2	53923
     13	53925
      2	53949
      6	54044
      1	54271
      1	54274
      1	54282
      1	54465
      4	54473
      1	54507
      2	54568
      1	54647
      2	54662
      1	54909
      2	54967
      1	54993
      1	55037
      1	55152
      1	55168
      2	55190
      1	55223
      1	55344
      5	55416
      7	55475
      1	55525
      1	55567
      1	55678
      1	55682
      1	55741
      1	55751
      1	55801
      1	55842
      1	55872
      2	55886
      1	55916
      1	55983
      1	56027
      2	56093
      1	56146
     12	56187
      3	56191
      2	56192
      1	56310
      1	56361
      2	56583
      1	56593
      1	56646
      2	56658
      1	56736
      1	56756
      1	56777
      1	56821
      1	56841
      1	56953
      2	56983
      1	57028
      1	57085
      1	57131
      2	57264
      2	57268
      1	57350
      2	57375
      1	57383
      1	57428
      1	57457
      1	57492
      1	57566
      2	57579
      1	57609
      1	57617
      2	57644
      2	57654
      1	57666
      1	57688
      1	57695
      1	57705
      1	57709
      1	57720
      1	57722
      1	57751
      4	57779
      1	57919
      1	58027
      1	58052
      1	58118
      2	58190
      1	58199
      3	58244
      1	58299
      1	58311
      2	58400
      5	58519
      1	58556
      3	58645
      1	58654
      1	58808
      4	58913
      1	58947
      1	58968
      1	59014
      1	59016
      1	59058
      2	59144
      2	59400
      1	59471
      9	59571
      1	59714
      4	59758
      1	59812
      1	59854
      1	59858
      1	59903
      2	59944
      2	60014
      2	60084
      7	60098
      1	60199
      1	60462
      1	60501
      1	60528
      1	60636
      2	60682
      1	60714
      1	60734
      1	60747
      1	60748
      1	60764
      1	60808
      1	60922
      1	60983
      1	61005
      1	61067
      1	61121
      1	61129
      1	61230
      1	61233
      2	61252
      1	61253
      1	61261
      1	61330
      2	61445
      2	61452
      1	61463
      1	61464
      1	61465
      1	61514
      2	61529
      1	61540
      3	61565
      1	61572
      1	61603
      1	61610
      1	61659
      2	61769
      1	61839
      2	61840
      2	61945
      1	61953
      1	61987
      1	62003
      1	62070
      1	62117
      1	62134
      1	62208
      1	62237
      1	62243
      1	62252
      1	62304
      1	62477
      1	62479
      1	62593
      1	62672
      1	62680
      2	62724
      3	62730
      1	62759
      1	62841
      1	62868
      1	62948
      1	62956
      1	63050
      1	63173
      1	63197
      1	63279
      1	63297
      1	63301
      1	63334
      1	63409
      3	63488
      1	63522
      2	63525
     14	63565
      1	63609
     15	63642
      1	63649
      2	63696
      1	63704
      1	63827
      1	63854
      1	63976
      1	64030
      2	64067
      1	64088
      1	64196
      1	64284
      2	64376
      2	64424
      3	64447
      1	64528
      1	64530
      2	64539
      1	64598
      1	64655
      1	64673
      1	64699
      2	64859
      1	64880
     10	64950
      2	64958
      5	65042
      1	65046
      1	65099
      1	65170
      1	65172
      1	65177
      7	65206
      2	65209
      1	65224
      1	65242
      3	65289
      1	65324
      7	65340
      1	65373
      3	65384
      1	65489
      1	65499
