      1	45
      8	162
      2	197
      1	322
      2	366
      2	428
      1	446
      3	664
      1	779
      1	823
      1	845
      1	853
      1	865
      1	880
      1	1068
      1	1106
      1	1109
      3	1142
      1	1190
      1	1230
      3	1248
      2	1288
      2	1317
      2	1497
      1	1511
      1	1558
      1	1647
      1	1662
      1	1753
      2	1762
      2	1818
      5	1836
      1	1998
      2	2051
      5	2087
      3	2093
      1	2131
      4	2169
      1	2188
      1	2245
      2	2368
      1	2402
      1	2475
      2	2511
      1	2516
      1	2529
      1	2532
      1	2563
      2	2683
      1	2724
      1	2825
     12	3004
      1	3093
      1	3103
      2	3213
      1	3328
      1	3346
      2	3486
      1	3493
      1	3519
      6	3690
      1	3709
      1	3783
      2	3830
      1	3872
      2	3932
      1	3952
      3	4064
      1	4086
     12	4109
      1	4286
      1	4372
      4	4388
      1	4423
      3	4424
      1	4713
      1	4754
      2	4780
      1	4796
      1	4803
      1	4874
      3	4926
      1	4930
      3	4986
      2	5122
      1	5219
      2	5287
      1	5475
      1	5565
      2	5678
      1	5697
      1	5731
      2	5819
      1	5853
      2	5905
      2	5907
      1	5945
     13	6012
      1	6031
      1	6045
      2	6053
      1	6057
      1	6117
      3	6149
      1	6175
      1	6216
      1	6226
      1	6275
      1	6366
      1	6394
      1	6575
      1	6621
      2	6635
      1	6678
      1	6717
      1	6727
      1	6898
      1	6920
      3	6980
      2	7170
      1	7349
      1	7378
     11	7403
      4	7572
      1	7649
      1	7707
      1	7713
      1	7987
      3	8011
      3	8014
      5	8121
      1	8141
      6	8201
      1	8296
      1	8313
      2	8332
      1	8384
      1	8564
      3	8599
      1	8700
      1	8748
      3	8782
      1	8853
      1	8934
      1	8964
      1	9063
      2	9133
      1	9143
      1	9182
      1	9214
      4	9327
      2	9345
      2	9411
      4	9435
      1	9498
      1	9687
      2	9797
      1	9853
      3	9921
      1	10050
      1	10062
      4	10123
      1	10216
      1	10280
      2	10314
      1	10346
      3	10407
      1	10409
     12	10610
     16	10724
      2	10791
      1	10807
      1	10901
      1	10986
      1	11103
      1	11230
      1	11297
      1	11307
      1	11321
      1	11339
      1	11490
      3	11584
      1	11682
      1	11801
      4	11837
      1	11846
      1	11893
      1	11921
      1	11967
      1	11979
      1	11986
      1	12043
      1	12147
      1	12364
      1	12397
     32	12435
      1	12471
      3	12505
      1	12547
      1	12597
      1	12711
      2	12762
      3	12804
      2	12915
      1	12989
      2	13024
      2	13184
      1	13193
      2	13238
      3	13273
      1	13390
      1	13453
      2	13481
      2	13532
      1	13594
      6	13595
      2	13653
      1	13699
      1	13787
      2	13806
      1	13898
      1	14073
      1	14128
      1	14166
      3	14287
      1	14332
      2	14340
      2	14385
      1	14392
      1	14398
      1	14465
      1	14543
      1	14565
      1	14602
      1	14765
      1	14770
      1	14939
      1	15041
      3	15088
      1	15106
      1	15147
      2	15183
     12	15293
      4	15303
      1	15334
      1	15355
      2	15558
      2	15561
      2	15585
      1	15639
      1	15702
      2	15748
      2	15789
      1	15895
      1	15952
      1	15955
      1	16053
      2	16057
      3	16148
      1	16188
      1	16280
      1	16368
      1	16388
      2	16414
      3	16503
     10	16554
      1	16614
      4	16628
      3	16738
      1	16839
      8	16862
      1	16960
      1	17018
      2	17027
      2	17058
      1	17062
      1	17105
      1	17164
      2	17210
      1	17254
      1	17267
     21	17338
      1	17340
      3	17540
     17	17592
      1	17717
      1	17736
      1	17771
      2	17895
      2	17918
      2	17950
      1	17975
      1	18003
      1	18354
      2	18413
      2	18442
      1	18677
      1	18723
      1	18749
      2	18770
      1	18846
      1	18992
      4	19032
      2	19121
      3	19212
      1	19339
      1	19402
      1	19417
      2	19582
      4	19585
      3	19588
      2	19707
      1	19955
      7	19976
      2	20191
      1	20267
     21	20268
      1	20307
      3	20323
      1	20364
      1	20480
      1	20483
      1	20678
      1	20729
      1	20805
      2	20837
      1	20882
      2	20915
      1	20924
      1	20994
      2	21045
      1	21079
      1	21463
      1	21471
      4	21476
      2	21623
      2	21628
      2	21766
      1	21800
      3	21822
      3	21892
      1	21926
      1	21981
      1	21985
      7	22010
      1	22026
      1	22027
      1	22070
      1	22097
      1	22118
      1	22134
      1	22164
     14	22204
      1	22206
      3	22227
      2	22281
      1	22392
      3	22417
      4	22447
      1	22484
      1	22573
      1	22699
      2	22713
      6	22744
      1	22806
      3	22812
      1	22899
      1	23029
      2	23050
      3	23114
      3	23166
      1	23168
      1	23176
      1	23449
      1	23463
      1	23526
      3	23589
      1	23597
      2	23611
      1	23652
      1	23653
      1	23741
      2	23999
      1	24014
      1	24068
      2	24150
      1	24271
      1	24345
      1	24347
      1	24375
      1	24394
      2	24406
      1	24472
      2	24479
      1	24560
      1	24685
      1	24724
      1	24741
      1	24817
      3	24839
      4	24990
      1	25173
      1	25189
      1	25193
      6	25233
      1	25338
      1	25491
      2	25608
      7	25620
      1	25689
      1	25774
      1	25789
      5	25899
      1	26043
      1	26045
      6	26111
      1	26192
      4	26290
      1	26345
      1	26359
      2	26368
      1	26398
      1	26434
      3	26435
      1	26460
      1	26587
      1	26615
      4	26644
      1	26680
      1	26777
      1	26910
      1	26953
      3	27039
      1	27241
      3	27263
      1	27286
      1	27289
      1	27357
      1	27382
      1	27474
      1	27552
      2	27586
      1	27594
      1	27828
      1	27867
      5	27920
      1	27965
      1	27966
      5	28015
      1	28096
      1	28293
      1	28303
      2	28364
      1	28396
      1	28520
      8	28615
      1	28655
      1	28675
      1	28710
      1	28716
      1	28749
      1	28809
      1	28855
      9	28879
      1	28995
      1	29002
      1	29046
      1	29146
      1	29166
      1	29184
      6	29188
      1	29255
      2	29257
      1	29323
      1	29376
      1	29377
      1	29456
      1	29529
      1	29538
      6	29564
     10	29596
      1	29646
      1	29657
      1	29942
      1	30313
      3	30319
      1	30360
      1	30555
      3	30595
      3	30613
      1	30620
      1	30686
      1	30742
      1	30790
      1	30801
      1	30921
      2	31038
      1	31050
      1	31059
      1	31140
      2	31213
      2	31238
      1	31404
      1	31535
      1	31606
      1	31613
      2	31626
      1	31703
      2	31722
      2	31787
      3	31947
      1	31949
      1	31958
      1	31962
      1	32009
      1	32055
      2	32114
      2	32147
      1	32148
      3	32204
      1	32224
      1	32249
      1	32299
      8	32345
      1	32426
      1	32508
      1	32517
      1	32674
      6	32857
      5	32871
      1	33074
      2	33143
      1	33247
      1	33249
      1	33272
      2	33292
      1	33306
      1	33313
      1	33328
      4	33354
      1	33475
      1	33549
      1	33565
      1	33630
      1	33662
      1	33731
      1	33738
      1	33992
      3	34110
      4	34241
      2	34264
      2	34332
      1	34374
      1	34440
      1	34457
      1	34479
      1	34521
      1	34569
      1	34579
      1	34627
      1	34689
      1	34697
      2	34723
      1	34773
      1	34775
      1	34817
      1	34827
      1	34836
      1	34872
      2	34905
      1	34922
      1	34938
      1	34963
      5	34981
      1	35063
      1	35086
      4	35192
      1	35224
      1	35325
      1	35353
      1	35384
      1	35551
      2	35622
      2	35797
      1	35821
      1	35852
      2	35862
      1	35869
      1	36029
      1	36188
      1	36246
      1	36256
      1	36280
      2	36346
      1	36417
      3	36438
      1	36542
     10	36559
      1	36658
      1	36659
      1	36690
      1	36719
      1	36759
      5	36779
      1	36812
      1	36838
      1	36870
      1	36973
      2	36981
      1	37030
      3	37062
      1	37128
      2	37149
      3	37308
      1	37312
      1	37393
      1	37608
      2	37640
      3	37672
      1	37700
      8	37709
      5	37743
      1	37758
      1	37768
      3	37795
      1	37895
      6	38238
      1	38311
      1	38367
      2	38389
      4	38480
      4	38582
      1	38587
      1	38652
      1	38665
      2	38687
      1	38712
      2	38916
      2	38926
      2	39075
      1	39098
      4	39182
      2	39213
      1	39265
      2	39379
      1	39443
      3	39785
      2	39795
      5	39807
      1	39960
      1	39977
      1	40014
      1	40018
      1	40063
      1	40067
      1	40100
      1	40138
      1	40170
      1	40252
      1	40377
      1	40387
      3	40395
      2	40439
      1	40537
      1	40553
      1	40819
      1	40836
      2	40839
      2	41021
      1	41047
      1	41103
      1	41185
      2	41315
      2	41355
      1	41419
      1	41582
      1	41618
      1	41640
      1	41662
      6	41669
      2	41784
      2	42016
      1	42112
      1	42187
      1	42190
      1	42329
      2	42368
      1	42369
      1	42419
      1	42679
      2	42691
      3	42723
      1	42735
      1	42820
      1	42884
      3	42914
      1	43055
      1	43148
      1	43157
      1	43169
      1	43247
      1	43267
      4	43272
      1	43289
      1	43518
      3	43531
      1	43644
      1	43669
      5	43832
      2	43834
      6	43933
      3	44078
      1	44094
      3	44117
      1	44138
      1	44329
      2	44489
      2	44683
      1	44722
      1	44759
      2	44777
     10	44833
      2	44896
      1	44907
      1	44929
      3	44947
     13	44961
      1	44973
      1	45018
      1	45135
      3	45324
      1	45457
      2	45464
      1	45465
      3	45466
      1	45554
      1	45738
      1	45748
      4	45778
      4	45808
      1	45847
      1	45901
      1	46028
      4	46145
      1	46248
      1	46261
      2	46372
      1	46380
      1	46428
      1	46529
      1	46554
      1	46595
      1	46646
      1	46656
      2	46680
      3	46724
      1	46734
      1	46761
      1	46776
      1	46780
      1	46868
     14	46884
      1	46910
      1	47025
      2	47049
      1	47077
      1	47208
      5	47311
      1	47376
      3	47478
      4	47486
      1	47497
      1	47632
      1	47650
      1	47692
      6	47858
      1	47894
      3	47911
      1	47996
      1	47999
      1	48040
      2	48064
      1	48086
      1	48128
      1	48218
      1	48224
      2	48359
      1	48368
      1	48607
      1	48658
      3	48692
      1	48714
      1	48794
      1	48808
      1	48913
      1	48983
      2	49073
      1	49113
      2	49180
      2	49210
      1	49218
      1	49358
      1	49361
      1	49362
      1	49752
      2	49753
      2	49844
      1	49884
      1	49933
      1	49944
      2	50079
      4	50087
      1	50206
      1	50209
      1	50394
      1	50468
      2	50539
      1	50557
      3	50660
      2	50771
      3	50798
      2	50940
      2	50955
      4	51037
      5	51093
      3	51113
      1	51144
     12	51176
      1	51325
      1	51342
      1	51350
      1	51369
      6	51394
      2	51434
      1	51475
      1	51493
      1	51614
      1	51795
      3	51813
      3	51822
     13	51920
      1	51922
      2	51948
      4	51949
      1	51959
      1	52092
      4	52093
      1	52167
      1	52181
      1	52329
     14	52370
      1	52457
      2	52528
      1	52534
      2	52563
      3	52635
      1	52767
      2	52794
      1	52928
      1	53063
      1	53234
      1	53324
      6	53450
      5	53479
      1	53487
      1	53521
      7	53584
      2	53639
      3	53660
      1	53666
      3	53918
      2	54136
      1	54184
      1	54186
      1	54245
      2	54366
      1	54425
      2	54430
      1	54584
      1	54675
      2	54679
      1	54699
      1	54726
      1	54855
      1	54883
      1	54889
      1	54960
      4	54989
      2	55238
      1	55418
      1	55444
      1	55460
      4	55496
      1	55565
      2	55587
      1	55667
      1	55795
      4	55814
      2	55908
      1	55920
      2	55987
      2	56027
      4	56187
      2	56191
      1	56230
      1	56284
      1	56410
      1	56418
     10	56434
      2	56533
      1	56559
      1	56571
      1	56575
      1	56751
      1	56921
      1	56995
      1	57025
      2	57170
      1	57177
      5	57188
      1	57278
      1	57298
      2	57321
      4	57349
      1	57375
      2	57380
      1	57396
      2	57420
      2	57449
      2	57480
      1	57513
      3	57566
      5	57608
      3	57622
      1	57786
      8	57836
      2	57922
      1	57951
      1	58063
      1	58111
      1	58116
      1	58119
      2	58180
      1	58212
      4	58216
      2	58477
      2	58506
      3	58635
     14	58887
      1	58960
      1	58997
      1	59064
      1	59135
      1	59174
      1	59180
      1	59201
      1	59208
      2	59231
      1	59308
      1	59314
      1	59517
      1	59571
      3	59608
      7	59659
      6	59720
      1	59854
     10	60002
      2	60120
      4	60131
      1	60172
      3	60210
      1	60263
      1	60312
      1	60367
      1	60384
      1	60523
      1	60605
      3	60653
      5	60669
      2	60909
      1	60975
      2	61011
      1	61066
      1	61131
      1	61191
      1	61230
      1	61298
      1	61330
      2	61492
      4	61638
      4	61641
      1	61692
      1	61734
      1	61746
      1	61752
      1	61787
      1	61832
      2	61869
      1	61961
      1	62179
      1	62180
      1	62298
      1	62470
      1	62532
      1	62534
      1	62582
      3	62629
      2	62664
      1	62679
      3	62761
      2	62846
      3	63002
      1	63015
      1	63041
      1	63177
      1	63264
      2	63291
      1	63308
      1	63354
      3	63363
      1	63382
      1	63409
      1	63410
      1	63430
      2	63432
      1	63660
      1	63679
      1	63693
      8	63696
     12	63807
      1	63916
      8	63987
      1	64094
      1	64131
      1	64149
      1	64446
      1	64542
      2	64637
      1	64721
      1	64811
      1	64896
      1	65004
      6	65049
      2	65066
      1	65121
      4	65138
      1	65353
      1	65402
      5	65408
      1	65494
