      8	11
      1	23
      1	67
      1	78
      1	97
      2	99
      1	132
      1	179
      6	191
      1	192
      1	201
      1	208
      1	219
      1	238
      2	259
      1	308
      1	323
      4	334
      1	366
      1	367
      1	374
      1	394
      2	426
      5	446
      1	479
      1	484
      5	523
      1	534
      1	536
      1	538
      1	554
      1	558
      1	577
      2	584
      1	590
      1	597
      1	602
      2	603
      1	606
      5	608
      1	611
      1	627
      1	631
      1	645
      2	664
      1	673
      2	722
      1	753
      1	758
      1	763
      4	775
      2	786
      1	792
      1	823
      1	841
     11	851
      1	858
      1	860
      1	865
      1	873
      1	884
      1	894
      1	920
      1	926
      1	934
      2	958
      1	960
      1	967
      2	975
      1	1015
      2	1020
      1	1023
      1	1066
      1	1068
      3	1070
      1	1079
      1	1099
      1	1118
      2	1125
      1	1138
      1	1143
      2	1145
      2	1167
      1	1169
      1	1172
      2	1196
      1	1203
      1	1214
      1	1232
     11	1248
      3	1250
      2	1280
      1	1284
      2	1285
      1	1317
      1	1330
      1	1348
      2	1364
      1	1366
      1	1378
      1	1383
      1	1459
      1	1471
      1	1491
      1	1497
      1	1508
      2	1511
      4	1532
      2	1552
     51	1557
      5	1562
      1	1570
      1	1612
      1	1616
      2	1647
      1	1651
      1	1656
      1	1673
      3	1680
      1	1698
      4	1702
      6	1709
      1	1710
      1	1714
      1	1723
      1	1735
      1	1738
      1	1740
      1	1785
      3	1787
      5	1813
      1	1824
      1	1834
      1	1856
      3	1857
      1	1859
      1	1872
      1	1883
      1	1900
      2	1923
      1	1928
      2	1955
      1	1961
      1	1965
      1	1981
      2	1998
      1	2002
      2	2020
      1	2030
     12	2046
      3	2051
      3	2057
      2	2077
      5	2087
      1	2090
      1	2091
      1	2092
      1	2093
      1	2103
      1	2107
      3	2121
      1	2128
      1	2138
      4	2159
      4	2170
      1	2173
      1	2209
      1	2290
      2	2299
      1	2324
      1	2356
      2	2371
      1	2375
      1	2379
      1	2386
      1	2414
      2	2417
      2	2434
      1	2440
      1	2474
     11	2475
     23	2481
      3	2483
      1	2485
      1	2503
      6	2506
      1	2521
      3	2547
      1	2548
      2	2573
      1	2601
      1	2618
      1	2631
      2	2638
      1	2657
      3	2677
      3	2683
      1	2684
      1	2695
      1	2701
      1	2743
      1	2753
      2	2763
      1	2767
      2	2784
      3	2790
      1	2795
      1	2798
      1	2804
      2	2808
      1	2814
      2	2817
     13	2832
     36	2836
      3	2849
      1	2867
      1	2872
      2	2881
      1	2885
      1	2895
      1	2900
      1	2901
      1	2908
      1	2931
      2	2937
      1	2985
      1	2986
      2	2989
      1	3013
      1	3026
      1	3043
      1	3083
      1	3089
      1	3105
      1	3110
      2	3121
      3	3123
      5	3131
      1	3144
      1	3156
      1	3157
      3	3165
      1	3177
      1	3182
      2	3191
      2	3212
      6	3213
      1	3228
      1	3242
      2	3243
      1	3244
      1	3249
      1	3256
      1	3263
      1	3272
      1	3320
      2	3321
      4	3328
      1	3330
     11	3351
      1	3358
      1	3360
      1	3368
      1	3370
      2	3374
      3	3378
      1	3384
      1	3391
      1	3406
      1	3430
      1	3457
      7	3486
      1	3491
      1	3494
     10	3508
      2	3514
      1	3517
      1	3520
      3	3532
      1	3551
      3	3552
      1	3607
      1	3636
      1	3637
      2	3646
      5	3690
      2	3699
      2	3709
      1	3755
      1	3765
      3	3796
      1	3807
      1	3819
      1	3821
      1	3829
      1	3837
     12	3843
      1	3850
      1	3870
      1	3872
     14	3881
      1	3882
      2	3884
      1	3920
      1	3991
      2	4030
      1	4063
      2	4064
      1	4071
      1	4074
      1	4091
      2	4106
      6	4109
      1	4110
      1	4113
      2	4136
      2	4148
      2	4174
      1	4188
      4	4191
      5	4211
      1	4232
      1	4233
      1	4238
      1	4244
      1	4245
      1	4256
      1	4263
      2	4286
      3	4291
      3	4297
      1	4299
      1	4300
      3	4318
      5	4327
      2	4370
      2	4388
      1	4401
      1	4409
      2	4417
      1	4442
      1	4464
      8	4481
      1	4483
      1	4485
      1	4510
      1	4544
      2	4545
      2	4576
      2	4592
      1	4598
      2	4604
      9	4609
      1	4621
      1	4624
      1	4626
      1	4670
      2	4672
      1	4724
      1	4731
      2	4732
      1	4766
      1	4785
      3	4796
      2	4817
      2	4849
      1	4856
      1	4906
      1	4926
      5	4930
      4	4937
      1	4943
      1	4960
      1	4966
      1	5011
      1	5017
      1	5022
      2	5029
      1	5030
      1	5043
      1	5052
      1	5076
      6	5099
      1	5111
      1	5116
      1	5129
      1	5137
      1	5151
      1	5154
      8	5160
      3	5161
      1	5166
      1	5178
      1	5188
      2	5212
      3	5231
      1	5238
      3	5267
      1	5271
      1	5276
      6	5287
      1	5291
      2	5293
      1	5295
      1	5300
      3	5301
      1	5314
      1	5329
      2	5346
      1	5352
      1	5356
      4	5361
      1	5403
      2	5408
      1	5422
      1	5423
      1	5424
      2	5442
      1	5452
      2	5463
      3	5475
      1	5487
      2	5540
      1	5563
      1	5571
      1	5578
      1	5588
      1	5640
      1	5652
      2	5697
      4	5698
      1	5729
      3	5731
      1	5744
      2	5774
      3	5783
      1	5811
      1	5820
      1	5823
      1	5846
      1	5851
      2	5855
      1	5871
      2	5888
      1	5894
      1	5902
      2	5905
      1	5908
      1	5926
      1	5927
      1	5933
      1	5945
      2	5949
      2	5956
      1	5961
      1	5989
      1	6000
      1	6016
      2	6020
      1	6098
      1	6101
      1	6119
      8	6128
      1	6143
      5	6148
      1	6149
      2	6156
      1	6168
      1	6177
      1	6180
      1	6183
      1	6184
      1	6191
      1	6197
      1	6208
      1	6217
      1	6247
      2	6276
      1	6330
      1	6339
      2	6363
      2	6370
      3	6382
      1	6395
      1	6404
      2	6411
      1	6423
      1	6425
      2	6439
      1	6497
      1	6537
      1	6541
      1	6551
      1	6553
      9	6575
      1	6578
      1	6584
      1	6587
      1	6601
      1	6614
      1	6621
      2	6626
      2	6640
      1	6689
      1	6707
      1	6727
      3	6736
      1	6748
      1	6758
      1	6763
      1	6796
      1	6832
      1	6883
      3	6914
      1	6929
      3	6947
      1	6949
      1	6959
      5	6980
      1	7013
      1	7015
      2	7039
      1	7040
      7	7041
      4	7069
      1	7071
      1	7109
      1	7113
      2	7117
      1	7130
      1	7141
      9	7144
      1	7145
      1	7167
      1	7189
      1	7191
      5	7221
      1	7282
      1	7310
      1	7313
      1	7322
      7	7323
      1	7332
      1	7359
      1	7403
      1	7415
      1	7419
      1	7435
      1	7450
      5	7466
      1	7552
      1	7567
      1	7579
      2	7590
      2	7601
      2	7615
      5	7672
      1	7680
      1	7693
      1	7702
      2	7707
      5	7713
      1	7716
      2	7723
      1	7733
     17	7746
      1	7749
      1	7790
      3	7798
      1	7810
      3	7815
      1	7820
      1	7825
      2	7845
      1	7859
      1	7869
      1	7882
      1	7889
      2	7905
      1	7910
      1	7912
      1	7926
      2	7935
      1	7949
      1	7967
      4	8011
      2	8014
      2	8019
      1	8023
      1	8047
      1	8071
      1	8076
      2	8093
      1	8101
      3	8119
      6	8125
      1	8139
      2	8141
      2	8146
      2	8173
      1	8183
      1	8201
      2	8202
      1	8213
      1	8239
      1	8243
      4	8264
      2	8281
      1	8290
      1	8312
      1	8316
      2	8332
      3	8345
      1	8370
      2	8376
      2	8378
      1	8381
      2	8395
      1	8399
      4	8407
      1	8441
      1	8452
      1	8495
      1	8513
      1	8526
      2	8537
      3	8550
      1	8564
      2	8589
      3	8599
      1	8623
      1	8626
      1	8634
      1	8645
      1	8656
      1	8660
      2	8666
      1	8677
      2	8681
      6	8707
      1	8718
      3	8736
      1	8753
      1	8760
      1	8767
      1	8782
      2	8801
      1	8808
      2	8826
      2	8840
      1	8849
      2	8873
      1	8913
      2	8934
      1	8953
      1	8964
      1	8999
      2	9014
      1	9020
      1	9029
      2	9031
      1	9032
      1	9058
      4	9102
      1	9108
      1	9120
      1	9121
      1	9157
      1	9180
      3	9186
      2	9188
      1	9210
      2	9211
      1	9212
      1	9217
      5	9234
      2	9240
      2	9241
      1	9256
      2	9262
      1	9268
      5	9281
      1	9317
      1	9324
      1	9327
      1	9334
      4	9345
      1	9374
      1	9377
      1	9383
      2	9386
      1	9408
      1	9424
      2	9483
      1	9497
      2	9498
      1	9510
      1	9516
      8	9540
      3	9543
      2	9546
      1	9547
      4	9583
      1	9609
      1	9610
      1	9656
      1	9687
      2	9697
      2	9711
      2	9713
      1	9714
      1	9722
      1	9726
      4	9728
      1	9730
      1	9760
      1	9765
      1	9780
      1	9788
      1	9797
      1	9805
      1	9811
      1	9824
      2	9826
      1	9831
      2	9843
      1	9869
      2	9880
     15	9896
      1	9928
      1	9949
      1	9952
      2	9960
      1	9969
      1	9992
      1	9993
      2	9999
      1	10001
      2	10009
      3	10026
      3	10028
      1	10037
      1	10040
      1	10069
      1	10070
      1	10075
      2	10083
      1	10119
      1	10121
      2	10160
      4	10205
      1	10214
      2	10216
      1	10228
      1	10230
      2	10233
      1	10243
      1	10248
      1	10251
      1	10262
      1	10266
      1	10280
      1	10282
      4	10314
     37	10324
      1	10340
      1	10346
      1	10348
      1	10354
      2	10359
      3	10361
      4	10365
      1	10373
      2	10374
      1	10395
      1	10397
      1	10401
      1	10407
      2	10409
      1	10422
      1	10470
      1	10472
      1	10483
      1	10485
      2	10576
      1	10578
      2	10600
      1	10603
      1	10612
      9	10637
      1	10662
      3	10684
      2	10705
      1	10711
      1	10723
      6	10724
      1	10744
      3	10746
      1	10750
      3	10759
      4	10762
      1	10763
      1	10769
      1	10780
      1	10793
      1	10797
      1	10798
      2	10818
      1	10819
      1	10822
      1	10824
      1	10866
      1	10900
      3	10904
      2	10908
      1	10913
      1	10935
      1	10940
      1	10968
      1	10974
      1	10978
      1	10987
      1	11012
      1	11075
      1	11077
      1	11096
      1	11153
      1	11162
      1	11223
      1	11237
      3	11278
      1	11290
      6	11307
      1	11362
      1	11364
      1	11366
      8	11382
      2	11404
      3	11411
      1	11433
      2	11439
      2	11445
      1	11468
      1	11479
      1	11488
      1	11490
      1	11491
      1	11498
      1	11501
      3	11534
      2	11535
      1	11550
      1	11557
      1	11589
      1	11608
      4	11630
      1	11642
      1	11652
      4	11653
      3	11659
      1	11682
      1	11701
      2	11704
      1	11762
      1	11765
      3	11794
      1	11795
      1	11826
      2	11869
      1	11882
      1	11893
      1	11926
      5	11933
      6	11951
      6	11967
      1	11969
      1	11982
      2	11985
      1	11986
      1	12004
      6	12010
      1	12028
      4	12043
      1	12044
      1	12088
      1	12098
      1	12120
      1	12123
      1	12143
      1	12177
      1	12212
      1	12253
      1	12260
      1	12273
      1	12307
      1	12323
      1	12342
      1	12344
      1	12356
      1	12359
      1	12367
      1	12378
      1	12396
     16	12397
      5	12401
      1	12403
      1	12409
      1	12431
      1	12500
      1	12501
      1	12502
      7	12505
      1	12543
      1	12545
      1	12582
      7	12583
      2	12597
      3	12611
      1	12626
      1	12651
      2	12667
      1	12684
      5	12703
      1	12704
      1	12731
      1	12737
      1	12747
     14	12762
      1	12763
      2	12764
      1	12786
      4	12794
      1	12801
      4	12804
      1	12809
      3	12814
      1	12818
      1	12819
      1	12840
      1	12855
      2	12881
      4	12887
      1	12945
     14	12948
      3	12956
      1	12958
      3	12967
      1	12970
      3	12975
      1	12993
      1	12997
      1	13007
      3	13009
      1	13012
      1	13025
      1	13029
      1	13067
      1	13123
      1	13132
      1	13180
      2	13193
      1	13194
      1	13197
      1	13235
      1	13238
      1	13283
      1	13301
      1	13327
      3	13345
      1	13366
      1	13377
      2	13388
      1	13390
      1	13410
      1	13437
      1	13478
      2	13481
      2	13485
      1	13488
      8	13490
      1	13496
      3	13500
      3	13502
      1	13503
      1	13528
      2	13533
      1	13555
      1	13572
     32	13595
      1	13600
      2	13644
      1	13662
      7	13680
      3	13682
      3	13691
      2	13712
      1	13717
      3	13720
      1	13722
      1	13724
      1	13747
      1	13752
      1	13753
      1	13763
      1	13765
      1	13768
      4	13777
      1	13801
      1	13835
      1	13839
      1	13886
      2	13891
      1	13926
      4	13933
      1	13961
      1	13992
      1	14033
      2	14053
      2	14120
      1	14128
      1	14137
      1	14159
      2	14189
      2	14213
      2	14249
      1	14275
      4	14287
      3	14298
      1	14299
      2	14302
      1	14325
      1	14326
      1	14332
      1	14340
      1	14359
      1	14376
      1	14385
      2	14395
      1	14401
      1	14417
      1	14430
      1	14477
      1	14498
      2	14514
      1	14518
      4	14537
      2	14540
      1	14543
      1	14580
      3	14643
      1	14650
      1	14671
      1	14674
      1	14682
      1	14684
      1	14712
      3	14724
      1	14730
      1	14740
      1	14768
      1	14787
      2	14790
      1	14798
      1	14841
      1	14849
      2	14866
      1	14869
      1	14890
      1	14891
      2	14900
      2	14908
      1	14912
      1	14920
      1	14938
      6	14941
      2	14950
      2	14958
      2	14960
      5	14969
      1	14976
      6	14984
      1	15018
      1	15029
      1	15038
      3	15041
      1	15083
      2	15084
      1	15112
      1	15125
      2	15132
      9	15160
      1	15163
      1	15202
      1	15204
      4	15208
      1	15217
      1	15228
      1	15234
      1	15235
      1	15244
      2	15256
      3	15290
      1	15330
      1	15353
      4	15355
      2	15397
      1	15399
      1	15450
      4	15461
      1	15465
      1	15508
      1	15548
      1	15552
      2	15561
      1	15562
      1	15566
      1	15574
      2	15581
      1	15586
      2	15593
      2	15599
      1	15607
      1	15619
      1	15641
      1	15650
      1	15656
      1	15663
      1	15733
      1	15748
      1	15762
      1	15764
      1	15770
      1	15779
      1	15789
      4	15800
      2	15831
      1	15847
      1	15854
      1	15862
      1	15868
      2	15875
      1	15881
      1	15882
      2	15911
      1	15917
      1	15929
      9	15939
      1	15974
      1	15984
      4	15985
      1	15992
      1	16000
      1	16023
      1	16024
      4	16032
      1	16034
      1	16038
      3	16039
      1	16054
      1	16084
      1	16108
      1	16110
      2	16112
      1	16117
      2	16135
      1	16148
      1	16151
      5	16153
      1	16164
      1	16181
      1	16192
      1	16202
      1	16230
      5	16241
      1	16262
      1	16279
      2	16284
      8	16340
      1	16342
      1	16345
      1	16348
      2	16365
      1	16373
      1	16383
      2	16387
      1	16388
      1	16400
      1	16408
      3	16414
      7	16418
      3	16421
      1	16439
      1	16442
      2	16457
      4	16503
      1	16513
      2	16515
      3	16529
      2	16554
      1	16560
     23	16561
      1	16589
      1	16604
      3	16614
      8	16620
      5	16628
      1	16648
      1	16660
      2	16672
      1	16682
      1	16683
      2	16693
      4	16694
      3	16695
      1	16704
      1	16713
      3	16718
      1	16728
      1	16778
      1	16782
      2	16793
      1	16810
      1	16812
     16	16833
      1	16853
      1	16904
      1	16907
      1	16917
      1	16957
      1	16968
      1	16991
      1	17004
      1	17011
      1	17027
      1	17058
      1	17062
      2	17067
      6	17125
      1	17160
      2	17164
     14	17168
      1	17185
      1	17192
      1	17210
      1	17214
      1	17216
      3	17225
      1	17260
      1	17264
      2	17267
      1	17273
      1	17283
      1	17292
      1	17295
      9	17311
      2	17314
      1	17321
      1	17324
      1	17333
      2	17338
      2	17342
      6	17347
      3	17352
      1	17354
      3	17368
      2	17375
      1	17391
      3	17408
      2	17445
      1	17466
      3	17469
      1	17474
      1	17498
      1	17508
      1	17512
      1	17540
      1	17547
      2	17578
      2	17592
      1	17641
      1	17652
      1	17656
      2	17665
      1	17672
      1	17695
      3	17697
      1	17715
      1	17754
      1	17759
      1	17765
      1	17769
      3	17773
      1	17789
      1	17801
      1	17817
      1	17824
      9	17829
      1	17833
      1	17845
      1	17861
      1	17863
      2	17879
      1	17880
      1	17882
      3	17884
      2	17921
      1	17937
     16	17975
      1	17979
      2	17989
      1	17990
      1	18012
      1	18019
      1	18024
      1	18025
      1	18043
      1	18065
      1	18073
      2	18081
      1	18091
      6	18102
      1	18107
      1	18172
      3	18174
      1	18176
      1	18195
      1	18244
      2	18264
      1	18277
      3	18310
      1	18315
      2	18349
      1	18352
      1	18353
      3	18388
      1	18391
      1	18406
      1	18420
      1	18444
      1	18445
      5	18449
      1	18472
      1	18473
     10	18498
      1	18500
      1	18504
      4	18518
      1	18539
      1	18562
      1	18570
     10	18590
      1	18603
      1	18611
      1	18650
      6	18660
      1	18686
      3	18691
      3	18720
      1	18723
      4	18737
      1	18740
      1	18757
      5	18770
      1	18771
      2	18781
      2	18799
      1	18801
      1	18806
      1	18854
      5	18857
      1	18864
      1	18880
      1	18905
      1	18907
      1	18925
      3	18935
      2	18992
      2	19016
      1	19032
      1	19049
      1	19100
      1	19101
      1	19110
      1	19113
      1	19127
      2	19150
      1	19184
      1	19190
      1	19212
      1	19225
      1	19239
      2	19248
      1	19292
      1	19304
      3	19313
      1	19326
      1	19354
      7	19356
      4	19402
      1	19403
      2	19410
     19	19417
      4	19425
      1	19435
      5	19445
      1	19460
      1	19471
      1	19482
      2	19493
      1	19499
      7	19510
      1	19530
      1	19541
      1	19560
      3	19572
      4	19577
      1	19585
      1	19622
      1	19623
      2	19624
      1	19633
      5	19640
      1	19650
      1	19665
      1	19670
      6	19682
      5	19692
      5	19706
      1	19713
      1	19718
      2	19724
      1	19740
      1	19752
      1	19800
      1	19849
      1	19889
      1	19891
      3	19903
      1	19929
      2	19989
      1	19992
      1	20003
      1	20012
      1	20024
      1	20030
      1	20031
      2	20040
      1	20051
      1	20078
      1	20081
      2	20117
      3	20160
      1	20162
      1	20179
      1	20185
      2	20226
      3	20236
      1	20244
      2	20256
      1	20261
      3	20268
      3	20284
      1	20289
      1	20315
      2	20323
      1	20340
      1	20343
      1	20347
      2	20349
      2	20364
      1	20402
      1	20416
      1	20448
      3	20453
      1	20482
      1	20490
      1	20609
      2	20610
      4	20611
      1	20630
      1	20657
      3	20658
      1	20662
      2	20681
      2	20687
      1	20740
      6	20768
      1	20773
      1	20784
      1	20785
      2	20788
      2	20791
      1	20794
      3	20804
      2	20810
      9	20827
      1	20852
      4	20865
      1	20869
      6	20874
      2	20882
      1	20917
      3	20960
      2	20976
      1	20981
      1	20991
      1	20997
      1	21046
      1	21060
      1	21102
      1	21152
      5	21162
      2	21180
      2	21188
      2	21201
      2	21213
      3	21215
      1	21227
      3	21231
      1	21249
      1	21250
      1	21251
      1	21271
      1	21282
      1	21291
      1	21335
      2	21340
      1	21343
      1	21363
      2	21380
      2	21383
      1	21424
      1	21428
      1	21435
      1	21444
      1	21452
      1	21455
      2	21466
      1	21471
      1	21476
      5	21485
      3	21507
      1	21513
      1	21543
      1	21589
      1	21590
      1	21595
      1	21605
      1	21607
      1	21625
      1	21628
      1	21647
      3	21660
      1	21664
      2	21666
      1	21684
      4	21686
      1	21698
      2	21716
      1	21777
      1	21805
      2	21833
      2	21836
      2	21842
      1	21877
      1	21892
      3	21911
      1	21919
      2	21930
      1	21939
      1	21945
      1	21958
      2	21981
      1	22005
     20	22010
      8	22016
      1	22019
      1	22053
      1	22055
      5	22074
      1	22082
      5	22089
      2	22097
      5	22118
      1	22147
      1	22151
      2	22177
      2	22180
      2	22211
      1	22228
      1	22235
      2	22281
      1	22288
      1	22292
      2	22304
      2	22329
      3	22330
      1	22350
     13	22351
      1	22354
      1	22358
      2	22365
      1	22374
      1	22383
      1	22392
      1	22415
      1	22417
      1	22436
      7	22447
      1	22450
      1	22478
      1	22495
      2	22496
      3	22516
      1	22523
      1	22533
      1	22545
      1	22547
      1	22573
      1	22577
      1	22591
      1	22593
      1	22611
      1	22621
      1	22625
      2	22643
      1	22646
      3	22671
      2	22699
      1	22701
      1	22710
      1	22713
      1	22731
      4	22739
      1	22751
      4	22775
      1	22784
      1	22799
      2	22806
      1	22807
      2	22812
      1	22821
      1	22834
      1	22841
      1	22850
      2	22866
      2	22886
      1	22902
      2	22915
      1	22919
     15	22923
      2	22944
      1	22945
      1	22954
      1	22960
      1	22980
      1	22993
      1	23002
      3	23022
      1	23029
      1	23064
      2	23065
      1	23073
      1	23091
      4	23103
      1	23114
      1	23125
      1	23137
      1	23146
      1	23166
      2	23168
      1	23191
      1	23192
      1	23217
      1	23219
      1	23238
      1	23244
      1	23250
      1	23252
      4	23257
      1	23266
      2	23267
      1	23268
      1	23273
      1	23298
      1	23308
      1	23323
      2	23326
      1	23337
      2	23354
      2	23357
      1	23395
      1	23400
      1	23401
      1	23410
      1	23412
      2	23455
      1	23517
      1	23543
      1	23553
      1	23559
     13	23577
      1	23589
      1	23638
      1	23653
      4	23673
      1	23688
      1	23703
      1	23711
      2	23730
      2	23771
      1	23794
      1	23797
      1	23799
      1	23805
      1	23822
      1	23827
      1	23828
      1	23833
      1	23842
      5	23869
      1	23907
      2	23923
      1	23936
      1	23944
      1	23949
      5	23999
      1	24037
      2	24042
      1	24052
      2	24058
      2	24063
      2	24075
      2	24092
      1	24117
      1	24135
      4	24136
     11	24141
      1	24160
      1	24175
      1	24176
      6	24210
      1	24212
      3	24227
      1	24276
      1	24279
      1	24286
      1	24290
      1	24321
      1	24331
      5	24333
      8	24337
      1	24338
      3	24339
      2	24345
      1	24352
      1	24375
      1	24376
      1	24378
      2	24382
      3	24393
      2	24394
      1	24411
      1	24423
      1	24424
      1	24441
      1	24450
      1	24461
      2	24469
      2	24482
      1	24509
      1	24519
      1	24537
      1	24541
      2	24589
      2	24610
      1	24613
      1	24625
      2	24646
      2	24655
      1	24656
      1	24687
      1	24704
      1	24712
      4	24714
      1	24740
      2	24770
      1	24780
      2	24794
      1	24806
      1	24807
      2	24818
      3	24821
      1	24826
      1	24839
      2	24853
      1	24855
      1	24858
      1	24867
      1	24869
      2	24881
      1	24885
      1	24886
      1	24915
      1	24917
      1	24960
      2	24976
      3	24992
      1	25006
      1	25017
      1	25019
      1	25040
      2	25056
      2	25059
      1	25060
      1	25080
      1	25084
      1	25092
      1	25111
      8	25129
      1	25133
      1	25141
      1	25144
      1	25152
      2	25156
      2	25173
      1	25177
      1	25186
      1	25195
      1	25198
      1	25297
      2	25311
      1	25338
      8	25358
      2	25360
      1	25372
      3	25393
      2	25401
      1	25411
      1	25433
      1	25444
      2	25448
      2	25454
      1	25461
      2	25462
      1	25465
      1	25472
      4	25488
      1	25508
      1	25515
      4	25516
      4	25517
      3	25535
      1	25538
      4	25553
      2	25556
      1	25568
     10	25573
      1	25618
      1	25634
      2	25642
      1	25655
      3	25667
      1	25683
      4	25685
      7	25689
      1	25697
      2	25701
      1	25711
      1	25725
      1	25757
      1	25777
     22	25787
      1	25813
      1	25825
      3	25834
      1	25839
      1	25846
      3	25865
      1	25874
      1	25880
      1	25894
      2	25899
      2	25900
      4	25920
      1	25946
      1	25959
      2	25960
      1	25961
      3	25966
      1	25983
      5	25988
      1	26005
      1	26036
      1	26053
      1	26081
      1	26111
      1	26131
      1	26144
      1	26147
      1	26158
      1	26177
      1	26203
      1	26207
      1	26217
      1	26224
      5	26226
      2	26246
      1	26251
      1	26285
      4	26290
      1	26299
      1	26327
      1	26360
      3	26385
      1	26391
      5	26398
      1	26409
      3	26414
      1	26420
      6	26435
      2	26447
      3	26453
      3	26458
      1	26476
      1	26479
      1	26483
      1	26488
      1	26550
      1	26551
      1	26564
      1	26574
      1	26587
      3	26615
      1	26621
      1	26625
      1	26637
      1	26646
      1	26666
      1	26672
      1	26748
      1	26751
      1	26769
      6	26777
      1	26798
      1	26799
      1	26809
     30	26826
      2	26842
      1	26849
      2	26870
      1	26884
      1	26886
      1	26887
      3	26888
      1	26909
      1	26978
      1	27025
      1	27030
      1	27033
      4	27039
      1	27052
      1	27083
      1	27117
      1	27118
      1	27135
      1	27138
      1	27151
      6	27154
      2	27155
      1	27169
      1	27201
      1	27230
      1	27272
      5	27286
      1	27310
      2	27339
      1	27346
      2	27357
      1	27361
      2	27385
      1	27388
      1	27396
      1	27397
      1	27428
      2	27446
      1	27463
      1	27471
      1	27474
      1	27491
      1	27499
      5	27519
      1	27530
      1	27546
      2	27552
      1	27559
      1	27561
      3	27576
      5	27596
      1	27610
      1	27671
      2	27699
      4	27710
      1	27716
      1	27726
      1	27727
      3	27744
      1	27755
      6	27771
      1	27773
      1	27789
      1	27807
      1	27810
      1	27828
      1	27834
      2	27837
     48	27867
      2	27873
      2	27891
      1	27902
      1	27904
      1	27910
      2	27920
      1	27940
      1	27954
      1	27972
     46	28012
      3	28034
      2	28048
      3	28058
      1	28070
      1	28071
      1	28079
      1	28118
      1	28127
      1	28145
      1	28169
      1	28198
      2	28209
      1	28245
      1	28256
      2	28257
      1	28272
      1	28277
      1	28286
      2	28313
      1	28314
      4	28324
      2	28328
      1	28364
      1	28410
      1	28415
      5	28427
      2	28438
      3	28468
     27	28484
      4	28495
      1	28496
      2	28509
      1	28517
      2	28520
      2	28538
      1	28541
      4	28550
      1	28557
      1	28560
      7	28575
      1	28579
      1	28580
      1	28581
      1	28592
      8	28605
      1	28624
      1	28628
      2	28642
      2	28651
      1	28667
      1	28716
      2	28730
      4	28731
      1	28746
      1	28747
      1	28763
      1	28779
      3	28795
      5	28803
      3	28809
      1	28824
      1	28827
      4	28855
      2	28879
      1	28890
      1	28899
      5	28900
      1	28908
      4	28929
      1	28952
      3	28960
      4	28974
      1	28990
      3	28993
      4	29002
      1	29015
      1	29033
      1	29054
      7	29090
      6	29091
      1	29095
      1	29116
      1	29119
      1	29122
      1	29136
      1	29140
      1	29146
      6	29166
      3	29202
      1	29203
      1	29204
      1	29248
      3	29255
      4	29257
      1	29270
      2	29271
      1	29311
      1	29314
      2	29320
      2	29326
      3	29341
      1	29347
      4	29368
     56	29408
      2	29457
      4	29469
      4	29478
      1	29492
      1	29497
      1	29499
      1	29504
      1	29516
      1	29529
      1	29538
      1	29566
      1	29584
      9	29596
      1	29639
      1	29662
      3	29667
      1	29719
     13	29723
      1	29733
      4	29735
      1	29757
      1	29771
      2	29772
      1	29784
      2	29801
      1	29808
      1	29809
      2	29826
      1	29829
      1	29857
      1	29861
      2	29899
      1	29906
      1	29917
     13	29945
      2	29946
      1	29948
      1	29955
      2	29964
      1	29969
      3	29994
      1	30007
      1	30023
      1	30032
      1	30050
      1	30056
      1	30057
      1	30062
      1	30066
      1	30078
      2	30097
      1	30123
      2	30131
      2	30162
      1	30165
      1	30175
      3	30177
      1	30202
      1	30229
      2	30246
      4	30269
      4	30282
      2	30316
      1	30318
      1	30324
      3	30334
      1	30335
      1	30362
      3	30384
      1	30390
      9	30392
      1	30414
      5	30460
      1	30491
      1	30506
      1	30534
      1	30544
      5	30552
      1	30555
      1	30562
      1	30573
      1	30578
      1	30580
      2	30590
      3	30592
     10	30595
      1	30600
      1	30611
      1	30624
      1	30632
      1	30643
      4	30655
      1	30661
      1	30665
      1	30733
      1	30742
      1	30754
      1	30780
      7	30788
      1	30801
      1	30811
      3	30824
      1	30827
      1	30848
      3	30857
      5	30867
      2	30921
      1	30930
      1	30935
      2	30939
      3	30946
      1	30947
      1	30954
      1	31001
      4	31011
      2	31032
      6	31037
      1	31039
      2	31050
      2	31062
      2	31086
      1	31088
      1	31097
      3	31111
      2	31115
      1	31121
      3	31140
      1	31153
     12	31156
      1	31178
      1	31200
      1	31256
      1	31258
      1	31263
      2	31265
      2	31281
      3	31337
      1	31350
      2	31356
      1	31373
      1	31376
      1	31395
      2	31412
      3	31416
      2	31424
      2	31437
      1	31447
      6	31470
      2	31476
      1	31499
      1	31501
      4	31510
      1	31515
      2	31548
      2	31550
      2	31562
     11	31573
      2	31615
      1	31623
      2	31626
      2	31631
      1	31632
      1	31664
      1	31670
      1	31685
      4	31693
      1	31712
      1	31766
      1	31776
      1	31778
      1	31788
      1	31836
      1	31849
      1	31853
      1	31873
      2	31896
      2	31904
      2	31908
      1	31915
      1	31919
      1	31934
      1	31945
      2	31949
      3	31958
      2	31962
      1	32020
      1	32032
      1	32045
      3	32046
      1	32048
      4	32055
      2	32079
      1	32089
      1	32121
      1	32126
      1	32132
      1	32147
      1	32169
      1	32172
      1	32175
      2	32177
      1	32188
      1	32204
      2	32249
      1	32256
      2	32271
      1	32279
      1	32288
      1	32320
      5	32345
      5	32377
      2	32379
      2	32389
      1	32391
      1	32394
      1	32397
      1	32409
      2	32414
      5	32424
      1	32425
      3	32426
      3	32429
      1	32475
      2	32483
     12	32497
      2	32504
      1	32558
      1	32568
      1	32574
      1	32590
      1	32596
     10	32611
      2	32620
      1	32631
     11	32646
      1	32651
      3	32657
      2	32662
      1	32667
      1	32675
      1	32677
      1	32678
      2	32683
      1	32693
      1	32704
      1	32706
      2	32731
      1	32733
      1	32743
      1	32747
      1	32754
      1	32770
      1	32822
      3	32857
     13	32863
      1	32890
      1	32904
      1	32912
      1	32930
      1	32941
      1	32967
      2	32978
      1	32983
      1	32992
      2	32995
      2	33035
      2	33064
      1	33074
      2	33127
      1	33144
      1	33170
      4	33176
      1	33194
      1	33201
      1	33210
      4	33226
      2	33244
      1	33250
      1	33271
      1	33275
      1	33291
      7	33292
      2	33296
      5	33308
      1	33311
      1	33348
      1	33351
      1	33355
      1	33375
      1	33380
      1	33388
    249	33458
     11	33467
      2	33469
      1	33475
      1	33476
      3	33477
      3	33484
      2	33486
      1	33493
      1	33502
      1	33516
      1	33534
      1	33549
      1	33550
      1	33555
      2	33562
      2	33662
      2	33682
      1	33685
      2	33687
      1	33718
      2	33727
      1	33731
      1	33738
      1	33755
      1	33763
      1	33775
      6	33788
      2	33809
      5	33814
      1	33820
      1	33841
      1	33844
      1	33863
      1	33879
      1	33889
      1	33903
      2	33912
      3	33917
      1	33927
      2	33941
      1	33964
      3	33971
      3	33981
      2	33997
      1	34000
      1	34014
      1	34018
      1	34035
      1	34056
      1	34063
      2	34081
      1	34083
      3	34110
      1	34158
      1	34162
      1	34165
      2	34170
      1	34194
      1	34197
      2	34222
     19	34241
      1	34256
      1	34257
      1	34259
      1	34264
      1	34284
      1	34288
      1	34289
      4	34296
      1	34301
      1	34313
      1	34318
      1	34326
      1	34344
      1	34364
      1	34375
      7	34391
      1	34393
      1	34399
      2	34401
      1	34402
      2	34405
      2	34426
      1	34427
      1	34428
      1	34457
      2	34464
      1	34508
      2	34528
      1	34538
      1	34539
      1	34550
      1	34570
      3	34576
      1	34579
      3	34608
      1	34646
      1	34650
      1	34676
      1	34708
      1	34723
      3	34773
      1	34787
      3	34803
      1	34817
      1	34833
      2	34836
      1	34839
      1	34884
      1	34906
      1	34938
      2	34947
      1	34975
      1	34984
      8	34987
      1	34993
      1	35000
      1	35024
      1	35029
      1	35047
      1	35056
      1	35062
      1	35085
      2	35094
      1	35105
      1	35110
      6	35115
      1	35126
      2	35162
      2	35166
      2	35170
      2	35183
      1	35192
      1	35195
      2	35207
      1	35208
      2	35212
      1	35220
      2	35223
      1	35235
      4	35237
      1	35308
      2	35311
      2	35312
      1	35313
      2	35318
      2	35325
      1	35326
      1	35362
      2	35384
      2	35404
      1	35420
      1	35425
      1	35476
      2	35498
      3	35551
      1	35554
      1	35594
      1	35597
      2	35606
      2	35617
      1	35622
      2	35649
      1	35659
     34	35708
      1	35716
      4	35717
      1	35743
      1	35749
      1	35766
      3	35801
      2	35818
      1	35835
      3	35838
      1	35842
      1	35865
      1	35900
      1	35904
      1	35907
      2	35923
      1	35937
      7	35949
      1	35951
      1	35955
      1	35971
      1	36005
      1	36015
     15	36028
      4	36071
      1	36074
      3	36082
      1	36083
      1	36097
      1	36098
      1	36149
      2	36163
      1	36186
      3	36191
      2	36193
      1	36233
      3	36247
      1	36250
      1	36276
      1	36289
      3	36300
      1	36301
      1	36311
      1	36338
      1	36346
      1	36351
      1	36359
      5	36368
      1	36379
      2	36394
      1	36402
      1	36406
      5	36414
      2	36443
      3	36465
      1	36491
      2	36494
      3	36500
      6	36520
      2	36540
      3	36549
      6	36559
      1	36564
      1	36614
      2	36623
      1	36650
      1	36655
      1	36663
      1	36665
      1	36667
      3	36689
      5	36690
      1	36717
      1	36720
      3	36721
      1	36731
      1	36754
      2	36759
      1	36760
      1	36775
      1	36812
      1	36820
      4	36835
      1	36838
      1	36886
      1	36951
      1	36973
      1	36975
      3	36979
      3	36982
      1	36984
      4	36990
      1	36995
      1	37009
      1	37014
      1	37019
      1	37029
      3	37032
      1	37052
      1	37079
      1	37124
     16	37127
      1	37128
      6	37149
      3	37179
      2	37215
      2	37217
      1	37224
      1	37251
      1	37258
      1	37270
      2	37273
      1	37277
      1	37281
      2	37317
      2	37324
      3	37331
      1	37341
      5	37355
      4	37403
      6	37414
      1	37429
      4	37464
      2	37465
      1	37479
      1	37491
      5	37497
      1	37500
      2	37550
      1	37560
      1	37566
      1	37574
      1	37588
      1	37600
      2	37611
      6	37617
      7	37640
      1	37662
     17	37699
      1	37703
      2	37709
      1	37712
      1	37726
     14	37743
      1	37744
      1	37767
      3	37773
      1	37777
      5	37782
      1	37791
      1	37793
      2	37800
     31	37812
      1	37830
      1	37832
      2	37863
      1	37867
      1	37895
      1	37921
      1	37962
      3	38007
      1	38029
      1	38037
      1	38047
      1	38069
      1	38090
      1	38099
      1	38100
      1	38134
      6	38146
      1	38153
      1	38160
      1	38163
      2	38171
      1	38199
      1	38216
      2	38232
      4	38238
      1	38245
      1	38253
      1	38259
      1	38264
      2	38269
      1	38291
      2	38295
      2	38311
      1	38332
      1	38340
      1	38343
      6	38346
      2	38353
      1	38369
      2	38398
      1	38420
      1	38447
      1	38450
     20	38480
      1	38484
      2	38549
      1	38573
      1	38586
      2	38587
      1	38600
      1	38605
      2	38636
      2	38652
      1	38653
      1	38654
      2	38665
      2	38676
      1	38690
      1	38730
      1	38731
      2	38738
      1	38745
      1	38752
      1	38758
      1	38781
      1	38791
      1	38799
     19	38800
      1	38831
      2	38839
      1	38865
      1	38874
      1	38894
      2	38926
      2	38935
      2	38939
      1	38944
      1	38948
      1	38950
      2	38960
      4	39000
      1	39009
      1	39010
      2	39032
      1	39069
      1	39075
      1	39078
      1	39079
      1	39086
      3	39091
      3	39097
      1	39098
      1	39101
      5	39119
      2	39127
      1	39130
      2	39176
      1	39234
      1	39243
      3	39264
      1	39271
      1	39272
      2	39275
     15	39310
     23	39325
      2	39336
      5	39340
      1	39361
      1	39377
      1	39379
      1	39383
      1	39384
      1	39410
     41	39432
      1	39450
      2	39458
      1	39465
      1	39485
      7	39513
      1	39598
      1	39619
      3	39638
      2	39681
      1	39690
      1	39773
      1	39783
      3	39785
      1	39789
      2	39809
      2	39827
      7	39851
      7	39868
      1	39871
      2	39877
      1	39919
      1	39940
      1	39952
      1	39955
      3	39960
      1	39977
      3	39978
      1	40000
      2	40008
      2	40014
      1	40036
      1	40045
      1	40046
      3	40063
      2	40093
      1	40104
      1	40124
      1	40138
      2	40175
      1	40184
      1	40202
      2	40209
      2	40220
      1	40235
      1	40244
      1	40248
      1	40252
      1	40269
      1	40279
      1	40280
      1	40288
      2	40302
      1	40314
      2	40320
      1	40324
      1	40329
      4	40360
      1	40370
      1	40377
      1	40384
      1	40397
      1	40424
      1	40460
      1	40470
      1	40483
      1	40490
      3	40492
      1	40541
      1	40577
      5	40592
      1	40619
      1	40620
      1	40626
      1	40639
      1	40640
      6	40651
      1	40667
      1	40684
      1	40712
      6	40720
      2	40732
      1	40733
      2	40757
      1	40758
      1	40770
      2	40793
      4	40830
      1	40848
     11	40855
      1	40864
      1	40891
      2	40899
      2	40907
      1	40928
      3	40932
      1	40990
      2	40991
      3	40995
      2	40998
      2	40999
      5	41032
      1	41044
      1	41047
      4	41051
      2	41070
      4	41080
      1	41082
      1	41087
      1	41115
      1	41150
      1	41168
      1	41185
      2	41213
      1	41244
      1	41253
      1	41267
      1	41284
      1	41289
      1	41298
      1	41305
      2	41315
      4	41333
      5	41355
      2	41361
      1	41376
      3	41412
      3	41427
      1	41433
      4	41457
      1	41477
      1	41480
      1	41494
      1	41509
      1	41532
      3	41533
      1	41544
      1	41555
      1	41569
     13	41582
      1	41584
      3	41586
      3	41587
      1	41605
      1	41607
      1	41611
      1	41617
      1	41618
      1	41624
      1	41653
      2	41657
      3	41669
      2	41690
      1	41699
      1	41740
      2	41742
      1	41750
      1	41751
      1	41763
      1	41768
      2	41774
      2	41775
     14	41782
      3	41801
      3	41827
      2	41831
      1	41838
      2	41854
      2	41860
      1	41865
     28	41888
      1	41912
      1	41970
      1	41986
      1	41993
      4	41994
      1	42016
      1	42027
      1	42036
      3	42039
      1	42041
      2	42051
      2	42053
      1	42063
      1	42102
      1	42108
      4	42112
      1	42120
     10	42166
      1	42169
      1	42205
      1	42228
      1	42237
      1	42261
      1	42262
      1	42287
      2	42309
      1	42322
      2	42333
      1	42337
      1	42346
      1	42355
      4	42369
      1	42381
      1	42404
      3	42408
      2	42409
      1	42414
      1	42418
      1	42444
      1	42489
      2	42511
     53	42517
      3	42521
      1	42536
      1	42540
      2	42576
      1	42578
      3	42599
      1	42610
      1	42630
      1	42632
      1	42656
      4	42691
      1	42699
      5	42723
      1	42735
      1	42747
      1	42763
      1	42767
      1	42784
      1	42788
      1	42789
      6	42820
      1	42842
      1	42851
      5	42855
      1	42877
      1	42884
      1	42888
      5	42892
      3	42949
      1	42952
      1	42962
      1	42970
      1	43014
      1	43016
      1	43028
      1	43030
      1	43047
      2	43055
      2	43080
      1	43105
      4	43148
      1	43149
      1	43157
      1	43176
      1	43188
      1	43191
      3	43201
      1	43202
      3	43207
      1	43214
      1	43234
      1	43240
      1	43256
      1	43278
      1	43285
      1	43286
      2	43304
     12	43322
      4	43336
      8	43354
      1	43388
      4	43394
      1	43397
      1	43421
      1	43429
      3	43445
      1	43447
      1	43455
      1	43461
      1	43478
      1	43509
      2	43513
      2	43531
      1	43537
      1	43538
      1	43541
      1	43554
      1	43593
      2	43616
      1	43624
      1	43625
      1	43633
      1	43669
      1	43673
      1	43674
      1	43678
      1	43686
      2	43702
      3	43706
      1	43711
      4	43714
      1	43733
     16	43734
      2	43748
      2	43757
      1	43763
      1	43789
      1	43809
      4	43832
      1	43924
      1	43940
      1	43941
      1	43957
      1	43958
      1	43965
      1	43987
      1	43989
      9	43996
      1	43997
      3	44007
      1	44031
      1	44046
      2	44049
     10	44078
      1	44082
      1	44104
      1	44112
      7	44117
      1	44118
      1	44120
      1	44141
      3	44152
      1	44153
      1	44158
      1	44169
      1	44203
      2	44214
      1	44217
      1	44226
      1	44238
      5	44248
      2	44274
      1	44301
      1	44306
      1	44316
      1	44355
      1	44362
      1	44365
      1	44380
      1	44392
      2	44410
      1	44414
      6	44434
      1	44478
      3	44493
      1	44550
      6	44572
      3	44575
      1	44595
      1	44605
      2	44617
      1	44621
      2	44622
      2	44633
      1	44647
      1	44649
      1	44668
      1	44675
      1	44683
      3	44687
      1	44690
      2	44716
      2	44724
      1	44743
      1	44752
      1	44758
      2	44764
      1	44793
      2	44833
      1	44875
      2	44896
      2	44927
      1	44945
      1	44959
     61	44961
      1	44977
      1	45040
      3	45043
      1	45088
      2	45135
      1	45152
      2	45162
      1	45252
      1	45263
      1	45282
      1	45289
      3	45307
      1	45322
      1	45323
      1	45333
      1	45359
      1	45373
      1	45383
      2	45427
      2	45441
      1	45457
      1	45463
      1	45464
     11	45465
      1	45466
      1	45479
      3	45496
      1	45499
      2	45503
      1	45504
      1	45554
      1	45562
      1	45570
      1	45586
      4	45596
      2	45602
      1	45611
      1	45619
      1	45655
      1	45658
      1	45672
      1	45682
      2	45692
      1	45706
      1	45716
      2	45721
      1	45747
      1	45755
      1	45775
      4	45778
      3	45796
      1	45808
      1	45833
      3	45835
      5	45847
      1	45860
      2	45877
      2	45891
      2	45898
      3	45906
      1	45913
      1	45919
      1	45921
      1	45929
      2	45930
      2	45935
      2	45943
      1	45965
      1	45968
      1	45998
      1	46057
      5	46058
      2	46059
      1	46060
      1	46064
      5	46070
      1	46084
      2	46100
      1	46101
      3	46102
      1	46113
      1	46154
      1	46163
      1	46168
      1	46174
      1	46185
      1	46213
      1	46243
      1	46248
      3	46259
      2	46261
      3	46282
      1	46285
      1	46290
      2	46302
      1	46304
      2	46313
      3	46315
      2	46322
      2	46329
      1	46353
      2	46357
      2	46359
      1	46361
      1	46389
      1	46393
      1	46413
      3	46418
      1	46421
      1	46428
      1	46436
      1	46442
      2	46488
      1	46492
      1	46498
      1	46505
      1	46535
      5	46554
      5	46583
      1	46592
      5	46595
      1	46646
      1	46680
      3	46688
      3	46692
      1	46699
      5	46724
      1	46733
      1	46734
      1	46740
      1	46770
      1	46781
      1	46783
      1	46786
      1	46834
      1	46853
      1	46860
      1	46884
      1	46910
      1	46915
      2	46919
      1	46924
      1	46973
      1	46978
      1	46982
      1	46992
      1	46996
      1	47012
      1	47038
     25	47045
      1	47054
      1	47055
      1	47060
      1	47090
      1	47098
      1	47102
      1	47107
      1	47124
      6	47143
      4	47149
      2	47167
      1	47168
      2	47201
      1	47216
      3	47226
      3	47246
      1	47265
      3	47270
      4	47277
      1	47294
      4	47295
      1	47303
      8	47311
      1	47324
      1	47348
      3	47380
      2	47389
      1	47429
      3	47440
      3	47443
      1	47447
      1	47463
      1	47475
      7	47486
      2	47497
      2	47499
      1	47529
      2	47531
      1	47563
      6	47584
      1	47602
      1	47613
      1	47621
      1	47634
      1	47635
      2	47647
      1	47648
      1	47661
     10	47662
      1	47677
      1	47715
      1	47756
      1	47804
      2	47814
      1	47846
      1	47852
      4	47894
      1	47905
      1	47908
      1	47918
      1	47920
      1	47922
      3	47953
      2	47962
      1	47969
      2	47975
      1	48011
      1	48071
      4	48086
      2	48128
      2	48134
      1	48151
      1	48164
      1	48195
      3	48206
      2	48212
      1	48213
      1	48224
      2	48235
      3	48241
      1	48247
      1	48277
      2	48285
      1	48292
      5	48299
      1	48322
      1	48329
      3	48333
      1	48354
      1	48359
      1	48368
      1	48369
      1	48404
      2	48413
     46	48427
      1	48447
      1	48507
      1	48510
      1	48527
      1	48563
      4	48568
      3	48578
      1	48586
      1	48618
      1	48621
      1	48634
      1	48649
      1	48655
      1	48692
      1	48708
      2	48714
      1	48729
      4	48747
      1	48769
      4	48775
      1	48776
      1	48805
      1	48818
      5	48821
      1	48824
      1	48838
      3	48846
      5	48847
      1	48858
      1	48861
      4	48870
      7	48874
      2	48884
      2	48887
      2	48903
      1	48913
      1	48933
      2	48945
      2	48964
      1	48982
     18	48989
      2	48996
      1	49012
      1	49073
      1	49079
      1	49087
      1	49112
      1	49117
      1	49120
      2	49133
      1	49134
      1	49136
      1	49157
      5	49180
      1	49188
      1	49194
      4	49196
      2	49254
      1	49267
      1	49280
      5	49287
      5	49330
     23	49346
      1	49358
      4	49361
      1	49362
      2	49371
      1	49375
      1	49377
      4	49387
      1	49397
      1	49406
      2	49411
      2	49458
      1	49469
      2	49483
      2	49484
      1	49495
      1	49510
      7	49521
      1	49538
      1	49556
      2	49567
      1	49568
      2	49582
      1	49586
      1	49595
      2	49598
     10	49600
      3	49607
      1	49618
      1	49640
      3	49641
      1	49663
      1	49680
     14	49693
      1	49708
      5	49722
      2	49724
      1	49726
      1	49779
      3	49780
      1	49787
      3	49794
      1	49806
      1	49819
      2	49844
      2	49850
      3	49858
      2	49877
      1	49884
      1	49886
      7	49922
      3	49933
      7	49938
      1	49944
      1	49962
      7	49966
      1	49970
      1	50011
      1	50030
      1	50039
      1	50082
      1	50093
      1	50158
      1	50169
      2	50177
      1	50184
      3	50190
      1	50221
      1	50227
      1	50267
      2	50269
      1	50312
      1	50370
      1	50388
      2	50412
      1	50419
      1	50427
      5	50466
      1	50471
      2	50477
      1	50485
      6	50497
      1	50508
      1	50537
      3	50539
      1	50540
      1	50544
      1	50574
      2	50590
      1	50594
      1	50596
      1	50598
      1	50609
      2	50619
      1	50629
      2	50646
      2	50662
      1	50677
      1	50692
      2	50767
      1	50773
      1	50785
      2	50792
      1	50795
      1	50806
      2	50827
      1	50842
      1	50844
      1	50850
      1	50859
      1	50895
      1	50911
      1	50935
      1	50940
      1	51005
      1	51024
      1	51026
      2	51044
      3	51073
      2	51102
      1	51124
      1	51127
      1	51145
      1	51172
      1	51215
      1	51272
      1	51300
      1	51301
      2	51305
      2	51321
      1	51336
      3	51354
      2	51392
      1	51396
      1	51468
      3	51474
      1	51475
      1	51493
      2	51498
      1	51502
      1	51507
      9	51518
      1	51524
      1	51532
      1	51534
      2	51549
      2	51571
      2	51574
      1	51593
      1	51598
      1	51611
      1	51613
      1	51624
      3	51639
      4	51645
      2	51653
      2	51655
      1	51669
      1	51704
      1	51718
      1	51739
      2	51741
      1	51751
      1	51766
      1	51774
      1	51779
      2	51787
      2	51806
      4	51822
      1	51829
      3	51830
      1	51835
      1	51838
      1	51851
      1	51852
      2	51872
      1	51881
      1	51900
      1	51929
      1	51934
      2	51954
      4	51959
      2	52015
      1	52037
      2	52038
      1	52045
      1	52047
      1	52049
      1	52056
      5	52067
      2	52076
      3	52112
      2	52122
      4	52129
      4	52164
      1	52166
     21	52169
      1	52181
      1	52188
      1	52224
      1	52236
      1	52243
      1	52249
      1	52273
      3	52286
      1	52308
      2	52311
      1	52323
      1	52327
      1	52344
      2	52345
      1	52358
      1	52360
      1	52365
     11	52370
      3	52379
      1	52388
      2	52398
      1	52400
      2	52414
      1	52421
      1	52423
      1	52439
      1	52444
      1	52512
      1	52528
      1	52530
      1	52532
      1	52534
      1	52540
      3	52564
      1	52603
      1	52606
      3	52626
      1	52646
      5	52655
      2	52667
      3	52679
      1	52735
      1	52736
      3	52746
      2	52794
      1	52798
      2	52801
      1	52812
      1	52814
      3	52843
      1	52850
      2	52895
      7	52918
      1	52925
      1	52938
      1	52943
      1	52961
      4	52968
      1	52969
      2	53019
      1	53020
      1	53034
      2	53044
      4	53085
      1	53093
      1	53097
     11	53101
      1	53112
      1	53120
      1	53145
      1	53160
      1	53195
      1	53204
      1	53216
      4	53223
      3	53224
      1	53229
      2	53243
      1	53253
      1	53258
      1	53271
      1	53275
      1	53284
      1	53287
      1	53300
      1	53301
      1	53309
      2	53318
      1	53324
      1	53344
      1	53349
      1	53375
      1	53384
      1	53395
      3	53401
      3	53408
      1	53409
      3	53433
      1	53449
      1	53450
      1	53460
      1	53474
      4	53479
      1	53487
      1	53494
      1	53505
      1	53511
      1	53517
      2	53528
      6	53535
      2	53555
      2	53589
      6	53596
      1	53636
      1	53651
      5	53666
      1	53670
      1	53671
      5	53676
      3	53693
      1	53723
      2	53728
      1	53733
      2	53738
      1	53750
      3	53754
      1	53770
      1	53777
      2	53781
      1	53786
      1	53794
      1	53801
      1	53846
      1	53854
      1	53881
      2	53882
      1	53914
      2	53925
      4	53945
      1	53975
      1	53984
      2	53993
      2	54018
      1	54028
      1	54075
      2	54094
      2	54102
      1	54133
      3	54136
      1	54148
      1	54150
      3	54167
      1	54183
      1	54205
      1	54209
      1	54224
      2	54230
      1	54232
      1	54240
      1	54245
      1	54251
      6	54282
      1	54290
      2	54307
     15	54321
      1	54337
      8	54356
      1	54357
      6	54386
      1	54393
      2	54395
      1	54400
      1	54401
      2	54407
      1	54420
      2	54430
      1	54448
      1	54460
      4	54474
      1	54480
      1	54507
      7	54508
      1	54525
      1	54552
      1	54578
      1	54592
      1	54602
      1	54647
      1	54662
      2	54674
      1	54692
      1	54703
      1	54729
      2	54735
      1	54745
      1	54764
      1	54770
      1	54776
      1	54785
      1	54786
      2	54804
      2	54810
      2	54825
      1	54829
      1	54834
      2	54855
      2	54877
      1	54883
      2	54888
      2	54891
      2	54902
     25	54916
      1	54919
      1	54923
      2	54926
      1	54930
      2	54950
      1	54968
      1	54970
      1	54979
      1	54980
      3	55013
      2	55092
      1	55129
      1	55138
      2	55172
      1	55215
      2	55217
      4	55235
      1	55237
      4	55238
      1	55268
      1	55285
      1	55292
      1	55336
      3	55345
      6	55355
      2	55371
      1	55383
      1	55402
      1	55412
      1	55418
      1	55429
      1	55457
      3	55460
      1	55464
      1	55475
      1	55495
      2	55496
      1	55517
      1	55527
      1	55534
      1	55537
      1	55549
      4	55565
      1	55574
      1	55576
      2	55584
      2	55587
      1	55597
      4	55607
      7	55660
      3	55674
      1	55676
      1	55680
      1	55697
      3	55715
      1	55759
      1	55782
      1	55785
      1	55792
      1	55795
      4	55814
      2	55828
      1	55837
      1	55847
      1	55853
     43	55857
      2	55864
      2	55873
      1	55875
      2	55879
      1	55935
      9	55941
      1	55950
      1	55965
      1	55987
      1	56001
      1	56023
      1	56034
      1	56036
     10	56038
      1	56084
      2	56105
      3	56113
      3	56119
      1	56125
      1	56190
      1	56214
      1	56221
      2	56237
      1	56242
     10	56264
      2	56266
      1	56268
      4	56273
      1	56291
      7	56298
      1	56300
      1	56304
      2	56348
      2	56359
      2	56363
      1	56371
      4	56386
      1	56392
      1	56396
      4	56430
      1	56434
      2	56444
      2	56466
     27	56469
      1	56471
      2	56488
      1	56495
      1	56506
      1	56511
      1	56524
      2	56552
      1	56553
      1	56569
      1	56587
      1	56593
      1	56610
      1	56614
      1	56617
      1	56621
      1	56638
      1	56642
      1	56655
      1	56671
      1	56686
      2	56697
      1	56710
      1	56756
      1	56771
      1	56775
      4	56813
      1	56814
     10	56823
      1	56857
      3	56874
      2	56880
      1	56886
      3	56889
      3	56902
      1	56922
      1	56929
      1	56932
      1	56940
      5	56956
      1	56964
      1	56981
      1	57012
      2	57025
      1	57046
      1	57047
      1	57051
      1	57063
      1	57064
      1	57066
      2	57119
      2	57132
     13	57133
      1	57138
      1	57144
      1	57165
      1	57197
      2	57203
      1	57214
      1	57225
      1	57226
      1	57253
      1	57269
      1	57283
      1	57298
      1	57332
      1	57353
      1	57355
      1	57356
      2	57381
      1	57391
      1	57392
      3	57393
      1	57397
      1	57402
      5	57420
      1	57424
      3	57432
      1	57447
      1	57449
      1	57478
      1	57496
      1	57514
      1	57524
      1	57525
      3	57527
      1	57528
      4	57529
      2	57541
      1	57555
      1	57559
      2	57566
      1	57589
      7	57608
      6	57622
      2	57624
      1	57627
      1	57629
      2	57635
     22	57654
      1	57657
      1	57664
      1	57677
      1	57679
      1	57753
      1	57798
      5	57822
      2	57835
      1	57842
      1	57877
      1	57878
     10	57951
      1	57981
      1	57995
      1	58011
      1	58048
      1	58063
      1	58118
      1	58137
      1	58148
      2	58154
      1	58155
      2	58168
      2	58175
      1	58180
      1	58184
      1	58192
      1	58199
      5	58201
      2	58202
      2	58212
      1	58215
      2	58216
      3	58217
      1	58221
     10	58223
      1	58227
      1	58258
      1	58303
      5	58320
      7	58325
      1	58338
      2	58352
      3	58358
      1	58366
      5	58406
      2	58413
      1	58416
      2	58431
      1	58446
      1	58460
      1	58488
      2	58506
      1	58510
      1	58511
      1	58514
      3	58515
      1	58527
      2	58543
      3	58545
      1	58548
      1	58566
      2	58575
      2	58587
      6	58594
      1	58623
      4	58637
      1	58651
      1	58655
      1	58704
      1	58712
      2	58727
      2	58735
      1	58750
      1	58753
      2	58770
      8	58774
      1	58780
      1	58782
      1	58785
      3	58786
      1	58799
      1	58805
      1	58814
      5	58815
      1	58829
      1	58840
      1	58860
      2	58862
      1	58910
      1	58934
      1	58953
      3	58958
      1	58960
      1	58976
      1	58993
      2	59003
      1	59013
      2	59014
      1	59016
      1	59017
      1	59040
      1	59054
      1	59062
      2	59089
      1	59097
      1	59106
      2	59107
      2	59110
      1	59113
      5	59147
      2	59157
      4	59174
      1	59194
      1	59204
      1	59205
      1	59210
      8	59231
      1	59236
      1	59270
      1	59291
      2	59304
      1	59315
      1	59318
      1	59330
      1	59345
      2	59364
      1	59381
      1	59383
      1	59402
      1	59423
      2	59436
      1	59440
      1	59452
     11	59484
      1	59512
      1	59525
      3	59535
      1	59567
      2	59569
      1	59582
      1	59584
      1	59626
      1	59630
      2	59634
      1	59660
      2	59672
      1	59689
      2	59699
      3	59715
      1	59720
     16	59726
      2	59753
      3	59755
      1	59758
      1	59764
      1	59787
      2	59808
      1	59854
      2	59858
      1	59864
      1	59878
      1	59879
      2	59903
      6	59914
      1	59939
      3	59947
      1	59956
      2	59973
      2	59979
      2	59987
      1	60000
      1	60040
      2	60043
      1	60045
      6	60058
      1	60062
      1	60087
      1	60099
      1	60100
      2	60103
      2	60131
      1	60136
      1	60142
      3	60146
      2	60156
      2	60157
      1	60202
      7	60210
      1	60226
      6	60230
      1	60238
      1	60259
      2	60271
      1	60284
      2	60287
      2	60295
      2	60328
      1	60345
      1	60366
      1	60370
      2	60386
      1	60390
      1	60403
      1	60410
      1	60422
      1	60482
      3	60490
      1	60496
      2	60499
      3	60501
      3	60517
      2	60538
      1	60555
      1	60558
      2	60563
      1	60579
      1	60580
      1	60581
      3	60584
      2	60613
      1	60631
      1	60642
      1	60651
      1	60682
      1	60692
      2	60707
      1	60708
      1	60716
      2	60722
      1	60724
      1	60733
      3	60750
      1	60761
      2	60762
      1	60774
      1	60790
      1	60796
      1	60797
      1	60802
      1	60827
      1	60847
      1	60849
      4	60852
      1	60855
      1	60880
      1	60882
      1	60891
      3	60892
      1	60900
      1	60910
      2	60915
      1	60942
      2	60946
      2	61002
      2	61018
      1	61034
      2	61040
      9	61064
      1	61091
      1	61118
      1	61140
      1	61156
      2	61177
      1	61191
      2	61218
      1	61219
      1	61234
      4	61245
      1	61246
      4	61261
      1	61281
      1	61289
      2	61304
      2	61312
      1	61322
      1	61340
      3	61361
      2	61362
      1	61409
      1	61426
      1	61462
      1	61489
      2	61501
      1	61547
      1	61549
      1	61578
      1	61603
      1	61606
      1	61614
      1	61615
      1	61621
      1	61628
      1	61647
      1	61648
      1	61655
      1	61670
      1	61675
      1	61697
      1	61703
      1	61740
      1	61746
      1	61774
      1	61785
      1	61797
      2	61817
      2	61824
      3	61829
      1	61850
      1	61855
      1	61895
      1	61904
      1	61920
      1	61941
      1	61961
      1	61969
      1	61972
      1	62038
      1	62051
      2	62056
      1	62061
      1	62090
      1	62113
      1	62114
      1	62119
      2	62134
      1	62176
      1	62178
      1	62180
      2	62181
      1	62182
      1	62183
      1	62189
      1	62195
      1	62208
      1	62223
      1	62224
      1	62225
      1	62257
      1	62271
      2	62298
      1	62303
      5	62311
      4	62353
      1	62426
      1	62480
      1	62488
      1	62510
      3	62534
      1	62541
      1	62543
      2	62591
      1	62600
      1	62603
      1	62607
      1	62610
      3	62650
      1	62660
      1	62664
      1	62667
      1	62713
      1	62731
      2	62766
      1	62771
      1	62784
      1	62785
      1	62808
      1	62811
      1	62812
      1	62837
      1	62841
      3	62846
      2	62861
      1	62883
      1	62890
      1	62924
      1	62930
      1	62961
      1	62965
      1	62981
      3	63002
      1	63013
      2	63022
      1	63024
      1	63040
      1	63047
      1	63050
     16	63073
      1	63077
      2	63112
      7	63140
      1	63174
      7	63177
      1	63178
      4	63221
      2	63250
      2	63251
      1	63291
      1	63312
      1	63330
      6	63338
      1	63354
     24	63363
      1	63385
      1	63409
      1	63410
      1	63411
      3	63418
      5	63421
      1	63430
      1	63444
      1	63460
      2	63471
      1	63484
      4	63509
      1	63518
      3	63519
      1	63533
      3	63540
      1	63552
      3	63573
      1	63581
      1	63642
      1	63649
     10	63660
      1	63663
      1	63674
      3	63696
      1	63705
      1	63712
      1	63726
      1	63743
      1	63764
      1	63811
      1	63827
      2	63840
      1	63844
      1	63850
      1	63881
      1	63904
      1	63935
      2	63942
      1	63982
      2	63986
      1	63987
      1	64000
      1	64020
      2	64043
      1	64056
      1	64059
      1	64071
      1	64105
      2	64106
      2	64129
      1	64170
      1	64229
      1	64231
      1	64234
      1	64242
      1	64259
      1	64262
      1	64281
      2	64283
      1	64287
      1	64291
      1	64295
      2	64304
     11	64307
      2	64319
      1	64334
      1	64339
      1	64340
      1	64342
      1	64382
      1	64425
      4	64434
      1	64440
      2	64442
      1	64446
      1	64447
      1	64473
      2	64494
      1	64506
      1	64543
      1	64546
      1	64552
      1	64556
      1	64565
      1	64569
      1	64581
      3	64593
      1	64656
      1	64664
      2	64691
      5	64695
      3	64717
      1	64745
      2	64747
      1	64760
      2	64780
      3	64809
      1	64810
      2	64851
      1	64900
      2	64907
      5	64917
      4	64964
      1	64968
      1	64975
      1	64995
      7	64999
      1	65001
      3	65004
      1	65014
      3	65040
      1	65041
      3	65048
      1	65049
      1	65050
      3	65061
      1	65066
      1	65072
      1	65079
      1	65095
      2	65110
      4	65116
      1	65118
      1	65121
      1	65124
      1	65138
      1	65168
      3	65195
      2	65214
      1	65231
      1	65232
      2	65235
      1	65236
      1	65258
      1	65328
      1	65346
      1	65378
     15	65408
      1	65414
      1	65429
      1	65436
      3	65443
      3	65449
      1	65452
      1	65484
      2	65501
      1	65502
      1	65507
      4	65534
