      3	11
      1	12
      1	36
      1	154
      1	191
      1	202
      1	249
      1	276
      1	298
      1	316
      1	403
      1	419
      1	424
      1	502
      1	505
      1	546
      2	558
      1	584
      1	590
      1	604
      1	628
     12	646
      1	648
      1	697
      1	707
      1	708
      1	743
      1	766
      1	786
      3	792
      1	806
      1	873
      1	880
      1	998
      1	1007
      1	1057
      1	1064
      1	1119
      1	1158
      1	1192
      5	1206
      1	1214
      2	1229
      2	1239
      1	1245
      1	1247
      1	1248
      2	1250
      2	1255
      1	1330
      1	1357
      1	1360
      2	1364
      2	1508
      1	1530
      3	1614
      1	1675
      1	1745
      1	1751
      1	1756
      1	1779
      1	1782
      1	1821
      1	1873
      1	1877
      1	1913
      1	1989
      1	2009
      1	2080
      1	2121
      1	2126
      2	2141
      1	2170
      1	2206
      1	2310
      2	2334
      1	2380
      1	2429
      1	2440
      5	2481
      1	2531
      1	2620
      1	2627
      3	2643
      1	2658
      1	2683
      1	2698
      2	2790
      3	2792
      1	2802
      2	2819
      1	2833
      1	2879
      1	2922
      1	2925
      1	2942
      1	2959
      2	3045
      1	3049
      1	3104
      1	3109
      1	3146
      1	3162
      1	3253
      1	3302
      1	3351
      5	3369
      2	3378
      1	3427
      1	3451
      3	3455
      1	3456
      1	3475
      1	3556
      1	3558
      1	3629
      2	3709
      1	3723
      1	3726
      4	3742
      1	3785
      1	3793
      1	3815
      1	3833
      1	3901
      1	3927
      1	3938
      1	3960
      1	3977
      1	4007
      2	4043
      2	4071
      1	4123
      1	4128
      1	4130
      5	4194
      5	4211
      1	4217
      1	4232
      1	4259
      1	4269
      1	4272
      1	4289
      1	4313
      2	4327
      1	4429
      1	4433
      1	4441
      1	4448
      1	4473
      1	4562
      1	4583
      1	4591
      1	4609
      1	4617
      1	4649
      1	4660
      1	4791
      1	4810
      2	4853
      1	4866
      3	4917
      2	4934
      1	4973
      1	4984
      1	4987
      1	5078
      1	5099
      2	5110
      1	5157
      1	5222
      3	5225
      3	5232
      1	5250
      1	5251
      1	5320
      1	5385
      2	5442
      1	5447
      1	5569
      2	5643
      1	5693
      1	5799
      1	5905
      1	5923
      2	5927
      1	5972
      1	6020
      1	6021
      1	6037
      1	6069
      2	6084
      1	6087
      1	6097
      3	6156
      1	6198
      1	6293
      1	6337
      1	6353
      1	6369
      1	6398
      1	6444
      3	6446
      1	6485
      3	6528
      1	6546
      1	6649
      1	6668
      1	6700
      1	6707
      1	6751
      1	6813
      1	6822
      2	6834
      1	6918
      1	6928
      1	7001
      1	7004
      1	7037
      2	7047
      1	7062
      1	7076
      1	7097
      1	7163
      2	7176
      1	7219
      1	7322
      1	7388
      1	7426
      2	7454
      3	7546
      1	7608
      1	7639
      1	7666
      2	7698
      1	7715
      2	7746
      1	7827
      1	7833
      1	7950
      1	7959
      3	7970
      1	7996
      1	8043
      1	8054
      1	8081
      1	8140
      1	8163
      1	8307
      1	8327
      1	8347
      1	8370
      1	8467
      1	8483
      1	8526
      1	8535
      1	8631
      1	8643
      1	8730
      1	8772
      1	8783
      1	8803
      1	8818
      1	8838
      1	8859
      1	8861
      2	8872
      1	8906
      2	8934
      1	9016
      1	9017
      1	9029
      1	9160
      1	9162
      3	9180
      2	9235
      1	9258
      1	9276
      1	9305
      1	9345
      1	9401
      1	9461
      1	9496
      1	9576
      1	9609
      2	9620
      1	9650
      1	9747
      2	9827
      1	9845
      1	9846
      1	9853
      1	9857
      1	9867
      1	9882
      1	9886
      1	9921
      1	9927
      2	9980
      2	9981
      1	10005
      2	10026
      1	10053
      1	10069
      9	10080
      1	10084
      1	10107
      1	10158
      1	10184
      1	10195
      2	10218
      1	10391
      1	10397
      1	10433
      1	10453
      1	10460
      1	10485
      1	10494
      1	10506
      1	10537
      2	10553
      1	10566
      1	10594
      1	10601
      1	10637
      1	10677
      1	10687
      1	10746
      1	10835
      1	10838
      1	10857
      1	10940
      1	10952
      2	10970
      1	10984
      2	10985
      1	10996
      1	11004
      1	11033
      1	11057
      1	11069
      1	11120
      1	11185
      1	11248
      1	11286
      1	11374
      1	11384
      1	11402
      1	11443
      1	11450
      1	11485
      1	11515
      1	11553
      4	11659
      2	11663
      1	11675
      1	11696
      1	11720
      1	11770
      1	11817
      1	11944
      2	11985
      1	12009
      1	12017
      1	12018
      1	12038
      1	12044
      1	12092
      1	12103
      2	12136
      1	12147
      1	12155
      1	12169
      2	12173
      1	12261
      2	12287
      1	12296
      1	12304
      1	12358
      1	12371
      1	12397
      1	12434
      1	12502
      1	12527
      1	12550
      1	12612
      1	12628
      1	12633
      1	12686
      1	12704
      2	12712
      1	12778
      4	12780
      1	12818
      1	12851
      1	12863
      1	12864
      1	12886
      1	12973
      1	12981
      1	13004
      1	13013
      1	13050
      1	13063
      1	13071
      1	13087
      1	13232
      1	13284
      2	13365
      1	13431
      1	13498
      3	13499
      1	13503
      1	13517
      1	13563
      1	13586
      1	13679
      4	13682
      1	13685
      1	13692
      1	13711
      1	13728
      2	13744
      1	13772
      2	13792
      1	13840
      1	13865
      1	13892
      1	13944
      1	13982
      1	13984
      1	14077
      1	14081
      3	14086
      1	14107
      2	14127
      2	14137
      1	14185
      4	14255
      1	14374
      3	14424
      1	14481
      2	14499
      1	14520
      5	14538
      1	14554
      1	14574
      1	14587
      1	14593
      2	14708
      1	14713
      1	14729
      2	14736
      1	14770
      3	14778
      1	14813
      1	14845
      1	14986
      1	15001
      1	15142
      1	15178
      1	15194
      1	15241
      1	15271
      1	15292
      6	15397
      1	15399
      1	15407
      1	15437
      1	15454
      1	15463
      1	15493
      1	15519
      1	15532
      1	15607
      1	15610
      1	15644
      1	15647
      1	15659
      1	15677
      1	15684
      1	15721
      1	15748
      1	15864
      1	15958
      1	15975
      2	16086
      1	16136
      2	16138
      3	16203
      1	16386
      1	16411
      1	16460
      1	16461
      1	16485
      1	16489
      2	16527
      1	16541
      1	16558
      2	16571
      1	16591
      1	16604
      1	16655
      1	16687
      1	16743
      1	16779
      1	16782
      1	16916
      1	16920
      1	16923
     22	16958
      1	16965
      2	16991
      1	16995
      1	16998
      1	17087
      1	17090
      1	17094
      1	17102
      1	17182
      1	17192
      1	17206
      1	17328
      1	17363
      1	17382
      1	17386
      4	17411
      1	17421
      3	17427
      1	17452
      1	17462
      2	17507
      1	17520
      1	17573
      1	17621
      1	17650
      1	17672
      1	17743
      1	17778
      1	17821
      1	17829
      1	17858
      1	17881
      1	17884
      1	17940
      1	17960
      1	17963
      1	17969
      2	18056
      1	18099
      1	18148
      1	18165
      1	18200
      1	18212
      2	18215
      1	18253
      2	18272
      1	18302
      1	18306
      2	18341
      4	18353
      1	18393
      2	18432
     54	18444
      1	18474
     12	18498
      1	18535
      1	18624
      1	18627
      1	18632
      1	18633
      1	18636
      1	18706
      4	18784
      1	18885
      1	18899
      1	18905
      1	18958
      1	18963
      1	18984
      2	19003
      2	19012
      1	19035
      1	19051
      1	19081
      1	19113
      1	19167
      1	19175
      1	19239
      1	19250
      1	19258
      1	19292
      1	19305
      2	19321
      1	19338
      1	19359
      2	19401
      1	19403
      1	19547
      4	19680
      2	19698
      2	19780
      1	19874
      1	19883
      5	19889
      1	19900
      1	19904
      1	19925
      1	19946
      1	19959
      1	19986
      1	19990
      1	20000
      2	20014
      1	20015
      1	20068
      1	20086
      2	20122
      1	20137
      1	20160
     11	20170
      1	20180
      1	20211
      1	20212
      1	20218
      1	20290
      1	20327
      1	20368
      1	20376
      1	20451
      1	20478
      1	20592
      1	20613
      1	20664
      1	20666
      1	20685
      1	20694
      1	20730
      1	20784
      1	20786
      1	20789
      1	20824
      1	20827
      1	20845
      1	20853
      1	20858
      1	20895
      1	20952
      1	20965
      2	21024
      2	21039
      1	21046
      1	21100
      1	21171
      1	21195
      1	21213
      1	21347
      2	21405
      2	21585
      1	21739
      1	21824
      1	21842
      1	21922
      2	22040
      1	22060
      1	22066
      1	22074
      1	22103
      1	22118
      1	22244
      1	22287
      1	22291
      1	22307
      1	22309
      1	22324
      3	22398
      1	22433
      1	22458
      1	22491
      1	22525
      1	22552
      1	22566
      1	22614
      1	22628
      1	22661
      1	22721
      1	22744
      1	22934
      1	22938
      1	22939
      1	22946
      1	23019
      1	23122
      1	23165
      1	23168
      1	23213
      1	23226
      1	23264
      1	23325
      1	23362
      1	23408
      1	23424
      1	23470
      1	23513
      2	23622
      1	23629
      1	23655
      1	23681
      1	23683
      1	23695
      4	23753
      2	23757
      1	23772
      2	23792
      1	23815
      1	23828
      1	23869
      1	23876
      2	23883
      1	23927
     14	23932
      2	23945
      1	23984
     19	23991
      1	24005
      1	24039
      1	24063
      1	24090
      2	24144
      1	24220
      1	24258
      6	24274
      2	24290
      1	24314
      1	24318
      3	24325
      1	24337
      2	24365
      1	24414
      1	24426
      1	24427
      1	24436
      1	24470
      2	24482
      1	24484
      1	24486
      1	24490
      1	24495
      1	24504
      1	24511
      2	24534
      1	24563
      1	24572
      2	24599
      1	24602
      1	24613
      1	24639
      1	24650
      1	24741
      1	24783
      1	24821
      1	24860
      1	24928
      1	24969
      1	24974
      1	24991
      1	25037
      1	25054
      1	25109
      1	25153
      1	25163
      1	25165
      1	25167
      1	25168
      2	25175
      1	25208
      1	25237
      1	25263
      1	25267
      1	25311
      3	25373
      1	25376
      1	25411
      1	25474
      1	25487
      1	25494
      2	25499
      1	25588
      1	25606
      1	25649
      1	25665
      3	25672
      1	25677
      2	25688
      1	25693
      2	25740
      1	25750
      1	25757
      1	25761
      1	25774
      2	25803
      1	25822
      1	25834
      1	25837
      1	25946
      2	26008
      2	26031
      1	26056
      2	26064
      1	26206
      1	26210
      1	26211
      1	26215
      1	26223
      1	26225
      1	26230
      2	26272
      1	26288
      2	26446
      1	26464
      1	26536
      2	26603
      2	26610
      1	26644
      5	26682
      1	26690
      1	26718
      1	26735
      2	26743
      1	26838
      1	26923
      1	26951
      2	27056
      2	27129
      1	27175
      1	27182
      1	27191
      1	27211
      2	27219
      1	27228
      1	27230
      2	27265
      1	27459
      1	27504
      1	27573
      1	27596
      1	27607
      1	27613
      1	27644
      1	27697
      1	27754
      2	27788
      1	27813
      1	27822
      2	27859
      1	27863
      1	27864
      2	27876
      1	27944
      1	27951
      1	27963
      2	27964
      1	27966
      1	27975
      1	28031
      1	28034
     15	28060
      1	28144
      2	28230
      1	28291
      1	28303
      1	28314
      1	28325
      1	28332
      1	28343
      1	28399
      5	28478
      1	28594
      1	28673
      2	28736
      1	28760
      1	28772
      3	28822
      1	28824
      1	28831
      1	28848
      1	28853
      2	28854
      1	28865
      1	28897
      1	28902
      1	28921
      1	28983
      1	28997
      1	29000
      1	29035
      1	29096
      1	29116
      1	29211
      1	29223
      1	29234
      1	29249
      5	29294
      3	29342
      2	29347
      1	29365
      2	29377
      1	29381
      1	29429
      1	29433
      1	29475
      1	29527
      1	29584
      1	29597
      2	29630
      1	29680
      1	29716
      2	29719
      1	29730
      1	29789
      1	29910
      1	29936
      1	29960
      1	30032
      1	30034
      1	30055
      1	30127
      1	30246
      1	30259
      1	30306
      1	30310
      1	30321
      3	30340
      1	30405
      1	30462
      4	30506
      1	30509
      1	30519
      1	30721
      4	30747
     15	30853
      2	30906
      1	30923
      1	30944
      1	30977
      2	30981
      1	31030
      1	31069
      1	31076
      1	31081
      3	31083
      1	31148
      1	31163
      1	31172
      2	31185
      2	31226
      1	31265
      1	31417
      1	31462
      1	31503
      1	31573
      1	31574
      1	31586
      1	31606
      1	31659
      1	31667
      1	31696
      2	31702
      1	31710
      2	31732
      1	31737
      1	31750
      1	31765
      1	31779
      1	31836
      2	31871
      1	31913
      1	31918
      2	31934
      8	31936
      1	31973
      1	31995
      1	32006
      1	32077
      1	32085
      1	32086
      2	32105
      3	32177
      1	32261
      6	32270
      1	32277
      1	32308
      1	32316
      4	32348
      1	32361
      1	32392
      1	32540
      1	32552
      2	32559
      1	32574
      1	32605
      2	32621
      1	32652
      1	32654
      1	32714
      3	32767
      2	32778
      1	32783
      1	32821
      1	32918
      1	32936
      1	32937
      1	32950
      2	33003
      1	33045
      2	33061
      1	33067
      1	33110
      2	33114
      1	33131
      1	33187
      1	33188
      1	33223
      1	33242
      1	33264
      2	33267
      1	33272
      1	33303
      1	33325
      2	33362
      1	33436
      2	33463
      1	33513
      1	33517
      1	33558
      1	33560
      2	33569
      1	33615
      1	33626
      1	33657
      1	33678
      1	33743
      1	33778
      1	33805
      1	33827
      1	33853
      1	33912
     65	33940
      1	33945
      3	33969
      2	33999
      1	34007
      1	34038
      1	34064
      1	34094
      1	34200
      1	34204
      1	34207
      1	34268
      1	34275
      1	34282
      1	34283
      1	34325
      1	34390
      1	34400
      1	34422
      1	34426
      1	34478
      1	34481
      1	34548
      4	34565
      2	34583
      1	34591
      1	34692
      2	34695
      1	34722
      1	34733
      1	34864
      1	34880
      1	34938
      1	34949
      1	34975
      1	35023
      1	35026
      1	35091
      1	35104
      1	35122
      1	35127
      1	35211
      1	35248
      1	35273
      1	35324
      1	35363
      1	35376
      1	35432
      3	35443
      1	35471
      2	35495
      1	35503
      1	35575
      1	35583
      1	35596
      1	35598
      1	35599
      2	35645
      2	35651
      1	35680
      1	35688
      1	35693
      2	35697
      2	35701
      1	35753
      3	35807
      1	35839
      1	35908
      1	36000
      4	36026
      3	36095
      1	36096
      1	36108
      2	36117
      2	36193
      1	36257
      1	36285
      1	36292
      1	36321
      1	36332
      1	36341
      1	36354
      1	36474
      1	36604
      1	36606
      1	36640
      1	36648
      1	36667
      1	36714
      1	36841
      1	36901
      1	36902
      1	36934
      1	36942
      1	37000
      2	37001
      2	37006
      1	37053
      1	37076
      7	37087
      1	37103
      2	37127
      1	37135
      2	37204
      1	37229
      1	37235
      1	37263
     10	37273
      3	37333
      1	37359
      1	37394
      3	37465
      1	37467
      2	37545
      1	37633
      1	37635
      1	37640
      1	37724
      1	37758
      2	37800
      1	37850
      3	37856
      2	37898
      6	37913
      3	37933
      1	37961
      1	37980
      1	37993
      1	38018
      1	38296
      1	38298
      3	38313
      1	38329
      1	38347
      1	38351
      1	38367
      1	38463
      1	38480
      1	38524
      1	38589
      1	38649
      1	38667
      1	38677
      3	38681
      1	38689
      2	38697
      1	38742
      1	38781
      1	38814
      1	38846
      1	38942
      1	38982
      1	38992
      1	39095
      1	39127
      1	39230
      1	39234
      2	39333
      1	39348
      2	39394
      3	39401
      1	39428
      1	39544
      1	39558
      3	39601
      1	39611
      1	39630
      1	39651
      1	39692
      1	39713
      1	39742
      1	39752
      1	39813
     13	39853
      1	39968
      1	39979
      1	39986
      1	39990
      1	40001
      1	40006
      1	40042
      2	40085
      1	40119
      2	40162
      1	40215
      1	40238
      1	40239
      1	40246
      1	40289
      1	40334
      1	40341
      4	40347
      1	40448
      2	40523
      1	40558
      2	40564
      1	40621
      2	40666
      1	40678
      1	40700
      1	40732
      1	40752
      1	40794
      1	40809
      1	40822
      1	40826
      1	40865
      3	40878
      1	40900
      1	40914
      1	40963
      1	41006
      1	41048
      1	41101
      1	41132
      2	41143
      1	41178
      1	41209
      7	41314
      1	41340
      2	41359
      1	41404
      1	41440
      1	41444
      1	41620
      1	41645
      1	41735
      1	41747
      2	41782
      1	41785
      4	41951
      1	41954
      1	41968
      1	42015
      4	42051
      1	42088
      1	42104
      1	42116
      1	42138
      1	42175
      1	42200
      1	42205
      4	42229
      1	42269
      6	42328
      2	42419
      1	42501
      1	42533
      2	42585
      1	42608
      1	42630
      1	42635
      2	42651
      1	42657
      2	42698
      2	42717
      1	42757
      2	42770
      3	42795
      1	42842
      1	42869
      1	42999
      7	43039
      2	43054
     18	43065
      1	43068
      3	43104
      2	43157
      1	43169
      2	43191
      1	43215
      1	43255
      1	43276
      1	43297
      1	43300
      1	43355
      1	43428
      1	43500
      1	43513
      1	43521
      1	43525
      1	43552
      1	43589
      1	43615
      1	43658
      1	43730
      2	43748
      1	43763
      1	43768
      1	43770
      1	43773
      1	43792
      1	43819
      2	43835
      3	43874
      2	43911
      1	44185
      1	44228
      1	44297
      1	44306
      1	44309
      1	44323
      2	44333
      1	44339
      1	44369
      1	44542
      2	44558
      1	44567
      1	44576
      1	44593
      2	44614
      1	44617
      1	44716
      1	44825
      1	44827
      2	44856
      1	44868
      2	44897
      5	44926
      1	44958
      2	44990
      1	45108
      1	45115
      1	45162
      3	45230
      1	45245
      1	45246
      1	45294
      2	45307
      1	45392
      1	45397
      1	45524
      1	45584
      1	45607
      1	45610
      1	45617
      1	45633
      1	45646
      3	45669
      1	45772
      1	45856
      1	45865
      2	45909
      1	45943
      1	45954
      1	46094
      1	46102
      1	46115
      1	46169
      1	46199
      1	46234
      1	46253
      1	46275
      1	46291
      1	46308
      1	46318
      1	46347
      1	46421
      2	46438
      1	46453
      1	46503
      1	46525
      1	46526
      1	46552
      1	46570
      2	46594
      1	46600
      1	46628
      1	46667
      1	46686
      1	46728
      7	46767
      1	46810
      2	46825
      1	46827
      4	46847
      1	46917
      1	46982
      1	47008
      1	47016
      1	47017
      1	47026
      1	47032
      2	47088
      1	47101
      1	47119
      1	47123
      1	47155
      1	47167
      1	47265
      3	47281
      1	47366
      1	47367
      2	47384
      1	47425
      1	47442
      1	47498
      1	47551
      1	47652
      2	47667
      1	47671
      1	47768
      1	47882
      1	47906
      1	47912
      1	47972
      1	48055
      1	48123
      1	48134
      1	48230
      1	48245
      2	48256
      1	48269
      1	48279
      1	48280
      1	48326
      2	48427
      1	48443
      1	48446
      1	48455
      1	48600
      1	48613
      2	48653
      1	48675
      1	48711
      1	48739
      1	48747
      1	48816
      1	48820
      1	48839
      1	48853
      6	48870
      3	48944
      2	49012
      1	49025
      1	49038
      1	49073
      1	49108
      1	49121
      1	49201
      1	49305
      1	49332
      2	49340
      1	49351
      1	49352
      3	49393
      1	49397
      2	49399
      1	49402
      1	49424
      2	49447
      1	49452
      1	49650
      1	49673
      1	49677
      1	49685
      1	49752
      1	49761
      1	49774
      2	49785
      1	49792
      1	49815
      1	49842
      1	49861
      1	49870
      1	49874
      1	49924
      1	49925
      1	49936
      2	49954
      2	49958
      1	49987
      1	49990
      1	50003
      1	50038
      1	50070
      1	50186
      3	50200
      1	50213
      5	50243
      1	50281
      2	50291
      3	50314
      1	50342
      1	50346
      1	50386
      1	50401
      2	50459
      1	50563
      2	50584
      1	50597
     13	50672
      1	50686
      1	50708
      1	50735
      2	50835
      2	50865
      8	50868
      2	50897
      1	50904
      2	50945
      3	50983
      1	51032
      2	51053
      1	51088
      1	51165
      1	51255
     10	51256
      2	51259
      1	51295
      1	51303
      1	51358
      1	51434
      1	51450
      1	51461
      1	51490
      1	51527
      1	51582
      1	51623
      1	51630
      1	51669
      3	51672
      1	51731
      1	51749
      1	51775
      1	51814
      1	51822
      1	51864
      1	51878
      2	51934
      1	51946
      2	52143
      1	52227
      1	52270
      1	52311
      1	52360
      1	52393
      1	52429
      2	52448
      1	52490
      1	52569
      1	52577
      1	52617
      1	52655
      3	52679
      1	52708
      1	52776
      1	52798
      1	52809
      1	52814
      2	52893
      1	52922
      2	52923
      1	53017
      1	53056
      2	53098
      2	53102
      1	53150
      1	53201
      1	53205
      1	53253
      1	53309
      1	53321
      2	53363
      1	53373
      2	53386
      1	53418
      1	53430
      2	53433
      1	53533
      1	53578
      3	53612
      1	53613
      1	53693
      1	53715
      1	53718
      1	53719
      1	53790
      1	53862
    154	53925
      2	53947
      1	53970
      1	53985
      1	53995
      1	53999
      1	54028
      1	54047
      1	54124
      1	54150
      1	54242
      2	54272
      1	54305
      1	54310
      2	54345
      1	54362
      1	54380
      1	54386
      1	54404
      1	54434
      1	54450
      2	54520
      1	54521
      1	54596
      1	54620
      1	54621
      1	54642
      1	54693
      1	54698
      3	54701
      1	54705
      1	54727
      1	54729
      1	54741
      1	54748
      1	54788
      1	54858
      1	54876
      1	54881
     24	55058
     22	55088
      1	55109
      1	55212
      2	55278
      1	55287
      2	55289
      1	55291
      1	55297
      1	55342
      1	55380
      5	55381
      1	55430
      1	55456
      1	55460
      1	55481
      1	55486
      1	55511
      1	55597
      1	55620
      1	55749
      1	55773
      2	55821
      1	55859
      1	55950
      1	56005
      1	56022
      1	56086
      1	56091
      1	56120
      1	56132
      1	56180
      1	56187
      2	56191
     31	56192
      1	56220
      1	56225
      1	56226
      1	56254
      2	56283
      1	56324
      1	56407
      7	56578
      1	56621
      1	56622
      1	56645
      1	56653
     14	56720
      2	56724
      1	56777
      1	56780
      1	56885
      1	56914
      1	56935
      1	57095
      1	57120
      1	57140
      1	57158
      1	57193
      1	57205
      1	57269
      1	57381
      1	57383
      1	57419
      1	57564
      1	57647
      1	57658
      1	57680
      1	57705
      2	57733
      2	57808
      2	57831
      1	57885
      2	57941
      1	57999
      2	58002
      1	58216
      1	58233
      1	58329
      2	58366
      1	58370
      1	58402
      1	58487
      1	58519
      1	58552
      1	58568
      2	58575
      1	58582
      1	58602
      1	58607
      1	58680
      1	58690
      1	58707
      1	58713
      2	58773
      1	58799
      1	58840
      1	58860
      1	58892
      2	58946
      1	58958
      3	58984
      1	58999
      1	59036
      1	59147
      2	59181
      1	59204
      1	59210
      1	59243
      1	59412
      1	59467
      1	59472
      1	59506
      1	59507
      1	59509
      1	59522
      1	59553
      1	59569
      1	59572
      1	59617
      1	59659
      1	59660
      1	59673
      1	59702
      1	59781
      1	59788
      1	59856
      2	59875
      1	59905
      1	59918
      1	59989
      5	60058
      1	60072
      1	60093
      1	60131
      1	60132
      1	60154
      1	60193
      1	60215
      1	60253
      1	60275
      1	60292
      1	60294
      1	60354
      3	60376
      1	60382
      2	60390
      2	60485
      2	60496
      1	60565
      1	60585
      1	60652
      1	60728
      4	60729
      1	60730
      1	60801
      1	60817
      1	60819
      1	60835
      1	60882
      2	60940
      1	60987
      2	61039
      1	61068
      1	61114
      1	61149
      1	61176
      1	61218
      1	61251
      1	61253
      1	61261
      1	61267
     27	61268
      1	61317
      1	61322
      1	61328
      1	61376
      1	61398
     10	61419
      1	61483
      2	61521
      1	61565
      1	61585
      1	61588
      2	61598
      1	61609
      1	61633
      2	61683
      1	61742
      2	61860
      1	61924
      3	61968
      2	61987
     27	62064
      1	62128
      1	62149
      1	62215
      1	62305
      1	62323
      2	62328
      1	62345
      1	62385
      1	62387
      1	62479
      1	62550
      1	62593
      2	62605
      1	62696
      1	62711
      1	62742
      1	62745
      1	62839
      1	62847
      1	62862
      1	62868
      1	62873
      1	62902
      1	62911
      1	63026
      1	63034
      1	63087
      1	63173
      1	63213
      1	63235
      2	63279
      1	63341
      1	63363
      1	63380
      1	63413
      1	63469
      1	63539
      1	63552
      1	63553
      1	63563
      3	63622
      1	63641
      1	63692
      1	63696
      1	63698
      1	63712
      2	63757
      2	63762
      1	63803
      1	63837
      1	63840
      1	63856
      1	64000
      1	64120
      1	64137
      1	64198
      1	64220
      1	64264
      1	64267
      1	64276
      1	64286
      1	64310
      1	64321
      4	64349
      1	64362
      3	64464
      1	64468
      1	64490
      1	64498
      1	64527
      1	64608
      1	64693
      1	64709
      1	64725
      2	64728
      1	64762
      1	64771
      1	64860
      1	64871
      4	64881
      2	64951
      1	64980
      1	64997
      1	65018
      1	65023
      2	65053
      1	65091
      1	65111
      1	65125
      1	65128
      1	65199
      1	65231
      1	65238
      1	65371
      2	65373
      1	65375
      1	65410
      1	65420
      1	65434
      1	65479
      1	65481
      1	65483
      2	65492
      1	65519
      1	65527
