      1	5
      1	175
      1	333
      2	380
      1	488
      3	708
      3	3425
      1	3933
      2	6964
      1	7222
      3	7651
      2	8281
      1	8354
      2	8472
      2	8664
      1	9900
      4	10538
      1	12825
      3	12862
      1	15260
      1	15691
      1	17771
      5	17773
      1	17880
      1	17885
      1	18590
      1	18745
     31	19678
      1	19918
      1	22134
      2	22365
      1	22713
      6	23266
     29	23354
      1	23577
      1	23769
      1	23861
      1	23976
      1	24614
      5	25983
      2	26246
      5	26666
      1	26777
      1	27525
      1	28109
      1	28355
      1	28396
      1	28605
      1	29880
      1	31356
      2	31381
      5	31812
      1	31864
      1	33143
      4	33597
      1	33945
      1	34479
      1	34775
      3	36810
      1	37308
      1	39190
      2	39275
      1	39789
      2	40317
      1	40384
      1	41086
      3	42372
      1	42912
      2	43856
      1	45584
      1	47446
      1	49906
      1	51392
      1	51771
      1	51822
      1	52181
      1	52829
      1	52926
      1	54726
      2	55135
      1	55418
     11	55500
      2	57133
      3	59434
      1	60282
      1	63130
      4	63509
      1	64120
      7	64170
      3	64474
      1	65209
