      2	91
      2	201
      1	368
      1	505
      1	538
      1	567
      1	708
      1	880
      2	1039
      1	1049
      3	1070
      4	1173
      4	1229
      1	1243
      1	1330
      3	1358
      1	1387
      1	1508
      1	1552
      2	1557
      2	1733
      1	1782
      1	1813
      2	1818
      1	1830
      1	1918
      3	2484
      1	2503
      1	2589
      1	2652
      1	2743
     10	2836
      1	2885
      1	2926
      2	3079
      1	3126
      1	3148
      4	3204
      3	3212
      1	3358
      1	3379
      1	3418
      1	3495
      1	3645
      1	3651
      3	3663
      1	3690
      1	3737
      1	3958
      1	3988
      1	3991
      1	3997
      1	4046
      4	4061
      1	4109
      1	4165
      1	4207
      1	4599
      1	4634
      3	4640
      2	4730
      1	4848
      1	4926
      1	4969
      1	5023
      4	5161
      3	5166
      1	5300
      2	5475
      2	5622
      2	5726
      2	5731
      3	5754
      1	5888
      3	5931
      2	6102
      4	6124
      1	6156
      2	6197
      1	6229
      3	6425
      1	6494
      1	6497
      1	6558
      1	6576
      1	6647
      1	6736
      1	6805
      2	6842
      1	7186
      2	7397
      2	7457
      1	7490
      1	7502
      1	7574
      3	7665
      1	7689
      1	7690
      1	7793
      6	7817
      1	7970
      3	8011
      1	8101
      2	8150
      1	8201
      2	8281
      1	8363
      4	8365
      1	8435
      2	8436
      1	8639
      1	8647
      1	8656
      1	8657
      1	8728
      1	8760
      1	8900
      1	9316
      2	9345
      1	9572
      2	9797
      1	9888
      3	9900
      3	9967
      1	10280
      1	10319
      1	10346
      1	10504
      1	10538
      1	10576
      1	10667
      1	10744
      1	10927
      6	10950
      1	11146
      1	11321
      1	11336
      1	11391
      1	11450
      1	11535
      1	11736
      1	11748
      1	11760
      1	11975
      1	12037
      1	12058
      1	12627
      2	12666
      1	12708
      1	12771
      1	12792
      1	12814
      1	12825
      1	12841
      1	12975
      1	13005
      1	13049
      2	13166
      1	13291
      1	13333
      1	13453
      1	13462
      1	13488
      1	13499
      1	13503
      1	13529
      1	13619
      1	13699
      1	13749
      1	13805
      1	14019
      1	14053
      1	14210
      1	14343
      1	14472
      1	14592
      3	14768
      3	14876
      1	14980
      1	14986
      1	14999
      1	15084
      1	15197
      1	15260
      2	15386
      1	15430
      1	15518
      1	15551
      1	15561
      1	15619
      1	15674
      2	15724
      1	15772
      1	15846
      1	15975
      1	15984
      2	16065
      1	16146
      1	16181
      1	16412
      1	16503
      1	16508
      6	16526
      1	16529
      1	16554
      1	16608
      8	16620
      1	16660
      2	16678
      1	16679
      1	16810
      1	16892
      2	16934
      1	16937
      1	16944
      1	16969
      1	17015
      1	17018
      1	17067
      1	17089
      1	17210
      1	17267
      1	17294
      1	17498
      3	17845
      1	17887
      1	17910
     10	17975
      4	17989
      1	18010
      1	18269
      1	18333
      1	18348
      1	18444
      1	18666
      1	18672
     10	18696
      1	18723
      1	18745
      1	18749
      3	18770
      1	18808
      1	18864
      1	18932
      1	19008
      1	19138
      1	19139
      1	19188
      2	19339
      1	19375
      5	19405
      5	19425
      1	19549
      1	19617
      1	19664
      1	19707
      1	19869
      1	19917
      2	19974
      2	20012
      1	20031
      4	20191
      1	20204
      3	20212
      2	20226
      1	20267
      1	20268
      1	20322
      1	20326
      1	20424
      1	20560
      1	20589
      1	20802
      1	20827
      5	20865
      1	20871
      1	20882
      1	20994
      1	21050
      1	21198
      1	21201
      2	21251
      1	21253
      1	21488
      2	21511
      1	21516
      1	21714
      1	21817
      1	21874
      1	21885
      1	21985
      1	22257
      1	22273
      1	22292
      2	22365
      8	22547
      4	22573
      1	22633
      1	22692
      1	22743
      3	23023
      1	23048
      1	23052
      1	23114
      1	23288
      1	23309
      1	23526
      2	23653
      3	23799
      1	23920
      1	24013
      2	24038
      1	24205
      3	24376
      2	24412
      1	24469
      3	24626
      2	24629
      2	24708
      1	24794
      2	24800
      1	24801
      1	24804
      1	24817
      6	25054
      1	25060
      3	25358
      1	25395
      3	25431
      1	25453
      1	25663
      1	25781
      1	25827
      1	25887
      1	25891
      1	25899
      1	25931
     33	25959
      5	25960
      1	26001
      2	26013
      1	26166
      1	26207
      3	26420
      1	26434
      1	26451
      1	26460
      1	26503
      1	26549
      1	26625
      1	26666
      2	26772
      2	26791
      1	26852
      2	26909
      1	26947
      1	27052
      1	27078
      1	27174
      1	27245
      1	27257
      2	27272
     11	27350
      1	27384
      2	27421
      1	27665
      1	27674
      1	27891
      1	27966
      2	28035
      1	28219
      1	28250
      1	28273
      1	28544
      1	28578
      1	28679
      1	28692
      7	28960
      2	28997
      1	29136
      1	29286
      1	29364
      1	29614
      1	29875
      1	29879
      2	29880
      1	30027
      1	30090
      2	30162
      1	30280
      4	30363
      1	30395
      1	30555
      1	30659
      1	30816
      1	30824
      1	30877
      1	31257
      2	31471
      1	31535
      1	31585
      1	31983
      1	32004
      1	32125
      2	32342
      1	32481
      1	32647
      1	32831
      1	32863
      1	33028
      2	33092
      1	33272
      1	33416
      2	33674
      1	33682
      1	33700
      2	33917
      2	33964
      6	33971
      1	34002
      1	34133
      1	34335
      1	34550
      1	34608
      1	34708
      1	34723
      1	34757
      2	34775
      1	34805
      1	34883
      1	34962
      1	35068
      1	35162
      1	35263
      1	35552
      3	35591
      1	35754
      1	35953
      2	36034
      3	36056
      2	36091
      1	36111
      3	36112
      1	36559
      1	36566
      1	36667
      1	36810
      3	37000
      1	37042
      3	37052
      1	37087
      1	37128
      1	37465
      1	37493
      1	37513
      1	37521
      1	37620
      1	37640
      2	37670
      1	37716
      6	37744
      1	37747
      5	37792
      1	37976
      3	37980
      1	38007
      1	38099
      1	38315
      1	38398
      1	38439
      2	38447
      1	38464
      1	38480
      1	38544
      1	38652
      1	38676
      2	38756
      4	38781
      1	38787
      1	38944
      1	39005
      1	39050
      2	39184
      1	39193
      1	39233
      1	39302
      1	39325
      1	39410
      1	39432
      1	39488
      4	39537
      1	39697
      1	39751
      1	39754
      1	39759
      1	39795
      1	39807
      1	39887
      1	39893
      2	40019
      1	40063
      1	40156
      1	40175
      1	40354
      1	40399
      1	40416
      1	40432
      1	40527
      1	40661
      1	40718
      1	40740
      1	40775
      2	40811
      1	40814
      2	40830
      1	40995
      2	41081
      1	41121
      1	41124
      2	41235
      2	41242
      3	41333
      1	41388
      1	41437
      1	41582
      1	41671
      2	41723
      1	41749
      1	41909
      1	42013
      1	42150
      1	42155
      1	42262
      4	42277
      1	42372
      1	42404
      1	42425
      1	42519
      1	42669
      1	42679
      1	42785
      1	42953
      1	43169
      1	43225
      1	43346
      4	43478
      2	43603
      1	43734
      1	43739
      1	43763
      1	43856
      1	44078
      1	44105
      2	44112
      2	44141
      2	44152
      3	44228
      3	44252
      4	44381
      1	44555
      1	44575
      1	44722
      1	44961
      2	45059
      1	45111
      2	45261
      1	45368
      1	45424
      6	45425
      1	45450
      1	45462
      1	45708
      1	45774
      2	46100
      1	46132
      1	46156
      1	46173
      1	46261
      1	46499
      2	46512
      3	46541
      1	46595
      2	46623
      1	46724
      2	46919
      1	47009
      1	47015
      1	47073
      2	47086
      1	47090
      1	47292
      1	47309
      1	47335
      1	47351
      2	47413
      1	47416
      3	47425
      1	47535
      1	47646
      1	47650
      1	47700
      3	47721
      1	47897
      1	47952
      1	48110
      1	48134
      2	48203
      1	48225
      2	48333
      2	48708
      1	48721
      1	48808
      1	48908
      1	48924
      1	48983
      1	49022
      2	49113
      1	49134
      1	49346
      1	49358
     11	49458
      2	49607
      1	49907
      1	49966
      1	50323
      1	50366
      1	50410
      1	50474
      1	50480
      1	50508
      2	50568
      1	50584
      1	50590
      1	50680
      1	50815
      2	50910
      1	50915
      1	50955
      1	51065
      2	51354
      2	51392
      1	51394
      1	51571
      1	51588
      1	51612
      2	51645
      8	51766
      1	51771
      1	51779
      1	51808
      3	51822
      1	51899
      1	51994
      1	52133
      1	52181
      1	52266
      1	52273
      1	52344
      1	52365
      1	52370
      1	52409
      1	52414
      5	52477
      4	52532
      5	52635
      1	52736
      1	52851
      1	52908
      1	52915
      1	53063
      1	53095
      1	53117
      1	53153
      1	53256
     18	53349
      1	53401
      3	53420
      1	53502
      1	53567
      1	53661
      2	53865
      1	53980
      1	54127
      1	54208
      1	54232
      1	54235
      1	54267
      1	54280
      1	54300
      1	54321
      2	54356
      1	54370
      1	54558
      3	54573
      1	54600
      1	54729
      2	54745
      2	54916
      1	54945
      2	54989
      1	55217
      4	55305
      1	55382
      1	55402
      1	55421
      1	55441
      1	55460
      1	55462
      1	55466
      2	55565
      2	55693
      1	55836
      1	55908
      1	55919
      1	55962
      1	56084
      1	56273
      1	56607
      1	56621
      1	56693
      2	56740
      1	56912
      3	56956
      1	56975
      1	57120
      1	57133
      3	57144
      1	57297
      1	57389
      2	57489
      1	57514
      1	57609
      1	57767
      1	57784
      1	57791
      2	57831
      1	57836
      1	58216
      1	58223
      1	58297
      2	58406
      2	58679
      3	58729
      1	58731
      1	58760
      2	58808
      4	59036
      1	59084
      1	59107
      1	59140
      1	59144
      1	59201
      2	59231
      1	59271
      2	59332
      1	59333
      2	59369
      2	59414
      1	59463
      2	59466
      1	59580
      1	59768
      2	59787
      1	59862
      1	60007
      1	60023
      1	60179
      1	60278
      1	60285
      1	60378
      1	60421
      1	60473
      1	60497
      2	60501
      1	60585
      1	60652
      1	60772
      1	60959
      1	60969
      1	61041
      1	61121
      1	61131
      4	61152
      1	61230
      1	61310
      1	61398
      1	61445
      1	61595
      2	61855
      1	61891
      1	61897
      1	62001
      1	62019
      1	62036
      1	62041
      1	62106
      1	62194
      1	62232
      1	62337
      1	62427
      1	62534
      2	62664
      1	62794
      2	62803
      2	62846
      1	62882
      1	62936
      1	62993
      2	63002
      1	63143
      1	63330
      1	63409
      1	63481
      1	63498
      1	63875
      2	63950
      1	64126
      1	64155
      2	64170
      1	64474
      2	64502
      1	64520
      1	64529
      3	64552
      1	64623
      1	64798
      3	64876
      2	64938
      2	65055
      1	65114
      1	65133
      1	65159
      1	65232
      1	65272
      1	65305
      1	65381
      1	65414
