     12	11
      1	45
      1	77
      1	96
      1	148
      1	177
      2	219
      1	346
      1	363
      1	379
      1	388
      1	425
      1	545
      1	569
      1	589
      6	590
      1	634
      2	736
      3	737
      1	754
      1	758
      1	765
      3	797
      2	799
      1	810
      1	836
      1	839
      4	865
      1	904
      1	946
      1	978
      1	1039
     17	1052
      1	1063
      1	1097
      1	1126
      3	1168
      1	1178
      1	1190
      1	1194
      1	1223
      5	1248
      2	1293
     10	1390
      1	1405
      1	1406
      1	1415
      1	1438
      1	1443
      2	1455
      2	1466
      2	1502
     15	1547
      1	1582
      1	1593
      1	1616
      1	1631
      2	1643
      1	1652
      1	1662
     10	1681
      1	1709
      1	1712
      1	1722
      1	1723
      1	1728
      1	1738
      7	1747
      5	1813
      1	1821
      1	1831
      2	1867
      1	1872
      1	1899
      3	1917
      2	1930
      1	1931
      1	1981
      1	1990
      3	2004
      3	2008
      1	2030
      3	2038
      1	2039
      1	2087
      1	2090
      1	2124
      1	2141
      1	2144
      2	2145
      1	2159
      1	2187
      1	2225
      1	2348
      1	2375
      1	2388
      1	2407
      1	2417
      2	2476
      1	2504
     11	2506
      1	2589
      1	2633
      1	2645
      1	2648
      1	2750
      6	2819
      1	2845
      2	2853
      1	2881
      6	2885
      1	2902
      1	2906
      1	2995
     40	3014
      1	3026
      7	3058
      1	3102
      1	3185
      3	3253
      1	3255
      3	3278
      2	3311
      1	3321
      2	3332
      1	3367
      1	3375
      1	3383
      1	3424
      7	3427
      1	3437
      1	3452
      3	3474
      1	3486
      1	3552
      1	3632
      6	3644
      1	3645
      1	3664
     10	3671
      1	3684
      1	3709
      1	3779
      3	3810
      1	3817
      3	3881
      2	3907
      1	3965
      1	3973
      1	3995
      1	4071
      3	4096
      1	4106
      1	4109
      4	4120
      3	4130
      1	4147
      1	4182
      1	4183
      1	4185
      3	4264
      1	4342
      2	4395
      1	4406
      1	4451
      1	4515
      2	4640
      2	4641
      6	4664
      1	4753
      3	4762
      1	4780
      2	4785
      1	4809
      2	4812
      4	4849
      3	4900
      1	4917
      1	4928
      5	4967
      2	4987
      1	5023
      2	5030
      1	5069
      4	5083
      1	5099
      1	5128
      1	5130
      1	5133
      1	5222
      1	5261
      2	5287
      1	5292
      1	5305
      1	5313
      1	5327
      4	5405
      1	5432
      1	5438
      1	5443
      1	5447
      1	5475
     21	5545
      1	5548
      3	5564
      9	5609
      1	5640
     11	5643
      2	5686
      1	5698
      1	5719
      1	5729
      1	5736
      1	5792
      1	5795
      3	5819
      1	5830
      1	5851
      1	5885
      2	5984
      1	5991
      1	6012
      1	6016
     11	6020
      1	6054
      1	6068
      3	6133
      4	6148
      2	6149
      3	6162
      1	6175
      1	6205
      1	6216
      1	6230
      1	6231
      1	6292
      1	6337
      1	6339
      1	6394
      1	6414
      1	6417
      1	6435
      1	6463
      1	6470
     23	6497
      1	6529
      3	6551
      1	6558
      1	6566
      2	6569
      6	6647
      1	6651
      1	6657
      1	6692
      1	6710
      4	6717
      1	6753
      1	6763
      1	6812
      9	6828
      2	6841
      1	6842
      2	6854
      4	6877
      4	6887
      1	6964
      3	6971
      6	6975
      1	6981
      1	7012
      1	7015
      1	7016
      1	7027
      3	7029
      1	7063
      1	7064
      6	7069
      8	7075
      1	7101
      2	7206
      1	7231
      1	7244
      3	7250
      1	7274
      2	7297
      1	7328
      2	7332
      2	7359
      4	7403
      1	7420
      1	7457
      5	7485
      1	7515
      1	7526
      1	7572
      4	7579
      1	7617
      1	7651
      2	7652
      2	7670
      1	7683
      1	7692
    156	7746
      1	7815
      1	7817
      1	7842
      1	7875
      3	7884
      1	7889
      1	7935
      6	7970
      1	8009
      1	8014
      1	8016
      1	8025
      2	8115
      4	8128
      1	8150
      3	8153
      1	8158
      1	8172
      1	8201
      3	8206
      1	8248
      1	8253
      2	8299
      1	8312
      1	8338
      9	8364
      1	8394
      1	8415
      1	8471
      5	8547
      1	8552
      1	8564
      1	8582
      1	8586
      1	8589
      7	8671
      1	8708
      1	8760
      1	8797
     26	8812
      1	8896
      2	8920
      9	8991
      1	9003
      1	9091
      2	9108
      2	9128
      1	9148
      2	9152
      7	9200
      1	9204
      1	9211
      1	9217
      3	9266
      1	9267
      6	9300
      2	9326
      1	9332
      2	9343
      4	9345
      3	9373
      1	9399
      1	9402
      1	9414
      1	9424
      1	9445
      1	9474
      1	9491
      1	9498
      1	9499
      1	9503
      1	9506
      1	9547
      2	9561
      1	9564
      2	9572
      7	9582
      1	9670
      1	9705
      1	9737
      1	9765
      1	9781
      1	9784
      1	9791
      2	9811
      1	9839
      1	9846
      5	9848
      1	9888
      1	9901
      1	9965
      4	9974
      1	10010
     15	10026
      1	10041
      1	10105
      1	10142
      2	10167
      1	10173
      1	10205
     23	10214
      1	10229
      1	10246
      1	10262
     10	10361
      1	10368
      1	10374
      1	10381
      1	10422
      2	10428
      2	10462
      1	10490
      1	10526
      1	10566
      2	10607
      4	10610
      1	10613
      1	10635
      2	10660
      2	10688
      1	10720
      2	10724
      1	10750
      1	10784
      1	10819
      2	10843
      1	10845
      1	10874
      4	10916
      1	10934
      1	11024
      1	11091
      2	11097
      1	11121
      1	11180
      1	11244
      2	11252
      1	11272
      1	11278
      1	11297
      1	11303
      3	11337
      1	11370
      2	11439
      1	11487
      1	11490
      1	11530
     11	11535
      4	11573
      1	11599
      2	11611
      1	11642
      1	11654
      1	11751
      4	11759
      2	11876
      1	11891
      2	11921
      1	12027
      1	12080
      1	12108
      1	12121
      1	12122
      1	12159
      1	12213
      1	12245
      4	12271
      2	12294
      3	12354
      1	12368
      1	12391
      1	12392
      2	12394
      1	12405
      1	12429
     14	12435
      1	12462
      2	12503
      1	12505
      3	12510
      1	12558
      1	12603
      1	12628
      1	12684
      1	12773
      3	12807
      1	12869
      1	12886
     20	12898
      1	12899
      1	12902
      8	12976
      1	13008
      2	13025
      3	13031
      2	13068
      1	13119
      1	13136
      2	13153
      1	13194
      5	13204
      2	13211
      2	13238
      1	13268
     13	13300
      1	13315
      1	13331
      8	13374
      1	13447
      1	13468
      3	13488
      5	13522
      1	13572
      1	13575
      1	13593
      1	13598
      1	13657
      1	13659
      1	13672
      1	13691
      4	13712
      8	13724
      1	13737
      1	13749
      4	13750
      3	13752
      2	13757
      1	13768
      1	13773
      2	13810
      1	13863
      1	13882
      1	13898
      3	13945
      1	14002
      8	14029
      3	14053
      1	14073
      1	14096
      1	14188
      9	14270
      1	14277
      2	14329
      1	14335
      1	14359
      1	14385
      1	14388
      1	14389
      1	14392
      1	14442
      1	14483
      3	14535
      1	14539
     13	14540
      1	14545
      1	14589
      1	14631
      1	14657
      2	14693
      1	14717
      7	14749
      1	14789
      1	14793
      1	14799
      2	14837
      1	14843
      1	14875
      1	14876
      1	14888
      1	14917
      3	15031
      7	15035
      1	15063
      1	15093
      1	15094
      1	15100
      1	15184
      1	15204
      1	15225
      1	15236
      2	15246
      1	15250
      1	15271
      2	15278
      3	15293
      1	15318
      2	15338
      1	15343
      1	15355
      1	15371
      1	15437
      1	15438
      2	15458
      1	15505
      4	15516
     13	15530
      7	15535
      1	15536
      1	15555
      2	15581
      1	15608
     21	15615
      1	15628
      2	15651
      1	15659
      1	15674
      1	15684
      1	15704
      1	15715
      1	15719
      2	15724
      2	15787
      1	15806
      3	15831
      3	15895
      1	15932
      1	15939
      1	15956
      1	15966
      1	15974
      1	15984
      1	16002
      2	16033
      1	16064
      1	16077
     38	16082
      1	16154
      1	16202
      1	16332
      1	16339
      2	16340
      1	16354
      1	16390
      2	16397
      1	16407
      2	16456
     10	16465
      1	16492
      1	16526
      3	16546
      7	16554
      1	16676
      1	16704
      6	16753
      2	16757
      1	16775
      1	16806
      1	16851
      1	16887
     12	16916
      1	16951
      1	16960
      1	16968
      1	17009
      1	17067
      1	17210
      1	17225
      2	17267
      4	17283
      1	17315
      1	17338
     20	17341
      1	17365
      2	17379
      1	17420
      1	17425
      1	17454
      2	17466
      1	17498
      3	17533
      1	17540
      1	17576
      1	17580
      2	17591
      1	17613
      2	17662
      6	17692
      1	17710
      1	17736
      6	17741
      2	17859
      1	17901
      7	17930
      7	17949
      1	17995
      2	18028
      1	18037
      8	18093
      1	18099
      1	18117
      1	18122
      1	18138
      1	18187
      1	18271
      2	18331
     15	18348
      2	18349
      1	18364
      2	18409
      1	18413
     56	18444
      1	18448
      1	18487
      2	18508
      1	18548
      3	18551
      1	18574
      4	18575
      1	18607
      6	18636
      1	18660
      1	18690
      1	18720
      1	18724
      1	18762
      1	18770
      1	18796
      1	18882
      1	18898
      3	18914
      1	18949
      1	18974
      1	18985
      1	19113
      1	19120
      1	19138
     65	19162
      1	19186
      1	19197
      5	19230
      1	19247
      1	19251
      1	19274
      1	19292
      1	19310
      3	19323
      8	19372
      1	19464
      3	19539
      1	19582
      1	19643
      1	19830
      5	19839
      1	19843
      1	19847
      4	19875
      9	19892
      1	19911
      1	20014
      2	20033
      1	20034
      5	20098
      1	20132
      1	20136
      1	20162
      1	20199
      1	20267
      1	20268
      2	20307
      2	20313
      1	20329
      2	20333
      1	20357
     37	20367
     32	20375
      1	20386
      4	20431
      1	20436
      1	20482
     10	20498
      1	20523
      2	20644
      1	20650
      1	20658
      1	20673
      1	20744
      1	20806
      1	20850
      2	20885
      1	20888
      2	20928
      2	20934
      1	20991
      1	20997
      1	21136
      1	21157
      1	21247
      1	21249
      1	21266
      1	21276
      7	21307
      1	21352
     12	21411
      2	21420
      2	21421
      1	21434
      1	21435
      1	21459
      1	21472
     11	21485
      2	21503
      1	21511
      1	21539
      1	21573
      4	21599
      1	21665
      6	21693
      2	21761
      1	21800
      1	21866
      1	21873
      2	21912
      1	21929
      3	21949
     32	22010
      3	22012
      2	22026
      1	22070
      1	22086
      4	22098
      1	22118
      2	22130
      1	22134
      1	22135
      1	22145
      1	22197
      2	22204
      1	22219
      1	22227
      1	22241
      1	22296
      1	22306
      1	22315
      1	22417
     17	22441
      1	22456
      2	22468
      1	22475
      1	22495
      1	22510
      2	22606
      1	22631
      1	22644
      1	22679
      2	22698
      2	22699
      2	22744
      1	22751
      1	22850
     12	22867
      3	22902
      1	22964
      1	22970
      5	23002
      2	23028
      6	23081
      1	23162
      1	23168
      1	23220
      1	23264
      1	23278
      2	23295
      1	23307
      1	23330
      1	23331
      1	23383
      1	23406
      1	23447
      1	23471
      1	23501
      2	23547
      1	23576
      2	23594
      1	23595
      1	23617
      1	23650
      1	23703
      1	23710
      3	23732
      3	23741
      1	23753
      1	23798
      2	23823
      1	23849
      2	23851
      1	23888
      1	23890
      1	23924
      1	23974
      1	24010
      3	24011
      1	24044
      3	24052
      2	24058
      1	24068
      1	24071
      1	24094
      3	24096
      1	24114
      1	24116
      1	24119
      3	24133
      3	24136
      1	24141
      1	24170
      2	24200
      1	24208
      1	24251
      1	24271
      1	24339
      4	24345
      1	24405
      1	24412
      8	24422
     16	24466
      1	24519
      1	24525
      1	24619
      2	24623
      1	24646
      1	24669
      1	24687
      4	24757
      2	24804
      1	24809
      1	24862
      1	24868
      1	24877
      4	24909
      3	25005
      2	25024
      1	25074
      2	25082
      1	25097
      1	25141
      1	25173
      1	25176
      1	25195
      1	25198
      2	25295
      1	25307
      1	25338
      1	25372
      1	25378
      1	25393
      1	25410
      1	25445
      2	25465
      1	25491
      1	25509
      1	25624
      1	25628
      1	25689
      1	25703
      1	25724
      1	25789
      5	25802
      1	25857
      4	25874
      1	25881
      2	25899
      6	25950
      4	25960
      1	26013
      1	26015
      1	26043
      1	26070
      3	26111
      6	26157
      5	26226
      1	26238
      1	26246
      1	26250
      1	26264
      1	26280
      1	26290
      2	26311
      1	26329
      1	26368
      2	26400
      8	26416
      3	26435
      4	26458
      1	26502
      1	26538
      1	26542
      1	26607
      2	26611
      1	26618
      1	26633
      1	26731
      1	26739
      1	26790
      1	26813
      1	26865
      1	26874
      2	26884
      1	26888
      3	26992
      1	27011
      2	27039
     11	27044
      1	27046
      1	27067
      1	27087
      1	27224
      1	27230
      1	27257
      1	27266
      2	27309
      3	27418
      1	27448
      1	27500
      1	27506
      1	27512
      4	27519
      1	27526
      1	27551
      1	27600
      1	27619
      3	27642
      1	27645
      1	27726
      8	27731
      1	27765
      1	27869
      3	27880
      1	27910
      1	27944
      1	27959
      4	27996
      1	28011
     11	28012
      1	28015
      1	28044
      1	28063
      1	28084
      1	28089
      1	28094
      1	28140
      1	28143
      1	28186
      1	28206
      1	28223
      3	28244
      1	28262
      2	28330
      1	28338
      2	28342
      2	28344
      1	28349
      1	28427
      1	28438
      1	28463
      1	28467
      1	28471
      1	28476
      2	28477
      3	28664
      2	28672
     11	28673
     10	28675
      1	28692
      2	28718
      1	28809
      1	28848
      1	28879
      1	28885
      1	28907
      1	28925
      1	28928
      1	29011
      1	29016
      1	29060
      1	29121
      2	29143
      1	29184
      1	29298
      1	29314
      1	29322
      3	29337
      1	29339
      2	29351
      6	29377
      3	29513
      2	29529
      1	29571
      5	29596
      8	29718
      2	29772
      1	29773
      1	29801
      1	29826
      1	29869
      1	29958
      2	29992
      1	30011
      1	30115
      1	30116
      1	30196
      1	30245
      3	30267
     43	30270
      1	30273
      1	30291
      1	30306
      2	30318
      1	30360
      1	30363
      2	30364
      2	30404
      1	30425
      1	30427
      1	30437
      1	30539
      5	30544
      4	30565
      2	30590
      2	30595
      1	30613
      1	30624
      1	30675
      1	30676
      1	30754
      1	30801
      2	30820
      2	30848
      1	30855
      1	30861
      1	30873
      3	30884
      1	30910
      1	30924
      7	30939
     25	30957
      2	30963
      1	31002
      5	31007
      1	31042
     13	31052
      1	31091
      2	31153
      1	31165
      1	31177
      1	31178
      2	31211
      1	31212
      3	31244
      1	31250
      1	31284
      1	31321
      5	31397
      1	31409
      4	31523
      1	31535
      1	31562
      1	31612
      3	31613
      1	31631
      4	31764
      2	31766
      1	31770
      1	31785
      1	31802
      1	31946
      1	31949
      1	31960
      1	31964
      1	31974
      2	31981
      1	32127
      1	32169
      2	32177
      3	32208
      1	32262
      2	32333
      2	32358
      1	32377
      1	32383
      1	32389
      1	32395
      1	32465
      1	32476
      1	32496
      1	32497
      1	32498
      2	32514
      1	32574
      1	32611
      2	32635
      2	32717
      1	32747
      1	32749
      1	32778
      1	32793
      1	32794
      1	32799
      1	32815
      1	32842
      1	32845
      2	32851
      1	32871
      1	32891
      2	32903
      1	32912
      6	32936
      1	32967
     14	32975
      1	32976
      1	32981
      2	32983
      1	33019
      1	33074
      5	33123
      1	33155
      2	33292
      2	33342
      1	33348
      1	33383
      1	33448
      8	33511
      1	33549
      1	33638
      1	33642
      1	33662
      2	33665
      1	33699
      2	33709
      1	33765
      1	33769
      1	33786
      1	33804
      1	33827
      1	33917
      1	33929
      1	33972
      1	33976
      1	33980
      1	34002
      6	34004
      1	34092
      1	34099
      1	34145
      1	34212
      2	34238
      1	34239
      2	34241
      1	34281
      1	34324
      1	34327
      1	34351
      1	34359
      2	34392
      1	34396
     68	34452
      2	34453
      1	34464
      4	34477
      1	34508
      1	34537
      3	34542
      2	34598
      1	34604
      1	34605
      1	34617
      1	34623
      3	34647
      1	34659
      2	34692
      1	34704
      3	34707
      1	34746
      1	34761
      1	34803
      1	34804
      1	34816
      1	34826
      1	34905
      1	34916
      1	34990
      1	35002
     21	35067
      1	35102
      1	35132
      1	35152
      1	35166
      3	35203
      1	35220
      1	35226
      1	35258
      6	35263
      1	35267
      3	35275
      8	35292
      1	35300
      1	35304
      1	35341
      1	35342
      3	35366
      1	35373
      1	35384
      5	35392
      1	35424
      1	35425
      1	35432
      1	35452
      1	35495
      1	35551
      1	35591
      2	35597
      1	35622
      1	35632
      1	35643
      1	35644
      2	35654
     32	35667
      1	35697
      1	35744
      1	35754
      2	35786
      1	35794
      2	35824
      3	35835
      3	35867
      8	35894
      1	35908
      1	35949
      1	35989
      1	36009
      3	36028
      1	36044
      1	36046
      1	36051
      4	36090
      2	36092
      3	36135
      1	36215
      1	36256
      1	36335
      1	36353
      1	36362
      6	36390
      1	36406
      1	36412
      3	36423
     28	36437
      4	36508
      9	36559
      4	36629
      1	36652
      1	36656
      1	36661
      1	36715
      1	36729
      1	36737
      3	36743
      2	36780
      1	36823
      1	36848
      4	36859
      2	36863
      2	36896
      1	36912
      1	36924
      1	36932
     15	36951
     14	37010
      1	37023
      1	37030
      1	37043
      1	37062
      1	37063
      2	37068
      1	37070
      1	37093
      4	37101
      7	37127
      1	37159
      4	37160
      1	37224
     22	37233
      2	37247
      6	37329
      1	37331
      1	37348
      1	37364
      1	37403
      2	37408
      1	37414
      2	37423
      6	37439
      1	37465
      1	37471
      1	37496
      1	37529
     21	37570
      1	37595
      1	37614
      2	37640
      1	37653
      1	37667
      4	37699
      1	37701
      1	37711
      1	37773
      1	37779
      2	37795
      1	37897
      1	37912
      1	37917
      6	37998
      1	38137
      1	38171
      1	38269
      1	38282
      1	38298
      6	38315
      1	38317
      1	38320
      1	38407
      1	38412
      1	38418
      4	38446
      1	38472
      1	38474
      2	38477
      2	38480
      2	38504
      2	38520
     14	38531
      1	38547
      1	38549
      5	38595
      1	38622
      1	38624
      1	38631
      3	38665
      1	38678
      1	38687
      2	38691
      2	38716
      1	38742
      1	38747
      1	38757
      1	38761
      1	38830
      6	38839
      1	38859
      1	38874
      1	38877
      2	38905
      1	38922
      1	38973
      2	39021
      1	39033
      1	39098
      1	39145
      1	39156
     12	39167
      2	39168
      1	39186
      1	39204
      4	39212
      1	39233
      2	39234
      1	39294
      2	39315
      1	39325
      1	39378
      1	39464
      1	39515
      1	39531
      1	39544
      1	39564
      1	39593
      1	39638
      1	39652
      1	39668
      2	39685
      1	39702
      1	39720
      1	39736
      2	39739
      4	39770
      1	39783
      1	39790
      1	39794
      1	39819
      1	39827
      1	39851
      1	39964
      1	39989
      1	40031
      1	40047
      5	40068
      1	40092
      2	40101
      1	40112
      1	40116
      1	40124
      9	40136
      1	40170
      1	40218
      1	40244
      1	40249
      1	40258
      1	40309
      1	40314
      2	40338
      1	40358
      1	40360
      4	40363
      2	40483
      1	40498
      8	40502
      1	40517
      1	40530
      1	40538
      1	40594
      1	40625
      3	40676
      2	40693
     29	40724
      1	40730
      8	40779
      1	40813
      1	40820
      2	40874
      2	40877
      7	40878
      1	40895
      3	40900
      1	40935
      1	40957
      1	40985
      1	41010
      3	41030
      1	41032
      1	41048
      1	41065
      1	41080
      1	41097
      1	41185
      1	41234
      2	41299
      1	41334
      1	41347
      1	41355
      1	41357
      1	41415
      3	41466
      1	41523
      1	41524
      1	41532
      1	41631
      1	41636
      1	41669
      1	41730
      1	41743
      1	41749
      1	41758
      1	41760
      1	41773
      1	41823
      1	41829
      5	41851
      3	41861
      1	41883
      2	41896
      1	41912
      1	41935
      1	41956
      1	42051
      1	42067
      1	42151
      1	42200
      1	42248
      2	42289
      2	42314
      1	42319
      1	42346
      1	42408
      2	42409
      1	42459
      1	42517
      2	42519
      2	42533
      1	42536
      1	42542
      5	42546
      1	42608
      1	42691
      1	42703
      1	42723
      4	42761
      3	42788
      1	42800
      2	42810
      1	42823
      1	42848
      1	42851
      4	42884
      5	42892
      1	42941
      1	42982
      1	43030
      1	43071
      1	43072
      1	43104
      1	43123
      1	43127
      1	43148
      1	43169
      2	43173
      1	43184
      1	43207
      1	43247
      1	43261
      1	43266
      2	43441
     12	43487
      1	43504
      1	43526
      1	43571
      1	43633
      1	43679
      1	43698
      1	43831
      1	43834
      4	43837
      1	43842
      1	43873
      2	43875
      1	43925
      1	43995
      1	44000
      1	44011
      1	44016
      1	44019
      9	44078
     27	44146
      1	44150
      5	44160
      2	44252
      4	44315
      1	44324
      2	44329
      1	44372
      1	44429
      8	44452
      1	44457
      1	44477
      2	44481
      2	44493
      1	44514
      1	44527
      2	44533
      1	44630
      1	44644
      3	44687
      1	44694
      9	44701
      1	44718
     20	44753
      1	44763
      1	44833
      1	44864
     14	44878
      2	44879
      1	44902
      1	44909
      1	44922
      2	44923
      1	44927
      2	44943
      1	45061
      2	45063
      2	45086
      3	45132
      5	45155
      1	45167
      2	45247
      2	45322
      5	45332
      1	45339
      1	45350
      1	45397
      1	45407
      6	45450
      1	45470
      1	45479
      1	45518
      1	45599
      1	45673
      1	45738
      1	45758
      2	45778
      2	45796
      4	45821
      2	45838
      3	45847
      1	45856
      1	45902
      1	45915
      1	45934
      1	45935
      1	45988
      1	46006
      1	46033
      5	46065
      1	46075
      2	46086
      2	46132
      1	46133
      1	46163
      1	46197
      1	46234
      4	46251
      1	46261
      7	46267
      1	46300
      2	46319
      2	46393
      1	46409
      1	46412
      1	46426
      1	46499
      2	46542
      1	46672
      1	46680
      1	46695
      3	46698
      1	46719
      3	46724
      1	46734
      1	46741
      1	46832
      6	46884
      1	46895
      1	46916
      1	46925
      1	46926
      1	46999
      1	47005
      1	47037
      1	47038
      1	47045
      1	47072
      1	47085
      1	47088
      2	47111
      1	47127
      1	47159
      1	47185
      2	47224
      1	47243
      4	47311
      4	47345
      4	47380
      1	47486
      1	47491
      1	47526
      1	47573
      1	47602
      1	47633
      1	47660
      1	47740
      2	47781
      1	47809
      1	47824
      1	47839
      1	47878
      1	47879
      1	47905
      4	48005
      1	48040
      1	48052
      1	48064
      1	48070
      1	48081
      2	48086
      1	48115
      1	48128
      5	48135
      1	48189
     28	48203
      1	48208
      1	48252
      1	48279
      1	48291
      1	48320
      4	48348
      2	48359
     10	48397
      9	48412
      1	48420
      6	48438
      1	48447
      4	48470
      1	48478
      6	48491
      3	48540
      1	48577
      1	48580
      1	48590
      1	48599
      4	48618
      1	48658
      1	48718
      1	48742
      1	48776
      2	48839
      1	48908
      1	48917
      1	48987
      3	49020
      1	49059
      1	49072
      1	49073
      1	49082
      2	49100
      1	49113
      1	49115
      1	49134
      1	49178
      2	49192
      3	49210
      1	49246
      1	49261
      1	49276
      3	49312
      1	49356
      1	49362
      1	49444
      2	49457
      1	49492
     11	49577
      1	49598
      1	49629
      1	49632
      4	49682
      1	49696
      1	49716
      4	49727
      1	49732
      1	49748
      1	49752
      1	49788
      1	49799
      1	49804
      2	49842
      1	49858
      1	49904
      1	49906
      1	49943
      1	49962
      3	49988
      1	49991
      1	50030
      1	50069
      1	50090
      1	50168
      1	50209
      1	50230
     22	50258
     60	50267
      1	50282
      6	50312
      1	50345
      1	50386
      3	50388
      1	50421
      1	50426
      1	50477
      1	50479
      1	50554
      1	50563
      1	50564
      1	50578
      1	50604
      1	50647
      2	50668
      1	50699
      2	50767
      1	50769
      1	50859
      1	50875
      1	50880
      1	50881
      1	50904
     34	50920
      1	50952
      1	51065
      1	51074
      1	51152
      1	51165
      1	51179
      1	51183
      2	51198
      1	51221
      2	51236
      1	51289
      5	51320
      1	51336
      1	51363
      1	51394
      5	51399
      1	51414
      2	51429
      2	51475
      3	51527
      2	51576
      1	51580
      3	51617
      2	51645
      1	51773
      1	51810
      1	51817
      1	51823
      1	51896
      2	51920
      1	51979
      1	51997
      4	52032
      8	52078
      1	52118
      2	52121
     14	52124
      1	52164
      1	52178
      1	52184
      1	52224
      1	52247
      1	52270
      7	52332
      1	52370
      1	52376
      1	52398
      1	52404
      4	52414
      5	52451
      1	52534
      1	52563
      3	52564
      1	52565
      1	52603
      1	52605
      1	52616
      2	52633
     10	52635
      1	52641
      2	52643
      1	52681
      1	52706
      1	52734
      2	52762
      1	52801
      2	52803
      1	52806
      1	52821
      1	52832
      1	52858
      1	52895
      1	52917
      1	52981
      1	53024
      1	53034
      1	53048
      1	53104
      4	53108
      1	53189
      1	53199
      9	53205
      2	53224
      4	53229
      1	53232
      1	53245
      2	53258
      2	53263
      1	53324
      2	53356
      2	53536
      3	53539
      1	53559
      3	53582
      1	53624
      1	53644
      8	53692
      1	53749
      5	53774
      1	53796
      3	53800
      1	53801
      3	53832
      1	53875
      2	53900
      1	53923
      4	53925
      5	53951
      1	53984
      2	54002
      1	54027
      1	54042
      1	54064
      1	54091
      3	54127
      1	54134
      1	54163
      1	54204
      4	54331
      3	54386
      2	54391
      1	54407
      2	54422
      1	54494
      2	54506
      1	54507
      1	54561
      1	54570
      1	54683
      1	54736
      1	54737
      4	54745
      1	54802
      1	54807
      1	54814
      2	54897
      1	54906
      1	54911
      2	54930
      1	54948
      1	54950
      1	54968
      4	54972
      1	55010
      1	55076
      3	55099
      1	55103
      4	55129
      1	55141
      2	55217
     10	55231
      2	55282
      1	55294
      2	55295
      3	55357
      1	55418
      1	55421
      1	55460
      2	55565
      2	55587
     11	55608
      1	55622
      1	55663
      1	55675
      2	55680
      1	55681
      1	55684
      1	55704
      5	55746
      1	55798
      1	55821
      5	55829
      1	55919
      1	55935
      3	55939
      1	55977
      1	55979
      1	56001
      3	56002
      1	56052
      1	56084
      1	56133
      3	56164
      1	56177
      1	56187
      1	56254
      1	56264
      1	56301
      1	56310
      2	56312
      8	56328
      1	56363
      1	56368
      1	56406
      1	56437
      4	56469
      1	56510
      1	56533
      1	56552
      1	56579
     25	56583
     10	56647
      1	56660
      1	56672
      1	56727
      1	56729
      5	56734
      1	56765
      1	56770
      2	56842
      2	56877
      1	56913
      3	56921
      4	56929
      1	57001
      1	57033
      1	57050
      1	57078
      1	57087
      1	57119
     19	57123
      1	57173
      4	57178
      1	57279
      2	57307
      1	57311
      3	57349
      1	57350
      1	57368
      1	57385
      5	57386
      1	57392
      1	57397
      2	57401
      1	57419
      1	57420
      1	57447
      1	57449
      1	57464
      7	57525
      1	57527
      1	57540
      1	57574
      1	57589
      4	57621
      1	57622
      2	57624
      2	57629
      1	57634
      1	57664
      1	57730
      1	57766
      2	57770
      2	57789
      1	57791
      1	57793
      1	57808
      1	57831
      2	57853
      2	57940
      1	57949
      2	57951
      1	58041
      1	58058
      1	58069
      1	58091
      1	58154
      2	58159
      5	58216
      1	58223
      1	58238
      1	58242
      1	58302
      1	58324
      1	58342
      1	58347
      2	58366
      1	58398
      1	58456
      1	58462
      1	58528
      1	58544
     14	58554
      1	58556
      4	58575
      1	58602
      1	58622
      1	58640
      1	58649
      1	58667
      1	58679
      1	58749
      1	58806
      1	58887
      2	58889
      2	58913
      2	58947
      1	58968
      1	58972
      1	58980
      1	58997
      1	58998
     24	59012
      1	59014
      1	59020
      1	59060
      3	59075
      9	59076
      6	59126
      1	59133
      1	59134
      1	59176
      1	59236
      1	59271
      1	59294
      1	59389
      1	59411
      2	59429
      2	59435
      1	59485
      1	59514
      1	59525
      1	59538
      1	59561
      1	59651
      1	59659
      4	59682
      1	59713
      3	59720
      3	59726
      1	59755
      1	59809
      1	59812
      1	59867
      1	59947
      1	59970
      1	59973
      1	59987
      2	60011
      1	60015
      1	60093
      7	60148
      1	60172
      1	60180
      1	60230
      4	60250
      4	60278
      1	60307
      2	60324
      1	60328
      3	60330
     14	60331
      1	60360
      1	60363
      2	60369
      1	60380
      1	60390
      3	60428
      1	60431
      6	60433
      1	60486
      1	60499
      1	60554
      1	60557
      1	60570
      1	60621
      1	60698
      1	60714
      1	60719
      2	60745
      2	60786
      1	60793
      1	60797
      2	60923
      1	60975
      1	60988
      1	61033
      3	61071
      1	61080
      1	61088
      1	61113
      1	61178
      2	61189
      1	61212
      1	61220
      3	61230
      3	61265
      5	61301
      2	61360
      6	61388
      2	61392
      1	61446
      2	61469
      2	61481
      1	61508
      1	61535
      1	61550
     11	61574
      1	61599
      1	61631
      1	61635
      1	61641
      1	61667
      1	61683
      1	61732
      1	61740
      1	61817
      1	61824
      1	61829
      1	61869
      1	61940
      1	61964
      2	62013
      1	62023
      1	62053
      1	62063
      1	62101
      1	62120
      1	62128
      1	62135
      1	62150
      2	62156
      1	62158
      4	62159
     11	62183
      3	62189
     17	62214
      8	62225
      2	62242
      1	62318
      1	62328
      1	62349
      1	62399
      1	62447
      1	62465
      1	62479
      1	62495
      3	62577
     10	62586
      3	62591
      1	62593
      4	62602
      1	62615
      4	62650
      1	62652
      1	62797
      1	62803
      1	62841
      1	62843
      2	62879
      3	62882
      8	62943
      1	62987
      1	62996
      1	63039
      1	63041
      2	63057
      2	63079
      1	63139
      4	63152
      1	63166
      1	63281
      1	63318
      2	63329
      1	63341
      1	63352
      6	63363
      1	63372
      5	63411
      3	63414
      2	63418
      5	63421
      1	63432
      1	63446
      1	63451
      1	63495
      1	63533
      1	63556
      1	63593
      1	63597
      4	63651
      1	63663
      2	63696
      2	63716
      1	63720
      1	63743
     18	63783
      1	63821
      1	63822
      1	63832
      2	63835
      1	63872
      1	63878
      1	63885
      1	63916
      1	63920
      1	63930
      1	63961
      4	63999
      1	64032
      1	64043
      1	64088
      1	64094
      1	64149
      1	64210
      1	64219
      1	64221
      1	64259
      1	64275
      2	64316
      1	64349
      3	64402
      1	64451
      1	64454
      3	64556
      1	64613
      1	64650
      1	64674
      1	64704
      1	64705
      3	64755
      8	64794
      1	64821
      1	64859
      1	64906
      4	64913
      1	64970
      1	64999
      1	65024
      1	65046
     13	65053
      1	65079
      1	65082
      1	65086
      1	65121
      2	65132
      2	65151
      1	65167
     16	65172
      1	65193
      1	65275
      5	65319
      1	65320
      1	65322
      1	65333
      1	65361
      1	65373
     54	65382
      1	65469
      2	65529
