     26	11
      1	16
      1	18
      1	45
      2	67
      3	96
      1	120
      1	148
      1	188
      2	191
      1	239
      1	282
      1	293
      1	302
      4	366
      1	376
      1	377
      1	408
      1	482
      1	511
      1	518
      2	546
      2	558
      8	590
      2	614
      1	623
      1	631
      3	661
      2	702
      3	736
      1	740
      1	803
      1	810
      1	865
      1	867
      5	873
      2	902
      1	904
      9	906
      2	926
      1	959
      3	978
      1	979
      1	982
      1	1059
      1	1072
      1	1080
     10	1104
      1	1106
      1	1107
      1	1136
      1	1157
      1	1177
      9	1248
      1	1250
      1	1261
      1	1341
      1	1361
      1	1390
      1	1427
      3	1455
      6	1458
      4	1502
      1	1508
      5	1547
      1	1647
      1	1652
      5	1695
      1	1704
      1	1722
      1	1806
      3	1813
      1	1821
      2	1829
      1	1834
      1	1839
      4	1848
      1	1867
      1	1880
      2	1886
      1	1900
      1	1917
      1	1928
      1	1952
      1	1954
      8	2009
      9	2028
      1	2030
      5	2038
      1	2141
      1	2151
      1	2152
      1	2161
      1	2231
      1	2244
      1	2271
      1	2297
     10	2302
      2	2348
      2	2366
      1	2417
      1	2478
      1	2522
      2	2573
      1	2577
      1	2589
      1	2615
      1	2631
      1	2637
      1	2645
      1	2654
      2	2674
      1	2701
      1	2706
      1	2819
      1	2847
      2	2853
      2	2874
      8	2885
      1	2893
      2	2902
     23	2906
      1	3001
     58	3014
      1	3025
      1	3058
      1	3071
      8	3102
      1	3103
      3	3123
      1	3124
      1	3147
      1	3153
      1	3165
      1	3166
      3	3202
      1	3213
      5	3228
      5	3253
      2	3272
      2	3321
      1	3330
      1	3407
      2	3420
      1	3424
      1	3427
      1	3452
      2	3486
      2	3493
      2	3518
      1	3525
      5	3533
      9	3558
      1	3594
      2	3609
      3	3644
      2	3645
      2	3664
      6	3671
      3	3690
      2	3709
      1	3723
      1	3745
      1	3750
      1	3759
      3	3819
      1	3852
      1	3881
      1	3893
      1	3928
      2	3936
      1	3937
      2	3946
      1	3948
      1	3985
      3	4096
      1	4109
      1	4114
      1	4120
      1	4123
      2	4182
      4	4191
      1	4198
      1	4223
      2	4238
      1	4263
      3	4264
      2	4282
      3	4297
      1	4312
      1	4323
      4	4329
      1	4352
      1	4403
      1	4406
      2	4484
      2	4501
      1	4537
      1	4562
      1	4568
      1	4604
      3	4664
      1	4724
      2	4753
      1	4785
      1	4801
      7	4810
      8	4812
      2	4823
      2	4849
      1	4869
      1	4871
      1	4882
      2	4917
      2	4982
      1	5009
      2	5030
      1	5119
      1	5141
      1	5184
      1	5222
      1	5229
      1	5231
      1	5237
      1	5330
      2	5400
      5	5404
      1	5432
      3	5438
      1	5447
      1	5476
      3	5519
      1	5529
      1	5545
      2	5567
      1	5647
      1	5686
      1	5690
      1	5705
      1	5736
      1	5743
      3	5783
      1	5795
      6	5819
      1	5876
      1	5915
      1	5917
      5	6020
      2	6084
      1	6095
      3	6108
      1	6117
      3	6148
      1	6162
      1	6191
      5	6207
      5	6217
      2	6227
      1	6275
      1	6286
      5	6343
      1	6394
      1	6398
      1	6417
      5	6476
      1	6497
      1	6530
      2	6549
      1	6560
      1	6563
      1	6569
      1	6583
      1	6613
      8	6647
      1	6706
      4	6707
      1	6767
      2	6828
      2	6854
      2	6975
      2	6981
      1	7002
      5	7016
      3	7029
      1	7051
      1	7067
      1	7069
      1	7074
      2	7075
      3	7100
      1	7101
      1	7109
     10	7244
      2	7332
      1	7335
      1	7403
      1	7435
      1	7449
      1	7467
      1	7472
      1	7485
      2	7579
      1	7665
      4	7670
      1	7696
      1	7702
      2	7730
      5	7746
      1	7796
      1	7802
      1	7835
      1	7843
      1	7846
      1	7853
      2	7861
      1	7874
      3	7875
      1	7898
      1	7907
      1	7935
      7	7970
      2	8003
     11	8128
      1	8138
      1	8153
      2	8172
      1	8201
      1	8221
      2	8248
      2	8253
      1	8261
      2	8338
      1	8345
      1	8376
      1	8418
      1	8430
      1	8463
      1	8537
      1	8538
      1	8547
      2	8586
      4	8659
      2	8671
      1	8696
      2	8707
      1	8724
      1	8781
     17	8812
      1	8830
      1	8835
      1	8839
      1	8872
      1	8879
      2	8920
     30	8991
      1	9011
     21	9029
      1	9090
      1	9133
      1	9136
      1	9143
      1	9155
      1	9170
      2	9200
      1	9275
      1	9326
      1	9337
      4	9345
      1	9346
      2	9373
      1	9402
      1	9427
      6	9461
      1	9496
      3	9562
      2	9566
      1	9582
      1	9591
      1	9606
      3	9630
      2	9705
      2	9736
      2	9765
      9	9811
      1	9848
      1	9935
      2	9974
      1	10010
     24	10026
      1	10112
      1	10142
      3	10167
      2	10173
      9	10198
      3	10207
      7	10214
      1	10229
      1	10266
      1	10324
      1	10346
      1	10374
      1	10443
      1	10454
      1	10462
      1	10485
      2	10507
      1	10533
      1	10541
      1	10543
      1	10558
      1	10578
      1	10593
      1	10598
      2	10607
      3	10610
      1	10718
      1	10762
      1	10765
      2	10813
      2	10822
      1	10832
      1	10842
      2	10875
      1	10916
      1	10922
      2	10934
      1	10957
      1	11010
      2	11024
      1	11044
      1	11091
      5	11097
      1	11112
      1	11124
      1	11161
      5	11173
      1	11187
      1	11278
      1	11295
      1	11322
      1	11393
      1	11417
      9	11439
      1	11445
      2	11452
      3	11490
      1	11499
      5	11535
      1	11547
      1	11553
      1	11560
      1	11607
      3	11611
      2	11618
      1	11640
      1	11653
      1	11704
      4	11751
      5	11759
      1	11837
      1	11846
      1	11856
      1	11876
      1	11891
      1	11964
      2	11967
      5	11980
      1	11995
     28	12009
      1	12072
      1	12184
      1	12213
      3	12245
      1	12258
      1	12271
      4	12370
      1	12371
      6	12392
      1	12394
      1	12503
      2	12505
      1	12510
      1	12558
      1	12681
      2	12705
      1	12709
      1	12711
      1	12723
      1	12752
      1	12855
      2	12868
      4	12919
      2	12921
     15	12935
      5	12976
      1	13034
      2	13118
      1	13162
      1	13202
      5	13204
      1	13222
      1	13270
     41	13300
      2	13333
      3	13375
      2	13390
      1	13409
      1	13450
      4	13472
      1	13477
      2	13479
      1	13502
      1	13504
      1	13530
      1	13585
      1	13640
      1	13695
      1	13712
      1	13717
      1	13726
      1	13750
      1	13752
      1	13793
      8	13810
      3	13871
      2	13894
      1	13906
      5	13943
      1	13980
      8	14029
      1	14038
      1	14095
      1	14137
      2	14166
      2	14270
      2	14315
      1	14340
      1	14348
      3	14377
      1	14404
      1	14441
      1	14477
      1	14539
     10	14540
      2	14556
      1	14562
      1	14631
      1	14646
      1	14652
      1	14662
      3	14710
      1	14749
      1	14756
      1	14791
      2	14797
      2	14801
      1	14837
      1	14843
      2	14933
      1	14957
      1	14988
      1	15029
      1	15031
      9	15035
      1	15049
      1	15098
      1	15099
      2	15100
      2	15132
      2	15182
      1	15183
      2	15246
      1	15265
      1	15269
      2	15322
      1	15326
      2	15371
      3	15381
      1	15403
      2	15411
      1	15429
      1	15433
      4	15444
      9	15530
      3	15535
      4	15581
      1	15607
      2	15635
      1	15651
      1	15663
      1	15684
      1	15748
      3	15852
      1	15912
      1	15932
      1	15951
     42	15958
      1	15966
      1	15984
      2	15985
      2	16001
      1	16020
      1	16068
      1	16073
     11	16082
      2	16086
      1	16096
      3	16104
      1	16153
      1	16160
      2	16163
      1	16165
      2	16167
      3	16195
      2	16241
      2	16285
      1	16290
      1	16332
      1	16340
      1	16354
      1	16357
      2	16397
      1	16457
     24	16465
      2	16492
      4	16515
      1	16561
      1	16581
      1	16588
      2	16628
      2	16661
      1	16717
      4	16753
      2	16774
      1	16807
      3	16826
      2	16836
      1	16876
      1	16890
      8	16916
      2	17027
      1	17041
      2	17055
      2	17067
      1	17125
      1	17129
      2	17133
      1	17149
      1	17160
      1	17182
      1	17207
      1	17225
      1	17265
      8	17267
      1	17282
      3	17283
      1	17311
      1	17331
      4	17341
      1	17345
      1	17355
      1	17379
      1	17381
      1	17414
      2	17425
      1	17452
      5	17466
      2	17580
      1	17692
      1	17736
      1	17751
      3	17765
      1	17813
      2	17845
      2	17859
      1	17895
      1	17940
      3	17949
      1	17950
      3	17967
      1	17975
      1	18043
      1	18076
      2	18077
      1	18080
      1	18094
      1	18104
      1	18117
      1	18147
      1	18175
      1	18217
      3	18277
      2	18284
      1	18333
      7	18348
      4	18371
      1	18402
      9	18409
      1	18427
      1	18439
     34	18444
     10	18448
      3	18498
      2	18502
      1	18505
      3	18548
      1	18551
      3	18575
      3	18636
      1	18667
      1	18672
      4	18737
      1	18749
      1	18790
      5	18796
      1	18908
      2	18914
      2	18998
      2	19032
      1	19081
      4	19113
      1	19115
      1	19132
      2	19168
      3	19230
      2	19234
      1	19251
      1	19291
      1	19305
      1	19370
      1	19415
      4	19420
      2	19481
      1	19520
      1	19534
      1	19553
      1	19622
      1	19654
      1	19725
      1	19744
      1	19752
     13	19875
      2	19880
      2	19889
      1	19890
      1	19940
      1	19983
      1	20007
      1	20034
      2	20059
      1	20090
      1	20097
      1	20098
      2	20229
      1	20249
      2	20333
      1	20364
     15	20375
      1	20386
      1	20398
      1	20402
      2	20426
      1	20440
      1	20486
      1	20532
      2	20636
      1	20681
      3	20683
      3	20760
      6	20784
      1	20787
      3	20806
      2	20825
      3	20871
      1	20881
      1	20882
      2	20922
      1	20930
      7	20965
     13	20991
      2	21010
      1	21029
      1	21055
      1	21089
      1	21136
      2	21235
      3	21276
      1	21290
      1	21317
      2	21387
      1	21421
      3	21459
      1	21482
      1	21503
      1	21590
      1	21599
      1	21610
      1	21613
      2	21634
      1	21640
      2	21660
      1	21669
      1	21684
      1	21686
      1	21733
      2	21740
      1	21761
      1	21800
      1	21807
      1	21845
      1	21846
      2	21865
      2	21869
      2	21873
      1	21885
      1	21892
      1	21911
      1	21929
      6	21949
      2	21985
     77	22010
      4	22070
      1	22073
      1	22098
      3	22118
      1	22177
      1	22188
      2	22309
      1	22331
      2	22368
      1	22441
      1	22475
      2	22495
      9	22525
      3	22568
      1	22592
      2	22597
      1	22606
      1	22682
      1	22686
      1	22704
      2	22719
      1	22730
      1	22739
      1	22744
      1	22764
      1	22814
     10	22867
      1	22889
      3	22895
      6	22951
      2	22971
      1	23001
      1	23006
      1	23010
      1	23016
      1	23023
      1	23035
      1	23042
      1	23113
      2	23114
      1	23121
      1	23126
      1	23162
      3	23167
      2	23176
      1	23184
      2	23213
      1	23216
      1	23251
      2	23254
      2	23258
      1	23278
      1	23309
      2	23311
      2	23320
      1	23324
      3	23335
      1	23471
      2	23482
      1	23484
      1	23526
      1	23553
      3	23576
      1	23601
      2	23602
      1	23607
      1	23653
      1	23671
      9	23741
      1	23811
      5	23851
      5	23861
      2	23879
      1	23905
      1	24048
      1	24061
      1	24063
      1	24096
      1	24107
      1	24140
      1	24141
      1	24155
      1	24162
      2	24200
      3	24251
      2	24257
      4	24260
      1	24288
      2	24333
      1	24345
      2	24363
      1	24375
      1	24376
      2	24408
      1	24466
     10	24467
      1	24520
      1	24525
      6	24656
      1	24669
      1	24687
      1	24724
      1	24778
      1	24794
      2	24813
      4	24814
      1	24818
      2	24829
      1	24830
      2	24835
      5	24846
      1	24858
      1	24891
      2	24909
      1	25005
      1	25021
      1	25049
      1	25055
      1	25074
      4	25082
      1	25083
      1	25096
      2	25112
      1	25128
      1	25129
      1	25133
      1	25168
      1	25253
      1	25260
      5	25267
      1	25295
      1	25300
      3	25311
      2	25331
      1	25334
      1	25365
      1	25393
      3	25395
      1	25515
      1	25521
      2	25639
      1	25642
      1	25647
      1	25659
      1	25689
      1	25782
      2	25785
      1	25846
      2	25857
      1	25874
      1	25958
      1	25960
      1	26124
      3	26157
      1	26185
      1	26223
      2	26226
      2	26230
      1	26233
      1	26279
      3	26302
     21	26321
      1	26356
      1	26410
      4	26416
      1	26435
      1	26453
      3	26458
      1	26470
      2	26480
      1	26495
      1	26538
      1	26603
      3	26611
      2	26615
      1	26641
      1	26654
      1	26672
      1	26682
      1	26685
      5	26702
      1	26706
      2	26718
      3	26760
      1	26772
      1	26774
      1	26777
      2	26874
      1	26877
      1	26992
      1	27017
      1	27038
      1	27047
      1	27052
      1	27067
      2	27104
      1	27144
      1	27208
      1	27268
      1	27301
      2	27309
      1	27324
      1	27424
      3	27443
      1	27456
      1	27507
      9	27519
      3	27551
      1	27554
      1	27600
      2	27605
      1	27631
     10	27645
      2	27646
      1	27698
      1	27726
      1	27731
      3	27801
      1	27806
      1	27820
      2	27828
      1	27867
      2	27878
      4	27880
      1	27936
      1	27977
      1	28006
      4	28012
      1	28014
      1	28051
      1	28094
      1	28096
      4	28104
      1	28109
      4	28213
      1	28219
      1	28221
      1	28226
      1	28239
      1	28334
      1	28349
      1	28427
      1	28446
      1	28463
      2	28495
      3	28552
      1	28573
      1	28574
      1	28582
      1	28609
      1	28648
      2	28651
      1	28664
      2	28673
      5	28675
      1	28686
      1	28746
      2	28752
      1	28778
      2	28779
      1	28865
      1	28879
      1	28902
      2	28922
      1	28925
      1	28929
      1	29100
      5	29143
      1	29261
      1	29309
      4	29351
      1	29377
      1	29428
      2	29429
      1	29456
      1	29489
      1	29497
      2	29556
      1	29564
      3	29596
      1	29616
      1	29635
      1	29719
      1	29789
      1	29793
      3	29826
      1	29931
      5	29936
      2	29953
      1	29992
      5	30011
      1	30050
      1	30216
      1	30229
      1	30250
      1	30257
      3	30288
      1	30291
      2	30298
      1	30317
      7	30363
      1	30396
      2	30434
      1	30437
      1	30439
      1	30443
      1	30450
      2	30506
      2	30571
      1	30593
      1	30613
      1	30640
      2	30652
      2	30669
      1	30680
      1	30706
      1	30719
      1	30754
      1	30842
      1	30861
      1	30873
      1	30884
      1	30886
      1	30910
      2	30921
     30	30957
      9	31052
      1	31070
      1	31130
      2	31140
      1	31165
      1	31185
      2	31199
      1	31211
      1	31230
      2	31240
      1	31250
      1	31273
      1	31289
      2	31304
      1	31335
      1	31346
      2	31352
      2	31489
      2	31523
      1	31527
      3	31560
      1	31648
      1	31712
      2	31720
      2	31732
      1	31740
      1	31766
      1	31785
      1	31817
      1	31839
      3	31860
      5	31869
      1	31875
      1	31918
      1	31920
      1	31942
      1	31946
      1	31972
      1	32014
      1	32024
      3	32038
      1	32112
      1	32116
      1	32126
      1	32191
      2	32223
      2	32319
      1	32377
      1	32392
      1	32394
      1	32410
      1	32437
      1	32438
      1	32453
      1	32466
      1	32498
      1	32520
      1	32552
      5	32574
      1	32626
      1	32689
      1	32745
      1	32815
      2	32851
      1	32905
      5	32937
      1	32955
      1	32966
     11	32975
      1	32985
      1	33067
      1	33093
      1	33100
      2	33123
      2	33124
      1	33242
      2	33293
      1	33327
      1	33329
      1	33348
      4	33400
      1	33426
      1	33447
      1	33480
      2	33484
      1	33494
      1	33497
      4	33500
      1	33509
      1	33511
      1	33517
      1	33522
      1	33534
      4	33619
      3	33699
      1	33719
      1	33736
      2	33765
      1	33800
      1	33814
      1	33849
      1	33917
      1	33981
      1	33992
      2	33993
      2	34004
      2	34027
      1	34040
      1	34068
      1	34072
      2	34092
      1	34099
      1	34123
      1	34133
      3	34170
      1	34192
      2	34281
      1	34283
      2	34290
      1	34355
      2	34445
      1	34449
      5	34452
      2	34464
      1	34499
      5	34511
      3	34548
      1	34567
      1	34597
      2	34627
      1	34641
      3	34647
      1	34723
      2	34757
      1	34761
      1	34771
      1	34777
      1	34803
     10	34804
      1	34853
      1	34869
      1	34908
      3	34921
      1	34947
      1	34975
      1	34987
      3	35039
      4	35067
      1	35075
      1	35093
      2	35132
      5	35140
      1	35182
      1	35192
      1	35198
      3	35220
      4	35223
      1	35258
      8	35263
      1	35291
      1	35292
      1	35298
      1	35300
      1	35326
      1	35336
      1	35384
      1	35404
      2	35416
      1	35424
      2	35488
      1	35493
      4	35495
      1	35513
      1	35554
      1	35574
      1	35576
      1	35591
      3	35638
     20	35667
      1	35671
      2	35691
      1	35708
      1	35780
      1	35824
      1	35835
     12	35867
      1	35881
      2	35900
      2	35928
      1	36008
      1	36012
      1	36023
      1	36028
      5	36090
      1	36099
      1	36104
      1	36153
      1	36161
      1	36209
      1	36226
      1	36250
      1	36312
      1	36316
      1	36359
      1	36362
      2	36381
      5	36390
      1	36423
      1	36427
      1	36431
      3	36437
      2	36465
      2	36508
      2	36549
      1	36606
      2	36629
      2	36641
      2	36650
      1	36681
      1	36733
      6	36775
      1	36811
      1	36859
      1	36912
      1	36924
      2	36933
     10	36951
      1	37031
      2	37043
      1	37052
      1	37070
      3	37074
      1	37102
      1	37111
      1	37120
      7	37127
      1	37128
      1	37160
      1	37224
     16	37233
      2	37266
      1	37271
      3	37305
      1	37308
     12	37329
      2	37333
      2	37364
      2	37382
      1	37387
      1	37412
      1	37446
      5	37465
      1	37521
      1	37570
      1	37592
      1	37605
      9	37640
      4	37699
      1	37726
      1	37748
      6	37772
      1	37782
      1	37808
      2	37841
      1	37893
      1	37907
      1	37916
      1	37945
      1	38019
      2	38047
      1	38146
      1	38160
     18	38184
      1	38197
      1	38199
      1	38213
      1	38224
      1	38262
      1	38266
      4	38269
      5	38270
      2	38287
      8	38315
      1	38455
      2	38480
      9	38531
      4	38547
      1	38582
      1	38592
      7	38595
      2	38624
      2	38632
      3	38660
      1	38672
      1	38677
      1	38697
      3	38721
      2	38737
      2	38759
      1	38796
      2	38811
      2	38830
      1	38831
      1	38852
      1	38877
      5	38922
      4	38926
      1	38936
      1	38985
      1	39101
      1	39127
      1	39134
      1	39145
      1	39159
      1	39190
      1	39212
      2	39225
      1	39257
      1	39266
      1	39284
      1	39310
      1	39339
      1	39372
      7	39432
      2	39458
      2	39485
      1	39494
      1	39529
      1	39612
      1	39621
      1	39636
      1	39643
      2	39668
      1	39690
      2	39702
      1	39754
      5	39783
      1	39790
      1	39794
      1	39898
      1	39928
     10	39987
      3	40040
      1	40068
      3	40092
      1	40100
      1	40101
      2	40108
      3	40112
      4	40136
      2	40260
      2	40289
      1	40310
      3	40338
      1	40350
      2	40358
      1	40416
      1	40445
      3	40455
      1	40498
      6	40502
      2	40515
      1	40556
      1	40561
      2	40588
      1	40618
      1	40635
      8	40693
     30	40724
      1	40727
      2	40730
      1	40742
      2	40749
      1	40794
      1	40821
      2	40877
      1	40890
      1	40897
      1	40900
      3	40923
      3	40942
      1	40955
      1	40957
      1	40972
      1	40982
      1	40998
      2	41030
      1	41032
      1	41033
      1	41065
      2	41152
      2	41171
      1	41185
      3	41211
      1	41215
      1	41300
      1	41319
      1	41326
      1	41363
      1	41394
      1	41412
      3	41415
     14	41427
      2	41463
      1	41466
      1	41567
      1	41592
      1	41650
      1	41676
      2	41750
      2	41802
      1	41851
      1	41853
      2	41861
      2	41862
      1	41888
      2	42059
      1	42142
      1	42173
      1	42192
      2	42211
      6	42269
      4	42289
      1	42321
      4	42354
      1	42377
      1	42390
      1	42392
      1	42486
      1	42501
      5	42519
      1	42537
      1	42546
      2	42549
      1	42559
     59	42585
      1	42609
      1	42654
      1	42699
      1	42708
      1	42772
      1	42788
      1	42797
      1	42811
      1	42812
      1	42815
      3	42848
      1	42878
      1	42941
      1	43037
     21	43066
      1	43080
      1	43109
      1	43153
      3	43168
      1	43202
      2	43207
      1	43215
      2	43277
      1	43325
      2	43355
      1	43469
      1	43478
      2	43481
      1	43494
      1	43509
      2	43526
      4	43599
      1	43627
      1	43632
      2	43663
      1	43669
      1	43698
      2	43827
      2	43862
      1	43895
     21	43910
      1	43918
      1	43958
      1	43997
      2	44000
      2	44010
      1	44012
      1	44016
      8	44078
      1	44082
      1	44083
      1	44094
     27	44146
      1	44160
      1	44162
      1	44228
      2	44252
      1	44300
      1	44312
      4	44315
      2	44358
      1	44411
      1	44423
      3	44429
      1	44439
      1	44568
      1	44580
      1	44611
      2	44645
      6	44652
      1	44687
      1	44694
      1	44723
      1	44727
      1	44738
      2	44748
      1	44763
      2	44826
      5	44833
      1	44851
      1	44878
      1	44927
      1	44962
      1	44978
      1	44991
      2	45018
      6	45029
      2	45032
      2	45086
      2	45142
      1	45158
      5	45160
      1	45208
      1	45216
      2	45247
      1	45263
      2	45291
      1	45307
      1	45332
      1	45354
      3	45355
      1	45391
      1	45404
      1	45418
      8	45450
      1	45466
      1	45479
      3	45480
      1	45481
      1	45509
      2	45534
      1	45545
      1	45548
      2	45551
      1	45561
      1	45581
      1	45595
      1	45618
      1	45647
     10	45660
      1	45661
      1	45664
      1	45733
      1	45738
      2	45750
     21	45753
      3	45772
      1	45796
      1	45805
      1	45809
      3	45847
      1	45867
      1	45898
      2	45954
      1	45983
      3	46005
      1	46006
      1	46061
      1	46065
      2	46075
      2	46132
      1	46190
      1	46200
      1	46217
      1	46234
      1	46251
      1	46260
      1	46338
      1	46395
      1	46402
      1	46404
      1	46436
      1	46509
      1	46529
      1	46532
      1	46561
      1	46632
      2	46634
      1	46664
      2	46680
      1	46698
      1	46724
      1	46767
      1	46787
      1	46792
      1	46793
      1	46871
      5	46884
      1	46890
      1	46963
      1	46968
      6	46995
      2	47006
      1	47016
      1	47039
      1	47045
      1	47073
      2	47110
      2	47111
      1	47123
      2	47124
      2	47129
      1	47136
      2	47154
      1	47198
      2	47210
      1	47217
      4	47243
      7	47311
      1	47316
      1	47333
      2	47364
      3	47380
      3	47398
      1	47437
      1	47444
      1	47464
      1	47486
      1	47567
      1	47594
      1	47618
      1	47693
      1	47739
      1	47824
      1	47867
      1	47883
      1	47905
      1	47962
      1	47992
      1	48096
      1	48115
      1	48123
      9	48135
      2	48166
      6	48203
      1	48266
      2	48279
      2	48322
      1	48336
      5	48412
      2	48420
      1	48422
      1	48434
      2	48438
      1	48489
      1	48504
      1	48573
      1	48582
      1	48589
      1	48609
      1	48618
      1	48635
      1	48677
      3	48744
      1	48750
      1	48798
      2	48810
      1	48839
      1	48863
      2	48874
      1	48908
      1	48911
      1	48951
      1	48954
      1	48965
      2	49066
      1	49073
      1	49108
      1	49112
      1	49123
      2	49196
      1	49210
      1	49284
      1	49290
      2	49305
     11	49312
      2	49332
      1	49342
      1	49345
      1	49414
      1	49444
      1	49457
      2	49470
      1	49481
      1	49491
      2	49521
     11	49577
      1	49590
      2	49682
      1	49722
      1	49727
      1	49799
      1	49884
      2	49912
      4	49938
      1	49971
      1	49988
      1	50050
      1	50083
      1	50090
      1	50094
      1	50123
      2	50193
      1	50199
     57	50267
      2	50312
      1	50327
      4	50375
      3	50388
      3	50421
      1	50470
      2	50471
      1	50477
      1	50503
      3	50524
      1	50544
      2	50554
      1	50563
      2	50604
      2	50687
      1	50692
      1	50702
      3	50747
      1	50767
      1	50803
      1	50843
      2	50875
      5	50888
      1	50907
      1	50919
      1	50920
      2	50927
      1	50940
      1	50955
      1	50969
      3	51056
      1	51074
      1	51106
      1	51204
      1	51207
      2	51233
      1	51259
      1	51280
      1	51321
      6	51358
      1	51388
      1	51394
      3	51399
      1	51442
      1	51449
      1	51490
      1	51506
      1	51527
      1	51580
      2	51617
      2	51817
      2	51857
      1	51864
      1	51885
      1	51929
      2	51965
      1	52114
      4	52124
      1	52247
      1	52260
      1	52273
      2	52332
      3	52338
      2	52405
      3	52414
      1	52451
      3	52481
      2	52541
      1	52563
      1	52564
      1	52613
      1	52685
      1	52694
      1	52698
      1	52730
      1	52762
      2	52775
      1	52777
      2	52778
      1	52832
      1	52907
      1	52908
      1	53022
      1	53091
      2	53108
      3	53120
      2	53138
      1	53199
      2	53205
      1	53210
      1	53220
      4	53224
      1	53232
      1	53244
     11	53249
      2	53256
      4	53258
      1	53277
      1	53296
      1	53317
      1	53356
      2	53357
      2	53433
      3	53463
      2	53467
      5	53539
      6	53557
      1	53560
      4	53571
      1	53582
      1	53583
      1	53593
      2	53607
      1	53651
      1	53674
      1	53687
      3	53692
      1	53701
      1	53786
      2	53796
      2	53849
      2	53918
     12	53925
      3	54027
      1	54036
      1	54037
      2	54042
      2	54051
      1	54124
      1	54127
      8	54150
      1	54154
      1	54156
      1	54175
      1	54189
      1	54311
      1	54321
      2	54331
      6	54386
      1	54387
      1	54397
      1	54446
      3	54506
      1	54507
      1	54560
      2	54582
      1	54685
      1	54704
      2	54720
      1	54733
      3	54745
      1	54754
      4	54786
      1	54788
      1	54794
      1	54803
      3	54807
      1	54826
      4	54874
      1	54930
      1	54981
      2	55042
      1	55056
      1	55070
      1	55076
      5	55099
      3	55110
      1	55129
      1	55221
      5	55231
      1	55268
      2	55295
      4	55316
      1	55342
      1	55435
      1	55460
      1	55483
      1	55486
      2	55517
      1	55527
      1	55556
     15	55608
      1	55661
      2	55667
      1	55675
      1	55684
      3	55768
      1	55781
      1	55795
      1	55815
      2	55821
      1	55851
      2	55935
      1	55938
      1	56002
      3	56004
      1	56039
      1	56052
      2	56097
      1	56141
      1	56187
      1	56190
      1	56192
      1	56263
      1	56312
      3	56328
      1	56386
      1	56392
      1	56484
      2	56530
      1	56533
      8	56583
      1	56600
      5	56647
      1	56659
      3	56660
      2	56694
      1	56697
      6	56734
      2	56753
      2	56782
      1	56810
      1	56823
      3	56929
      1	56930
      1	57002
      3	57060
      2	57078
      2	57091
      1	57123
      2	57141
      1	57261
      1	57279
      7	57337
      2	57350
      2	57368
      2	57385
      1	57401
      1	57420
      2	57425
      1	57436
      1	57451
      1	57456
      3	57466
      2	57503
      1	57529
      1	57589
      1	57593
      1	57612
      1	57652
      1	57666
      1	57682
      2	57719
      1	57750
      1	57751
      2	57789
      3	57834
      5	57940
      1	57951
      1	57954
      1	57965
      1	57966
      1	58003
      1	58004
      1	58006
      2	58038
      1	58058
      1	58062
      2	58081
      1	58210
      7	58216
      1	58223
      1	58238
      1	58243
      1	58244
      1	58276
      6	58299
      1	58300
      1	58320
      2	58329
      3	58441
      1	58455
      1	58467
      1	58502
      2	58521
      2	58554
      2	58575
      1	58594
      4	58640
      1	58649
      1	58651
     15	58667
      1	58750
      1	58779
      1	58815
      1	58841
      1	58941
      1	58953
      1	58998
      1	58999
      1	59011
      1	59012
      1	59060
      2	59078
      2	59107
      1	59108
      1	59157
      1	59224
      1	59227
      1	59235
      1	59236
      2	59271
      1	59291
      1	59335
      1	59390
      1	59397
      1	59418
      2	59423
      1	59429
      1	59432
      1	59590
      5	59651
      1	59660
      2	59667
      2	59672
      1	59683
      1	59701
      2	59720
      1	59723
      1	59726
      2	59739
      2	59809
      6	59812
      1	59821
      1	59884
      1	59893
      1	59945
      1	59947
      2	60011
      1	60048
      1	60062
      1	60091
      1	60100
      4	60103
      1	60122
      1	60147
      2	60148
      1	60185
      1	60205
      3	60207
      1	60250
      2	60271
      2	60312
      3	60331
      4	60360
      1	60379
      2	60428
      1	60431
      1	60458
      2	60496
      1	60537
      1	60605
      1	60620
      1	60692
      2	60724
      1	60810
      1	60915
      1	60935
      1	60939
      2	61026
      1	61071
      1	61075
      1	61088
      1	61101
      3	61113
      1	61120
      1	61138
      1	61176
      1	61177
      1	61178
      1	61188
      1	61227
      2	61250
      1	61282
      5	61301
      1	61312
      1	61367
      7	61388
      8	61392
      2	61423
      1	61445
      2	61454
      3	61481
      1	61510
      2	61547
      1	61555
      1	61559
      1	61566
      1	61570
      3	61574
      1	61589
      1	61648
      3	61668
      3	61678
      1	61680
      1	61706
      1	61714
      2	61732
      1	61767
     15	61866
      1	61904
      1	61941
      1	61959
      1	61980
      1	62002
      2	62023
      3	62041
      1	62101
      1	62117
      1	62128
      1	62135
      2	62154
      1	62162
      4	62183
      1	62199
      1	62208
     11	62214
      1	62225
      2	62234
      1	62318
      1	62332
      1	62405
      2	62410
      1	62529
      1	62532
      3	62577
      1	62591
      2	62599
      3	62607
      1	62641
      3	62650
      1	62709
      1	62762
      1	62782
      1	62818
      3	62892
      1	62899
      1	62943
      1	62986
      1	62987
      1	62996
      1	63009
      1	63018
      1	63050
      1	63083
      1	63176
      1	63279
      1	63284
      1	63329
      1	63338
      1	63363
      1	63377
      1	63409
      1	63413
      2	63414
      1	63418
      1	63430
      1	63432
      6	63447
      5	63451
      4	63480
      1	63507
      1	63511
      4	63533
      1	63556
      1	63783
      1	63791
      1	63835
      1	63893
      1	63980
      1	64001
      1	64020
      1	64028
      1	64102
      8	64104
      1	64136
      1	64144
      2	64194
      1	64282
      1	64283
      2	64307
      1	64313
      2	64340
      1	64349
      1	64376
      1	64378
      3	64402
      1	64409
      1	64412
      1	64446
      1	64469
      5	64470
      4	64556
      1	64581
      1	64717
      1	64720
      1	64746
      2	64755
      1	64794
      1	64823
      1	64851
      1	64880
      1	64986
      1	64999
      1	65008
      1	65043
      1	65049
     10	65053
      1	65086
      1	65123
      2	65172
      1	65195
      1	65204
     19	65226
      1	65252
      2	65254
      2	65272
      2	65294
      1	65306
      3	65373
      3	65375
      1	65427
      1	65452
      1	65495
      1	65508
      1	65529
