     16	91
      1	328
      2	434
      1	763
      2	1232
      3	1538
      1	1800
      3	1830
      1	1977
      1	2149
      1	2349
      1	2400
      1	2638
      1	2864
      2	3121
      1	3307
      3	3495
      1	4188
      1	4211
      1	4297
      1	4443
      1	4508
      2	4637
      2	4926
      1	4941
      1	5389
      1	5467
      1	5473
      1	5483
      1	5585
      4	5649
      1	5736
      1	6614
      2	7252
      1	7611
      1	8281
      1	8473
      1	8567
      1	8859
      1	8962
      1	8989
      1	9028
      1	9317
      1	9877
      1	10009
      1	10026
      1	10030
      2	10230
      1	10662
      2	11032
      1	11091
      1	11324
      1	11602
      1	11732
      1	12130
      4	12397
      1	12462
      3	12472
      1	12650
      3	12704
      4	12798
      1	12862
      1	12956
      4	13077
      2	13276
      4	13461
      1	13535
      2	13871
      1	13913
      2	14537
      1	14597
      2	14863
      3	15144
      1	15260
      1	15374
      1	15518
      1	15599
      3	15816
      1	15939
      1	16185
      1	16230
      2	16308
      1	16503
      3	16678
      1	16833
      1	16929
      1	16944
      1	17015
      1	17121
      1	17349
      2	17368
      1	17647
      1	17655
      3	17671
      1	17676
      1	17843
      1	17880
      1	17885
      1	17989
      1	18504
     12	18590
      6	18696
      1	18808
      1	19150
      1	19255
      3	19305
      1	19405
      1	19534
      2	19678
      1	19868
      1	19918
      1	20322
      2	20865
      1	21022
      1	21488
      5	21513
      1	21536
      1	21544
      1	21981
      1	22306
      1	22416
      1	22467
      1	22624
     11	22771
      1	22798
      1	23030
      1	23354
      3	23456
      1	23498
      3	23566
      1	23577
      1	23620
      1	23976
      1	24265
      1	24334
      6	24376
      1	24893
      1	24961
      1	25358
      1	25399
      2	25553
      1	25612
      1	25775
      1	25813
      2	25852
      1	25865
      1	25983
      1	26014
      2	26135
      1	26420
      2	26505
      1	26625
      8	26666
      1	26772
      1	26949
      1	27155
      1	27250
      1	27257
      3	27350
      2	27367
      1	27476
      1	27789
      1	28031
      1	28308
      1	28486
      1	28575
      4	28624
      1	29287
      1	29514
      1	29627
      1	29728
      1	29880
      1	30352
      2	30402
      2	30443
      1	30483
      1	30764
      2	30824
      1	30825
      1	30878
      5	31119
      1	31403
      1	31437
      1	31919
      1	32206
      3	32212
      1	32446
      2	32770
      1	32857
      1	32999
      1	33150
      2	33300
      1	33597
      1	34055
      1	34483
      1	34644
      1	34750
      1	34776
      1	34843
      1	35230
      1	35533
      1	35814
      4	36056
      3	36091
      1	36111
      1	36224
      1	36283
      2	36480
      1	36565
      1	36690
      1	36803
      2	36884
      2	36945
      2	36950
      1	36961
      1	37270
      1	37359
      1	37465
      1	37744
      1	37747
      1	37750
      1	38162
      2	38259
      1	38293
      1	38326
      2	38439
      2	38447
      1	38480
      3	38676
      2	38714
      3	38781
      1	38944
      1	39105
      1	39127
      1	39199
      1	39384
      1	39410
      1	40093
      1	40249
      6	40317
      2	40432
      3	40537
      7	40538
      2	40620
      1	40830
      1	41052
      1	41156
      1	41241
      1	41247
      1	41605
      1	41788
      1	41794
      3	42013
      1	42459
      2	42767
      2	42906
      1	42920
      1	43196
      1	43289
      2	43336
      1	43374
      3	43501
      1	43763
      1	43766
      1	44773
      1	44961
      1	44972
      1	45226
      1	45241
      1	45469
      1	45696
      1	45967
      1	46437
      1	46456
      4	46733
      1	46766
      1	47086
      1	47311
      1	47396
      1	47634
      1	48134
      1	48138
      1	48329
     10	48870
      1	48906
      4	49025
      2	49031
      1	49485
      3	49726
      1	49773
      1	49907
      1	50188
      1	50294
      1	50315
      2	50508
      1	50544
      4	50680
      2	51160
      1	51389
      1	51676
      1	51765
      2	52174
      1	52178
      2	52532
      1	53116
      1	53204
      1	53358
      1	53494
      1	53629
      1	53662
      1	53745
      2	53820
      5	53980
      2	54232
      2	54554
      1	54863
      3	55135
      1	55528
      1	55776
      2	56028
      1	56055
      1	56147
      1	56511
      1	56656
      1	56706
      1	56791
      3	57133
      1	57331
      6	57332
      1	57361
      1	57569
      1	57904
      1	58098
      1	58208
      1	58230
      1	58440
      1	58527
      1	58781
      2	58815
      1	58833
      1	59018
      1	59110
      1	59171
      1	59333
      1	59514
      1	59559
      3	59600
      1	59994
      4	60103
      1	60334
      2	60446
      3	60497
     11	60501
      1	60689
      1	60746
      1	60750
      1	60877
      1	60910
      1	60927
      1	60959
      1	61054
      6	61338
      1	61355
      1	61398
      1	61740
      1	61760
      1	61829
      1	62000
      1	62126
      1	62290
      1	62343
      1	62404
      1	62577
      1	62719
      1	63996
      1	64170
      1	64257
      3	64305
      2	64307
      1	64446
      3	64551
      2	64582
      2	64633
      1	64798
      2	64876
      1	64885
      2	65258
      3	65334
