      1	84
      3	89
      1	376
      1	558
      1	701
      1	858
      2	958
      1	977
      1	1724
      3	2485
      1	2803
      1	2817
      1	2957
      1	3382
      1	3709
      1	3745
      3	4318
      1	4664
      1	4779
      1	4928
      8	4951
      1	4979
      1	5138
      2	5227
      1	5243
      1	5963
      1	6139
      1	6149
      2	6189
      1	6360
      3	7315
      2	7364
      1	7466
      1	7950
      1	7984
      1	8054
      9	8173
      1	8243
      1	8363
      2	8385
      1	8835
      1	9095
      1	9240
      1	9394
      1	9660
      1	9705
      1	10324
      1	10374
      2	10719
      1	10915
      1	10974
      1	11034
      1	11524
      1	11800
      1	12100
      1	12603
      1	13076
      1	13227
      1	13312
      2	13503
      1	13738
      1	13828
      1	13888
      1	13932
      1	14376
      1	14595
      1	14626
      2	14708
      2	14790
      1	14884
      1	15503
      1	15583
      1	15676
      1	15985
      1	16007
      1	16235
      1	16604
      1	16683
      1	16753
      1	16874
      6	17126
      1	17177
      2	17191
      2	17311
      1	17613
      1	17689
      1	17761
      1	17865
      1	18392
      1	18506
      2	18660
      1	19292
      1	19354
      1	20255
      1	20290
      1	20487
      1	20878
      4	20994
      1	21231
      1	21394
      4	21660
      1	21920
      1	22027
      1	22292
      1	22501
      2	22511
      1	22632
      2	22867
      1	23071
      1	23164
      2	23723
      2	23890
      1	24339
      1	24347
      3	24749
      1	24771
      1	25194
      1	25394
      1	25472
      2	25545
      1	25760
      1	25876
      1	26296
      4	26438
      1	26482
      1	26534
      1	26837
      1	27016
      1	27038
      3	27148
      1	27186
      1	27199
      1	27547
      1	27597
      1	27674
      2	27770
      1	27880
      1	27901
      1	28249
      1	28378
      1	28603
      1	28704
      1	28759
      3	28824
      1	28942
      1	29015
      1	29171
      1	29309
      2	29561
      1	30200
      1	30289
      1	30321
      1	30391
      1	31096
      1	31205
      1	31536
      1	31685
      1	31780
      1	31833
      1	31919
      1	32166
      1	32169
      2	32177
      1	32865
      1	32917
      1	33074
      1	33755
      2	33982
      2	34133
      1	34158
      1	34407
      2	35484
      1	35547
      1	36283
      1	36763
      1	36765
      1	36865
      1	36896
      1	36901
      1	37111
      1	37380
      1	37475
      1	37560
      1	37693
      1	37703
      3	38037
      1	38216
      1	38336
      1	38687
      1	38738
      1	38960
      1	39234
      1	39310
      2	39348
      4	39440
      1	39750
      1	40094
      1	40167
      2	40453
      1	40680
      1	40855
      1	40923
      1	40930
      1	41553
      1	41629
      1	41687
      1	42124
      2	42322
      1	42394
      1	42518
      1	42609
      1	43048
      2	43206
      1	43288
      1	43448
      1	43481
      1	43772
      1	43804
      1	43815
      1	43977
      1	45299
      1	45441
      2	46058
      1	46075
      1	46260
      1	46388
      1	46554
      1	46558
      3	46579
      1	46604
      1	46641
      1	47783
      1	47998
      1	48200
      1	48443
      1	48613
      1	48972
      1	49014
      1	49110
      1	49274
      1	49312
      1	49452
      1	49676
      1	50613
      1	50648
      1	50926
      1	51021
      3	51259
      1	51314
      1	51317
      1	51839
      1	52117
      1	52273
      1	52370
      1	52565
      1	52655
      1	52685
      1	52747
      1	53147
      1	53253
      1	53408
      1	53436
      1	53467
      2	53584
      1	53949
      1	54336
      2	54352
      2	54359
      1	54482
      1	54502
      1	54799
      1	55110
      1	55486
      1	55506
      2	55562
      1	56125
      1	56334
      1	56430
      1	56473
      1	56697
      1	57200
      1	57246
      1	57739
      1	57802
      1	57905
      1	57913
      1	57999
      4	58515
      1	58913
      1	59103
      1	59364
      1	59660
      1	59666
     11	59914
      1	60131
      1	60198
      1	60442
      2	60580
      1	61123
      4	61138
      1	61184
      2	61254
      1	61817
      2	61840
      1	62161
      1	62271
      1	62288
      1	62691
      1	62693
      1	62845
      1	62974
      1	63018
      1	63050
      1	63055
      1	63177
      1	63667
      1	63950
      2	64190
      2	64421
      1	64496
      2	64504
      1	64951
      1	65191
      1	65364
      1	65421
