      3	45
      1	56
      2	67
      1	71
      6	91
      1	94
      6	182
      2	197
      1	198
      1	202
      1	242
      1	262
      1	335
      1	340
      1	367
      2	426
      1	440
      1	502
      1	538
      1	546
      1	558
      1	599
      1	696
      1	702
      3	708
      1	717
      1	780
      2	808
      1	813
      1	823
      1	853
      1	967
      1	1042
      4	1070
      2	1173
      1	1229
      1	1232
      5	1261
     19	1358
      1	1405
      1	1449
      1	1471
      1	1497
      1	1532
      2	1557
      2	1616
      2	1656
      1	1663
      1	1735
      2	1772
      1	1782
      1	1832
      2	1857
      1	1877
      1	1886
      1	1911
      1	1955
      2	1985
      1	2020
      1	2044
      1	2057
      2	2090
      3	2093
      1	2121
      7	2131
      1	2170
      1	2188
      1	2253
      1	2312
      1	2338
      1	2356
      1	2380
      1	2449
      2	2475
      1	2486
      1	2503
      1	2516
      1	2563
      1	2609
      1	2629
      2	2648
      1	2688
      2	2695
      1	2700
      1	2765
      1	2767
      1	2836
      1	2955
      1	2983
      1	2992
      1	2994
      1	3005
      4	3013
      1	3020
      1	3063
      1	3121
      2	3175
      1	3204
      1	3212
      1	3213
      1	3283
      3	3351
      1	3379
      1	3384
      3	3425
      1	3449
      3	3486
      1	3493
      2	3526
      1	3552
      1	3584
      1	3589
      1	3635
      1	3648
      1	3684
      1	3690
      1	3698
      1	3815
      2	3916
      1	3958
      1	4020
      1	4024
      1	4106
     11	4109
      1	4114
      1	4224
      1	4245
      1	4249
      1	4349
      3	4442
      2	4456
      1	4488
      1	4536
      1	4563
      2	4581
      1	4663
      1	4713
      1	4732
      2	4760
      2	4780
      1	4785
      1	4790
      1	4799
      2	4822
      4	4926
      2	4937
      1	4969
      1	5023
      1	5095
      1	5102
      2	5122
      1	5135
     11	5161
      1	5166
      2	5220
      1	5222
      2	5287
      1	5291
      1	5300
      1	5314
      1	5413
      2	5475
      4	5550
      1	5565
      1	5588
      1	5598
      1	5607
      1	5640
      1	5652
      1	5717
      4	5731
      1	5770
      1	5792
      7	5823
      1	5874
      1	5876
      1	5888
      1	5896
      1	5963
      1	6024
      1	6045
      1	6058
      1	6124
      1	6128
      1	6143
      1	6174
      1	6197
      2	6263
      3	6275
      2	6338
      3	6366
      1	6417
      1	6473
      4	6494
      1	6551
      1	6575
      1	6590
      1	6614
      1	6647
      1	6659
      1	6691
      1	6736
      1	6777
      1	6854
      1	6898
      1	6915
      1	6945
      1	6960
      1	6978
      2	6980
      1	7069
      3	7109
      2	7113
      1	7145
      1	7153
      2	7189
      1	7208
      1	7222
      1	7380
      2	7403
      1	7502
      1	7513
      3	7522
      4	7579
      4	7600
      2	7616
      1	7649
      2	7651
      1	7667
      1	7688
      1	7713
      1	7778
      1	7829
      1	7955
      1	7970
      1	8014
      1	8045
      1	8057
      1	8141
      1	8172
      1	8183
      1	8185
      1	8193
      2	8198
      1	8341
      1	8357
      1	8489
      1	8508
      2	8558
      1	8599
      1	8617
      2	8657
      1	8659
      6	8760
      1	8771
      2	8826
      1	8839
      2	8859
      1	8955
      1	8956
      2	8991
      2	9017
      1	9032
      2	9102
      1	9114
      1	9121
      1	9200
      1	9214
      1	9241
      1	9267
      1	9281
      2	9307
      1	9312
      1	9327
      2	9345
      2	9384
      1	9469
      1	9484
      1	9519
      1	9610
      1	9643
      2	9667
      1	9710
      2	9752
      5	9797
      9	9900
      4	10026
      2	10030
      1	10044
      1	10054
      1	10069
      1	10255
      1	10275
      5	10314
      1	10324
      1	10327
      1	10389
      1	10447
      1	10466
      1	10504
      1	10576
      1	10607
      1	10611
      1	10667
      2	10759
      2	10824
      3	10908
      2	10941
      3	10950
      1	10971
      1	10974
      1	11032
      1	11065
      2	11071
      1	11124
      1	11230
      2	11252
      1	11280
      3	11297
      2	11336
      1	11385
      2	11391
      1	11433
      1	11490
      1	11535
      1	11602
      2	11611
      1	11612
      2	11751
      1	11759
      1	11790
      1	11802
      1	11893
      1	11933
      1	11951
      1	11964
      5	11967
      1	11990
      1	12188
      3	12245
      1	12302
      1	12322
      1	12356
      1	12375
      2	12397
      1	12407
      1	12420
      1	12435
      1	12472
      1	12496
      1	12572
      1	12597
      1	12636
      1	12696
      2	12737
      1	12757
      1	12762
      1	12818
      1	12826
      1	12936
      1	12999
      1	13025
      1	13092
      1	13153
      1	13161
      1	13180
      1	13238
      1	13286
      1	13315
      1	13329
      1	13333
      1	13335
      1	13388
      2	13390
      1	13416
      1	13418
      1	13456
      1	13460
      1	13461
      1	13464
      2	13481
      1	13671
      8	13720
      1	13775
      1	13797
      1	13823
      7	13871
      1	13945
      1	13952
      1	13965
      1	14075
      1	14113
      3	14142
      1	14155
      1	14212
      1	14256
      1	14287
      1	14332
      1	14343
      1	14352
      2	14385
      3	14392
      1	14423
      1	14429
      1	14457
      1	14490
      1	14497
      1	14540
      1	14543
      1	14554
      1	14569
      1	14648
      1	14666
      1	14700
      1	14720
      1	14740
      1	14746
      1	14756
      1	14768
      2	14795
      3	14883
      1	14891
      1	14908
      1	15011
      3	15017
      1	15029
      1	15033
      1	15148
      2	15206
      1	15247
      1	15256
      2	15260
      1	15304
      1	15306
      1	15353
      1	15355
      1	15386
      1	15458
      3	15461
      3	15479
      2	15516
      2	15530
      1	15595
      1	15639
      1	15666
      1	15674
      1	15684
      2	15756
      1	15766
      2	15772
      1	15789
      1	15800
      1	15847
      1	15865
      1	15869
      1	15979
      1	16057
      1	16148
      2	16181
      2	16227
      1	16229
      2	16230
      1	16276
      1	16332
      1	16368
      1	16389
      2	16414
      2	16503
      1	16512
      3	16515
      1	16614
      1	16620
      1	16630
      1	16715
      4	16738
      1	16826
      1	16833
      1	16862
      1	16885
      1	16951
      1	16958
      1	16960
      2	17066
      1	17139
      2	17184
      2	17210
      2	17220
      2	17225
      1	17267
      1	17343
      1	17393
      1	17449
      1	17533
      1	17540
      1	17610
      1	17613
      1	17624
      1	17676
      2	17771
      1	17845
      1	17895
      1	17903
      1	17918
      1	17928
      1	17965
      1	18010
      1	18056
      1	18069
      1	18146
      1	18149
      1	18219
      1	18237
      1	18321
      2	18442
      1	18475
      1	18487
      1	18498
      1	18515
      2	18567
      1	18589
      2	18590
      2	18696
      1	18720
      1	18781
      1	18808
      1	18842
      1	18905
      1	19038
      2	19049
      3	19127
      1	19139
      1	19197
      1	19209
      1	19248
      1	19268
      1	19292
      1	19305
      1	19309
      1	19417
      1	19425
      1	19479
      1	19498
      2	19527
      1	19585
      2	19641
      1	19724
      1	19763
      1	19800
      1	19836
      1	19869
      1	19904
      4	19947
      1	19976
      3	19991
      1	20153
      1	20191
      1	20195
      1	20212
      1	20268
      1	20274
      1	20317
      2	20323
      1	20369
      1	20401
      4	20419
      1	20545
      3	20599
      1	20609
      1	20612
      4	20660
      1	20683
      1	20805
      3	20827
      3	20837
      1	20842
      1	20865
      1	20883
      2	20887
      1	20989
      1	21015
      1	21018
      1	21034
      2	21042
      3	21060
      1	21162
      1	21170
      1	21180
      3	21258
      1	21268
      2	21285
      1	21289
      1	21340
      1	21357
      1	21364
      1	21425
      1	21467
      1	21492
      1	21552
      2	21563
      1	21573
      1	21628
      1	21719
      2	21733
      1	21911
      1	21920
      1	21963
      2	21974
      1	22005
      5	22010
      1	22032
      1	22077
      1	22087
      1	22134
      4	22164
      1	22194
      1	22253
      1	22290
      4	22306
      2	22315
      2	22330
      5	22365
      3	22417
      1	22426
      1	22447
      1	22467
      1	22481
      1	22516
      2	22590
      1	22625
      2	22643
      1	22653
      1	22661
      1	22666
      2	22682
      1	22694
      2	22715
      1	22806
      2	22812
      1	22859
      1	22867
      1	22902
      1	23004
      6	23023
      2	23029
      2	23091
      1	23095
      1	23138
      1	23188
      1	23234
      1	23266
      2	23436
      1	23523
      1	23526
      2	23539
      3	23572
      2	23577
      1	23597
      1	23620
      1	23643
      1	23655
      1	23751
      1	23869
      1	23936
      1	23999
      1	24004
      2	24026
      1	24054
      2	24061
      2	24088
      1	24092
      1	24222
      1	24227
      1	24271
      1	24312
      1	24321
      1	24334
      3	24345
      4	24376
      1	24378
      1	24429
      1	24479
      2	24485
      2	24492
      1	24587
      3	24613
      1	24626
      1	24741
      1	24743
      1	24755
      1	24757
      1	24793
      2	24794
      1	24839
      3	24860
      1	24895
      1	24931
      1	24934
      1	24941
      1	24947
      1	25004
      1	25085
      1	25092
      2	25173
      1	25198
      4	25338
      1	25367
      1	25399
      1	25401
      1	25436
      1	25445
      3	25468
      1	25516
      1	25517
      4	25538
      1	25556
      1	25650
      2	25689
      1	25774
      1	25880
      4	25899
      1	25960
      1	25983
      1	25985
      1	26002
      1	26035
      2	26036
      2	26043
      2	26045
      1	26115
      3	26135
      1	26139
      1	26202
      1	26207
      1	26246
      1	26260
      1	26267
      3	26289
      1	26332
      1	26359
      2	26397
      1	26414
      2	26435
      3	26447
      2	26458
      1	26470
      1	26472
      1	26480
      1	26488
      2	26552
      1	26597
      1	26628
      1	26641
      1	26643
      7	26666
      1	26672
      1	26703
      2	26741
      4	26772
      2	26777
      1	26796
      1	26828
      1	26850
      1	26852
      1	26866
      1	27039
      1	27155
      1	27173
      1	27229
      1	27257
      5	27263
      1	27286
      1	27350
      2	27357
      1	27421
      2	27495
      1	27519
      1	27538
      1	27568
      1	27596
      2	27665
      1	27670
      1	27695
      1	27767
      2	27773
      1	27822
      1	27856
      1	27873
      2	27880
      1	27920
      1	27940
      1	27954
      2	28002
      2	28012
      2	28015
      7	28025
      1	28038
      3	28106
      1	28109
      1	28140
      2	28220
      1	28231
      1	28303
      1	28308
      1	28323
      1	28346
      1	28490
      1	28655
      4	28675
      1	28679
      2	28692
      1	28727
      1	28802
      1	28821
      3	28855
      1	28929
      4	28960
      4	28964
      1	28997
      1	29016
      1	29025
      2	29068
      1	29136
      1	29138
      1	29166
      1	29204
      1	29206
      1	29484
      1	29513
      1	29514
      1	29524
      2	29612
      1	29645
      1	29716
      2	29718
      2	29753
      1	29807
      1	29811
      1	29826
      1	29875
      1	29983
      1	29993
      1	30018
      1	30021
      2	30024
      1	30048
      1	30055
      1	30119
      1	30151
      1	30153
      1	30162
      1	30168
      1	30201
      1	30245
      1	30277
      1	30280
      1	30306
      3	30360
      1	30384
      1	30385
      3	30402
      1	30406
      1	30426
      2	30427
      1	30443
      1	30476
      1	30487
      1	30541
      1	30555
      1	30564
      1	30578
      2	30641
      1	30708
      1	30733
      1	30782
      1	30801
      3	30810
      1	30819
      1	30827
      1	30869
      1	30879
      1	30931
      2	30941
      1	30946
      1	30958
      2	30964
      1	31060
      1	31088
      2	31153
      1	31198
      1	31207
      1	31252
      1	31308
      4	31323
      1	31333
      2	31360
      2	31397
      2	31435
      1	31493
      1	31515
      1	31557
      1	31606
      1	31630
      1	31642
      2	31756
      1	31774
      1	31848
      1	31868
      1	31903
      1	31979
      1	31982
      1	31983
      1	32174
      1	32177
      2	32188
      1	32193
      1	32198
      1	32212
      1	32217
      1	32237
      2	32249
      2	32413
      1	32415
      3	32426
      1	32451
      1	32515
      1	32547
      1	32554
      1	32574
      2	32582
      3	32621
      4	32657
      1	32677
      1	32733
      5	32746
      1	32761
     10	32857
      1	32863
      1	32900
      1	32916
      3	32995
      1	33028
      2	33074
      1	33142
      1	33143
      1	33191
      1	33194
      1	33226
      2	33259
      2	33272
      1	33275
      2	33291
      4	33292
      1	33349
      1	33484
      1	33486
      1	33505
      1	33519
      1	33527
      1	33549
      1	33585
      3	33685
      1	33721
      1	33821
      3	33840
      2	33863
      1	33869
      1	33927
      2	33957
      6	33971
      1	34010
      1	34060
      1	34080
      1	34084
      1	34133
      1	34165
      2	34170
      1	34234
      2	34264
      1	34313
      1	34343
      1	34359
      2	34375
      1	34382
      1	34394
      1	34452
      1	34457
      3	34479
      1	34483
      1	34521
      2	34576
      2	34601
      1	34708
      3	34763
      1	34817
      2	34922
      3	34951
      1	34959
      1	34974
      2	35008
      1	35026
      1	35056
      1	35068
      4	35093
      1	35115
      1	35122
      1	35170
      2	35191
      1	35263
      2	35391
      1	35420
      1	35498
      1	35518
      1	35534
      1	35545
      1	35599
      1	35638
      1	35656
      1	35663
      2	35667
      1	35717
      5	35779
      1	35791
      1	35807
      1	35824
      1	35856
      1	35886
      2	35905
      1	35946
      1	36016
      1	36027
      1	36028
      2	36029
      1	36056
      2	36111
      1	36112
      2	36151
      1	36181
      1	36188
      1	36243
      1	36268
      1	36280
      1	36383
      1	36390
      1	36395
      1	36437
      1	36443
      1	36559
      2	36578
      1	36587
      2	36627
      2	36642
      1	36671
      3	36690
      1	36759
      1	36780
      1	36831
      1	36863
      4	36870
      1	36878
      1	36906
      1	36950
      1	36959
      1	36976
      1	36989
      2	37000
      1	37023
      1	37034
      1	37086
      2	37087
      1	37127
      1	37229
      1	37333
      1	37359
      1	37367
      1	37393
      1	37395
      1	37453
      1	37493
      2	37499
      1	37613
      1	37634
      2	37640
      1	37651
      2	37691
      1	37709
      1	37744
      1	37755
      1	37761
      1	37762
      1	37777
      1	37784
      1	37792
      1	37795
      1	37818
      1	37904
      2	37927
      1	37976
      1	37997
      1	38068
      1	38135
      1	38181
      1	38205
      2	38210
      1	38216
      2	38224
      1	38269
      1	38298
      1	38311
      1	38315
      3	38367
      1	38389
      1	38403
      1	38439
      1	38468
      1	38480
      1	38520
      1	38527
      1	38544
      1	38563
      1	38712
      1	38742
      3	38781
      4	38839
      1	38848
      1	38852
      1	38874
      1	38893
      1	38936
      1	39023
      1	39157
      2	39184
      1	39201
      1	39254
      8	39265
      1	39277
      2	39285
      1	39295
      1	39312
      2	39340
      1	39352
      1	39390
      1	39432
      1	39460
      1	39477
      1	39484
      1	39524
      1	39537
      1	39629
      1	39664
      2	39665
      1	39708
      2	39714
      1	39795
      1	39807
      1	39809
      1	39893
      1	39960
      1	40063
      1	40087
      1	40093
      1	40143
      2	40170
      1	40175
      2	40188
      2	40284
      1	40330
      7	40387
      1	40394
      1	40412
      1	40483
      1	40510
      1	40527
      1	40533
      1	40544
      1	40545
      1	40605
      1	40635
      1	40661
      1	40750
      1	40779
      1	40817
      1	40830
      1	40884
      2	40917
      1	41032
      1	41093
      1	41144
      2	41185
      1	41188
      2	41198
      1	41299
      2	41333
      1	41347
      2	41355
      1	41356
      1	41363
      1	41405
      1	41578
      1	41582
      2	41653
      2	41656
      2	41671
      1	41690
      1	41723
      1	41754
      1	41770
      1	41775
      1	41791
      1	41853
      1	41860
      1	42011
      1	42037
      1	42051
      1	42086
      1	42110
      2	42316
      1	42322
      1	42355
      1	42372
      1	42394
      1	42425
      1	42576
      2	42723
      1	42797
      1	42996
      1	43053
      2	43080
      1	43095
      1	43103
      1	43148
      1	43162
      2	43169
      4	43190
      1	43196
      1	43261
      3	43277
      1	43394
      5	43478
      1	43501
      1	43531
      1	43603
      1	43735
      1	43737
      1	43763
      1	43775
      1	43777
      3	43832
      1	43853
      1	43963
      1	43976
      1	44047
      1	44068
      1	44078
      1	44112
      1	44156
      1	44228
      1	44254
     11	44329
      1	44346
      3	44381
      1	44481
      1	44572
      1	44683
      3	44716
      1	44759
      3	44777
      2	44798
      1	44802
      1	44826
      1	44856
      2	44907
      1	44912
      1	44923
      2	44961
      1	45019
      1	45043
      1	45059
      1	45147
      2	45173
      1	45179
      1	45184
      3	45219
      2	45293
      1	45384
      1	45422
      1	45425
      1	45439
      1	45450
      2	45465
      1	45570
      1	45671
      1	45755
      3	45778
      1	45796
      1	45841
      1	45844
      1	45847
      1	45935
      1	46006
      1	46061
      1	46080
      1	46119
      1	46123
      1	46136
      1	46147
      1	46168
      3	46173
      1	46232
      1	46245
      1	46261
      1	46312
      2	46329
      6	46402
      1	46428
      1	46488
      1	46509
      3	46554
      1	46558
      1	46576
      1	46595
      3	46650
      1	46716
      2	46724
      1	46776
      1	46788
      1	46894
      1	46973
      3	47038
      1	47045
      9	47073
      1	47091
      2	47104
      3	47210
      1	47293
      1	47295
      1	47305
      1	47311
      1	47373
      1	47376
      1	47382
      2	47413
      1	47416
      2	47440
      2	47463
      1	47497
      1	47535
      3	47597
      1	47634
      1	47700
      1	47732
      1	47735
      1	47776
      4	47858
      3	47905
      2	47960
      2	47969
      2	47989
      1	48011
      2	48134
      1	48170
      1	48206
      1	48215
      1	48235
      1	48241
      1	48320
      1	48354
      1	48393
      2	48398
      1	48478
      1	48540
      1	48577
      1	48635
      2	48643
      3	48681
      2	48797
      1	48807
      1	48808
      1	48834
      1	48870
      1	48924
      1	48993
      1	49004
      2	49022
      2	49073
      2	49155
      1	49176
      2	49273
      1	49278
      1	49314
      1	49358
      2	49361
      2	49362
      1	49387
      2	49390
      1	49439
      1	49444
      4	49458
      1	49495
      1	49556
      2	49680
      1	49695
      1	49722
      1	49797
      1	49799
      2	49823
      1	49982
      1	50169
      2	50216
      2	50327
      1	50329
      1	50352
      1	50372
      1	50385
      1	50388
      1	50394
      1	50412
      2	50419
      1	50481
      6	50508
      1	50557
      1	50590
      1	50594
      3	50645
      5	50660
      1	50731
      1	50738
      1	50800
      4	50810
      1	50811
      1	50872
      1	50894
      2	50895
      1	50899
      2	50940
      1	50952
      1	51042
      5	51044
      1	51065
      1	51124
      1	51166
      1	51172
      2	51198
      2	51263
      7	51325
      1	51354
      1	51433
      1	51532
      1	51582
      4	51645
      2	51716
      1	51771
      1	51800
      2	51805
      3	51959
      1	52007
      1	52036
      1	52118
      1	52119
      1	52121
      1	52224
      3	52370
      1	52414
      2	52439
      1	52457
      1	52459
      1	52463
      2	52477
      1	52483
      1	52532
      1	52601
      2	52685
      1	52739
      1	52794
      1	52801
      1	52819
      1	52831
      1	52832
      1	52848
      1	52918
      1	52927
      1	52948
      1	52954
      1	52959
      1	52968
      2	53014
      2	53044
      1	53063
     10	53093
      1	53095
      1	53130
      1	53166
      1	53256
      1	53276
      1	53309
      1	53324
      1	53349
      1	53450
      6	53479
      3	53494
      1	53534
      1	53577
      2	53583
      3	53584
      2	53596
      1	53624
      1	53666
      4	53696
      2	53723
      3	53791
      1	53792
      1	53846
      1	53882
      1	53925
      1	53947
      2	53971
      1	54136
      3	54183
      1	54184
      1	54205
      1	54270
      4	54295
      1	54298
      1	54334
      1	54345
      1	54356
      1	54416
      1	54430
      2	54495
      3	54507
      1	54601
      2	54679
      1	54745
      1	54786
      1	54801
      2	54814
      2	54867
      1	54898
      1	54902
      1	54916
      2	54950
      1	54960
      1	54984
      2	54989
      1	55135
      1	55156
      1	55176
      1	55198
      1	55217
      3	55288
      1	55329
      1	55408
      1	55410
      1	55440
      1	55441
      3	55460
      1	55464
      1	55521
      1	55564
      4	55565
      3	55587
      1	55661
      1	55861
      2	55883
      2	55902
      3	55941
      1	55998
      7	56028
      1	56052
      1	56073
      1	56086
      1	56105
      1	56147
      1	56187
      1	56205
      2	56273
      1	56281
      1	56289
      1	56350
      1	56410
      1	56423
      1	56434
      2	56524
      2	56631
      1	56637
      1	56642
      1	56668
      1	56693
      1	56806
      1	56808
      3	56813
      1	56888
      1	56904
      1	56912
      2	57001
      1	57005
      1	57064
      1	57072
      2	57133
      5	57144
      1	57178
      2	57264
      2	57331
      1	57332
      3	57419
      1	57432
      2	57449
      1	57459
      1	57470
      2	57513
      1	57521
      1	57566
      1	57608
      1	57617
      1	57630
      1	57654
      3	57767
      1	57791
      1	57798
      1	57824
      1	57832
      1	57850
      1	57951
      1	57995
      1	58011
      1	58098
      1	58119
      1	58177
      1	58179
      1	58208
      2	58216
      3	58302
      1	58352
      1	58434
      1	58440
      1	58488
      1	58506
      1	58509
      1	58567
      1	58594
      4	58621
      1	58670
      2	58679
      2	58729
      1	58735
      1	58766
      1	58805
      2	58815
      1	58824
      1	58887
      1	58953
      1	58996
      2	59001
      1	59043
      2	59139
      2	59149
      3	59158
      2	59177
      1	59181
      3	59201
      2	59231
      1	59255
      1	59276
      1	59291
      1	59301
      2	59327
      2	59335
      1	59345
      3	59371
      2	59434
      1	59518
      1	59545
      1	59559
      1	59613
      1	59620
      1	59720
      1	59726
      1	59787
      1	59858
      1	59983
      1	60000
      1	60007
      1	60062
      1	60085
      4	60232
      2	60278
      6	60284
      1	60367
      1	60396
      1	60429
      1	60432
      1	60433
      2	60488
     16	60501
      1	60505
      2	60523
      1	60557
      3	60563
      1	60574
      1	60581
      2	60660
      4	60671
      1	60693
      2	60709
      1	60799
      5	60909
      1	60910
      1	60950
      1	61060
      1	61064
      2	61066
      2	61116
      1	61121
      1	61131
      1	61140
      7	61152
      1	61156
      2	61261
      1	61280
      1	61300
      1	61311
      1	61340
      1	61344
      1	61355
      1	61383
      1	61398
      1	61464
      1	61466
      1	61469
      1	61489
      2	61528
      2	61562
      2	61599
      1	61655
      1	61659
      1	61683
      2	61686
      1	61698
      1	61750
      1	61759
      1	61787
      1	61832
      1	61855
      1	61934
      1	62013
      1	62024
      1	62095
      1	62098
      2	62099
      1	62106
      1	62108
      1	62119
      1	62183
      1	62189
      1	62230
      1	62311
      1	62349
      1	62353
      1	62431
      1	62485
      1	62491
      1	62534
      1	62543
      1	62575
      1	62629
      1	62651
      3	62654
      1	62664
      4	62701
      1	62788
      1	62799
      1	62847
      2	63002
      1	63016
      1	63097
      1	63156
      1	63169
      1	63274
      1	63293
      2	63338
      4	63363
      2	63409
      1	63410
      1	63430
      1	63443
      2	63460
      1	63737
      7	63743
      2	63807
      1	63820
      4	63950
      1	64094
      1	64129
      1	64262
      1	64278
      1	64396
      1	64435
      1	64470
      1	64482
      1	64485
      1	64502
      1	64552
      1	64581
      1	64586
      1	64593
      1	64603
      1	64633
      1	64649
      1	64687
      1	64750
      1	64907
      1	64938
      1	64995
      1	65023
      1	65046
      1	65116
      1	65137
      3	65184
      1	65232
      1	65251
      4	65258
      1	65271
      1	65294
      1	65352
      5	65381
      2	65408
      2	65414
      1	65418
      1	65449
      2	65494
      2	65528
