      3	11
      1	18
      1	20
      2	27
      1	259
      2	323
      1	330
      2	372
      1	374
      1	509
      1	515
      1	533
      1	538
      1	645
      1	664
      1	668
      1	687
      1	712
      2	753
      4	779
      1	787
      1	792
      1	811
      3	821
      1	865
      1	873
      1	901
      1	927
      3	934
      1	967
      3	982
      1	1018
      1	1072
      1	1104
      1	1121
      1	1123
      1	1158
      1	1160
      1	1174
      1	1182
      1	1184
      1	1196
      3	1219
      1	1320
     89	1359
      1	1399
      1	1440
      1	1441
      4	1456
      3	1489
      2	1497
      1	1517
      1	1544
      1	1565
      1	1616
      2	1640
      2	1649
      4	1662
      1	1682
      1	1704
      1	1711
      2	1722
      1	1737
      1	1762
      1	1777
      1	1821
      1	1856
      1	1896
      1	1941
      1	1981
      1	1986
      1	1998
      1	2006
      1	2009
      1	2020
     16	2114
      1	2156
      1	2249
      9	2274
      5	2275
      1	2302
      1	2349
      1	2469
      2	2503
      1	2522
      2	2558
      1	2592
      3	2619
      1	2638
      1	2648
      1	2654
      1	2657
      2	2663
      1	2725
      2	2848
      2	2879
      1	2909
      1	2919
      2	2934
      1	2937
      2	2955
      3	2963
      3	2979
      1	2999
      1	3010
      1	3020
      1	3029
      1	3064
      1	3109
     10	3123
      1	3209
      2	3245
      1	3252
      1	3278
      1	3364
      2	3376
      2	3379
      2	3385
      1	3396
      3	3400
      5	3442
      3	3486
      1	3490
      1	3493
      1	3517
      1	3540
      1	3558
      1	3616
      1	3690
      2	3694
      2	3702
      2	3706
      6	3715
     14	3722
      1	3750
      1	3774
      1	3800
      1	3842
    122	3864
      1	3876
      7	3910
      2	3934
      1	3949
      1	3956
      3	3988
      1	3995
      1	4001
      1	4002
      1	4058
      1	4067
      4	4076
      1	4109
      1	4129
      1	4148
      1	4176
      1	4198
      1	4230
      1	4254
      1	4263
      1	4268
      1	4312
      1	4313
      1	4358
      6	4384
      7	4401
      1	4408
      4	4462
      1	4470
      1	4477
      3	4522
      1	4581
      1	4651
      1	4670
      1	4673
      1	4675
      1	4772
     17	4792
      1	4810
      5	4845
      1	4859
      1	4880
      1	5005
      1	5026
      1	5102
      3	5112
      2	5140
      1	5161
      1	5173
      2	5199
      2	5222
      2	5300
      3	5330
      2	5343
      1	5432
      4	5471
      5	5475
      1	5510
      4	5521
      1	5563
      2	5584
      1	5700
     17	5709
      1	5726
      2	5740
      2	5741
      1	5766
      1	5790
      3	5792
      1	5801
      1	5825
      1	5837
      2	5844
      1	5908
      1	5961
      9	5976
      1	6032
      3	6175
      1	6217
      1	6255
      2	6286
      1	6291
      2	6359
      1	6406
      1	6418
      1	6455
      1	6503
      2	6518
      1	6548
      1	6601
      2	6640
      1	6659
      1	6670
      1	6705
      1	6748
      2	6796
      1	6806
      3	6833
      1	6854
      4	6860
      1	6918
      1	6924
      1	6937
      1	6946
      6	6980
      1	6985
      1	7011
      1	7057
      1	7083
      2	7106
      1	7145
      1	7149
      5	7161
      1	7174
      1	7222
      1	7276
      1	7281
      1	7310
      1	7359
      1	7376
      1	7414
      2	7450
      1	7459
      2	7460
      1	7466
      1	7515
      1	7527
      1	7552
      1	7554
      1	7574
      1	7612
      1	7619
      1	7646
      1	7811
      1	7840
      1	8020
      6	8054
      1	8074
      2	8170
      1	8183
      1	8193
      1	8236
      2	8284
     10	8365
      1	8393
      1	8408
      1	8410
      1	8416
      1	8432
      1	8462
      1	8467
      1	8573
      1	8581
      1	8658
      1	8700
      1	8740
      2	8754
      2	8760
      6	8910
      1	8930
      1	8947
      1	8979
      1	8995
      1	9067
      1	9089
      1	9093
      1	9098
      1	9143
      1	9152
      1	9160
      1	9162
      1	9229
      1	9267
      1	9269
      1	9281
      1	9327
      1	9343
      1	9375
      2	9383
      1	9412
      1	9427
      1	9461
      1	9670
      1	9673
      1	9738
      6	9750
      2	9813
      1	9845
      1	9851
      1	9868
      1	9898
      1	9900
      1	9923
      3	9928
      7	9943
      1	9969
      1	9984
      1	10014
      3	10023
      1	10026
      1	10059
      1	10083
      2	10158
      8	10201
      1	10205
      1	10217
      2	10243
      1	10268
      1	10307
      1	10427
      1	10491
      1	10556
      1	10570
      1	10585
      2	10589
      1	10591
      1	10595
      1	10645
      1	10652
      1	10662
      1	10875
      2	11005
      1	11069
      1	11070
      1	11082
      2	11084
      1	11098
      1	11108
      2	11124
      3	11144
      3	11154
      1	11162
      1	11213
      1	11292
      1	11356
      2	11378
      1	11427
      2	11464
      1	11535
      1	11548
      2	11654
      1	11741
      1	11743
      1	11751
      1	11892
      1	11897
      1	11915
      1	11926
      2	11951
      1	11991
      1	12006
      1	12059
      1	12067
      1	12108
      1	12142
      1	12179
      1	12188
      1	12197
      1	12201
      1	12239
      1	12253
      2	12266
      2	12288
      2	12296
      1	12345
      4	12363
      1	12400
      1	12434
      1	12471
      1	12478
      2	12512
      1	12597
      1	12622
      1	12681
      1	12686
      1	12740
      1	12798
      1	12799
     11	12814
      1	12818
      2	12838
      2	12860
      1	12951
      1	12956
      1	13024
      1	13064
      1	13118
      1	13140
      1	13266
      1	13431
      1	13441
      1	13480
      2	13481
      2	13483
      1	13490
      1	13508
      1	13514
      1	13531
      1	13545
      2	13573
      1	13665
      1	13717
      2	13735
      1	13749
      1	13766
      1	13805
      1	13811
      1	13830
      2	13913
      1	13914
      1	13932
      1	13992
      1	14000
      1	14028
      1	14039
      1	14060
      1	14154
      1	14169
     18	14289
      1	14295
      2	14361
      8	14367
      1	14368
      3	14385
      1	14392
      1	14447
      1	14506
      1	14517
      1	14545
      1	14594
      1	14689
      1	14719
      1	14724
      1	14753
      1	14936
      2	14954
      1	14988
      1	15033
      1	15063
      3	15064
      1	15132
      1	15228
      1	15235
      1	15247
      1	15249
      1	15271
      1	15273
      1	15282
      3	15285
      2	15320
      1	15355
      1	15381
      2	15399
      1	15430
      1	15450
      1	15483
     10	15601
      4	15611
      1	15646
      1	15679
      1	15714
      1	15724
      1	15923
      1	16017
      1	16023
      1	16053
      1	16108
      2	16148
      1	16181
      1	16199
      1	16239
      1	16248
      3	16264
      1	16290
      1	16325
      1	16368
      1	16382
      2	16424
      6	16442
      5	16532
      2	16565
      1	16574
      1	16580
      2	16629
      1	16637
      1	16669
      1	16684
      1	16817
      4	16827
      1	16843
      1	16863
      3	16879
      6	16887
      1	16929
      1	16945
      1	16958
      1	17015
      1	17048
      9	17093
      1	17115
     18	17135
      1	17192
      1	17210
      3	17220
      1	17260
      1	17301
      1	17316
      1	17331
      1	17338
      1	17352
      1	17354
      1	17365
      1	17391
      1	17394
      1	17395
      1	17418
      1	17432
      1	17461
      4	17474
      1	17477
      1	17557
      4	17613
      1	17743
      1	17757
      1	17765
      1	17790
      2	17812
      2	17816
      2	17824
      3	17841
      1	17858
      1	17896
      1	17975
      1	18003
      1	18056
      1	18058
     17	18107
      2	18108
      1	18109
      1	18112
      1	18130
      2	18212
      9	18257
      1	18295
      1	18312
      2	18337
      1	18395
      2	18466
      1	18472
      1	18501
      1	18533
      1	18567
     15	18590
      2	18605
      1	18636
      2	18664
      1	18697
      2	18800
      1	18805
      2	18842
      1	18854
      1	18877
      2	18899
      1	18928
      1	18951
      1	18971
      2	19001
      2	19013
      1	19034
      4	19066
      1	19094
      1	19111
      1	19123
      1	19188
      1	19190
      1	19196
      1	19197
      1	19252
      1	19274
      1	19279
      1	19353
      1	19359
      1	19394
      3	19429
      1	19440
      1	19469
      2	19533
      1	19678
      1	19698
      1	19708
      3	19711
      4	19720
      1	19771
      1	19788
      1	19816
      5	19830
      4	19891
      1	19903
      1	19918
      1	20012
      1	20016
      1	20047
      3	20177
      1	20212
      1	20270
      1	20274
      2	20278
      1	20304
      1	20345
      3	20356
      1	20363
      1	20369
      1	20372
      2	20376
      1	20502
      1	20515
      1	20565
      1	20609
      1	20631
      1	20686
      1	20700
      1	20746
      1	20784
      7	20818
      1	20825
      1	20837
      1	20853
      1	20868
     17	20892
      8	20938
      1	20965
      1	20987
      2	21050
      1	21105
      5	21110
      1	21122
      1	21124
      1	21156
      1	21195
      1	21200
      1	21202
      1	21215
     64	21253
      2	21255
      1	21285
      1	21297
      1	21348
      1	21350
      1	21370
      4	21420
      2	21428
      1	21467
      1	21493
      1	21517
      1	21544
      1	21569
      1	21610
      2	21626
      4	21654
      1	21710
      1	21764
      2	21777
      2	21799
      1	21804
      1	21809
      1	21859
      1	21894
      1	21903
      1	21919
      1	21942
      1	21950
      3	21963
      1	21983
      1	22018
      1	22032
      1	22180
    133	22233
      1	22257
      5	22299
      1	22300
      1	22315
      3	22321
      1	22367
      1	22408
      3	22417
      1	22447
      3	22450
      1	22490
      1	22525
      2	22589
      1	22593
      1	22630
      1	22631
      3	22661
      7	22664
      1	22666
      2	22742
      1	22791
      1	22792
      1	22915
      1	22960
      1	22967
      1	22995
      2	23013
      1	23022
      2	23029
      1	23070
      1	23079
      2	23101
      1	23115
      1	23122
      7	23134
      1	23137
      1	23228
      1	23243
      3	23288
      1	23291
      3	23308
      1	23332
      1	23379
      1	23381
      3	23403
     16	23417
      1	23435
      1	23459
      1	23494
      1	23513
      1	23609
      1	23633
      1	23645
      2	23728
      3	23736
      1	23775
      1	23888
      1	23899
      1	23922
      4	23932
      1	23944
      2	23945
      1	23958
      1	23967
     13	23972
      1	24010
      1	24063
      1	24068
      1	24077
      1	24114
      3	24149
      1	24194
      1	24200
      1	24283
      1	24288
      2	24325
      2	24382
      5	24391
      1	24430
      1	24436
      1	24449
      2	24465
      1	24507
      1	24541
      1	24656
      1	24698
      2	24716
      1	24755
      1	24771
      1	24793
      1	24808
      1	24810
      2	24866
      1	24893
      1	24899
      4	24915
      3	24975
      1	24976
      1	25014
      1	25041
      1	25057
      1	25092
      1	25109
      2	25148
      1	25160
      1	25207
      1	25228
      1	25263
      1	25288
      1	25296
      1	25311
      1	25316
      3	25338
      1	25339
      5	25343
      1	25399
      1	25451
      1	25492
      2	25501
      1	25551
      1	25563
      5	25566
      4	25612
      1	25627
      1	25639
      1	25649
      4	25666
     18	25711
      2	25728
      1	25875
      1	25899
      2	25916
      1	25938
      1	25946
      1	25952
      1	25953
      1	25960
      2	26027
      1	26111
      1	26192
      2	26352
      1	26353
      1	26363
      1	26369
      1	26442
      1	26455
      9	26468
      1	26479
      2	26509
      1	26544
      1	26552
      1	26553
      1	26583
      1	26629
      1	26648
      2	26711
      1	26733
      1	26748
      1	26751
      1	26790
      2	26798
      2	26850
      1	26964
      1	26980
      1	27008
      1	27039
      1	27049
      1	27078
      1	27116
      1	27129
      1	27208
      3	27245
      3	27311
      1	27319
      1	27333
      6	27350
      1	27367
      2	27428
      1	27429
      1	27440
      1	27458
      2	27491
      1	27519
      2	27536
      1	27555
      1	27556
      2	27607
      4	27622
      1	27633
      1	27665
      2	27765
      1	27782
      1	27794
      1	27806
      1	27827
      1	27876
      1	27960
      2	27975
      1	28058
      2	28084
      7	28089
      2	28199
      1	28204
      1	28245
      1	28256
      1	28288
      1	28302
      1	28303
      1	28314
      3	28382
      3	28397
      1	28485
      1	28526
      1	28571
      1	28585
      1	28626
      1	28639
      3	28642
      6	28688
      1	28750
      1	28795
      1	28798
     19	28824
      1	28832
      1	28842
      1	28879
      1	28889
      1	28911
      1	28914
      1	28916
      1	28942
      1	28975
      1	28980
      1	29043
      1	29051
      1	29097
      1	29144
      3	29146
      1	29184
      6	29193
      1	29202
      1	29212
      1	29257
      2	29258
      1	29277
      4	29283
      3	29285
      2	29307
      1	29311
      1	29395
      1	29449
      1	29527
      1	29537
     23	29547
      1	29567
      1	29579
      1	29595
      1	29637
      1	29665
      1	29709
      2	29768
      1	29810
      3	29811
      1	29825
      1	29826
      2	29870
      1	29888
      1	29910
      1	29936
      2	29983
      1	30021
      1	30043
      1	30054
      1	30069
     20	30075
      3	30090
      1	30102
      1	30131
      1	30135
      1	30151
      1	30185
      1	30232
      1	30280
      1	30295
      1	30313
      3	30316
      1	30354
      1	30365
      1	30402
      1	30434
      1	30455
      2	30502
      2	30524
      1	30601
      1	30620
      1	30708
      1	30716
      1	30747
      2	30780
      1	30782
      1	30790
      1	30816
      1	30824
      2	30828
      3	30845
      1	30878
      1	30923
      2	30957
      1	31005
      3	31010
      1	31026
      1	31054
      1	31068
      1	31088
      1	31105
      1	31166
      2	31178
      1	31219
      1	31308
      1	31333
      1	31370
      1	31468
      8	31473
      1	31474
      2	31484
      1	31525
      3	31538
     41	31544
      1	31547
      6	31562
      1	31566
      1	31594
      1	31632
      1	31642
      1	31643
      9	31649
      1	31737
      1	31758
      8	31779
      2	31789
      2	31810
      1	31811
      1	31815
      2	31846
      2	31901
      1	31945
      1	31979
      2	31983
      4	32003
      1	32009
    122	32021
      1	32038
      1	32211
      1	32324
      1	32333
      3	32465
      1	32488
      1	32515
      2	32520
      1	32526
      1	32547
      2	32550
      2	32580
      1	32595
      4	32602
      1	32614
      6	32640
      2	32643
     11	32653
      3	32657
      1	32671
      2	32673
      1	32679
    120	32696
      2	32713
      2	32743
      1	32755
      2	32795
      2	32819
      1	32831
      1	32876
      1	32886
      1	32890
      5	32899
      1	32918
      1	32943
      1	32944
      1	32967
      1	32978
     20	33001
      1	33051
      1	33096
      1	33100
      1	33134
      2	33169
      1	33171
      1	33210
      1	33217
      2	33219
      3	33250
      2	33292
      1	33300
      1	33303
      1	33329
      1	33354
      1	33386
      1	33410
      1	33417
      1	33474
      1	33476
      1	33484
      1	33497
      1	33500
      2	33514
      1	33578
      1	33586
      1	33597
      4	33630
      2	33758
      1	33767
      1	33779
      1	33833
      1	33846
      1	33885
      1	33959
      1	33972
      1	34000
      1	34002
      3	34007
      1	34080
      2	34082
      1	34129
      1	34172
      1	34241
      5	34265
      1	34303
      2	34323
      1	34339
      1	34350
      1	34353
      1	34363
      4	34392
      1	34444
      1	34473
      1	34528
      2	34536
      2	34538
      1	34550
      1	34750
      1	34773
      1	34806
      1	34817
      2	34848
      1	34945
      1	34949
      4	34965
      1	34975
      1	34994
      1	35008
      2	35051
      3	35141
      1	35169
      1	35172
      1	35192
      1	35195
      1	35208
      1	35220
      1	35249
      1	35284
      7	35325
      2	35334
      2	35452
      1	35496
      2	35518
      1	35528
      1	35557
      1	35630
      1	35717
      1	35722
      1	35805
      3	35821
      2	35851
      1	35862
      1	35897
      4	35913
      2	35959
      2	35980
      1	36056
      2	36069
      1	36084
      1	36115
      2	36123
      1	36172
      1	36188
      1	36230
      1	36240
      1	36271
      1	36316
      1	36423
      1	36454
      1	36490
      2	36494
      1	36495
      6	36517
      1	36518
     31	36537
      1	36585
      1	36636
      1	36648
      1	36656
      1	36680
      2	36690
      1	36703
      1	36714
      1	36723
      2	36755
      5	36770
      1	36775
      8	36800
      5	36823
      1	36850
      1	36851
      7	36875
      1	36905
      1	37014
      9	37016
      1	37034
      1	37053
      4	37062
      8	37085
      1	37123
      7	37140
      1	37149
      1	37152
      1	37176
      1	37217
      1	37223
      2	37226
      1	37285
      1	37305
      1	37322
      2	37349
      2	37351
      3	37387
      1	37442
      1	37491
      1	37493
      1	37503
      1	37536
      1	37539
      1	37588
      1	37608
      3	37700
      1	37709
     18	37710
      1	37716
      1	37723
      1	37724
      7	37738
      2	37749
      1	37755
      1	37761
      7	37814
      1	37860
      2	37865
      1	37873
      1	37906
      1	37918
      1	37930
      1	37966
      1	37997
      1	38016
      1	38047
      2	38071
      1	38099
      1	38151
      2	38155
      1	38171
      1	38184
      2	38224
      2	38243
      1	38276
      1	38295
      1	38480
      5	38520
      1	38545
      2	38552
      1	38640
      1	38665
      3	38676
      1	38696
      1	38705
      1	38712
      1	38737
      1	38801
      1	38803
      2	38814
      1	38859
      1	38881
      1	38888
      1	38897
      2	38939
      2	39032
     14	39059
      1	39080
      1	39086
      1	39103
      1	39115
      1	39219
    122	39250
      1	39278
      2	39340
      1	39395
      2	39406
      4	39410
      1	39414
      2	39465
      1	39476
      1	39494
     18	39561
    123	39571
      1	39574
    123	39646
      2	39660
      1	39690
      2	39702
      2	39705
      1	39738
      2	39753
    125	39766
      1	39780
      1	39816
      2	39842
      1	39880
      2	39886
      1	39960
      1	39977
      1	39998
      1	40010
      1	40013
      1	40040
      1	40093
      1	40116
      1	40129
      1	40215
    121	40298
      1	40313
      1	40317
      3	40347
      1	40349
      1	40370
      1	40371
      2	40387
      2	40429
      1	40452
      3	40473
      1	40475
      1	40527
      2	40540
      1	40574
      1	40575
      1	40587
      2	40637
    121	40658
      5	40675
      2	40678
      1	40679
      1	40692
      1	40705
      1	40726
      1	40751
      1	40762
      2	40816
      1	40822
      1	40848
      1	40849
      1	40972
      1	40999
      1	41009
      2	41044
      2	41080
      1	41108
      1	41110
      1	41163
      1	41188
      1	41202
      1	41218
      1	41234
      1	41298
      1	41310
      2	41311
     12	41318
      1	41325
      1	41333
      1	41347
      1	41429
      1	41439
      8	41451
      2	41455
      1	41457
      1	41477
      1	41522
      1	41552
      2	41566
      2	41640
      3	41642
      2	41647
      1	41658
      1	41701
      1	41702
      1	41747
      1	41756
      2	41830
      4	41857
    160	41892
      1	41896
      1	41918
      3	41997
      1	42031
      1	42041
      2	42051
      1	42073
      1	42081
      2	42094
     21	42107
      1	42112
      2	42229
      1	42230
      1	42269
      1	42340
      5	42357
      1	42392
      1	42407
      1	42454
      1	42493
     14	42636
      1	42695
      1	42754
      1	42872
      2	42878
      1	42915
      1	42920
     14	42997
      1	43065
      1	43087
      2	43098
      3	43123
      3	43160
      1	43204
      6	43224
      2	43240
      1	43267
      1	43278
      1	43293
      1	43360
      1	43390
      2	43476
      1	43481
      1	43501
      1	43506
      1	43518
      1	43587
      1	43593
     18	43611
      1	43742
      1	43747
      1	43789
      1	43822
      1	43829
      1	43832
      1	43856
      1	43889
      1	43985
      2	44011
      3	44018
      1	44056
      5	44074
      1	44094
      1	44113
      1	44137
      2	44150
      4	44203
      1	44222
      3	44329
      1	44380
      3	44423
      2	44459
      1	44473
      1	44478
      2	44482
      1	44533
      1	44643
      1	44655
      1	44675
      1	44743
      1	44752
      1	44777
      2	44804
      1	44838
      1	44886
      1	44904
      1	44905
     14	44948
      6	45102
      2	45127
      1	45135
     17	45145
      1	45152
      1	45160
      1	45166
      2	45178
      1	45180
      1	45263
      9	45276
      1	45284
      1	45293
      1	45294
      1	45392
      1	45463
      2	45464
      2	45483
      1	45496
      1	45523
      1	45572
      6	45645
      1	45650
      1	45660
      2	45668
      1	45766
      1	45772
      1	45791
      1	45807
      1	45840
      1	45854
      3	45884
      4	45949
      2	45951
      2	45969
      1	46061
      1	46084
      1	46094
      1	46120
      2	46147
      1	46189
      1	46274
      1	46353
      1	46397
      1	46398
      1	46467
      1	46523
      1	46554
      1	46592
      8	46598
      3	46656
      2	46680
      1	46740
      1	46743
      2	46753
      2	46799
      1	46841
      1	46925
      3	46931
      1	46940
      1	47011
      1	47025
      1	47107
      1	47170
      1	47213
     18	47260
      5	47269
      2	47295
      1	47309
      2	47432
      1	47486
      1	47597
      1	47621
    123	47643
      9	47644
      1	47741
      1	47787
      1	47791
      1	47806
      1	47826
      3	47866
      2	47882
      1	47883
      2	47891
      1	47940
      1	47995
      1	47996
      2	48033
      1	48046
      2	48064
      1	48066
      1	48105
      1	48138
      1	48158
      5	48168
      1	48196
      2	48241
      1	48267
      1	48286
      1	48319
      1	48363
      1	48422
      1	48448
      1	48488
      2	48513
     14	48542
      1	48544
      1	48597
      4	48599
      1	48812
      9	48862
      1	48865
      1	48868
      2	48897
      2	48899
     16	48991
     15	49107
      2	49145
      1	49232
      2	49254
      1	49278
      1	49332
      1	49358
      1	49371
      4	49397
      2	49416
      1	49453
      1	49470
      1	49477
     18	49490
     18	49501
      2	49526
      1	49538
      2	49549
      1	49688
      1	49698
      1	49708
      1	49727
      1	49818
      2	49823
      1	49831
      1	49842
      1	49854
      1	49862
      2	49885
      1	49899
      1	49966
      1	49990
      1	49999
      1	50027
     12	50071
      2	50072
      1	50086
      1	50091
      1	50123
      6	50216
      1	50228
      3	50244
      1	50303
      1	50340
      1	50369
      8	50377
      1	50386
      1	50403
      1	50529
      2	50559
      1	50654
      1	50679
      2	50719
      1	50796
      1	50850
      1	50868
      1	50897
      1	50901
      1	50910
      4	50915
      1	50919
      1	50927
      1	50952
      4	50975
      1	50991
      1	51041
      2	51065
     10	51071
      1	51085
      2	51111
      1	51171
      1	51175
     10	51198
      2	51222
      1	51246
      1	51272
      1	51324
      2	51325
      1	51340
      1	51358
      3	51385
      1	51389
      1	51393
      1	51394
      1	51395
      1	51449
      1	51472
      1	51475
      1	51493
      1	51519
      2	51532
      1	51533
      1	51588
      1	51599
      3	51610
      1	51618
      2	51662
      3	51664
      2	51676
      1	51700
      2	51715
      1	51716
      1	51770
      2	51771
      1	51774
      2	51795
      4	51804
      1	51809
      1	51822
      1	51835
      1	51854
      1	51893
      1	51917
      1	51920
      1	51941
      1	51992
      1	51994
      1	52027
      2	52054
      1	52068
      4	52142
      2	52175
      4	52181
      1	52205
      1	52266
      1	52287
      1	52327
      1	52370
      1	52382
      1	52393
      1	52398
      2	52425
      3	52441
      1	52477
      1	52522
      1	52555
      1	52570
      1	52650
      2	52667
      1	52693
      1	52742
      1	52819
      1	52831
      1	52850
      4	52897
      3	52912
      1	52913
      1	52945
      1	53009
      7	53023
      1	53053
      1	53112
      1	53121
      1	53234
      4	53245
      2	53276
      1	53312
      1	53386
      2	53401
      3	53423
      1	53450
      1	53474
      1	53479
      1	53515
      2	53519
      2	53550
      1	53623
      3	53691
      3	53722
      1	53733
      2	53738
      1	53746
      2	53784
      1	53792
      2	53799
      1	53868
      1	53870
      2	53882
      1	53887
      1	53902
      1	53912
      1	53975
      1	54038
      2	54059
      1	54087
      2	54097
      1	54136
      2	54183
      5	54232
      2	54272
      1	54300
      1	54339
      3	54388
      1	54416
      1	54433
      1	54449
      1	54504
      1	54520
      1	54559
      2	54564
      1	54644
      1	54653
      1	54675
      5	54676
      1	54691
      1	54705
      1	54788
      1	54811
      1	54816
      5	54838
      1	54867
      1	54906
      1	54932
      1	54965
      1	55009
      1	55150
      1	55287
      1	55299
      1	55350
      2	55382
      1	55401
      2	55407
      2	55446
      1	55451
      2	55477
      1	55481
      2	55486
     11	55500
      1	55521
      2	55563
      1	55574
      3	55609
      4	55789
      1	55791
      3	55798
      1	55806
      1	55821
      1	55832
      1	55836
      2	55842
      2	55879
     16	55894
      8	55899
      2	55908
      1	55912
      1	55960
      1	56006
      1	56010
      1	56015
      1	56027
      1	56039
      1	56074
      1	56086
      2	56105
      1	56109
      2	56144
      1	56152
      1	56187
      1	56202
      1	56237
      1	56289
      1	56334
      2	56347
      1	56348
      1	56350
      2	56352
      1	56536
      2	56557
      1	56583
      1	56640
      1	56673
      1	56706
      4	56720
      1	56756
      1	56816
      8	56823
      1	56833
      1	56857
      2	56868
      2	56874
      1	56915
      1	56952
      2	56953
      1	57027
      1	57060
     18	57110
      1	57122
     13	57133
      1	57162
      1	57332
      2	57333
      1	57420
      1	57447
      1	57470
      4	57541
      1	57558
      1	57566
      1	57588
      1	57622
     16	57688
      1	57711
      1	57740
      2	57759
      1	57777
      1	57779
      1	57780
      1	57812
      1	57836
      1	57842
      2	57868
      1	57870
      2	57871
      2	57904
      2	57922
      1	57981
      1	58051
      1	58069
      1	58118
      3	58119
      4	58155
      1	58168
      1	58176
      1	58207
      3	58222
      2	58227
      4	58235
      1	58240
      1	58299
      1	58335
      1	58385
      1	58406
      1	58414
      1	58466
      1	58471
      1	58482
      1	58488
      1	58492
      4	58527
      2	58545
      4	58586
      1	58647
      1	58653
      2	58678
      1	58703
      1	58716
      1	58750
      1	58778
      2	58780
      2	58792
      2	58797
      2	58800
      6	58832
      1	58899
      1	58934
      1	58960
      1	58999
      1	59011
      1	59107
      1	59157
      1	59195
      1	59230
      4	59241
      1	59278
      1	59304
      6	59443
      1	59509
      1	59517
      1	59527
      1	59536
      5	59550
     10	59571
      1	59578
      1	59685
      1	59723
      1	59727
      2	59728
      1	59739
      1	59756
      1	59827
      1	59834
      1	59858
      2	59862
      1	59923
      5	59935
      2	59960
      1	59987
      1	59995
      5	60058
      1	60076
      1	60095
      1	60149
      1	60152
      1	60155
      1	60232
      7	60256
      1	60273
      3	60287
      1	60291
      5	60344
     14	60357
      1	60378
      1	60399
      2	60421
     22	60457
      3	60482
      3	60501
      1	60599
      2	60727
      9	60732
      1	60738
      2	60744
      1	60757
      1	60799
      1	60862
      1	60890
      1	60910
      1	60914
      3	60943
      1	61066
     15	61074
      4	61077
      1	61125
      1	61129
      3	61140
      1	61141
      1	61147
      1	61220
      1	61230
      1	61249
      1	61322
      2	61330
      2	61340
      3	61349
      8	61402
     11	61424
      1	61431
      1	61528
      1	61570
      1	61599
      1	61648
      1	61668
      1	61755
      1	61764
      1	61772
      1	61798
      1	61816
      1	61948
      1	61979
      1	61989
      1	62005
      1	62036
      1	62040
      2	62063
      1	62082
      1	62099
      1	62105
      1	62183
      5	62189
      1	62232
      2	62261
      1	62267
      2	62288
      1	62312
      1	62320
      1	62396
      1	62400
      1	62427
      1	62435
      1	62485
      2	62488
      1	62495
      4	62534
      2	62608
      1	62616
      1	62651
      2	62659
      2	62673
      2	62680
      1	62728
      1	62731
      1	62820
      1	62865
      1	62867
      1	62907
      1	62913
      1	62928
      1	63073
      1	63130
      1	63143
      1	63178
      1	63180
      1	63251
      1	63321
      2	63363
      1	63409
      1	63410
      1	63450
      1	63457
    121	63471
      1	63480
      6	63509
      2	63528
      1	63530
      1	63565
      1	63579
      2	63606
      1	63641
      1	63661
      1	63670
      1	63702
      1	63710
      1	63722
      2	63780
      1	63850
      1	63995
      1	64009
      1	64120
     36	64123
      2	64156
      1	64170
      8	64266
      2	64286
      1	64287
      1	64307
      1	64328
      1	64384
      2	64456
      1	64481
      1	64513
      1	64517
      1	64556
      1	64592
      2	64598
      7	64637
      1	64662
      2	64679
      3	64687
      2	64738
      1	64743
      3	64746
      1	64757
      1	64764
      1	64782
      1	64808
      1	64821
      1	64851
      1	64862
      1	64950
      3	64951
      1	64975
      1	64997
      1	65005
      1	65087
      1	65088
      1	65125
      1	65129
      1	65138
      1	65140
      1	65244
      2	65273
      3	65340
      1	65375
      1	65411
      1	65413
      2	65453
      1	65469
      1	65493
      1	65522
