      1	11
     19	29
      2	37
      1	41
      1	45
      1	48
      1	52
      3	61
      1	68
      1	80
      1	82
      3	121
      2	130
      1	132
     11	151
      7	162
      1	172
      6	184
      2	185
      1	192
      1	197
      4	210
     16	216
      1	221
     12	247
      3	251
      1	297
      1	314
      1	332
      1	337
      3	354
      2	361
    110	366
      7	373
      1	410
      1	414
      2	421
      1	425
      2	453
      1	466
      4	473
      2	490
      1	492
      1	500
      1	515
      1	521
      4	536
      3	538
      1	542
      4	559
      1	562
      9	570
     90	582
      1	586
      1	590
      1	596
      1	598
      2	617
      3	619
      1	628
      1	631
      1	634
      1	640
      1	641
      1	647
      1	649
     14	680
      4	728
      3	738
      3	769
      1	770
      6	775
      2	777
      1	783
      1	812
      1	825
      1	829
      3	869
      1	881
      3	903
      2	905
      3	917
      1	925
      1	936
      1	949
      1	954
      1	982
      4	986
      1	987
      2	1041
      1	1055
      1	1066
      1	1092
      2	1101
      1	1102
      1	1106
      2	1113
      1	1126
      4	1142
      1	1155
      1	1198
      1	1199
      1	1200
      1	1208
      1	1220
      5	1279
      2	1289
      1	1317
      3	1332
      1	1334
     10	1362
      1	1376
      6	1394
      2	1432
      1	1446
      1	1449
      1	1479
      1	1482
      1	1489
      1	1494
      1	1497
      3	1501
      1	1511
      1	1522
      2	1532
      1	1537
      1	1544
      3	1552
      4	1564
      1	1568
      4	1584
      2	1613
      1	1616
      1	1656
    117	1676
      1	1680
      1	1684
      1	1688
     10	1702
      1	1708
      1	1711
      1	1717
      1	1721
      2	1723
      1	1746
     11	1769
      4	1776
     36	1777
      2	1799
     11	1801
      1	1809
      1	1818
      4	1844
      1	1857
      1	1866
      1	1893
      1	1897
      1	1913
      1	1918
     12	1921
      1	1935
      2	1960
      1	1986
      1	2000
      1	2002
      1	2028
      1	2034
      3	2064
      7	2069
      1	2072
      1	2081
     28	2085
      1	2086
      1	2110
      1	2117
      3	2122
      1	2126
      2	2135
     11	2144
      1	2155
      1	2164
      1	2167
      1	2172
      1	2223
      1	2251
      2	2271
      1	2289
      1	2290
      2	2303
      1	2349
      1	2350
      1	2371
     11	2392
      3	2393
      1	2395
      2	2426
      2	2428
     65	2477
      1	2503
      1	2505
      1	2519
      1	2520
      1	2523
      4	2575
      2	2576
      1	2613
      1	2659
      1	2684
      1	2693
      1	2695
      1	2701
      1	2702
      1	2730
      1	2733
      1	2743
      2	2752
      8	2774
      2	2782
      1	2790
      1	2798
      3	2800
      1	2824
      1	2832
      1	2833
      1	2851
      1	2863
      1	2864
      1	2872
      4	2877
      1	2889
      1	2899
      2	2906
      1	2919
      2	2924
      1	2946
      1	2969
      2	2980
      1	3009
     13	3015
     12	3041
     24	3062
      2	3063
     11	3072
      1	3082
      1	3095
      2	3116
      1	3123
      1	3131
      5	3140
      1	3144
      2	3156
      1	3158
      1	3227
      1	3241
      2	3243
      1	3274
      1	3277
      1	3283
      3	3299
      7	3328
      1	3345
      1	3351
      1	3354
      3	3366
      1	3368
      1	3369
      1	3405
      1	3462
      1	3528
      1	3547
      3	3549
      3	3552
      1	3565
     14	3582
      2	3587
      1	3604
      2	3606
      1	3623
     11	3632
      1	3636
      1	3649
      3	3651
      3	3680
      1	3690
      2	3707
      2	3709
      2	3742
      1	3745
      1	3761
      1	3780
      6	3782
      1	3825
      1	3827
      5	3843
      1	3885
     16	3904
      1	3909
      1	3915
      1	3965
      3	3966
      1	3967
      1	3978
      1	3994
      1	3995
      1	4009
     19	4023
      1	4036
      2	4043
      1	4046
      3	4060
      2	4065
      1	4070
      8	4071
      2	4090
      3	4097
      2	4139
      2	4155
      2	4253
      2	4270
      1	4278
      5	4297
      3	4306
      1	4314
      1	4332
      1	4343
      1	4347
      1	4368
      1	4375
      1	4403
      3	4422
      1	4430
      2	4438
      2	4440
      1	4450
      7	4452
      3	4491
     10	4498
      1	4499
      3	4531
      2	4540
      1	4577
      2	4579
      1	4593
      1	4601
      1	4660
      2	4662
      1	4663
      2	4664
      1	4669
      1	4688
      1	4748
      1	4759
      1	4760
      1	4763
      3	4826
      1	4842
      2	4872
     14	4891
      2	4913
      1	4932
      3	4954
      1	4969
     37	4973
      2	4984
      1	4987
      8	5012
      7	5018
      1	5030
      1	5066
      2	5072
      2	5087
      6	5096
      1	5111
      1	5139
      1	5143
      6	5160
      1	5176
      4	5218
      2	5226
      2	5239
      4	5286
      2	5287
      6	5299
      1	5311
      1	5313
      3	5392
      1	5415
      1	5459
      2	5475
      6	5476
      1	5477
      1	5488
      1	5536
      2	5555
      1	5582
      3	5590
      4	5594
      1	5597
      2	5602
      2	5615
      4	5640
     70	5663
      1	5680
      5	5682
      1	5686
      1	5706
     14	5723
      1	5724
      1	5792
      4	5798
      1	5820
      3	5845
      1	5852
      1	5861
      4	5867
      1	5880
      2	5900
     13	5905
      1	5910
      1	5927
      2	5951
      2	5952
      1	5973
      1	5974
      2	5995
      2	5998
      1	6013
      8	6015
      8	6030
      1	6061
      1	6062
      1	6099
      1	6101
      6	6128
      1	6146
      1	6147
      1	6170
      2	6178
      1	6182
      2	6203
      1	6216
      1	6219
      1	6220
      1	6226
      1	6229
      1	6235
      5	6240
      1	6248
     19	6250
      1	6259
      1	6291
      2	6316
      1	6325
      1	6331
      5	6332
      2	6360
      1	6382
      1	6390
      3	6410
      5	6436
      1	6438
      1	6479
     20	6490
      1	6491
      7	6497
     29	6501
      2	6513
      1	6517
      1	6543
      1	6556
      1	6559
      1	6564
      1	6572
      8	6579
      3	6583
      2	6585
      1	6599
      1	6627
      1	6634
      1	6646
      1	6673
      1	6685
      1	6709
      1	6718
      2	6737
      1	6750
      1	6778
      3	6782
      2	6799
      1	6805
      1	6806
      1	6876
      1	6891
      2	6900
      1	6911
      1	6926
      2	6941
      2	6944
      5	6970
      1	6987
      1	7036
      4	7039
      1	7041
      1	7057
      9	7058
      1	7069
      1	7074
      1	7075
      1	7085
      1	7102
      1	7109
      2	7141
      1	7142
      2	7150
      1	7164
     12	7172
      2	7191
      2	7193
      2	7196
      1	7198
      2	7200
      4	7203
      2	7214
      2	7219
      2	7229
      1	7247
      2	7303
      1	7308
      2	7359
      1	7365
      1	7368
      1	7372
      1	7380
      3	7381
      2	7386
      1	7391
      3	7398
      4	7401
      1	7407
      3	7426
      1	7451
      1	7455
      2	7465
      1	7518
      8	7569
      6	7592
      1	7601
      1	7651
      1	7652
      1	7657
      1	7706
      1	7714
      1	7746
      6	7748
     64	7821
      1	7830
      1	7842
      2	7850
      1	7858
      1	7877
      3	7895
      3	7950
      1	7958
      2	7970
      1	8034
      1	8058
      3	8060
      2	8080
      1	8107
      2	8118
      2	8172
      2	8173
      1	8185
      1	8191
      1	8210
      1	8225
      3	8230
      1	8231
      1	8233
      1	8239
      1	8249
      1	8257
      1	8258
     19	8262
      1	8277
      1	8315
      1	8321
      1	8324
      5	8336
      3	8352
     14	8358
      1	8362
      1	8364
      3	8389
      4	8394
      2	8404
      2	8405
      1	8442
      1	8452
      1	8474
      1	8492
      1	8501
      1	8514
      7	8515
      2	8521
      2	8542
      3	8543
      1	8550
      4	8577
      7	8619
      3	8666
      1	8675
      2	8677
      6	8692
      1	8742
      1	8748
      2	8760
      3	8768
      2	8775
      1	8779
      1	8790
      1	8824
      6	8900
      1	8902
      1	8951
      1	8983
      2	8984
      2	8985
      1	8987
      1	9008
      1	9009
      1	9016
      1	9027
      1	9035
      1	9049
      1	9060
      1	9063
      1	9067
      2	9069
      3	9082
      2	9085
      3	9106
      1	9125
     35	9132
      1	9143
      1	9179
      2	9182
     13	9191
      3	9200
      1	9201
      1	9203
     36	9211
      5	9219
      3	9224
      1	9284
      1	9303
      1	9307
      1	9309
      5	9316
      1	9324
      1	9326
      3	9356
      3	9358
      1	9367
      2	9400
      1	9418
      1	9421
      1	9437
      1	9454
      2	9460
      3	9468
      1	9486
      1	9491
      2	9498
      2	9499
      1	9535
     10	9536
      1	9541
      1	9542
      1	9597
      1	9626
      1	9643
      2	9669
      1	9682
      1	9706
     14	9714
      3	9721
     54	9739
      1	9744
      2	9775
      3	9780
      1	9816
      1	9891
      4	9893
     70	9902
      1	9911
      2	9913
      1	9914
     15	9975
      1	9991
      1	10002
      1	10014
      1	10017
      2	10026
      1	10048
      1	10080
      1	10099
      1	10100
      2	10107
      1	10109
      1	10118
      1	10121
      2	10127
      3	10130
      1	10159
      1	10162
      2	10170
      1	10180
      1	10181
      1	10207
      1	10219
      2	10236
      1	10275
      1	10280
     12	10294
      1	10302
      2	10310
      3	10338
      1	10352
      1	10354
      1	10355
      1	10360
      1	10363
      2	10391
      4	10400
      3	10436
      1	10454
      1	10460
      2	10543
      1	10553
      3	10555
      2	10569
      1	10574
      1	10591
     11	10597
      4	10606
      1	10607
      1	10642
      1	10664
      1	10691
      1	10694
      1	10701
      2	10709
      1	10710
      1	10716
      1	10724
      1	10794
      3	10808
      1	10818
      1	10886
      1	10904
      2	10913
      1	10942
      3	10949
      1	10950
      1	10957
      3	10963
      1	10967
      5	10975
      1	10980
      2	11007
      8	11032
      1	11048
      1	11069
      5	11084
      1	11098
      1	11103
      1	11127
      6	11130
      1	11142
      3	11143
      1	11145
      1	11163
      1	11181
      3	11182
      3	11201
     14	11206
      1	11210
     11	11214
      9	11215
     12	11216
      1	11234
      1	11249
      1	11257
      2	11274
      2	11285
      1	11301
      2	11325
      3	11360
     10	11361
      2	11363
      1	11380
      1	11402
      1	11473
      3	11502
      1	11506
      1	11524
     10	11532
      1	11533
      1	11535
      1	11539
     21	11540
     46	11548
     26	11590
      1	11592
      1	11598
      2	11604
      1	11619
     46	11626
      1	11634
      1	11666
      1	11672
      4	11673
      1	11681
      2	11694
      4	11704
      4	11718
      6	11725
      1	11726
      3	11733
      1	11739
     11	11764
      2	11783
      2	11784
      1	11795
      8	11817
      4	11831
      1	11846
      1	11847
      1	11874
      1	11876
      1	11893
      4	11895
      3	11901
      1	11921
      2	11938
      1	11981
      2	11987
      4	12009
      3	12026
      2	12029
      2	12049
      1	12121
     65	12233
      1	12243
      1	12280
      2	12281
      1	12288
      5	12290
      1	12313
      3	12328
    101	12335
      1	12341
      3	12350
      2	12367
      2	12377
      2	12389
      1	12391
      2	12402
      1	12457
      1	12461
      1	12466
      1	12467
      3	12493
      1	12497
      2	12561
      1	12562
      2	12563
      1	12566
     27	12568
      1	12572
      1	12583
      4	12608
      1	12615
      2	12618
      1	12623
      1	12629
      1	12631
      2	12638
      2	12665
      1	12674
      1	12675
      5	12684
      1	12731
      1	12735
      1	12750
      1	12762
      1	12767
      1	12784
      2	12798
      9	12800
      1	12812
      1	12814
      2	12826
      8	12853
      3	12854
      1	12869
      1	12905
      1	12925
      1	12942
      1	12943
      3	12952
      3	12998
      1	13012
      1	13016
      1	13033
      1	13047
      2	13057
      2	13079
      1	13080
      1	13100
      1	13108
      1	13115
      1	13145
      2	13165
      1	13187
      1	13215
      3	13229
      3	13232
      1	13252
      1	13291
      2	13349
      1	13361
      1	13368
      1	13383
      1	13390
      2	13450
      2	13469
      8	13470
      8	13477
      1	13481
      2	13509
     12	13552
      1	13558
      4	13563
      1	13569
      1	13602
      5	13610
      3	13615
      2	13623
      2	13629
      1	13672
      1	13695
      1	13703
      5	13712
      1	13713
      1	13724
      1	13732
      1	13772
      1	13777
      1	13788
      1	13820
      1	13827
      4	13833
      1	13838
      1	13866
      1	13905
      1	13932
     30	13967
      2	13976
     38	13990
      2	13991
      1	13992
      1	14019
      2	14021
      1	14031
      3	14035
      1	14039
      1	14048
      1	14083
      1	14128
      3	14137
      1	14143
      1	14162
      1	14167
      2	14177
      1	14180
     16	14185
      2	14200
      2	14227
      1	14261
      6	14265
      1	14274
      1	14287
      1	14290
      1	14302
      5	14306
      2	14316
      1	14322
      2	14343
      1	14351
      1	14352
      1	14418
      1	14433
      4	14456
      1	14461
      9	14467
      1	14472
      3	14492
      1	14494
      1	14501
      1	14503
      4	14504
      1	14519
      1	14565
      2	14581
      1	14590
      4	14611
      2	14625
      1	14642
      1	14643
      1	14648
      1	14663
      4	14669
      2	14697
      2	14699
      2	14703
      6	14736
      2	14746
      2	14760
      1	14767
      1	14768
      1	14802
      3	14811
      1	14841
     21	14856
      1	14865
     77	14876
      1	14925
      1	14945
      9	14968
      1	14987
      1	14994
      3	14998
     29	15014
      1	15051
      1	15072
      3	15087
      3	15093
      1	15111
      1	15125
      2	15160
      1	15163
      1	15194
      1	15210
      3	15222
      1	15225
      4	15245
      1	15270
      1	15271
      8	15295
      1	15339
      7	15350
      1	15353
      3	15375
      2	15386
      1	15423
      9	15431
      1	15440
      1	15442
      1	15468
      1	15530
      1	15534
      1	15546
      2	15550
      1	15561
      3	15572
      1	15574
      1	15596
      1	15618
      5	15697
      1	15702
      1	15711
      1	15712
      2	15725
      1	15767
      1	15773
      1	15784
      1	15789
      7	15790
      1	15794
      2	15800
      1	15816
      1	15837
      1	15881
      1	15895
      1	15927
      1	15969
      6	15970
      3	15984
      1	16009
     51	16013
      4	16025
      1	16042
    137	16043
      1	16064
      1	16065
      1	16070
      1	16105
      1	16114
      4	16137
      1	16153
      2	16189
     15	16202
      1	16226
      1	16242
      1	16266
      1	16275
     16	16283
      1	16291
      1	16302
      6	16349
      1	16352
      1	16411
      1	16414
      2	16447
      1	16448
      1	16455
      1	16470
     45	16485
      7	16489
      5	16494
      2	16495
      4	16497
      1	16519
      1	16538
      8	16545
      2	16587
      6	16620
      4	16639
      4	16652
      2	16662
      1	16673
      2	16675
      1	16684
      4	16705
      1	16711
      1	16713
      7	16735
      1	16736
      2	16747
      1	16749
      2	16752
      2	16793
      1	16804
      4	16810
      1	16916
      2	16920
      1	16927
      5	16942
      1	16976
      1	16997
      1	17003
      2	17019
      1	17040
      1	17090
      1	17096
      1	17108
      1	17125
      4	17144
      1	17145
      1	17157
      1	17172
      1	17176
      1	17203
      2	17213
      2	17220
      1	17225
      1	17242
     27	17244
      1	17252
      1	17293
      1	17297
      1	17377
      2	17383
      1	17418
      1	17424
     13	17437
      2	17472
      1	17475
      3	17489
      1	17509
      2	17512
      7	17516
     10	17534
      1	17536
      1	17567
      1	17591
      2	17617
      1	17625
      1	17640
     70	17659
      1	17662
      2	17731
      1	17735
      1	17759
      1	17771
      1	17772
      2	17805
      1	17825
     11	17827
     83	17834
      1	17843
      1	17845
      1	17846
     68	17884
      1	17886
      1	17927
      1	17929
      1	17951
      1	17959
      2	17975
      1	17977
      3	17989
      2	18005
      1	18010
      1	18014
      2	18015
      3	18018
      1	18056
      1	18071
      3	18083
     13	18088
      1	18092
      2	18095
      1	18105
      1	18112
      1	18116
      1	18145
      1	18151
      2	18177
      3	18182
      1	18192
      6	18211
      1	18278
      1	18287
      7	18290
      1	18294
      1	18315
      4	18345
      3	18348
      1	18350
      3	18354
      3	18372
      1	18376
      2	18392
      1	18412
      4	18418
      2	18421
      2	18424
      1	18447
      2	18482
      4	18490
      4	18498
      1	18505
      1	18511
      4	18516
      1	18521
      1	18546
      1	18553
      1	18560
      1	18571
      1	18589
      9	18590
      1	18616
      1	18618
      1	18633
      1	18641
      1	18643
      1	18653
      4	18660
      1	18668
      1	18677
      2	18686
      1	18690
      1	18708
      1	18723
      1	18753
      3	18770
      5	18772
      1	18784
     48	18794
      1	18827
      2	18853
      1	18857
      1	18886
      1	18902
      1	18923
      1	18924
      1	18970
      1	18992
      2	18997
      1	18999
      1	19022
      2	19030
      1	19078
      1	19113
     11	19149
      1	19151
      1	19161
      1	19213
      1	19216
      2	19240
      1	19244
      1	19265
      4	19289
      2	19294
      2	19346
      3	19347
      1	19356
      1	19362
      1	19377
      1	19407
      1	19413
     12	19418
      2	19438
      3	19447
      1	19448
     14	19477
      1	19481
    253	19503
      5	19510
      1	19512
      9	19515
      1	19518
      1	19525
      2	19547
      9	19562
      1	19578
      1	19579
      1	19580
      1	19593
     60	19606
      1	19614
      1	19624
      2	19685
      1	19698
      4	19720
      1	19732
      1	19816
      2	19827
      1	19837
     11	19878
      8	19879
      1	19882
      1	19895
      2	19896
      6	19909
      1	19922
      2	19935
      2	19976
      1	19994
      8	20026
      1	20064
      1	20075
      9	20088
      4	20104
      1	20108
      2	20114
      1	20141
      1	20145
      1	20162
      1	20169
      4	20173
      1	20186
      1	20203
      1	20209
      1	20218
      1	20260
      3	20283
      1	20291
      3	20292
      2	20302
      1	20303
      8	20312
      1	20320
      1	20354
      1	20389
      4	20394
      1	20421
     25	20445
      1	20458
      1	20460
      1	20471
      3	20480
     11	20489
      2	20497
      2	20499
      1	20515
      2	20542
      1	20550
     28	20574
      1	20580
      1	20589
      3	20600
      2	20605
     14	20609
     15	20611
      3	20637
      2	20661
      2	20667
      1	20672
      1	20683
      1	20696
      1	20697
      2	20726
      1	20756
      1	20768
      2	20770
      1	20791
      9	20813
      1	20827
      8	20841
      1	20893
      1	20928
      2	20984
      1	20997
      1	21040
      8	21044
      3	21052
      1	21060
      1	21061
      1	21083
      1	21089
      1	21114
      1	21133
      1	21143
     30	21179
      2	21180
      1	21203
      1	21204
      1	21218
      1	21248
      1	21249
     57	21264
      1	21304
      3	21334
      1	21361
      6	21422
      1	21431
      1	21453
      2	21459
      1	21490
      2	21530
      1	21532
     58	21541
      1	21600
      1	21623
      1	21625
      1	21633
     11	21645
      1	21665
      1	21666
      8	21686
      1	21703
      1	21711
      1	21715
      1	21718
      2	21719
      4	21735
      7	21738
      3	21764
      1	21775
      2	21779
      3	21784
      1	21786
     20	21788
      1	21798
      2	21805
      2	21826
      1	21830
      2	21863
      1	21911
      2	21912
      3	21915
      1	21929
      2	21930
      1	21990
      1	22007
     22	22010
      2	22046
     26	22059
      2	22074
      1	22075
      6	22077
      1	22104
      1	22115
      1	22141
      1	22144
      1	22148
      1	22182
      1	22191
      3	22193
      1	22196
      2	22208
      1	22217
      7	22218
      4	22224
      1	22227
      2	22229
      2	22230
      1	22259
      1	22278
      5	22295
      1	22327
      7	22336
      1	22374
      1	22381
      2	22392
      3	22404
      4	22417
      1	22432
      1	22447
      2	22448
      4	22451
      1	22457
      1	22461
      5	22463
      2	22482
      1	22483
      1	22491
      2	22523
      4	22540
      1	22543
      5	22547
      1	22585
      1	22632
      1	22645
      1	22682
      1	22686
      2	22701
      1	22713
      1	22739
      2	22756
      1	22757
      2	22767
      2	22775
      1	22786
      1	22811
      2	22813
      1	22888
      4	22898
      1	22902
      2	22915
      1	22928
      1	22970
      1	22985
     10	22987
      1	23013
      2	23023
      4	23040
      1	23041
      1	23088
      2	23091
      1	23137
      1	23139
      3	23143
      1	23155
      1	23161
      1	23177
      2	23193
      1	23219
      1	23221
      1	23223
     11	23233
      1	23247
      6	23356
      2	23363
      6	23374
      2	23378
      3	23389
      1	23396
      6	23427
      1	23429
      1	23435
      1	23436
      1	23448
      2	23473
      1	23526
      7	23541
      1	23545
      3	23566
      1	23577
      1	23583
      1	23607
      1	23625
      1	23648
      1	23683
      1	23697
      1	23702
      1	23736
      1	23766
      2	23777
      1	23780
      1	23782
      2	23801
      1	23805
      1	23843
      2	23844
      2	23854
      7	23861
      1	23864
      1	23907
      8	23911
      1	23921
      3	23923
      1	23924
      1	23932
      1	23936
     24	23951
      2	23956
      4	23959
      7	23968
      1	23993
      1	23999
      6	24001
      3	24017
      1	24020
      1	24033
      1	24049
      1	24079
      2	24090
      1	24102
      1	24109
      1	24117
      1	24136
      3	24149
      1	24159
      1	24170
      1	24207
      2	24209
      2	24211
      1	24226
      1	24240
      7	24248
      3	24258
      2	24286
      1	24334
      1	24356
      1	24362
      1	24369
      3	24370
      1	24376
      1	24381
      1	24394
      1	24438
      1	24452
      1	24482
      1	24493
      3	24499
      1	24500
      1	24505
      1	24510
     28	24512
      1	24523
      1	24557
      1	24584
      2	24603
      1	24610
      3	24620
      1	24640
      1	24656
      6	24660
      4	24665
      1	24667
      2	24708
      2	24733
      1	24755
      1	24756
      1	24759
      1	24773
      3	24785
      1	24816
      1	24818
      2	24827
      2	24842
      3	24868
      1	24924
      1	24936
      5	24951
      1	24954
      1	24956
      3	25013
      3	25014
      2	25020
      2	25052
      1	25083
      1	25087
      2	25088
      2	25091
      1	25099
      1	25138
      1	25141
      1	25163
      2	25168
      1	25172
      7	25194
      1	25198
      2	25209
      1	25242
      1	25269
     10	25274
      2	25286
      1	25308
      1	25346
      1	25359
      3	25385
      5	25418
      1	25419
      1	25420
      1	25435
      1	25475
      1	25522
      1	25523
      9	25538
      1	25552
      1	25556
      1	25633
      1	25640
      1	25645
      2	25659
      1	25663
      2	25740
      1	25779
      1	25780
      2	25781
      1	25792
      2	25803
      2	25809
      1	25813
      2	25816
      4	25843
     27	25844
      1	25845
      1	25851
      1	25881
      1	25909
      1	25925
      2	25928
      2	25941
      6	25960
      1	25978
      3	25988
      1	26000
      1	26009
      2	26010
      1	26026
      1	26052
      1	26062
     14	26063
      2	26073
      5	26084
      3	26091
      1	26108
      2	26135
      2	26137
      1	26143
      2	26162
      1	26164
      1	26181
      1	26190
      1	26202
      6	26226
      2	26229
      1	26280
      1	26287
      2	26323
      2	26327
      2	26333
      1	26353
      1	26359
      1	26363
      2	26411
      1	26425
      1	26435
      1	26477
      1	26515
      1	26556
      1	26559
      1	26564
      8	26599
      1	26601
      2	26620
      1	26622
      1	26633
      1	26639
      3	26646
      1	26660
     10	26666
      1	26677
      2	26678
      1	26679
      1	26701
      1	26712
      1	26714
      2	26731
      4	26732
      2	26754
      1	26756
      2	26769
      1	26783
      2	26832
      1	26834
     26	26872
      1	26885
      5	26903
      2	26918
      1	26921
      1	26924
      1	26928
      1	26934
      1	26940
      1	26973
      1	26974
      1	26975
      1	26990
      1	26992
     25	26994
      1	27030
      2	27037
      1	27047
      1	27052
      6	27053
      2	27054
      1	27073
      1	27117
      7	27138
      1	27140
     19	27143
     10	27161
      7	27170
      1	27172
      3	27174
      1	27194
      3	27197
      2	27219
      5	27227
      1	27243
      2	27249
      1	27250
      2	27286
      1	27292
      3	27297
     57	27308
      1	27315
      1	27319
      3	27332
      6	27335
      1	27350
      2	27354
      1	27413
      1	27418
      1	27431
      1	27447
      1	27449
      2	27452
     42	27466
      1	27532
      3	27550
      4	27579
      1	27581
      2	27597
      3	27628
     11	27645
      2	27672
      2	27690
      1	27716
      5	27717
      1	27779
      1	27787
      1	27810
      6	27823
      1	27836
      1	27844
      1	27856
      2	27876
      1	27880
      1	27882
      8	27883
      2	27905
      2	27914
     11	27933
      1	27937
      2	27939
      1	27944
      1	27956
      1	27972
      2	28012
      1	28015
     20	28054
      2	28060
      1	28066
      6	28071
      1	28089
      2	28090
      1	28116
      1	28127
      2	28161
      2	28167
      1	28180
      9	28182
      3	28184
      1	28248
      5	28249
      1	28257
      2	28331
      2	28351
      3	28354
      1	28361
      1	28391
      2	28427
      1	28430
      2	28482
      1	28495
      2	28506
      2	28536
      1	28542
      9	28546
      2	28550
      1	28560
      2	28562
      1	28572
      2	28590
      4	28618
      1	28621
      1	28643
      1	28702
      1	28716
      3	28740
      2	28771
      1	28778
      7	28802
      1	28835
      2	28850
      2	28894
      1	28907
      3	28960
      1	28981
      1	28982
      3	29015
      1	29018
      2	29019
      1	29025
      2	29032
      1	29035
      1	29041
      3	29042
      5	29061
      1	29072
      1	29113
      2	29130
      3	29137
      1	29138
      1	29158
      4	29161
      1	29182
      1	29199
      1	29202
      2	29208
      1	29287
      1	29294
      1	29299
      2	29311
      1	29323
      1	29333
      5	29339
      2	29341
      1	29392
      2	29403
      3	29408
      1	29412
      2	29425
      1	29438
      3	29445
      2	29451
      2	29477
      1	29507
      1	29522
      2	29529
      1	29539
      1	29551
      1	29563
      1	29578
      1	29598
      1	29615
      1	29617
      1	29626
      2	29628
      1	29632
      3	29657
      1	29707
      1	29708
      1	29723
      1	29730
      2	29736
      7	29745
      4	29749
      3	29761
      1	29766
      1	29768
      1	29772
      1	29774
      1	29780
      1	29781
      1	29796
      1	29797
      2	29821
      1	29826
      1	29828
      1	29841
      5	29865
      5	29880
      1	29895
      1	29904
      4	29945
      3	29960
      2	29984
     10	29985
      1	30005
      5	30007
      2	30017
      2	30038
      2	30092
      1	30094
      1	30198
      3	30223
      1	30246
      1	30262
      1	30265
      4	30302
      1	30303
      1	30305
      2	30314
      5	30317
      1	30319
      2	30327
      1	30356
      3	30360
      1	30383
      1	30435
      2	30444
      8	30474
      1	30493
      1	30537
      1	30541
      1	30542
      1	30543
      1	30550
      1	30556
      4	30557
      9	30567
      1	30569
      1	30590
      1	30592
      1	30600
      1	30611
      2	30613
      7	30615
      1	30644
      1	30669
      3	30677
      1	30708
      2	30712
      1	30720
      1	30772
      1	30773
      1	30784
      1	30788
      1	30810
      2	30812
     16	30815
      1	30824
      1	30880
      4	30881
      1	30932
      1	30949
      1	30974
      2	30983
      1	30992
      1	30994
      4	30999
      1	31031
      2	31037
      2	31056
      1	31067
      1	31088
      1	31091
      1	31121
      1	31133
      1	31147
      1	31148
     50	31192
      1	31193
      1	31194
      1	31230
      6	31243
      1	31257
      4	31294
      1	31311
      1	31319
      1	31320
     28	31342
      1	31391
      3	31397
      4	31406
      1	31409
      3	31416
      2	31443
      2	31446
      1	31453
      1	31455
      2	31458
      2	31461
      1	31487
      1	31495
     10	31513
      2	31517
      3	31535
      2	31555
      1	31573
      1	31608
      1	31651
      5	31656
      1	31717
      5	31719
      1	31727
      2	31742
      8	31744
      2	31771
      3	31791
      1	31807
      3	31821
      1	31832
      2	31855
     20	31856
      3	31867
      3	31880
      1	31896
      5	31897
      2	31919
      1	31922
     13	31938
      1	31941
      2	31953
      1	31963
      2	31970
      6	31974
      2	31985
      1	31997
      1	32048
      1	32055
      3	32075
      1	32084
      1	32091
      2	32106
      2	32134
      7	32145
      2	32153
      1	32160
      1	32168
      1	32169
      1	32181
      2	32188
      2	32198
      1	32231
      2	32232
     15	32244
     10	32278
      1	32296
      2	32344
      1	32349
      1	32355
      1	32360
      1	32382
      1	32387
      2	32392
      1	32394
      6	32399
      3	32415
      2	32420
      3	32439
      6	32467
      1	32470
      1	32471
      1	32487
     77	32497
     19	32499
      1	32527
      3	32540
      2	32541
      1	32553
      1	32599
     16	32619
      1	32628
      1	32630
      1	32632
      1	32654
      1	32668
      1	32675
      3	32681
      2	32684
      1	32697
      1	32710
      1	32724
      1	32737
      2	32760
      1	32793
      1	32802
      4	32829
      4	32844
      1	32851
      3	32863
      2	32875
      2	32892
      2	32911
      1	32914
      2	32929
      1	32969
      1	32991
      4	33002
      1	33015
      2	33029
      1	33032
      2	33043
      1	33061
      1	33118
      1	33144
      1	33185
      1	33203
     36	33228
      3	33239
      1	33242
      1	33260
      1	33265
      1	33277
      1	33308
      2	33313
      1	33325
      1	33342
      2	33344
      3	33354
      3	33366
      1	33374
      1	33391
      1	33406
      1	33442
      4	33443
      1	33454
      4	33490
      1	33549
      1	33559
      1	33562
      2	33563
      1	33588
      1	33613
      1	33640
     24	33660
      3	33674
      1	33697
      1	33700
      3	33703
      1	33708
      1	33717
      1	33719
      2	33724
      1	33730
      1	33735
      2	33759
      1	33762
      4	33797
      3	33799
      1	33801
      1	33809
      1	33829
      2	33843
      4	33877
      1	33878
      1	33879
      5	33881
      1	33894
      1	33897
      1	33901
      1	33911
      7	33916
      1	33922
      1	33942
      7	33968
      2	33971
      1	33992
      1	33995
      1	34003
      1	34031
      1	34038
      3	34045
      5	34047
      1	34066
      1	34067
      9	34133
     12	34166
      1	34194
      1	34207
     15	34212
      1	34224
      2	34234
      1	34262
      2	34285
      2	34315
     20	34341
      2	34362
      1	34372
      1	34375
      3	34397
      2	34450
      1	34462
      1	34484
      1	34541
     45	34550
      1	34555
      1	34565
      1	34569
      1	34579
      2	34585
      1	34586
      2	34592
      1	34593
      1	34595
      1	34596
      2	34608
      2	34610
      6	34617
      1	34631
      1	34638
      3	34640
      1	34657
      1	34658
      2	34675
      2	34687
      1	34695
      1	34697
     13	34708
      1	34735
      4	34737
      1	34782
      1	34819
      2	34822
      3	34841
      1	34845
      1	34864
      1	34884
      1	34891
      1	34916
      1	34930
      1	34933
      1	34957
      1	35000
      1	35012
      1	35042
      1	35054
      1	35071
      1	35123
      1	35145
      1	35146
      1	35157
      1	35163
      1	35170
      1	35187
      1	35188
      1	35197
      1	35223
      1	35260
      1	35271
     16	35297
      2	35306
      2	35313
      4	35333
      2	35336
      1	35337
      1	35338
      1	35340
     19	35350
      1	35359
      4	35375
      1	35383
      2	35387
      5	35440
     17	35448
      1	35457
      1	35479
      2	35485
     23	35550
      1	35576
      1	35586
      3	35588
      1	35629
     58	35672
      1	35684
      1	35699
     14	35708
      1	35717
      1	35728
      1	35731
      2	35735
      1	35743
      1	35745
      2	35748
      1	35782
      1	35809
      1	35824
      1	35827
      1	35834
      1	35852
      1	35887
      1	35900
      1	35908
      1	35926
      1	35942
      1	35967
      1	35978
      7	35995
      1	36019
      2	36020
      2	36050
      1	36052
      1	36069
      2	36084
      1	36112
      2	36114
      2	36118
      1	36164
      1	36171
      2	36175
      2	36200
      1	36202
      1	36209
      8	36210
      1	36228
      2	36260
      1	36297
      4	36332
      1	36333
      1	36360
      1	36380
      4	36381
      1	36395
      1	36423
      2	36432
      1	36435
      1	36441
      1	36443
      1	36445
      1	36463
      8	36464
      1	36475
      1	36478
      1	36493
      1	36501
      4	36505
      1	36539
      1	36566
      5	36567
      4	36616
      3	36622
      1	36636
      1	36637
      1	36658
      1	36665
      1	36674
      1	36676
      1	36678
      1	36690
      1	36714
      7	36743
      1	36746
      1	36775
      1	36788
      1	36809
      1	36813
      1	36815
      1	36836
      1	36862
      1	36876
      1	36886
      1	36887
      1	36913
     14	36941
      4	36981
      1	36982
      1	36986
      1	36996
      2	37001
     22	37006
      1	37018
      1	37072
      3	37081
      1	37087
      1	37090
      1	37110
      1	37124
      1	37139
      2	37146
      2	37158
      5	37165
      1	37197
      1	37281
      3	37284
      1	37289
      2	37298
      2	37302
      1	37304
      7	37311
      1	37322
      1	37324
      2	37332
      1	37367
      1	37383
      1	37403
      1	37465
      1	37467
      1	37481
      2	37486
      1	37544
      1	37640
      1	37653
      1	37655
      1	37699
      1	37709
      1	37731
      7	37741
      1	37768
      1	37772
      1	37782
      2	37791
      1	37803
      1	37808
      2	37830
      1	37835
      2	37869
      3	37912
      1	37916
      2	37927
      1	37930
      1	37940
      1	37942
      1	37950
      1	37967
      1	37975
      4	37981
      1	38005
      1	38014
      2	38029
      1	38055
      3	38056
      6	38061
      1	38064
      2	38085
      1	38100
      3	38160
      1	38163
      1	38177
      1	38193
      1	38194
      1	38221
      2	38234
      1	38265
      2	38280
      2	38287
      1	38288
      3	38301
      2	38343
      1	38364
      3	38365
      3	38368
      1	38369
      1	38375
      5	38382
      1	38396
      6	38398
      1	38402
      1	38412
      1	38421
      3	38424
      1	38434
      1	38439
      2	38442
      5	38449
      2	38480
      1	38496
      1	38537
      2	38544
      1	38550
      1	38558
      1	38581
      1	38609
      2	38611
      2	38659
      1	38677
      1	38713
     40	38720
      1	38747
      1	38748
      3	38756
      1	38769
      8	38789
      3	38800
      2	38806
      1	38813
      1	38815
      1	38838
      1	38861
      1	38938
      1	38942
      1	38944
      1	38957
      1	38965
      1	38979
      3	38984
      2	39008
      1	39012
      1	39030
      1	39040
      1	39051
      1	39069
      1	39091
      1	39121
      2	39127
      1	39132
      2	39180
      1	39211
      1	39216
      1	39265
      1	39275
      2	39279
      1	39292
      2	39295
      1	39297
      3	39307
      6	39318
     18	39322
      3	39325
      2	39334
      3	39341
      1	39342
      1	39348
      1	39387
      1	39394
      1	39432
      1	39439
      4	39490
      1	39526
      1	39577
      1	39601
      1	39631
      1	39632
      2	39704
      1	39706
      1	39714
      1	39716
      1	39737
      1	39739
      2	39777
      2	39788
      3	39790
      1	39807
      4	39816
      2	39828
      1	39848
      1	39851
      1	39868
      2	39877
      1	39880
     12	39892
      2	39908
      1	39917
      1	39948
      1	39970
      1	39979
      2	39981
      1	40011
      1	40012
      1	40031
      4	40053
      1	40058
     11	40069
      1	40075
     16	40076
      1	40079
      1	40101
     22	40123
      3	40152
      3	40165
      1	40170
      1	40211
      1	40221
      1	40223
      3	40259
      4	40264
      1	40268
      1	40269
      1	40282
      5	40301
      5	40304
      1	40343
      1	40357
      5	40360
      3	40377
      2	40396
      4	40406
      1	40407
      1	40438
      1	40444
      2	40448
      1	40450
      1	40488
      2	40490
      1	40496
      2	40513
      1	40519
      1	40541
      2	40555
      4	40591
      2	40593
      1	40599
      1	40603
     63	40607
      1	40614
      1	40619
      2	40640
      1	40652
      1	40694
      2	40703
      1	40730
      1	40765
      1	40779
      3	40785
      2	40796
      4	40814
      2	40819
      1	40822
      1	40827
      1	40837
      1	40841
      4	40844
      1	40845
      1	40867
      1	40910
      3	40921
      5	40929
      1	40948
      1	40951
      1	40956
      2	40977
      1	41027
      1	41044
      1	41047
      1	41048
      1	41056
      6	41062
      4	41063
      1	41076
      1	41152
      8	41197
      2	41198
      4	41206
      3	41266
      1	41295
      1	41296
      1	41298
      1	41300
      5	41301
      1	41316
      1	41321
      2	41355
      2	41362
      2	41414
      1	41421
      2	41442
      1	41462
      1	41466
      2	41489
      1	41496
      1	41534
      1	41540
      2	41549
      2	41554
      1	41577
      1	41589
      8	41603
      1	41657
      1	41664
      2	41666
      7	41669
     21	41678
      1	41771
      1	41777
      1	41782
      2	41836
      3	41848
      1	41866
      2	41873
      9	41883
     52	41891
      1	41904
      1	41911
     45	41969
      3	41975
      2	41983
     42	41987
      4	42010
      9	42020
      6	42023
      1	42025
      1	42040
      1	42041
      2	42051
      1	42075
      1	42134
      2	42157
      1	42187
      4	42188
      1	42190
      5	42193
      1	42200
     27	42208
      1	42214
      1	42221
      8	42232
      1	42248
      1	42282
      1	42283
      1	42305
     78	42308
     29	42311
      2	42326
      1	42344
      2	42349
      1	42355
      9	42363
      1	42367
     12	42385
      4	42406
     15	42431
      1	42433
      2	42437
      1	42438
      1	42459
      1	42500
      1	42521
      1	42532
      5	42544
      1	42569
      2	42575
      3	42633
      1	42642
      1	42646
      2	42657
      1	42672
      1	42680
      1	42706
      2	42711
      2	42725
      1	42741
      1	42743
      5	42774
      2	42781
      1	42798
      2	42810
      2	42816
      1	42817
      4	42843
      1	42844
      1	42861
      1	42892
      2	42895
      1	42906
      2	42929
      1	42944
      1	42966
      1	42969
      1	42970
      1	42971
      5	42975
      1	42981
      1	43034
      1	43037
      1	43061
      2	43065
      5	43068
      2	43080
      1	43081
      1	43085
      2	43093
      1	43112
      2	43121
      1	43145
      1	43179
      1	43214
      1	43221
      1	43222
      1	43248
      2	43258
      2	43272
     12	43289
      3	43290
      3	43294
      8	43297
      1	43301
      2	43302
      2	43315
     28	43319
      7	43338
      1	43392
      4	43403
     14	43420
      2	43426
      1	43452
      1	43453
     25	43455
      1	43465
      1	43478
      1	43503
      1	43513
      1	43518
      3	43531
      2	43550
      1	43555
      3	43558
      1	43560
      7	43562
     40	43563
      1	43566
      1	43579
     78	43619
     11	43647
      3	43671
      2	43683
      1	43685
      1	43693
      1	43717
      1	43734
      1	43760
      1	43761
      2	43801
      2	43811
      1	43830
      1	43835
    241	43854
      1	43877
      5	43890
      1	43926
      1	43952
      5	43977
      4	43978
      2	43987
      1	44022
      2	44024
      1	44049
      2	44065
      1	44104
      1	44105
      2	44112
      1	44123
      2	44154
      1	44163
      1	44214
      1	44215
      1	44218
      2	44221
      2	44241
      1	44247
      7	44319
      1	44324
      1	44346
      2	44372
      1	44394
      1	44401
      2	44428
      4	44439
      2	44445
      1	44461
      2	44479
     10	44488
      2	44498
      1	44507
      1	44508
      1	44526
      1	44528
      1	44572
      3	44583
      1	44599
      2	44602
      1	44624
      1	44628
     41	44642
      6	44674
      1	44700
      1	44703
      1	44710
      1	44750
      2	44787
      1	44793
      1	44838
     12	44848
      2	44856
      1	44858
      1	44862
      1	44886
      1	44911
      1	44912
      4	44919
      1	44932
      1	44991
      7	44993
      2	45000
      1	45011
      1	45015
      2	45022
      1	45048
      1	45061
      2	45062
      1	45067
      1	45092
      3	45101
      1	45127
      1	45152
      2	45160
      1	45210
      3	45262
      1	45263
      1	45269
      1	45271
      1	45318
      1	45320
      1	45332
      1	45337
      1	45364
      2	45365
      1	45368
      4	45372
      1	45382
     34	45410
      1	45415
      1	45418
      1	45425
      2	45466
      1	45471
      1	45475
      1	45486
      1	45507
      1	45514
      1	45523
      1	45526
      1	45556
      1	45558
      2	45577
      1	45586
      1	45587
      3	45593
      1	45607
      1	45610
      1	45693
      3	45697
      2	45711
      2	45718
      6	45737
      1	45742
      2	45778
      1	45797
      1	45818
      1	45836
      1	45847
      1	45888
      1	45893
      1	45955
     10	45975
      1	45986
      2	45990
      1	46008
      1	46016
      2	46025
      1	46036
      1	46046
      1	46062
      1	46065
      1	46076
      3	46083
      1	46087
      7	46100
      7	46105
      1	46152
      1	46171
      2	46177
      1	46187
      2	46232
      1	46263
      2	46285
      2	46300
      2	46314
      6	46335
      1	46354
      1	46388
      1	46402
      1	46417
      1	46421
      1	46472
     23	46483
      1	46499
      1	46513
      4	46517
      1	46520
      1	46540
      1	46557
      1	46589
      2	46607
      1	46639
      1	46649
      1	46692
      7	46697
      5	46703
      1	46711
      2	46723
      1	46734
      1	46750
      3	46755
      1	46765
      1	46772
      2	46847
      2	46850
      1	46865
      1	46872
      2	46896
      2	46901
      2	46904
      1	46914
      4	46921
      1	46931
      1	46999
      3	47002
      1	47004
      6	47019
      2	47055
      1	47084
      2	47104
      1	47107
      1	47109
      1	47121
      1	47123
      1	47129
     10	47155
      6	47178
      1	47185
      1	47206
      1	47212
      2	47223
      2	47237
      2	47312
      1	47336
      2	47339
      1	47351
      2	47377
      4	47382
      4	47390
      2	47396
      4	47407
      2	47408
      7	47417
      1	47424
      2	47443
      5	47462
      1	47464
      2	47471
      1	47475
      5	47478
      1	47486
      7	47506
      1	47519
      5	47537
     33	47583
      2	47593
      3	47609
      1	47612
      1	47638
      4	47639
      1	47640
      1	47678
      1	47696
      1	47715
      1	47717
      2	47725
      1	47737
      1	47756
      1	47757
      1	47766
      1	47784
      4	47786
      1	47792
      1	47818
      1	47851
      3	47862
      1	47879
      1	47882
      2	47892
      1	47903
      2	47922
      1	47928
      1	47935
      2	47999
      1	48006
      1	48012
      2	48029
      1	48032
      1	48052
      2	48065
      1	48079
      2	48082
      1	48086
      1	48112
      1	48136
      3	48167
      1	48173
      1	48174
      2	48175
      1	48234
      1	48241
     43	48255
      1	48264
      2	48303
      1	48320
      1	48330
      2	48345
      1	48360
      1	48366
      1	48387
      9	48407
      1	48412
      3	48434
      1	48437
      1	48440
      1	48461
      1	48466
     10	48479
      1	48497
      1	48502
      4	48517
      1	48538
      1	48567
      1	48578
      1	48592
      1	48604
      1	48655
     28	48665
      2	48685
      3	48690
      1	48719
      1	48720
     13	48725
      2	48740
      2	48746
      4	48760
      2	48771
      1	48787
      1	48808
      1	48810
      1	48834
      1	48850
     19	48855
      2	48906
      2	48914
      1	48920
      4	48928
     20	48934
      3	48950
      1	48974
      1	48996
     15	49002
      1	49010
      1	49015
      2	49041
      1	49042
      3	49069
      1	49076
      4	49101
      2	49113
      1	49114
      1	49120
      1	49173
      2	49180
     23	49181
      1	49185
      2	49203
      1	49247
      1	49267
      1	49275
      1	49295
      1	49308
      7	49316
      1	49324
      1	49337
      1	49358
      3	49371
      2	49385
      1	49423
      1	49442
      4	49458
      5	49487
      2	49493
      2	49545
      7	49565
      1	49566
      1	49570
      3	49578
      3	49598
      2	49607
      1	49627
      8	49630
     15	49636
      3	49657
      2	49662
      1	49676
      1	49693
      1	49699
      1	49732
      2	49734
      1	49765
      1	49771
      1	49792
      4	49808
      2	49819
      1	49833
      1	49848
      4	49860
      5	49874
      1	49884
      1	49927
      1	49947
      2	49966
      1	49974
      2	50018
      1	50027
      1	50088
      1	50101
      2	50132
      2	50157
      2	50158
      2	50163
      1	50179
      1	50184
      5	50186
      1	50190
     22	50195
      1	50213
      3	50216
      1	50269
      1	50280
      1	50312
      1	50326
      1	50334
      1	50348
      1	50362
      3	50373
      1	50387
      1	50389
      1	50415
      1	50425
      1	50440
      2	50464
      2	50472
      1	50481
      8	50498
      1	50524
      4	50537
      1	50553
      2	50564
      2	50590
      1	50607
      2	50659
      1	50675
      6	50680
      5	50681
      1	50707
      1	50708
      3	50711
      1	50715
      1	50738
      1	50777
      2	50784
      1	50786
      4	50794
      2	50816
      1	50829
      1	50836
      3	50848
      1	50869
      2	50876
      1	50910
      5	50916
      2	50920
     73	50929
      1	50940
      1	50945
      1	50967
      1	50992
      1	51035
      2	51042
     12	51043
      6	51059
      1	51081
      1	51085
      2	51127
      1	51141
     31	51148
      2	51159
      2	51164
      2	51165
      3	51167
      4	51168
      1	51183
     10	51192
      1	51206
      2	51250
      5	51258
      1	51260
      1	51289
      1	51346
      1	51394
      2	51423
      1	51433
      3	51463
      1	51475
      1	51483
      1	51511
      2	51532
      1	51543
      1	51547
      4	51549
      1	51552
      5	51576
      4	51577
      1	51582
      1	51593
      1	51601
      2	51645
      1	51673
      7	51681
      2	51684
      2	51709
      1	51712
      1	51719
      3	51771
      4	51818
      2	51824
      1	51844
      1	51854
      2	51887
      1	51888
      2	51902
      1	51917
      1	51932
      2	51959
      1	51960
      6	51969
      1	51982
      1	52003
      1	52023
      3	52066
      2	52073
      1	52082
      1	52083
      2	52093
      4	52112
      1	52121
      1	52123
      1	52131
      1	52144
      1	52147
      1	52153
      1	52154
      2	52161
      1	52169
      1	52171
      1	52176
      2	52181
     36	52183
      2	52189
      1	52210
      1	52286
      1	52323
      1	52364
      2	52370
      1	52414
      1	52420
      6	52424
      4	52459
     19	52465
      2	52489
      3	52493
      1	52497
      1	52510
      1	52531
      1	52559
      1	52564
      1	52575
      1	52595
      2	52600
      2	52603
      1	52606
      1	52638
      1	52639
      1	52641
      1	52645
      1	52649
      4	52668
      1	52683
      1	52688
      1	52736
      1	52740
      4	52743
      2	52758
     87	52767
      1	52778
      1	52791
      1	52798
      4	52801
      1	52810
      4	52855
      1	52896
      6	52941
      2	52953
      3	52963
     24	52984
      1	52987
      1	53037
      2	53060
      4	53066
      1	53088
      1	53093
      3	53105
      2	53111
      8	53147
      1	53167
      1	53172
      1	53202
      2	53243
      1	53253
      1	53275
      2	53283
      2	53288
      1	53289
      2	53319
      1	53329
      1	53338
      2	53344
      2	53354
      2	53363
      1	53375
      1	53382
      3	53384
      1	53386
      1	53392
      1	53423
      1	53425
      1	53427
      1	53451
      1	53473
      1	53482
      1	53521
      5	53535
      2	53566
      1	53574
      1	53578
      1	53584
      1	53604
      2	53624
      1	53630
      3	53648
      1	53656
      2	53676
      1	53707
      1	53708
     28	53740
     19	53747
      1	53755
      3	53757
      1	53776
      1	53830
      1	53846
      1	53864
      2	53892
      2	53918
      5	53920
      3	53925
      1	53934
      2	53947
      6	53950
      4	53955
      6	54028
      1	54052
      1	54074
      3	54075
      2	54089
      1	54091
      3	54102
      9	54129
      1	54138
      1	54146
      3	54150
      1	54161
      1	54167
      2	54179
      1	54186
      5	54194
      1	54198
      1	54203
      1	54207
      1	54208
      2	54209
      1	54220
      1	54222
      1	54224
      1	54235
      1	54251
      1	54272
      1	54293
      1	54345
      3	54346
      1	54357
      2	54395
      1	54415
      5	54426
      1	54433
      3	54436
      1	54446
      4	54456
      1	54463
      7	54472
      1	54491
      4	54507
      1	54511
      1	54530
      1	54554
      2	54562
      7	54572
      2	54598
      1	54603
      3	54604
      1	54606
      1	54607
      1	54619
      1	54626
      4	54627
      1	54629
      1	54635
      1	54646
      1	54662
      1	54686
      1	54698
      1	54705
      8	54750
      1	54784
      1	54791
     22	54797
      1	54813
      4	54817
      1	54823
      1	54877
      7	54884
      1	54893
      2	54910
      2	54950
      3	54966
      1	54981
      4	55004
      1	55033
     28	55046
      1	55079
      1	55087
      1	55099
      2	55132
      1	55143
      1	55188
      1	55207
     11	55216
      2	55217
      5	55222
      1	55234
      1	55238
      1	55248
      2	55257
      5	55264
      2	55268
      1	55282
      1	55309
      1	55311
      1	55312
      4	55321
      1	55329
      2	55336
      2	55345
      2	55352
      3	55372
      1	55392
      2	55396
      6	55418
      1	55422
     10	55425
      1	55441
      1	55444
      1	55446
      1	55457
      3	55460
      2	55462
      1	55475
      1	55496
      1	55500
      1	55514
      2	55531
      2	55575
      1	55591
      1	55598
      1	55614
      1	55633
      3	55639
      1	55660
      1	55676
      1	55683
      2	55701
      1	55705
     12	55710
      1	55712
      2	55720
      2	55756
      8	55780
      1	55818
      3	55839
      1	55849
     13	55858
      1	55865
      1	55885
      1	55886
      1	55899
      2	55908
      1	55909
      1	55910
      1	55914
      1	55919
      2	55942
      1	55958
      1	55967
      1	55993
      1	55999
      7	56007
      1	56020
      1	56047
      1	56062
      1	56064
      1	56105
      7	56119
      2	56137
      8	56148
      1	56151
      2	56154
      1	56158
      2	56177
      1	56185
      1	56187
      1	56254
      1	56261
      1	56272
      1	56273
      1	56287
      7	56288
      1	56298
      2	56316
      3	56326
      1	56353
      1	56394
      1	56396
      1	56407
      1	56410
      1	56427
     98	56434
      2	56469
      1	56472
      2	56477
      1	56485
      4	56533
      1	56548
      1	56608
      1	56644
      1	56646
      2	56679
      3	56682
      1	56691
      2	56693
      1	56697
      1	56707
      1	56720
      1	56751
      1	56762
      1	56770
      1	56796
      1	56816
      1	56821
      7	56823
      1	56841
      1	56855
      1	56874
      1	56886
      1	56892
      1	56925
      1	56991
      2	57006
      1	57008
      7	57010
     21	57025
      1	57051
      1	57052
      2	57055
      1	57070
      1	57072
      4	57074
      1	57092
      1	57109
      1	57144
     25	57148
      4	57149
      1	57156
      1	57159
      1	57162
      1	57187
      1	57207
      2	57232
      1	57261
      2	57264
      2	57268
      1	57272
      1	57278
     16	57318
      3	57332
      2	57344
      1	57374
      1	57383
      1	57394
      1	57400
      1	57407
      2	57418
      1	57420
      2	57428
      1	57446
      3	57481
      4	57496
      1	57528
      1	57542
      3	57549
      1	57566
      1	57609
      4	57644
     20	57654
      2	57676
      1	57712
      6	57722
      5	57728
     17	57732
      1	57798
      1	57800
      1	57807
      4	57823
      1	57829
      1	57832
     16	57841
      1	57891
      2	57896
      1	57906
     43	57908
      1	57921
      1	57922
      1	57938
      2	57942
      1	57961
      2	57967
      1	57968
      1	57976
      1	57996
     15	58010
      1	58025
      1	58033
     45	58052
      2	58088
      1	58096
      1	58102
      3	58116
      1	58134
      1	58143
      1	58146
      2	58148
      1	58154
      1	58155
      1	58190
      1	58199
      1	58202
      1	58209
      1	58216
      2	58223
      1	58234
      1	58240
      1	58244
      2	58269
      1	58283
      3	58307
      1	58311
      1	58313
      1	58323
      1	58331
      1	58349
      1	58362
      1	58382
      1	58385
      1	58405
      3	58409
      1	58441
      1	58467
      4	58496
      2	58500
      2	58516
      1	58522
     67	58531
      2	58551
      1	58569
      1	58579
      3	58594
      1	58618
      1	58619
     38	58645
      1	58651
      1	58674
      7	58693
      1	58717
      1	58753
      5	58760
      1	58797
      1	58872
      1	58878
      1	58915
      1	58920
      1	58934
      1	58936
      3	58947
      6	58953
      1	58991
      1	58999
     31	59029
      2	59053
      9	59057
      1	59058
      1	59089
      1	59100
      1	59108
      1	59111
      3	59119
      5	59129
      2	59178
      1	59182
      1	59187
      3	59192
      1	59201
      1	59205
      3	59210
      1	59227
      3	59228
      1	59231
      1	59255
      1	59307
      5	59308
      1	59313
      1	59321
     31	59400
      1	59434
      1	59438
      1	59496
      2	59512
      1	59550
      2	59565
      2	59571
      1	59602
      1	59625
     78	59647
      2	59669
      1	59675
      1	59700
      3	59715
      1	59730
      6	59745
      5	59748
      1	59755
      1	59758
      1	59770
      1	59777
      4	59785
      3	59790
      1	59791
      1	59797
      1	59800
      1	59871
      2	59887
      2	59903
      1	59911
      4	59914
      1	59936
      1	59957
      1	60003
      1	60017
      1	60021
     22	60034
     14	60035
      3	60045
      2	60053
      2	60061
      2	60066
      3	60109
      2	60114
      1	60120
      1	60129
      1	60131
      1	60135
      1	60148
      6	60164
      1	60170
      1	60189
      1	60197
     18	60198
      4	60204
      2	60234
      1	60237
      1	60239
      1	60265
      6	60278
      1	60284
      2	60295
      1	60298
      1	60312
      1	60352
     34	60365
      1	60377
      1	60385
      6	60403
      1	60406
     19	60423
      1	60428
      1	60443
      1	60452
      1	60499
      1	60501
      1	60509
      1	60521
      2	60532
      2	60534
      1	60538
      2	60566
      1	60570
      4	60600
      1	60628
     25	60636
     26	60641
      1	60671
      1	60672
     49	60674
     11	60679
      1	60682
      1	60706
      2	60725
      1	60744
      1	60755
      2	60764
      4	60776
      1	60777
      2	60780
      1	60847
      1	60850
      1	60904
      1	60905
      4	60919
      1	60931
      1	60956
      1	60960
      1	60983
      1	61033
      1	61042
      1	61066
      1	61133
      6	61138
      6	61152
      1	61156
      1	61210
     12	61213
      3	61215
      1	61220
      2	61230
      1	61231
      5	61254
      1	61258
      2	61261
      2	61297
      4	61304
      1	61339
      1	61367
      5	61378
      3	61389
      1	61393
      1	61395
      1	61396
      1	61401
      1	61418
      1	61434
      1	61453
      5	61463
      1	61466
      1	61469
      2	61488
      1	61489
      4	61493
      1	61506
      1	61512
     15	61523
      2	61527
      2	61531
      1	61532
     12	61537
      1	61590
      1	61591
      1	61594
      1	61611
      3	61627
      1	61635
      1	61637
      1	61638
      1	61639
      1	61648
      4	61656
      1	61657
      1	61687
      5	61694
      2	61697
      1	61709
      1	61727
      2	61728
      2	61748
      1	61770
      2	61802
      1	61806
      1	61817
      2	61819
      2	61832
      3	61855
      1	61888
      1	61894
      2	61896
      2	61899
      1	61903
      1	61922
      1	61929
      1	61961
      4	61966
      1	62022
      3	62026
      2	62027
      3	62035
      1	62051
      1	62053
      2	62059
      1	62064
     19	62084
      1	62090
      2	62095
      6	62098
      1	62107
      1	62112
      2	62134
      1	62154
      1	62157
      1	62180
     10	62198
      1	62232
      1	62243
      4	62252
      2	62282
      1	62285
      1	62314
     87	62318
      1	62328
      1	62337
      1	62359
      1	62373
      1	62382
      1	62385
      1	62395
      1	62417
      1	62421
      1	62437
      1	62439
      2	62444
      2	62456
      3	62461
      1	62467
     16	62490
      2	62515
      1	62518
      1	62528
      1	62537
      1	62556
      1	62575
      1	62585
      3	62630
      2	62664
      2	62715
      1	62721
     41	62724
      2	62736
      1	62739
      1	62749
      1	62765
      1	62773
      8	62775
     10	62776
      1	62794
      1	62814
      2	62828
      1	62847
      1	62870
      1	62884
      2	62893
      1	62897
      1	62899
      1	62945
      1	62948
      1	62983
      5	63027
      1	63051
      1	63067
      6	63068
      1	63097
      1	63098
      2	63101
      1	63124
      1	63132
      1	63164
      1	63182
      1	63194
      2	63197
      1	63211
      2	63221
      1	63230
      1	63242
      1	63257
    192	63297
      1	63312
      5	63313
      1	63338
      4	63368
      3	63409
      1	63413
      1	63426
      1	63446
      1	63462
      5	63472
      1	63527
      4	63547
      8	63567
      1	63580
      5	63583
      1	63619
      1	63685
      5	63730
      1	63733
      2	63749
      1	63764
      3	63788
      2	63797
      1	63831
      1	63845
      2	63847
      2	63863
      2	63868
      2	63896
      1	63897
      6	63905
      1	63906
      1	63931
     12	63991
      4	64001
      2	64010
      2	64019
     13	64030
      2	64045
      2	64058
      3	64062
      1	64078
      1	64133
      1	64146
      4	64196
      2	64206
      6	64217
      1	64259
      1	64268
      2	64295
      1	64320
      3	64328
      4	64333
      2	64368
      1	64387
      2	64397
      2	64407
      3	64437
      1	64458
      1	64466
      1	64485
      1	64492
      1	64515
      1	64520
      3	64528
      1	64530
      1	64531
      2	64534
      1	64552
      2	64565
      1	64576
      1	64626
      2	64657
      4	64660
      1	64682
      1	64689
      1	64690
     17	64696
      3	64701
      6	64714
      2	64733
      1	64742
      2	64746
      1	64768
      1	64770
      1	64772
      3	64773
      2	64778
      1	64803
      1	64828
      1	64833
      2	64857
      1	64868
      6	64884
      1	64887
      3	64896
      1	64900
      1	64910
      4	64955
      1	64990
      1	64999
      1	65006
      5	65009
     13	65016
     12	65085
      1	65104
      3	65105
      1	65117
      2	65141
      1	65167
      1	65170
      5	65178
      2	65189
      3	65211
      9	65262
      2	65265
      2	65286
      2	65313
      2	65324
      1	65330
      1	65334
      1	65353
      1	65364
      1	65368
      1	65386
      2	65387
      1	65398
      3	65407
      7	65408
      2	65428
      1	65468
      1	65469
      3	65477
      2	65489
      1	65494
      1	65502
     50	65508
      3	65526
     21	65529
      1	65531
