      1	86
      1	89
      1	97
      6	162
      2	259
      1	515
      1	584
      1	614
      1	779
      4	797
      1	865
      1	873
      2	926
      1	984
      1	1068
      3	1232
      1	1248
      1	1361
      2	1371
      1	1532
      2	1616
      1	1702
      1	1734
      1	1818
      3	2009
      1	2087
      8	2093
     38	2131
      5	2325
      1	2386
      1	2511
      2	2629
      2	3003
      1	3017
      3	3064
      4	3173
      1	3219
      1	3287
      1	3328
      1	3493
      3	3558
      1	3636
      3	3646
      7	3680
      1	3690
      1	3745
      1	3872
      1	3881
      1	3995
      1	3997
      1	4064
      1	4174
     10	4306
      2	4604
      1	4713
      1	4736
      6	4780
      1	4790
     43	4926
      3	5077
      3	5475
      1	5565
      1	5591
      5	5819
      9	5823
      2	5905
      1	5930
      1	6293
      1	6394
     10	6411
      2	6439
      1	6583
      1	6854
      1	7229
      1	7378
      1	7403
      1	7616
      1	7798
      2	7805
      5	7881
      5	8014
      1	8172
      1	8330
      1	8626
      1	8853
      1	8978
      5	9114
      1	9240
      1	9241
      2	9327
      1	9461
      1	9519
      1	9542
      9	9797
      1	9819
      2	9900
      1	10078
      1	10135
      1	10314
      2	10570
      1	10622
      4	10724
      1	10825
      1	10880
      1	11524
      2	11682
      1	11942
      1	12007
      1	12010
      1	12397
      1	12545
      1	12597
      1	12818
      1	12826
      1	12887
      1	12958
      1	13203
      1	13235
      1	13273
      1	13388
      1	13414
      1	13672
      1	13775
      1	13863
      2	13871
      1	13952
      1	14128
      3	14137
      3	14142
      1	14332
      1	14392
      2	14606
      1	14626
      2	14674
      1	15029
      1	15041
      1	15188
      1	15235
      1	15260
      3	15334
      4	15355
      1	15430
      1	15561
      2	15789
      1	15984
      3	15985
      1	16112
      2	16227
      1	16231
      4	16512
      2	16554
      1	16565
      1	16585
      4	16862
      1	16887
      9	16940
      2	16968
      1	17018
      1	17062
      6	17210
      2	17225
      2	17338
      2	17349
      3	17394
      5	17498
      1	17592
      1	17697
      2	17715
      1	17838
      1	18207
      1	18418
      2	18448
      1	19016
      1	19212
      2	19226
      1	19313
      1	19539
      1	19582
      1	19692
      2	19788
      2	19891
      3	19976
      1	20003
      1	20236
      1	20268
      1	20483
      3	20611
      1	20714
      1	20729
      1	20784
      2	20792
      1	20800
      1	20837
      3	20868
      1	21268
      4	21285
      3	21926
      1	22086
     12	22336
      1	22365
      1	22510
      1	22515
      1	22516
      3	22525
      1	22674
      2	22713
      4	22744
      1	22807
      2	22886
      1	22970
      4	22995
      1	23114
      2	23168
      1	23350
      1	23463
      1	23481
      6	23577
      1	23776
      2	23869
      1	24150
      1	24271
      5	24412
      2	24860
      1	25096
      1	25338
      1	25419
      2	25439
      1	25483
      3	25507
      2	25590
      1	25620
      1	25683
      1	25768
      1	25810
      2	25880
      2	26060
      2	26111
      6	26290
      1	26359
      1	26777
      1	26886
      4	26964
      2	27061
      1	27117
      1	27966
      1	28140
      1	28257
      1	28346
      3	28373
      1	28438
      1	28476
      4	28615
      1	28716
      1	28731
      1	28879
      2	29043
      1	29188
      1	29255
      1	29357
      1	29514
      3	29564
      1	29650
      2	29707
      1	29753
      1	29958
      3	30119
      1	30162
      1	30316
      1	30329
      2	30352
      1	30460
      1	30524
      1	30590
      2	30605
      5	30613
      1	30684
      1	30760
      1	31078
      1	31147
      1	31372
      1	31456
      1	31585
      1	32038
      1	32117
      1	32147
      2	32249
      1	32279
      1	32308
      2	32345
      1	32372
      4	32547
      2	32657
      1	33067
      1	33074
      1	33250
      1	33274
      1	33292
      4	33354
      2	33549
      1	33565
      1	33584
      1	33767
      1	33808
      1	33992
      3	33993
      1	34105
      1	34133
      2	34210
      8	34241
      1	34320
      1	34495
      2	34570
      1	34691
      1	34763
      1	34786
      1	34901
      1	34905
      1	35258
      2	35337
      1	35498
      1	35779
      6	36028
      1	36438
      1	36494
      2	36587
      1	36718
      1	36747
      8	36808
      1	36810
      3	36814
      1	36831
      7	37081
      2	37247
      1	37305
      3	37308
      1	37355
      3	37542
      3	37634
      1	37700
      2	37709
      1	37711
      2	37743
      2	37795
      3	38120
      1	38351
      1	38401
      6	38480
      1	38521
      2	38650
      2	38709
      2	38747
      2	39098
      1	39196
      1	39325
      1	39638
      2	39720
      1	40063
      2	40170
      1	40309
      7	40746
     10	40864
      3	41017
      1	41185
      1	41315
      3	41333
      3	41427
      1	41533
      1	41570
      1	41611
      1	41872
      1	42027
      5	42261
      3	42372
      1	42425
      3	42631
      2	42649
      4	42698
      1	42830
      1	42863
      1	43095
      1	43148
      3	43149
      1	43518
      1	43531
      1	43757
      1	43897
      1	43933
      1	43995
      1	44094
      2	44117
      1	44355
      1	44489
      1	44520
      1	44615
      1	44721
      2	44907
      1	44959
      1	45010
      2	45018
      1	45300
      1	45383
      2	45457
      1	45484
      1	45778
      1	45847
      2	45943
      1	45986
      1	46077
      1	46078
      5	46261
      1	46329
      1	46372
      2	46417
      4	46656
      2	46680
      1	47009
      1	47038
      1	47248
      4	47311
      4	47376
      1	47475
      4	47497
      1	47529
      2	47634
      1	47823
     48	47858
      1	47883
      1	47905
      1	47994
      1	48004
      1	48198
      2	48354
      1	48559
      1	48746
      2	48844
      1	48983
      1	49196
      1	49206
      1	49278
      1	49361
      1	49481
      1	49493
      1	49576
      2	49773
      2	49828
      2	49844
      1	49884
      3	50394
      1	50483
     34	50660
      1	50773
      1	50798
      5	50916
      1	50955
      1	51065
      1	51093
      1	51144
      1	51221
      2	51358
      1	51369
      1	51394
      1	51493
      1	51614
      3	51704
      2	51720
     13	51920
      1	51965
      1	52129
      3	52181
      1	52286
      1	52323
      1	52370
      1	52379
      9	52425
      2	52563
      1	52616
      1	52819
      2	52954
      8	53324
      1	53401
      4	53440
     24	53479
      1	53482
      1	53517
      1	53595
      1	54102
      1	54178
      4	54183
      2	54245
      1	54366
      1	54369
      1	54430
      1	54525
      3	54752
      1	54769
      1	54813
      1	54855
      1	54995
      2	55217
      1	55287
      9	55356
      2	55371
      2	55421
      2	55496
      1	55587
      1	55640
      2	55908
      1	55967
      2	56004
      2	56027
      1	56052
      1	56105
      1	56187
      1	56230
      2	56334
      1	56418
      1	56430
     10	56434
      1	56619
      6	57025
      1	57103
      6	57144
      1	57273
      2	57489
     18	57622
      1	57673
      3	57786
      1	57843
      1	57944
      1	57981
      1	57994
      1	58244
      1	58427
      1	58471
      1	58472
      5	58506
      3	58635
      1	58712
      2	58750
      1	58877
     11	58887
      1	58901
      2	58960
      1	58966
      1	59075
      1	59094
      1	59304
      2	59397
      1	59536
      1	59608
      5	59659
      1	59720
      1	59726
      1	59854
      1	59858
      1	60002
      1	60100
      1	60278
      5	60312
      1	60352
      1	60538
      6	60660
      1	60738
      5	60909
      4	60914
      1	61064
      1	61066
      1	61230
      1	61261
      2	61277
      2	61298
      2	61312
      1	61492
      2	61562
      1	61641
      1	61668
      1	62021
      1	62119
      2	62195
      1	62654
      4	62664
      2	62867
      1	62871
      1	62899
      1	62942
      5	63002
      1	63101
      1	63211
      2	63253
      1	63277
      1	63409
      3	63426
      1	63486
      1	63693
      4	63950
      3	63987
      1	64221
      1	64262
      1	64470
      1	64485
      1	64552
      3	64721
      1	64738
      3	65060
      1	65375
      1	65381
