      1	18
      1	158
      1	236
     12	367
      1	378
      1	401
      1	538
      1	685
      1	708
      4	753
      1	779
      1	786
      1	803
      1	959
      1	1008
      2	1182
      1	1185
      1	1253
      1	1288
      1	1370
     33	1405
      1	1458
      1	1497
      2	1616
      1	1649
      9	1662
      1	1712
      1	1735
      2	1777
      1	1800
      1	1981
      2	2015
      1	2093
      8	2270
      1	2388
      2	2475
      1	2613
      2	2683
      4	2688
      1	2695
      1	2834
      2	2866
      1	3020
      1	3052
      4	3060
      1	3111
      2	3210
      1	3279
      3	3486
      1	3636
      1	3650
      1	3745
      1	3773
      1	3836
      1	3894
      1	4013
      1	4098
      1	4308
      1	4327
     15	4442
      1	4447
      1	4470
      4	4581
      2	4606
      1	4617
      1	4848
     17	5112
      2	5133
      3	5140
      1	5161
      2	5271
      3	5277
      1	5286
      2	5291
      3	5300
      1	5495
      1	5535
      1	5682
      1	5766
      3	5787
      1	5789
      3	6038
      1	6045
      1	6197
      1	6366
      1	6370
      2	6469
      1	6491
      1	6573
      1	6654
      1	6898
      1	6960
      2	6980
      3	7013
      1	7081
      2	7102
      1	7184
      1	7195
      1	7221
      6	7271
      3	7377
      1	7520
      2	7628
      1	7682
      1	7817
      1	7912
      1	7948
      1	7968
      2	7995
      1	8256
      2	8332
      1	8370
      1	8472
      1	8560
      1	8599
      2	8698
      1	8712
      3	8736
      1	8760
      1	8779
      1	8938
      1	8944
      1	9084
      2	9152
      1	9345
      1	9409
      3	9486
     13	9543
      1	9546
      1	9667
      1	9795
      1	9868
     12	9896
      4	9900
      1	10030
      1	10050
      1	10137
      2	10158
      3	10191
      1	10216
      4	10243
     12	10275
      1	10317
      1	10324
      1	10679
      2	10809
      1	10978
      2	11382
      1	11433
      1	11439
      1	11545
      1	11612
      1	11803
      1	11879
      3	11951
      1	11964
      8	11967
      1	12192
      1	12253
      2	12397
      1	12535
      1	12634
      1	12750
      2	12755
     10	12814
      1	12928
      2	12989
      1	12997
      3	13083
      1	13153
      2	13428
      2	13481
      1	13536
      4	13595
      1	13680
      4	13709
      1	13724
      3	13869
      1	13886
      1	14111
      1	14319
      1	14448
      1	14827
      5	14908
      4	14983
      1	15001
      2	15092
      2	15095
      1	15106
      1	15147
      3	15536
      2	15552
      3	15692
      1	15724
      1	15748
      2	15995
      1	16014
      1	16019
      1	16033
      3	16047
      4	16070
      1	16094
      3	16112
      4	16148
      5	16153
      1	16164
      1	16363
      1	16524
      3	16560
      1	16684
      1	16728
      1	16935
      1	16937
      2	17096
      2	17225
      1	17267
      1	17469
      2	17498
      2	17533
      7	17934
      4	17975
      2	18192
      1	18319
      7	18440
     11	18590
      1	18605
      1	18638
      1	18646
      1	18660
      2	18735
      1	18983
      7	19016
      2	19127
      3	19139
      1	19150
      7	19198
      1	19340
      2	19345
      2	19402
      1	19452
      1	19472
      2	19481
      1	19645
      1	19692
      1	19711
      2	19775
      1	19947
      1	20024
      1	20236
      1	20438
      2	20575
      2	20609
      6	20631
      1	20686
      1	20915
      1	21237
      2	21256
     19	21285
      1	21295
      1	21337
      1	21340
      1	21563
      1	21686
      1	21830
      1	21940
      1	21963
      1	22055
      1	22164
      2	22188
      1	22189
      1	22314
      1	22365
      2	22392
     11	22417
      1	22550
      1	22700
     34	22713
      2	22771
      1	22933
      1	22970
      3	23013
      1	23105
      1	23134
      1	23309
     14	23354
      1	23358
      1	23577
      2	23828
      1	23899
      1	23953
      1	24097
      1	24168
      1	24334
      1	24376
      1	24488
      1	24567
      2	24818
      1	24990
      1	25021
      1	25024
      1	25228
      1	25341
      3	25451
      1	25565
     11	25620
      1	25781
      1	25899
      2	26045
      1	26111
      1	26263
      1	26290
      1	26359
      3	26610
      2	26662
      1	26772
      4	27039
      1	27052
      1	27138
      3	27155
      3	27259
      1	27339
      1	27350
      2	27409
      1	27519
      1	27649
      1	27714
      1	27773
      1	27920
      1	28084
      1	28348
      1	28365
      1	28467
      1	28524
      1	28584
      1	28705
      1	29040
      1	29094
      2	29246
      2	29257
      8	29408
      1	29457
      2	29514
      1	29517
      4	29547
      1	29595
      1	29838
      1	29853
      5	29920
      1	30053
      1	30062
      1	30075
      2	30102
      4	30133
      1	30167
      3	30590
      1	30877
      1	30885
      1	30946
      3	31025
      2	31086
      1	31088
      1	31238
      2	31256
      1	31360
      1	31474
      2	31550
      1	31585
      1	31617
      3	31728
      2	31774
      5	31812
      5	32206
      1	32279
      1	32337
      1	32345
      1	32380
      3	32426
      8	32541
      1	32562
      1	32701
      1	32713
      3	32876
      1	32886
      4	32893
      1	32953
      1	32967
      1	33116
      1	33210
      1	33354
      1	33441
      1	33718
      8	33971
      1	34026
      3	34110
      4	34283
      1	34374
      1	34428
      1	34466
      1	34538
      1	34723
      4	34761
      1	34773
      1	34806
      1	34973
      1	35006
      4	35068
      1	35170
      1	35327
      1	35390
      2	35622
      1	35801
      1	35814
      3	35836
      1	35978
      1	36044
      1	36074
      1	36111
      1	36113
      1	36423
      1	36572
      1	36606
      1	36680
      1	36690
      4	36729
      1	36950
      1	36991
      4	37062
      1	37149
      1	37179
     16	37226
      1	37308
      2	37350
      1	37355
      1	37465
      1	37536
      1	37625
      1	37726
      5	37777
      1	37906
      2	37997
      1	38068
      1	38130
      2	38151
      2	38176
      1	38224
      5	38243
      2	38267
      1	38273
      1	38449
      1	38480
      1	38494
      1	38533
      1	38640
      1	38794
      4	38938
      1	38957
      4	39021
      7	39086
      1	39219
      1	39302
      6	39325
      1	39738
      1	39785
      1	39809
      1	39920
      1	39977
      2	40005
      1	40010
      3	40068
      1	40079
      1	40093
      1	40170
      1	40347
      2	40370
      1	40412
      1	40439
      1	40519
      1	40811
      2	40830
      2	40893
      2	40917
      1	40920
      1	41036
      1	41048
      2	41142
      2	41198
      1	41355
      1	41401
      1	41478
      1	41520
      1	41656
     10	41770
      1	41892
      1	41985
      1	42002
      1	42013
      1	42077
      1	42108
      1	42322
      3	42517
      1	42597
      1	42767
      1	42820
      1	42831
      1	42884
      2	42969
      1	43240
      1	43326
      1	43458
     21	43609
      1	43730
      2	43740
      1	43747
      2	43766
      2	43832
      3	43852
      1	43857
     10	43861
      1	44078
      1	44117
      1	44370
      1	44482
      6	44489
      1	44520
      1	44550
      2	44804
      1	44896
      2	44909
      1	44961
      2	45012
      1	45088
      1	45255
      1	45407
      1	45427
      1	45455
      1	45466
      1	45470
      1	45584
      4	45611
      2	45683
      1	45921
      1	45948
      1	46005
      1	46008
      1	46048
      3	46080
      2	46104
      1	46168
      1	46259
      1	46329
      1	46356
      1	46397
      2	46398
      1	46472
      1	46488
      1	46499
      1	46513
      1	46530
      2	46706
      1	46724
      3	46753
      1	47011
      1	47038
      1	47222
      1	47311
      1	47648
      1	47713
      2	47741
      1	47858
      1	47883
      1	47938
      4	48011
      2	48033
      1	48131
      1	48138
      1	48189
      1	48316
      1	48427
      1	48499
      1	48512
      3	48544
      1	48577
      1	48676
      1	48747
      5	49107
      1	49231
      1	49234
      1	49477
      1	49493
      1	49586
      2	49598
      1	49722
      2	49784
      1	49806
      1	49916
      1	49933
      1	50097
      1	50385
      1	50401
      1	50530
      1	50537
      4	50660
     14	50910
      1	51046
      1	51063
      1	51065
      1	51099
      1	51221
      2	51392
      1	51771
      2	51822
      2	51835
      1	51917
      2	52054
      2	52068
      1	52126
      1	52169
      1	52181
      1	52255
      1	52326
      1	52385
     20	52398
      2	52422
      1	52524
      2	52551
      1	52592
     10	52660
      1	52741
      1	52794
      1	53019
      1	53045
      1	53691
      3	53762
      2	53849
      1	53925
      1	53980
     11	54014
      3	54183
      1	54251
      1	54422
      3	54495
      1	54658
      2	54732
      1	55129
      1	55135
      1	55198
      1	55202
      1	55245
      1	55287
      1	55310
      1	55478
      1	55500
      1	55534
      1	55563
      1	55681
      1	55822
     13	55879
      5	55919
      1	56038
      1	56152
      2	56184
      1	56356
      1	56432
      1	56469
      2	56560
      1	56567
      3	56573
      1	56663
      1	56693
      3	56722
      1	56762
      1	56814
      2	56936
      1	57027
      1	57076
      2	57077
      1	57118
      1	57119
      5	57133
      4	57374
      2	57405
      1	57420
      3	57492
      1	57523
      1	57546
      1	57566
      3	57688
      1	57904
      1	58088
      1	58112
      3	58154
      4	58199
      1	58207
      1	58303
      4	58352
      7	58477
      1	58679
      1	58727
      1	58749
      2	58860
      2	59075
      9	59109
      2	59119
      2	59212
     11	59327
      4	59522
      1	59559
      1	59734
      1	59795
      1	60127
      1	60232
      4	60256
     17	60344
      3	60367
      1	60485
      1	60488
      2	60496
      3	60505
      3	61054
     16	61140
      1	61280
      1	61424
      1	61466
      2	61528
      3	61531
      2	61832
      6	61897
      1	61964
      1	61993
      9	62014
      2	62028
      1	62051
      1	62180
      7	62290
      1	62459
      1	62532
      1	62628
      1	62681
      1	62867
      1	62965
      2	63165
      2	63221
      1	63247
      1	63338
      1	63409
      2	63509
      1	63712
      1	64007
      1	64028
      1	64071
      1	64115
      1	64120
      3	64131
      5	64229
      2	64637
      5	64657
      1	64794
      1	64837
      1	64951
      1	64975
      1	65005
      1	65067
      1	65179
      1	65226
      1	65229
      1	65240
      2	65334
     11	65408
      1	65422
