      1	48
      1	111
      1	177
      1	512
      5	779
      4	865
      2	880
      2	1248
      3	1511
      1	1558
      1	1834
      1	1952
      1	2213
      1	2386
      1	2648
      1	2774
      1	2907
      1	3103
      1	3227
      1	3236
      1	3690
      1	3709
      1	3737
      1	3808
      1	3830
      1	4255
      1	4259
      1	4286
      1	4299
      1	4424
      2	4664
      2	4679
      1	5021
      1	5260
      1	5287
      1	5475
      1	5510
      1	5731
      1	5817
      1	5874
      1	5974
      2	6012
      1	6045
      4	6055
      1	6095
      1	6226
      1	6257
      1	6306
      1	6805
      1	7252
      3	7403
      1	8239
      1	8641
      3	8983
      1	9173
      1	9304
      2	9327
      2	9345
      1	9424
      2	9428
      1	9484
      1	9853
      1	10026
      1	10037
      1	10075
      1	10112
      1	10246
      1	10346
      1	10570
      1	10576
      1	10724
      1	11303
      1	11800
      1	11846
      3	11964
      1	12295
      1	12545
      1	12723
      3	13273
      1	13364
      1	13806
      1	14053
      1	14127
      1	14128
      1	14457
      6	14606
      2	14821
      1	14956
      1	15147
      1	15605
      1	15870
      2	15985
      1	16064
      1	16188
      2	16368
      1	16377
      2	16442
      2	16532
      2	17105
      1	17214
      2	17267
      3	17338
      1	17861
      4	17864
      2	17895
      1	18278
      1	18442
      1	18677
      1	18710
      1	18812
      1	18905
      1	19585
      1	19622
      1	19641
      1	19904
      1	19933
      1	20093
      2	20323
      1	20515
      1	20658
      2	20882
      1	20910
      2	20994
      1	21272
      2	21378
      2	21393
      2	21623
      3	21628
      1	21665
      3	21822
      1	21839
      1	22098
      1	22122
      2	22206
      1	22227
      1	22440
      1	22686
      1	22882
      1	22899
      1	22944
      1	22973
      1	22995
      1	23092
      1	23414
      1	23597
      1	23611
      1	24014
      1	24058
      2	24136
      1	24440
      2	24497
      3	24506
      1	24586
      2	25046
      1	25054
      1	25276
      2	25509
      1	25714
      2	25813
      2	25816
      4	26240
      1	26538
      1	26777
      1	26824
      1	27120
      1	27241
      1	27286
      1	27357
      1	27411
      1	27862
      1	28303
      1	28461
      1	28541
      1	28615
      1	29025
      1	29255
      1	29311
      1	29601
      1	29657
      2	29670
      1	30319
      1	30426
      1	30512
      4	30515
      1	30565
      2	30578
      1	30611
      2	30613
      1	30754
      2	30941
      1	30983
      1	31025
      1	31658
      1	31848
      1	31946
      1	32205
      1	32345
      1	32372
      5	32456
      1	32497
      1	32782
      2	32788
      1	32912
      1	33092
      1	33292
      1	33328
      3	33354
      1	33651
      2	33992
      2	34042
      1	34133
      1	34303
      1	34591
      1	34697
      1	34763
      1	34974
      1	35027
      1	35212
      2	35392
      1	35542
      1	35613
      1	35635
      1	35834
      2	35836
      1	36438
      1	36656
      1	36674
      1	36768
      1	36906
      3	36960
      2	37021
      2	37276
      4	37640
      1	37768
      1	37795
      2	37803
      2	38047
      2	38224
      1	38311
      1	38480
      1	38503
      1	38582
      1	38608
      1	38909
      1	39051
      2	39340
      3	39469
      1	39471
      1	39946
      2	40124
      1	40408
      2	40537
      1	40770
      1	40779
      1	40839
      1	41086
      1	41163
      1	41355
      1	41377
      1	41592
      1	41620
      1	42027
      1	42408
      2	42419
      1	42645
      1	42674
      1	42696
      1	43148
      1	43441
      1	43507
      1	43993
      1	44147
      1	44176
      1	44354
      1	44432
      1	44833
      2	44947
      1	44968
      1	45360
      1	45464
      1	45671
      1	45847
      1	45979
      1	46008
      1	46163
      4	46380
      1	46499
      1	46921
      6	47077
      1	47193
      2	47429
      1	47632
      2	47672
      2	47692
      1	47883
      1	48630
      1	48658
      1	48746
      1	48844
      1	48951
      1	49131
      1	49200
      1	49362
      1	49781
     33	50064
      1	50236
      1	50312
      1	50522
      1	51394
      7	51433
      1	51475
      1	51669
      1	51822
      1	52121
      1	52385
      4	52626
      1	53552
      1	54103
      1	54136
      3	54641
      1	54877
      1	54889
      2	55199
      2	55217
      1	55597
      1	55674
     10	56027
      1	56052
      2	56762
      1	57128
      1	57389
      1	57420
      1	57449
      1	57514
      2	57608
      1	57617
      1	57757
      1	57808
      1	58109
      1	58244
      1	58498
      1	58545
      1	58766
      1	58997
      1	59003
      1	59010
      1	59036
      2	59134
      1	59431
      1	59715
      1	60002
      1	60062
      1	60120
      1	60312
      1	60454
      1	60499
      1	60882
      1	61138
      1	61230
      2	61261
      1	61367
      1	61524
      1	61667
      1	61716
      1	61764
      1	61888
      1	61946
      1	62051
      3	62056
      2	62108
      1	62180
      1	62471
      1	62780
      1	62942
      1	63050
      2	63368
      1	63409
      1	63430
      1	63696
      1	63850
      3	63987
      1	64032
      1	64094
      1	64337
      2	64528
      1	64657
      2	64926
      1	65221
      2	65249
      2	65372
