      2	18
      1	22
      7	41
      1	45
      2	48
      3	91
      1	121
      1	162
      2	175
      1	197
      1	328
      1	367
      1	428
      2	462
      1	466
      1	505
      1	567
      1	590
      1	602
      4	664
      1	749
      2	758
      1	779
      1	813
     12	823
      1	851
      1	865
      1	880
      2	926
      1	1068
      1	1079
      1	1160
      1	1163
      2	1173
      1	1185
      2	1214
      2	1232
      3	1267
      1	1270
      1	1387
      1	1405
      1	1440
      1	1445
      1	1471
      1	1475
      2	1497
      2	1500
      1	1552
      1	1554
      2	1558
      2	1616
      1	1656
      2	1662
      1	1683
      1	1702
      1	1732
      1	1733
      1	1768
      4	1857
      1	1867
      1	2009
      2	2022
      1	2041
      1	2057
      2	2087
      2	2176
      1	2216
      2	2323
      1	2372
      1	2470
      1	2503
      1	2550
      2	2562
      1	2566
      1	2591
      1	2593
      3	2613
      7	2677
      1	2688
      1	2760
      1	2864
      1	2933
      1	2946
      1	2983
      1	3004
      1	3058
      1	3143
      2	3243
      1	3255
      1	3275
      2	3307
      1	3323
      3	3351
      1	3388
      1	3425
      1	3486
      1	3493
      2	3509
      1	3512
      2	3648
      1	3661
      3	3732
      1	3745
      1	3754
      6	3830
      1	3842
      1	3843
      1	3850
      1	3867
      1	3872
      1	3902
      2	3954
      1	4015
      1	4016
      1	4106
      8	4109
      3	4174
      1	4286
      2	4417
      1	4481
      1	4552
      1	4600
      1	4609
      1	4681
      1	4730
      1	4740
      1	4760
      1	4875
      1	4915
      1	4941
      1	4966
      1	4969
      1	4985
      1	4987
      2	5023
      1	5075
      1	5102
      1	5133
      1	5135
      1	5161
      1	5212
      1	5219
      1	5222
      1	5228
      1	5287
      1	5369
      1	5424
      1	5467
      1	5588
      1	5731
      1	5748
      1	5774
      2	5823
      1	5963
      3	6031
      1	6045
      3	6275
      1	6288
      2	6334
      1	6356
      3	6370
      1	6375
      1	6394
      2	6435
      1	6471
      1	6534
      2	6626
      2	6692
      1	6717
      1	6746
      1	6754
      1	6787
      2	6805
      1	6939
      1	6947
      1	6949
      1	6959
      1	6968
      2	6980
      1	6989
      1	7013
      1	7108
      2	7109
      1	7113
      1	7176
      1	7182
     10	7278
      3	7289
      1	7298
      1	7359
      1	7374
      1	7378
      7	7403
      2	7520
      1	7594
      1	7612
      1	7651
      1	7682
      1	7688
     10	7692
      1	7705
      2	7720
      1	7734
      1	7803
      5	7817
      2	7842
      6	7856
      1	7987
      2	8011
      1	8014
      1	8054
      1	8061
      1	8091
      1	8117
      1	8119
      4	8172
      1	8201
      2	8281
      2	8296
      1	8332
      1	8398
      2	8407
      3	8462
      1	8516
      1	8532
      6	8564
      1	8626
      2	8639
      1	8659
      1	8718
      3	8760
      1	8774
      1	8983
      1	9054
      1	9096
      2	9133
      1	9152
      1	9158
      1	9173
      1	9182
      1	9240
      1	9304
      2	9307
      1	9345
      1	9428
      3	9486
      1	9516
      1	9556
      2	9621
      1	9653
      1	9713
      1	9731
      1	9805
      1	9824
      1	9900
      1	10020
      1	10026
      1	10030
      2	10053
      2	10059
      2	10104
      1	10124
      1	10131
      2	10216
      2	10274
      1	10374
      2	10407
      1	10427
      2	10447
      1	10555
      1	10563
      2	10724
      3	10744
      1	10753
      1	10791
      2	10807
      1	10843
      1	10875
      1	10916
      1	10942
      1	10950
      1	10968
      3	10974
      1	10986
      1	11032
      1	11062
      1	11077
      1	11491
     55	11524
      2	11546
      1	11557
      1	11602
      1	11748
      1	11750
      1	11759
      3	11800
      1	11821
      1	11831
      1	11903
      1	11926
      1	11990
      1	11991
      1	12005
      1	12016
      1	12044
      1	12059
      1	12098
      1	12288
      2	12322
      2	12356
      1	12389
      2	12397
      1	12418
      4	12435
      1	12500
      1	12582
      1	12603
      1	12613
      4	12623
      1	12626
      2	12638
      2	12682
      1	12712
      1	12997
      3	13022
      1	13025
      1	13132
      4	13210
      1	13315
      1	13366
      2	13441
      1	13460
      1	13461
      1	13600
      1	13720
      1	13737
      1	13738
      1	13749
      4	13787
      2	13790
      1	13837
      2	13871
      2	14083
      1	14093
      1	14127
      1	14137
      1	14188
      4	14343
      2	14385
      1	14389
      1	14392
      1	14401
      1	14458
      1	14490
      1	14593
      1	14619
      1	14626
      1	14674
      1	14675
      2	14683
      1	14790
      1	14921
      1	14923
      1	14986
      1	15050
      1	15197
      1	15268
      1	15343
      2	15355
      1	15386
      1	15420
      1	15492
      2	15516
      1	15558
      1	15639
      1	15674
      1	15684
      4	15719
      1	15789
      1	15837
      1	15846
      1	15939
      1	15952
      1	15975
      2	15985
      1	15995
      1	16007
      1	16017
      1	16060
      1	16094
      1	16153
      1	16171
      2	16184
      1	16193
      2	16200
      2	16230
      1	16276
      1	16332
      1	16368
      1	16418
      1	16465
      1	16503
      1	16508
      1	16516
      1	16554
      3	16620
      1	16628
      1	16635
      1	16649
      1	16679
      1	16689
      2	16704
      2	16738
      1	16810
      1	16839
      3	16862
      1	16990
      1	17009
      1	17019
      1	17027
      1	17041
      1	17061
      1	17062
      1	17077
      1	17164
      1	17206
      1	17210
      4	17225
      7	17259
      1	17286
      1	17315
      1	17338
      1	17352
      1	17384
      1	17424
      7	17472
      1	17485
      1	17507
      2	17592
      1	17651
      1	17662
      1	17678
      2	17879
      1	17895
      5	17975
      2	17989
      1	18003
      2	18100
      1	18112
      1	18116
      1	18348
      1	18352
      2	18353
      1	18433
      2	18453
      1	18460
      1	18495
      1	18506
      4	18590
      2	18660
      1	18749
      1	18770
      1	18846
      1	18857
      1	18905
      1	18962
      1	18992
      1	19004
      1	19016
      2	19110
      2	19138
      1	19212
      1	19226
      1	19305
      2	19319
      2	19402
      2	19405
      1	19411
      3	19527
      1	19572
      1	19616
      3	19683
      1	19708
      1	19790
      3	19869
      1	19904
      1	19955
      1	19991
      1	20160
      1	20172
      1	20223
      1	20267
      3	20268
     36	20328
      1	20385
      3	20438
      1	20445
      1	20589
      1	20609
     10	20720
      2	20768
      1	20808
      2	20827
      1	20837
      1	20855
      1	20865
      2	20871
      1	20932
      1	20960
      1	21082
      8	21180
      1	21198
      1	21201
      1	21214
      2	21220
      1	21240
      2	21321
      1	21340
      1	21360
      1	21425
      1	21470
      1	21476
      5	21483
      1	21563
      1	21646
      1	21651
      1	21666
      1	21830
      1	21833
      1	21850
      3	21911
      1	21954
      2	21981
      1	22012
      1	22023
      1	22188
      1	22204
      1	22227
      6	22287
      2	22290
      2	22295
      1	22305
      2	22306
      3	22365
      4	22402
      1	22408
      1	22417
      7	22447
      1	22467
      1	22573
      1	22576
      2	22599
      1	22625
      1	22638
      1	22713
      1	22829
      2	22905
      1	22948
      1	23091
      2	23092
      4	23094
      1	23227
      1	23288
      1	23291
      1	23309
      1	23385
      1	23399
      1	23498
      3	23577
      1	23596
      1	23729
      2	23774
      2	23790
      1	23799
      1	23808
      1	23856
      1	23864
      1	23870
      1	24058
      1	24150
      1	24178
      1	24270
      3	24271
      1	24334
      2	24339
      1	24345
      1	24376
      3	24394
      1	24412
      2	24469
      1	24492
      1	24548
      4	24794
      1	24817
      1	24853
      1	24931
      1	24934
      1	24990
      3	25024
      1	25272
      5	25358
      1	25360
      1	25419
      1	25455
      1	25461
      1	25488
      1	25511
      2	25527
      1	25530
      2	25563
      2	25597
      1	25608
      1	25640
      2	25685
      1	25689
      1	25712
      1	25813
      1	25875
      4	25899
      1	25939
      2	25960
      1	26001
      1	26039
      1	26070
      1	26148
      2	26207
      1	26240
      3	26290
      1	26327
      2	26345
      1	26420
      2	26458
      1	26460
      1	26583
      1	26587
      1	26617
      2	26656
      2	26666
      5	26685
      2	26748
      2	26772
      1	26777
      1	26806
      1	26857
      1	26947
      1	27030
      2	27039
      1	27116
      1	27117
      1	27326
      1	27357
      1	27413
      1	27444
      3	27519
      2	27529
      1	27530
      1	27538
      2	27660
      1	27690
      2	27756
      1	27784
      1	27873
      1	27880
      3	27890
      1	27920
      3	27966
      1	28025
     65	28035
      2	28049
      1	28077
      1	28157
      1	28209
      1	28250
      1	28346
      1	28349
      1	28383
      5	28688
      3	28692
      2	28731
      1	28821
      2	28824
      1	28846
      1	28907
      2	28911
      1	28929
      1	29043
      1	29146
      1	29185
      1	29206
      1	29224
      1	29245
      1	29257
      1	29277
      1	29364
      1	29450
      1	29514
      1	29564
      1	29588
      3	29596
      1	29619
      1	29653
      1	29717
      3	29772
      1	29781
      4	29822
      1	29875
      1	29892
      2	29936
      2	29945
      2	30027
      4	30116
      2	30209
      1	30272
      1	30304
      5	30344
      1	30352
      1	30360
      2	30390
      1	30402
      1	30446
      1	30485
      1	30570
      2	30611
      2	30613
      1	30655
      2	30672
      1	30682
      2	30783
      3	30810
      1	30824
      1	30867
      2	30941
      1	31010
      1	31104
      1	31161
      1	31212
      1	31270
      1	31323
      2	31331
      2	31333
      1	31360
      1	31370
      1	31404
      2	31435
      1	31469
      1	31548
      1	31557
      1	31629
      1	31630
      1	31741
      3	31787
      1	31849
      1	31915
      1	31933
      1	31962
      1	32057
      1	32078
      2	32114
      2	32117
      1	32174
      1	32194
      1	32235
      1	32249
      1	32266
      1	32289
      1	32410
      1	32490
      1	32587
      1	32597
      2	32621
      3	32657
      1	32674
      1	32684
      1	32688
      1	32731
      1	32765
      1	32857
      2	32863
      1	32865
      1	32905
      1	32915
      1	32966
      1	33041
      1	33120
      2	33194
      1	33260
      1	33292
      1	33306
      1	33318
      1	33348
      1	33454
      2	33460
      5	33484
      1	33500
      1	33549
      1	33597
      1	33630
      1	33644
      1	33718
      1	33738
      1	33755
      1	33808
      1	33820
      2	33917
      1	33925
      1	33969
    144	33971
      1	33982
      1	33995
      1	34091
      1	34110
      1	34118
      1	34150
      1	34168
      1	34170
      2	34210
      2	34241
      1	34303
      1	34359
      1	34369
      1	34374
      1	34479
      1	34490
      2	34521
      2	34579
      1	34600
      1	34601
      1	34608
      1	34674
      5	34708
      1	34723
      2	34746
      1	34750
      2	34773
      1	34776
      1	34795
      1	34797
      1	34804
      2	34817
      3	34905
      1	34970
      1	34990
      3	35004
      1	35163
      1	35170
      1	35207
      1	35223
      3	35237
      1	35418
      1	35479
      1	35495
      1	35498
      2	35545
      1	35552
      1	35625
      1	35659
      1	35717
      1	35797
      1	35805
      1	35814
      1	35821
      1	35844
      1	35866
      1	35886
      1	35908
     22	35952
      2	36048
      1	36056
      1	36074
      1	36082
      1	36091
      1	36105
      1	36112
      1	36147
      1	36181
      1	36190
      2	36262
      1	36267
      1	36371
      3	36390
      6	36404
      2	36559
      1	36566
      2	36571
      2	36587
      8	36600
      1	36630
      3	36658
      1	36667
      2	36690
      1	36713
      1	36727
      1	36779
      2	36800
      1	36810
      1	36812
      1	36820
      1	36836
      1	36906
      1	36964
      1	37016
      1	37062
      2	37124
      1	37185
      2	37247
      1	37258
      2	37275
      1	37292
      3	37308
      1	37355
      4	37367
      1	37387
      1	37444
      1	37464
      1	37474
      1	37491
      1	37499
      1	37544
      1	37625
      2	37640
      1	37652
      1	37670
      1	37679
      1	37709
      1	37743
      1	37744
      1	37836
      1	37869
      1	37945
      1	37997
      1	38099
      1	38120
      1	38164
      1	38171
      2	38238
      2	38269
      1	38330
      3	38331
      1	38380
      1	38395
      3	38447
      3	38480
      1	38481
      1	38515
      3	38544
      1	38582
      1	38642
      1	38665
      2	38677
      1	38687
      1	38712
      1	38714
      5	38781
      2	38839
      1	38868
      1	38881
      1	38887
      1	38958
      1	38993
      1	39000
      3	39016
      1	39035
      1	39043
      1	39098
      2	39182
      6	39193
      1	39213
      1	39234
      7	39265
      1	39295
      2	39340
      2	39379
      1	39410
      1	39414
      3	39460
      2	39537
      1	39557
      1	39629
      1	39751
      2	39785
      1	39790
      1	39827
      3	39843
      2	40031
      1	40063
      1	40093
      1	40100
      3	40120
      3	40170
      1	40175
      1	40210
      2	40394
      2	40395
      1	40404
      3	40475
      1	40614
      2	40626
      1	40635
      1	40725
      1	40740
      1	40789
      1	40801
      1	40816
      1	40821
      1	40830
      1	40855
      1	40864
      1	40950
      1	40961
      1	41021
      1	41027
      9	41053
      1	41093
      1	41119
      1	41185
      2	41186
      1	41197
      1	41203
      1	41216
      1	41313
      1	41328
      1	41332
      2	41347
      1	41355
      1	41376
      1	41515
      4	41582
      1	41605
      1	41623
      1	41640
      2	41646
      1	41669
      3	41690
      1	41753
      4	41756
      1	41770
      2	41791
      2	41794
      1	41909
      1	42015
      1	42086
      2	42232
      1	42309
     13	42319
      1	42322
      1	42357
      1	42368
      1	42369
      1	42372
      1	42476
      5	42497
      1	42554
      2	42691
      1	42748
      2	42764
      1	42767
      1	42789
      1	42820
      3	42848
      1	42860
      1	42970
      1	43188
      2	43210
      2	43212
      1	43237
      1	43247
      1	43253
      1	43329
      1	43336
      3	43343
      1	43346
      1	43383
      1	43387
      1	43391
      1	43397
      2	43422
      2	43486
      1	43616
      1	43645
     28	43669
      1	43693
      1	43760
      1	43809
      1	43827
      1	43843
      1	43856
      1	43873
      1	43965
      1	43985
      1	44018
      1	44058
      1	44087
      1	44112
      1	44117
      2	44125
      5	44141
      5	44233
      1	44254
      1	44271
      1	44291
      6	44311
      1	44457
      2	44489
      1	44579
      1	44617
      2	44622
      3	44725
      2	44799
      1	44830
      1	44833
      1	44951
      1	44983
      1	45018
      1	45111
      1	45135
      1	45218
      1	45219
      1	45327
      1	45383
     16	45425
      1	45465
      1	45479
      1	45485
      1	45548
      1	45558
      1	45563
      2	45570
      1	45611
      1	45672
      1	45748
      1	45772
      1	45791
      2	45801
      1	45826
      2	45847
      1	45906
      3	45943
      2	46019
      2	46075
      1	46100
      1	46132
      1	46154
      2	46156
      1	46168
      1	46185
      1	46213
      3	46261
      1	46285
      1	46297
      1	46329
      1	46372
      1	46397
      1	46418
      1	46481
      2	46486
      1	46530
      1	46554
      1	46558
      1	46595
      1	46606
      2	46656
      1	46680
      1	46724
      1	46766
      1	46799
      1	46812
      1	46851
      1	46873
      2	46910
      1	46932
      1	46950
      1	46975
      1	47072
      2	47073
      1	47082
      1	47153
      2	47159
      1	47208
      1	47265
      1	47309
      7	47311
      1	47478
      2	47486
      1	47497
      2	47584
      1	47698
      1	47791
      1	47883
      1	47905
      1	47989
      1	47994
      1	48067
      1	48086
      1	48104
      1	48170
      1	48178
      1	48316
      2	48369
      1	48390
      2	48513
      1	48535
      1	48544
      1	48583
      3	48655
      1	48690
      1	48714
      1	48760
      1	48776
      1	48808
      1	48852
      1	48870
      1	48887
      1	48913
      8	48995
      1	49073
      1	49086
      3	49094
      1	49120
      1	49267
      1	49346
      1	49360
      6	49361
      1	49439
      1	49458
      1	49538
      1	49541
      1	49595
      1	49614
      1	49640
      1	49672
      1	49677
      1	49715
      3	49726
      7	49804
      1	49827
      1	49831
      1	49842
      1	49897
      1	49956
      1	49966
      1	50069
      1	50216
      1	50329
      1	50345
      1	50349
      1	50388
      1	50429
      1	50537
      1	50564
      5	50565
      1	50590
      3	50601
      7	50660
      1	50692
      1	50738
      1	50744
      1	50771
      1	50829
      1	50900
      1	50940
      1	51018
      1	51079
      1	51116
      1	51151
      1	51216
      1	51237
      5	51326
      1	51354
      2	51392
      1	51394
      1	51434
      1	51440
      1	51493
      1	51593
      2	51676
      1	51766
      2	51770
      1	51810
      2	51822
      1	51875
      1	51881
      1	51890
      2	51920
      4	51959
      1	51973
      1	51979
      2	52023
      2	52121
      3	52177
      2	52181
      1	52186
      1	52224
      2	52230
      1	52268
      1	52323
      1	52328
      1	52370
      1	52398
      1	52414
      5	52532
      1	52541
      1	52551
      1	52575
      1	52660
      2	52746
      2	52796
      1	52898
      1	52925
      1	52985
      1	53063
      2	53098
      1	53147
      1	53153
      1	53166
      1	53222
      1	53224
      1	53232
      1	53243
      1	53349
      2	53479
      1	53505
      1	53567
      2	53578
      1	53680
      1	53727
      1	53783
      1	53799
      1	53846
      2	53865
      1	53870
      1	53983
      2	54171
      1	54183
      1	54245
      1	54252
      2	54272
      1	54356
      2	54393
      1	54394
      4	54395
      1	54407
      4	54430
      1	54449
      1	54501
      2	54531
      5	54554
      1	54703
      1	54726
      1	54736
      2	54756
      1	54778
      2	54834
      1	54877
      1	54888
      1	54919
      1	54967
      1	54972
      3	54999
      1	55023
      1	55135
      1	55198
      1	55207
      2	55237
      1	55375
      1	55378
      1	55398
      2	55418
      2	55426
      5	55460
      1	55475
      1	55500
      1	55640
      1	55674
      1	55680
      1	55746
      1	55772
      1	55814
      1	55979
      1	56027
      1	56133
      1	56184
      1	56187
      1	56214
      1	56273
      1	56331
      5	56348
      1	56362
      1	56367
      1	56410
      2	56434
      2	56473
      1	56495
      2	56514
      1	56533
      1	56614
      1	56621
      1	56629
      1	56663
      1	56706
      1	56718
      1	56734
      2	56807
      4	56855
      1	56857
      1	56889
      3	56921
      2	57034
      1	57041
      2	57110
      1	57133
      3	57144
      1	57178
      3	57218
      1	57221
      1	57258
      2	57332
      4	57334
      1	57383
      1	57388
      1	57396
      1	57419
      6	57449
      1	57451
      1	57459
      1	57470
      1	57480
      1	57489
      1	57529
      4	57551
      3	57566
      1	57594
      1	57622
      4	57645
      1	57702
      1	57738
      1	57757
      1	57798
      1	57904
      1	57913
      1	57975
      1	57976
      1	57995
      1	58012
      1	58053
      1	58104
      1	58119
      1	58179
      1	58180
      1	58191
      2	58216
      1	58235
      1	58240
      2	58351
      1	58352
      1	58373
      1	58456
      3	58466
      1	58478
      1	58488
      1	58521
      2	58527
      1	58548
      1	58594
      1	58644
      1	58678
      1	58734
      1	58786
      6	58815
      2	58857
      1	58864
      6	58887
      1	58950
      1	59001
      3	59003
      1	59045
      1	59094
      2	59107
      1	59110
      1	59117
      1	59142
      1	59174
      1	59178
      3	59208
      1	59215
      1	59249
      2	59304
      1	59327
      2	59495
      2	59573
      1	59647
      1	59659
      1	59681
      2	59688
      2	59715
      1	59748
      1	59758
      1	59858
      1	59899
      1	59912
      1	60074
      1	60131
      1	60207
      1	60284
      1	60287
      2	60334
      1	60375
      1	60387
      3	60410
      1	60428
      1	60501
      1	60513
      3	60527
      1	60635
      1	60638
      1	60661
      1	60669
      1	60682
      2	60724
      1	60750
      1	60778
      1	60793
      1	60826
      1	60847
      1	60880
      2	60909
      1	61008
      1	61011
      1	61040
      1	61089
      1	61101
      1	61169
      1	61182
      1	61191
      5	61230
      1	61249
      2	61261
      1	61277
      1	61298
      2	61312
      1	61330
      1	61331
      1	61332
      1	61340
      1	61355
      1	61390
      1	61431
      1	61445
      1	61489
      1	61508
      1	61659
      1	61665
      1	61686
      1	61705
      1	61832
      1	61864
      1	61881
      1	62014
      3	62026
      1	62035
      1	62036
      1	62082
      1	62106
      2	62183
      1	62226
      2	62227
      1	62286
      1	62318
      3	62364
      1	62377
      1	62467
      2	62534
      1	62543
      1	62584
      1	62585
      2	62615
      1	62680
      2	62761
      1	62800
      1	62849
      1	62882
      1	62927
      2	63002
      1	63027
      2	63147
      1	63198
      1	63323
      2	63330
      2	63338
      1	63363
      1	63372
      1	63382
      1	63390
      2	63409
      1	63410
      1	63480
      1	63550
      1	63617
      1	63642
      1	63705
      1	63832
      1	63834
      1	63878
      1	63936
      1	63984
      1	64020
      1	64032
      4	64080
      1	64094
      1	64105
      1	64170
      1	64306
      3	64424
      3	64446
      7	64474
      1	64485
      1	64513
      2	64520
      1	64528
      1	64530
      1	64633
      1	64740
      2	64883
      1	64920
      1	64927
      1	64995
      1	65117
      1	65179
      1	65271
      4	65334
      1	65381
      2	65408
      1	65467
      1	65469
      6	65487
