      5	11
      1	45
      2	67
      1	77
      2	91
      9	162
      1	175
      1	210
      2	248
      1	332
      1	352
      2	362
      1	426
      1	446
      2	462
      1	493
      1	560
      1	567
      1	596
      1	613
      1	660
      2	664
      1	763
      2	813
      1	845
      1	880
      2	936
      1	1079
      1	1085
      1	1089
      1	1090
      1	1173
      1	1213
      1	1214
      2	1232
      1	1250
      1	1251
      1	1253
      1	1254
      2	1261
      1	1267
      1	1357
      1	1361
      1	1392
      1	1424
      1	1471
      1	1488
      1	1503
      1	1534
      1	1552
      1	1628
      1	1640
      1	1682
      1	1688
      1	1777
      1	1882
      1	1918
      1	1976
      1	1977
      3	1981
      1	1986
      1	2002
      1	2051
      1	2087
      2	2093
      1	2225
      1	2248
      1	2271
      1	2281
      2	2349
      2	2400
      1	2470
      1	2474
      1	2485
      2	2522
      2	2565
      1	2594
      1	2715
      1	2750
      1	2757
      1	2803
      3	2872
      1	2913
      1	2955
      1	2997
      3	3013
      1	3101
      1	3107
      2	3204
      1	3244
      2	3264
      1	3279
      1	3282
      4	3307
      1	3328
      1	3336
      1	3377
      1	3397
      1	3450
      1	3459
      1	3486
      1	3491
      1	3493
      1	3552
      1	3583
      5	3608
      1	3645
      1	3765
      1	3790
      1	3792
      1	3793
      1	3864
      2	3946
      1	3997
      1	4026
      3	4109
      1	4152
      4	4211
      1	4233
      1	4238
      1	4262
      1	4286
      1	4442
      1	4466
      1	4581
      1	4609
      1	4637
      1	4850
      1	4853
      1	4901
      2	4930
      3	4931
      2	4937
      1	4964
      1	4969
      1	4976
      3	4993
      1	5030
      2	5047
      1	5084
      2	5160
      3	5161
      1	5173
      1	5178
      1	5185
      1	5267
      1	5287
      2	5348
      2	5423
      1	5457
      1	5468
      1	5509
      1	5565
      1	5571
      1	5588
      1	5598
      1	5652
      2	5748
      1	5823
      1	5846
      2	5852
      1	5888
      2	5905
      1	5945
      1	5950
      1	5981
      1	6012
      1	6099
      1	6150
      1	6197
      1	6219
      1	6274
      1	6275
      2	6338
      1	6393
      2	6591
      1	6603
     14	6614
      4	6635
      1	6662
      1	6677
      1	6685
      1	6692
      1	6710
      1	6917
      1	6918
      1	6928
      1	6934
      1	6980
      1	6981
      2	7011
      2	7062
      1	7075
      1	7113
      1	7145
      4	7166
      1	7173
      1	7186
      1	7206
      2	7234
      1	7249
      1	7266
      1	7319
      1	7349
      3	7374
      1	7378
      1	7402
      5	7403
      1	7457
      2	7466
      1	7505
      1	7558
      1	7560
      1	7565
      1	7586
      1	7602
      2	7650
      1	7682
      2	7692
      1	7750
      2	7765
      1	7799
      2	7817
      1	7819
      1	7827
      1	7869
      2	7967
      2	7970
      3	8011
      1	8016
      2	8018
      1	8076
      1	8091
      1	8105
      1	8123
      1	8172
      1	8185
      1	8201
      1	8202
      1	8216
      2	8240
      1	8256
      1	8264
      1	8273
      1	8338
      1	8376
      1	8390
      1	8399
      1	8462
      1	8519
      2	8639
      1	8733
      6	8754
      1	8783
      1	8817
      1	8847
      1	8859
      1	8900
      1	8920
      1	8922
      4	8962
      1	8977
      1	9108
      1	9141
      2	9148
      1	9182
      3	9229
      1	9267
      1	9295
      1	9304
      3	9317
      1	9345
      1	9432
      1	9452
      1	9546
      3	9573
      1	9585
      2	9687
      1	9765
      2	9787
      1	9797
      1	9824
      1	9900
      3	9937
      1	9949
      1	10026
      1	10037
      2	10059
      1	10100
      2	10104
      2	10118
      1	10160
      1	10194
      5	10314
      1	10447
      1	10448
      1	10485
      1	10541
      3	10563
      1	10585
      1	10633
      1	10688
      1	10744
      2	10825
      1	11071
      1	11100
      2	11109
      2	11124
      1	11146
      1	11235
      1	11290
      1	11382
      1	11385
      1	11397
      1	11437
      1	11495
      1	11559
      1	11662
      1	11696
      2	11751
      5	11762
      1	11801
      1	11907
      1	11921
      1	11926
      1	11930
      1	11964
      1	11967
      1	11986
      1	12027
      1	12072
      1	12127
      1	12236
      1	12245
      1	12290
      1	12294
      1	12295
      1	12356
      3	12397
      2	12435
      2	12440
      1	12457
      1	12472
      1	12502
      2	12532
      1	12534
      1	12535
      1	12591
      1	12631
      1	12703
      1	12757
      1	12762
      3	12809
      2	12814
      1	12853
      1	12863
      2	12896
      1	12982
      1	13005
      1	13054
      1	13055
      1	13081
      1	13119
      1	13172
      1	13271
      1	13298
      2	13308
      1	13333
      1	13344
      2	13369
      1	13410
      1	13464
      6	13489
      1	13491
      2	13525
      1	13561
      1	13571
      1	13600
      1	13619
      1	13681
      2	13687
      1	13715
      1	13738
      6	13805
      1	13913
      1	13938
      1	13974
      1	13991
      2	14032
      1	14058
      1	14107
      2	14184
      3	14275
      2	14289
      1	14310
      1	14332
      1	14392
      1	14395
      1	14401
      2	14410
      1	14429
      1	14459
      2	14466
      1	14487
      2	14512
      1	14553
      1	14555
      1	14593
      3	14684
      1	14772
      1	14806
      1	14835
      1	14866
      1	14883
      1	14906
      1	14923
      1	14940
      1	14942
      1	14952
      1	14962
      2	14980
      1	15021
      1	15058
      1	15067
      2	15088
      1	15120
      1	15121
      1	15148
      1	15181
      1	15203
      1	15257
      1	15268
      2	15310
      1	15379
      1	15429
      5	15491
      1	15518
      1	15519
      1	15590
      1	15592
      1	15617
      1	15639
      2	15650
      1	15651
     16	15684
      2	15773
      1	15784
      1	15789
      1	15875
      1	15889
      1	15892
      1	15911
      1	16023
      1	16079
      1	16094
      2	16117
      1	16164
      1	16193
      3	16230
      1	16239
      5	16247
      1	16276
      1	16290
      1	16334
      1	16412
      3	16460
      1	16465
      1	16485
      1	16503
      2	16628
      2	16637
      1	16649
      3	16704
      1	16788
      1	16823
      1	16862
      1	16944
      1	16968
      2	16981
      2	17000
      4	17018
      1	17027
      1	17088
      1	17117
      1	17185
      1	17206
      2	17213
      2	17252
      1	17333
      1	17352
      1	17396
      2	17434
      2	17466
      1	17557
      1	17582
      1	17592
      1	17648
      1	17654
      9	17773
      1	17780
      1	17782
      1	17861
      2	17917
      1	17965
      1	17974
      2	17975
      2	17989
      1	17993
      1	18203
      1	18257
      1	18264
      1	18271
      1	18279
      1	18280
      1	18402
      1	18419
      1	18442
      1	18448
      1	18511
      1	18539
      1	18567
      1	18589
      3	18590
      1	18735
      4	18745
      2	18770
      1	18777
      1	18824
      1	18842
      1	18870
      1	18899
      1	18905
      1	18907
      1	18966
      1	19053
      1	19239
      1	19255
      1	19443
      1	19475
      2	19497
      2	19543
      1	19641
      1	19657
      1	19678
      1	19711
      1	19762
      1	19775
      1	19862
      1	19891
      1	19904
      1	19923
      1	19928
      1	19929
      1	19948
      1	19955
      1	19978
      1	19994
      1	20049
      2	20051
      1	20061
      1	20152
      1	20162
      1	20195
      1	20267
      2	20268
      1	20277
      1	20357
      1	20406
      1	20438
      1	20451
      1	20454
      1	20480
      1	20483
      1	20546
      2	20611
      2	20612
      1	20671
      1	20687
      1	20713
      2	20729
      2	20743
      2	20768
      2	20827
      4	20837
      2	20865
      1	20868
      1	20888
      1	20896
      1	20946
      1	21001
      1	21082
      1	21096
      1	21110
      4	21125
      1	21134
      1	21163
      1	21170
      1	21180
      5	21201
      1	21224
      1	21249
      2	21255
      1	21285
      1	21335
      1	21340
      1	21380
      1	21463
      1	21471
      2	21476
      1	21517
      2	21598
      2	21599
      1	21610
      1	21693
      1	21712
      1	21720
      1	21740
      1	21750
      1	21758
      1	21774
      1	21822
      1	21830
      1	21832
      1	21838
      1	21885
      1	21909
      2	21926
      3	21931
      1	21939
      3	22010
      2	22078
      1	22116
      1	22164
      2	22217
      1	22304
      1	22336
      2	22340
      1	22365
      1	22367
      2	22486
      1	22499
      1	22515
      1	22564
      1	22601
      1	22629
      2	22633
      1	22741
      2	22744
      1	22832
      1	22902
      1	22911
      1	23023
      1	23038
      1	23086
      5	23094
      1	23095
      4	23113
      1	23114
      2	23118
      1	23183
      1	23228
      1	23247
      1	23250
      1	23309
      1	23343
      1	23379
      1	23396
      1	23435
      5	23498
      1	23576
      2	23577
      1	23580
      1	23599
      1	23728
      1	23751
      2	23780
      1	23808
      1	23811
      1	23828
      1	23852
      1	23978
      1	23982
      2	23999
      1	24032
      2	24075
      1	24130
      1	24162
      1	24166
      1	24222
      1	24251
      1	24271
      1	24326
      1	24337
      2	24345
      2	24352
      2	24376
      1	24386
      1	24450
      1	24456
      2	24464
      1	24470
      1	24492
      1	24635
      1	24696
      2	24698
      2	24793
      1	24794
      1	24800
      1	24817
      1	24830
      1	25061
      1	25079
      1	25102
      1	25185
      1	25339
      1	25358
      1	25367
      1	25401
      1	25437
      1	25439
      1	25445
      1	25476
      3	25488
      1	25552
      1	25555
      4	25563
      1	25608
      1	25612
      1	25620
      2	25645
      1	25650
      1	25659
      1	25689
      1	25728
      1	25750
      1	25753
      1	25839
      2	25894
      2	25899
      1	25921
      1	25935
      1	25944
      1	25985
      1	26002
      1	26004
      2	26014
      1	26025
      2	26070
      1	26080
      1	26111
      2	26135
      2	26202
      1	26211
      2	26246
      1	26264
      1	26266
      1	26324
      1	26327
      1	26328
      1	26332
      1	26412
      1	26420
      3	26435
      1	26470
      1	26472
      1	26477
      1	26497
      1	26512
      1	26537
      1	26544
      1	26636
      8	26666
      1	26748
      1	26756
      2	26772
      1	26777
      1	26791
      1	26826
      1	26828
      1	26838
      1	26842
      1	26892
      1	26959
      3	26979
      1	27032
      2	27039
      2	27118
      1	27131
      1	27178
      1	27233
      1	27257
      1	27276
      1	27331
      1	27361
      1	27565
      1	27642
      2	27681
      1	27782
      1	27828
      1	27834
      1	27864
      3	27890
      1	27893
      5	27920
      1	27944
      1	27947
      1	27954
      2	27995
      1	28002
      1	28015
      1	28034
      1	28070
      1	28077
      1	28270
      3	28390
      1	28391
      1	28396
      3	28430
      1	28438
      1	28464
      5	28468
      2	28469
      1	28490
      1	28498
      1	28538
      1	28552
      1	28568
      1	28589
      1	28603
      1	28610
      2	28630
      1	28637
      1	28762
      1	28768
      1	28817
      1	28824
      1	28870
      1	28879
      3	28885
      8	28907
      2	28911
      4	29027
      1	29139
      1	29191
      1	29224
      1	29229
      5	29235
      1	29237
      1	29257
      1	29271
      1	29373
      2	29379
      1	29397
      1	29456
      1	29515
      1	29529
      1	29564
      1	29596
      2	29619
      1	29766
      3	29831
      1	29853
      1	29889
      1	29946
      1	29980
      2	30040
      1	30066
      1	30119
      1	30168
      1	30177
      1	30189
      1	30194
      1	30361
      1	30390
      2	30402
      1	30422
      1	30472
      1	30501
      1	30575
      1	30581
      1	30595
      1	30613
      1	30653
      1	30659
      2	30716
      1	30735
      1	30770
      1	30801
      1	30869
      1	30910
      1	30931
      1	30955
      1	30958
      1	31069
      1	31106
      1	31178
      4	31203
      1	31260
      1	31358
      1	31364
      1	31395
      1	31397
      1	31409
      1	31447
      5	31473
      2	31493
      1	31538
      3	31562
      1	31585
      1	31623
      1	31647
      1	31750
      3	31864
      1	32003
      3	32022
      2	32079
      3	32120
      1	32132
      1	32177
      2	32206
      2	32239
      1	32272
      1	32288
      1	32331
      1	32337
      1	32339
      1	32342
      1	32386
      1	32410
      2	32426
      1	32490
      2	32526
      1	32573
      1	32657
      1	32684
      1	32713
      1	32770
      1	32799
      1	32831
      1	32871
      1	32893
      2	33045
      1	33052
      1	33100
      2	33169
      1	33187
      1	33194
      2	33198
      1	33226
      1	33314
      1	33348
      1	33385
      1	33388
      1	33451
      1	33461
      2	33462
      1	33546
      2	33565
      1	33577
      2	33597
      1	33630
      2	33662
      1	33705
      1	33755
      1	33762
      2	33999
      1	34002
      1	34005
      1	34043
      1	34092
      1	34098
      1	34110
      2	34118
      1	34137
      1	34150
      1	34151
      1	34165
      2	34242
      1	34264
      1	34279
      1	34282
      1	34369
      1	34483
      1	34503
      1	34546
      1	34555
      1	34575
      2	34579
      3	34608
      1	34689
      1	34691
      3	34708
      1	34716
      1	34723
      1	34728
      1	34729
      3	34757
      1	34763
      1	34776
      1	34789
      2	34809
      2	34817
      1	34931
      1	34975
      2	34990
      1	35086
      1	35126
      1	35183
      3	35237
      1	35249
      1	35262
      1	35267
      3	35308
      1	35311
      1	35354
      1	35355
      1	35425
      2	35501
      1	35528
      1	35553
      4	35625
      1	35630
      1	35641
      1	35644
      1	35646
      1	35684
      1	35717
      2	35762
      1	35779
      1	35791
      2	35801
      1	35810
      1	35814
      1	35838
      1	35840
      1	35915
      1	35928
      1	35930
      2	36031
      1	36041
      1	36044
      1	36048
      1	36053
      1	36056
      3	36071
      1	36080
      1	36091
      1	36102
      1	36107
      3	36112
      2	36169
      1	36231
      2	36329
      1	36388
      2	36450
      1	36454
      1	36456
      1	36480
      1	36482
      2	36494
      1	36558
      1	36572
      2	36600
      1	36612
      1	36638
      3	36642
      1	36681
      1	36690
      1	36705
      1	36780
      4	36800
      1	36808
      2	36870
      1	36884
      1	36943
      1	36958
      1	36979
      3	37016
      1	37062
      1	37086
      1	37103
      1	37124
      1	37127
      1	37213
      1	37233
      1	37260
      3	37271
      1	37277
      1	37292
      2	37316
      1	37342
      1	37354
      4	37407
      2	37425
      1	37465
      1	37498
      1	37511
      2	37513
      1	37554
      2	37640
      1	37716
      1	37788
      1	37814
      1	37819
      1	37927
      5	37997
      1	38018
      1	38023
      1	38056
      1	38133
      1	38138
      1	38164
      1	38181
      1	38243
      1	38293
      2	38295
      1	38311
      1	38345
      1	38364
      1	38366
      2	38439
      3	38480
      2	38549
      1	38624
      1	38677
      1	38704
      1	38722
      1	38738
      1	38781
      2	38793
      1	38795
      2	38839
      1	38854
      1	38859
      1	38932
      1	38944
      1	38958
      1	38973
      1	39012
      1	39049
      1	39098
      3	39124
      1	39127
      1	39130
      1	39176
      1	39186
      1	39204
      1	39247
      1	39275
      1	39294
      1	39325
      1	39410
      1	39432
      1	39434
      1	39451
      2	39460
      2	39530
      1	39660
      1	39683
      1	39689
      4	39705
      1	39710
      1	39756
      2	39790
      1	39809
      1	39898
      1	39931
      1	39950
      1	39964
      1	39977
      1	39999
      4	40010
      1	40019
      1	40047
      1	40093
      1	40100
      1	40170
      1	40184
      1	40212
      1	40263
      1	40347
      1	40358
      1	40384
      1	40389
      6	40405
      1	40407
      1	40462
      1	40490
      2	40518
      1	40661
      1	40693
      1	40712
      1	40779
      1	40789
      1	40814
      2	40825
      5	40830
      1	40950
      1	40964
      1	40995
      1	41021
      1	41032
      1	41093
      1	41133
      2	41140
      1	41145
      1	41159
      1	41185
      1	41203
      1	41235
      1	41256
      1	41297
      1	41298
      1	41315
      1	41333
      1	41348
      1	41350
      1	41352
      2	41355
      1	41456
      1	41471
      2	41582
      2	41584
      3	41600
      1	41654
      1	41669
      1	41749
      1	41753
      1	41770
      4	41771
      2	41794
      2	41896
      1	41972
      1	41988
      3	42034
      7	42036
      1	42043
      1	42085
      1	42120
      1	42181
      2	42207
      4	42281
      1	42282
      2	42309
      1	42322
      1	42334
      2	42355
      1	42368
      3	42372
      2	42380
      1	42501
      1	42517
      1	42576
      1	42631
      1	42649
      1	42651
      1	42675
      1	42691
      1	42696
      2	42723
      1	42728
      1	42748
      2	42761
      2	42803
      1	42820
      1	42828
      3	42855
      1	42936
      1	43026
      1	43036
      1	43055
      1	43062
      1	43120
      2	43145
      1	43202
      1	43214
      1	43245
      1	43255
      1	43329
      1	43336
      1	43391
      1	43463
      1	43481
      3	43518
      1	43566
      1	43602
     16	43603
      1	43610
      1	43611
      1	43685
      1	43737
      1	43739
      1	43761
      7	43763
      1	43789
      1	43811
      2	43832
      1	43856
      1	44024
      1	44114
      1	44117
      1	44123
      6	44136
      2	44141
      1	44153
      1	44238
      2	44311
      1	44329
      1	44389
      1	44479
      1	44489
      2	44572
      1	44596
      1	44724
      1	44737
      1	44812
      1	44813
      2	44833
      1	44843
      1	44878
      1	44896
      1	44959
      2	44961
      1	45015
      1	45033
      1	45036
      1	45058
      1	45134
      1	45141
      5	45145
      1	45178
      1	45189
      1	45200
      1	45267
      2	45322
      1	45345
      2	45351
      1	45380
      1	45383
      6	45465
      2	45466
      1	45485
      1	45570
      2	45643
      2	45655
      1	45678
      1	45703
      2	45708
      1	45778
      2	45780
      2	45796
      3	45828
      1	45847
      1	45881
      1	45943
      1	45979
      1	45997
      1	46016
      1	46077
      1	46117
      1	46183
      1	46185
      3	46297
      1	46353
      1	46403
      1	46417
      1	46446
      1	46530
      1	46531
      1	46541
      2	46554
      4	46595
      1	46606
      2	46623
      1	46637
      1	46680
      1	46699
      1	46734
      7	46743
      1	46753
      6	46799
      1	46844
      1	46872
      1	46925
      1	47031
      1	47050
      1	47053
      1	47101
      1	47153
      1	47309
      2	47311
      1	47367
      1	47373
      1	47376
      1	47380
      1	47421
      2	47432
      1	47475
      1	47478
      1	47499
      1	47516
      1	47584
      1	47597
      1	47611
      1	47634
      1	47647
      1	47657
      1	47850
      1	47905
      1	47932
      1	48005
      1	48075
      2	48083
      2	48104
      2	48152
      1	48164
      2	48203
      1	48215
      1	48218
      1	48333
      1	48368
      1	48392
      1	48412
      2	48427
      2	48485
      2	48533
      1	48690
      1	48746
      4	48765
      3	48777
      1	48874
      1	48984
      1	49035
      1	49063
      2	49086
      1	49102
      1	49136
      1	49180
      1	49182
      1	49201
      2	49204
      1	49247
      1	49267
      3	49305
      1	49328
      1	49330
      1	49362
      1	49458
      1	49495
      2	49501
      1	49535
      5	49549
      1	49569
      3	49598
      1	49604
      1	49650
      1	49664
      1	49680
      1	49780
      1	49825
      2	49844
      1	49847
      1	49947
      1	50015
      1	50058
      6	50170
      1	50176
      1	50184
      1	50208
      1	50294
      2	50377
      1	50424
      1	50481
      1	50484
      1	50580
      2	50660
      1	50715
      1	50779
      2	50810
      1	50822
      1	50838
      2	50872
      1	50952
      1	51018
      1	51021
      1	51028
      1	51041
      1	51071
      1	51076
      1	51144
      1	51160
      2	51198
      1	51201
      1	51207
      1	51261
      1	51300
      1	51336
      2	51385
      1	51392
      1	51434
      1	51450
      1	51483
      3	51539
      2	51593
      1	51601
      1	51662
      1	51664
      1	51686
      2	51696
      1	51744
      1	51813
      1	51882
      1	51893
      1	51895
      1	51913
      1	51920
      2	51936
      1	51959
      2	52020
      2	52090
      2	52112
      3	52119
      2	52181
      1	52271
      1	52328
      1	52337
      1	52346
      1	52363
      2	52375
      1	52376
      1	52389
      1	52413
      1	52444
      3	52496
      1	52506
      2	52527
      1	52694
      1	52794
      1	52798
      1	52948
      1	52951
      1	52989
      1	53026
      2	53028
      1	53054
      1	53068
      1	53071
      1	53146
      1	53155
      5	53232
      1	53235
      2	53243
      1	53265
      1	53284
      1	53324
      4	53339
      1	53357
      1	53390
      1	53401
      2	53402
      1	53449
      1	53479
      1	53489
      4	53550
      1	53584
      1	53596
      2	53623
      4	53624
      1	53657
      6	53692
      1	53746
      2	53820
      1	53854
      1	53908
      2	53918
      1	53925
      1	53943
      1	53962
      1	53976
      1	54058
      2	54140
      2	54184
      1	54205
      1	54210
      1	54215
      1	54232
      1	54235
      1	54240
      2	54245
      1	54272
      1	54307
      1	54321
      1	54407
      3	54430
      1	54525
      1	54552
      1	54653
      1	54712
      1	54733
      2	54848
      1	54972
      1	54992
      1	55099
      2	55135
      3	55217
      1	55273
      2	55303
      1	55312
      1	55345
      1	55369
      1	55398
      1	55418
      2	55441
      8	55460
      1	55462
      1	55475
      6	55486
      1	55572
      1	55587
      1	55615
      1	55633
      1	55680
      1	55682
      1	55766
      1	55772
      4	55776
      1	55795
      1	55796
      1	55814
      1	55842
      1	55881
      1	55919
      1	55934
      1	55936
      1	56014
      1	56059
      2	56084
      1	56091
      1	56143
      1	56147
      1	56151
      1	56266
      1	56315
      1	56348
      1	56359
      1	56425
      1	56427
      2	56434
      1	56469
      1	56484
      1	56486
      1	56489
      1	56533
      1	56574
      1	56624
      1	56644
      1	56663
      2	56693
      1	56704
      1	56710
      1	56718
      1	56814
      1	56823
      1	56847
      1	56900
      1	56912
      2	56921
      1	56930
      1	56939
      1	56943
      2	56947
      1	57051
      2	57064
      9	57110
      1	57118
      6	57133
      1	57218
      1	57250
      3	57271
      1	57297
      1	57315
      1	57438
      2	57459
      1	57534
      2	57559
      1	57582
      1	57603
      1	57608
      1	57622
      1	57743
      1	57748
      1	57758
      1	57850
      1	57904
      1	57905
      1	57922
      1	57951
      2	58208
      2	58216
      3	58222
      1	58281
      2	58373
      1	58472
      1	58496
      1	58505
      1	58516
      1	58521
      1	58527
      1	58578
      1	58580
      1	58586
      1	58617
      1	58635
      1	58678
      1	58680
      1	58730
      1	58731
      1	58734
      1	58746
      1	58768
      1	58786
      1	58792
      1	58798
      1	58815
      1	58845
      1	58886
      6	58887
      1	58915
      1	58930
      1	58997
      1	59003
      2	59017
      1	59107
      4	59112
      1	59117
      1	59142
      1	59165
      1	59250
      1	59270
      1	59274
      1	59287
      1	59302
      1	59327
      1	59407
      1	59456
      1	59484
      1	59519
      2	59532
      2	59573
      1	59636
      1	59659
      1	59663
      1	59704
      1	59720
      1	59735
      1	59739
      1	59758
      2	59762
      1	59780
      1	59798
      1	59811
      1	59868
      1	59979
      1	60123
      1	60210
      1	60291
      1	60331
      4	60333
      1	60334
      2	60384
      1	60427
      1	60433
      1	60457
      1	60461
      1	60486
      1	60501
      1	60511
      1	60574
      1	60605
      1	60626
      5	60750
      1	60757
      1	60774
      2	60793
      1	60858
      1	60880
      1	60890
      2	60909
      2	60910
      1	60997
      1	61054
      1	61131
      3	61140
      1	61180
      2	61182
      4	61226
      1	61230
      1	61249
      1	61261
      1	61272
      2	61280
      1	61298
      1	61330
      2	61340
      1	61354
      1	61363
      1	61466
      1	61531
      1	61570
      5	61648
      1	61655
      1	61683
      1	61717
      1	61787
      1	61829
      2	61832
      1	61955
      1	62001
      1	62070
      2	62095
      1	62159
      1	62223
      1	62284
      1	62290
      1	62343
      1	62382
      2	62462
      1	62463
      1	62504
      1	62537
      1	62570
      1	62577
      1	62586
      1	62617
      1	62665
      1	62703
      1	62729
      1	62754
      1	62756
      1	62760
      3	62788
      1	62808
      1	62897
      1	62919
      1	62980
      1	63002
      2	63047
      1	63097
      3	63120
      1	63165
      1	63198
      1	63306
      1	63322
      1	63338
      1	63363
      2	63450
     12	63465
      1	63481
      1	63611
      1	63656
      1	63660
      1	63709
      2	63743
      1	63757
      1	63789
      1	63811
      1	63918
      1	63950
      1	63975
      1	63987
      1	63999
      2	64065
      1	64071
      2	64080
      3	64084
      1	64104
      1	64105
      1	64129
      1	64170
      2	64196
      1	64284
      1	64294
      2	64313
      1	64366
      2	64381
      1	64459
      1	64513
      1	64520
      2	64529
      1	64626
      2	64637
      1	64670
      2	64885
      4	64913
      1	64951
      1	65023
      1	65080
      1	65088
      2	65093
      1	65168
      1	65173
      1	65174
      1	65197
      1	65198
      1	65251
      4	65273
      2	65278
      2	65296
      2	65334
      1	65352
      3	65408
      1	65410
      1	65413
      1	65418
      1	65461
      2	65466
      1	65493
      1	65523
