      2	779
      2	960
      1	1544
      1	1552
      1	1554
     10	2417
      1	2745
      1	2834
      1	3495
      1	5375
      1	5389
      2	5733
      2	6045
      1	6455
      1	7246
      1	7271
      1	7403
      1	7572
      1	7817
      1	8500
      1	9241
      1	9498
      6	9693
      1	9707
      4	9750
      1	10610
      1	10849
      1	12396
      1	12967
      1	12970
      1	13098
      2	13209
      1	13261
      1	13421
      1	13806
      1	13965
      1	14184
      1	15461
      1	16007
      1	16503
      1	16628
      1	16790
      1	16890
      1	17338
      2	18179
      3	18419
      1	18707
      1	18937
      1	19034
      2	19268
      1	19405
      1	19683
      3	20267
      1	20349
      2	20506
      1	20649
      1	20861
      2	20950
      1	21359
      1	21650
      1	21775
      1	22023
      1	22336
      1	22495
      1	22646
      1	22903
      1	22970
      1	23385
      1	23486
      1	23611
      1	23720
      1	24406
      1	24820
      1	25787
      1	26641
      1	26739
      1	26803
      1	27039
      1	27413
      1	27966
      1	28365
      1	28802
      1	29021
      1	29945
      2	30092
      1	30460
      1	30590
      3	30605
      1	30733
      5	31778
      3	32032
      1	32079
      1	32114
      1	32515
      1	32799
      1	32887
      1	33116
      1	33287
      1	33463
      4	33485
      1	33586
      1	33662
      1	34538
      1	34608
      1	34627
      1	34723
      3	34773
      1	34776
      1	34865
      1	35021
      1	35949
      1	35999
      1	36774
      1	37410
      2	37490
      1	37997
      1	38160
      1	38171
      1	38311
      1	38665
      1	39159
      2	39515
      1	40120
      1	40575
      2	40592
      1	41185
      3	41532
      1	41632
      1	41986
      1	42027
      1	42136
      1	42372
      3	42579
      1	43234
      1	43827
      1	43832
      1	44329
      1	45509
      1	46451
      1	46809
      1	47302
      1	47497
      8	47613
      1	47905
      1	48013
      1	48391
      1	49094
      1	49358
      1	49938
      1	50046
      1	50565
      1	50602
      1	50777
      2	51042
      1	51100
      1	51120
      1	51434
      1	51478
      1	51582
      1	52181
      1	53479
      1	53554
      1	53786
      2	54507
      1	55396
      2	55421
      2	55460
      2	55486
      1	55818
      1	56073
      1	56187
      1	56762
      1	56855
      5	57074
      1	57449
      1	57507
      1	57566
      1	57999
      2	58352
      1	58566
      1	58606
      1	58852
      1	58895
      1	59424
      1	59571
      1	59688
      1	59834
      1	60344
      1	60387
      1	61460
      1	62095
      1	62098
      1	62183
      2	63077
      1	63092
      1	63097
      1	63317
      1	63398
      1	63807
      2	63854
      5	64056
      1	64164
      1	64637
      1	65029
