      1	67
      1	162
      1	198
      1	322
      2	411
      1	509
      1	547
      2	708
      1	758
      1	792
      1	865
      2	934
      1	1011
      1	1248
      1	1354
      2	1824
      1	1849
      7	1857
      1	2093
      1	2312
      7	2505
      3	2621
      8	2741
      1	2849
      1	2866
      1	3093
      2	3252
      6	3375
      1	3384
      1	3764
      5	3843
      1	4245
      1	4326
      1	4510
      1	4515
      1	4608
      2	4664
      1	4683
      1	4704
      1	5069
      2	5110
      1	5701
     23	5885
      1	6032
     19	6054
      1	6271
      1	6463
      2	6568
      1	6654
      1	6729
      2	6837
      1	7206
      1	7222
      1	7332
      2	7348
      1	7467
      1	7579
      1	7817
      1	7892
      1	7974
      2	7981
      1	8028
      2	8193
      1	8264
      1	8296
      2	8312
      1	8819
      1	8843
      2	8854
      3	8958
      1	9046
      1	9156
      1	9259
      1	9326
      1	9334
      2	9633
      1	9727
      1	9735
      2	9928
      1	10073
      1	10198
      2	10362
      1	10371
      2	10428
      1	10454
      1	10660
      2	11308
      4	11337
      1	11491
      1	11602
      1	11718
      1	11840
      1	12020
      1	12052
      1	12142
      1	12173
      1	12384
      1	12404
      3	12510
      1	12535
      1	12562
      1	12750
      1	12751
      1	12985
      2	13152
     29	13344
      2	13457
      2	13633
     17	13945
      1	14234
      2	14325
      1	14381
      1	14576
      1	14775
      1	14887
      1	15318
      3	15348
      2	15491
      1	15535
      6	15684
      1	15691
      1	15725
      2	15789
      1	15818
      1	16151
      1	16164
      1	16230
      1	16239
      2	16332
      1	16365
      1	16554
      1	16614
      4	16678
      1	16684
      1	16789
      1	17172
      1	17210
      2	17251
      1	17282
      1	17662
      9	17739
      1	17816
      1	18011
      1	18088
      1	18304
      1	18441
      1	18444
      1	18560
      2	18593
      1	18668
      3	18842
      1	18865
      1	18890
      1	19095
      1	19237
      1	19561
      2	19588
      1	19620
      2	20333
      1	20368
      1	20375
      2	20390
      1	20414
      1	20660
      2	20744
      1	21017
      1	21149
      1	21180
      1	21293
      1	21400
      1	21521
      1	21628
      1	21651
      1	21812
      4	21961
      1	22164
      1	22180
      2	22192
      1	22295
      2	22325
      1	22408
      1	22689
      2	22751
      1	22806
      5	23106
      1	23113
      1	23122
      6	23228
      1	23418
      1	23501
      1	23545
      2	24509
      1	24608
      1	24728
      3	24802
      1	24839
      3	24869
      3	25024
      1	25226
      8	25259
      1	25551
      1	25633
      1	25695
      1	25878
      1	26179
      1	26287
      1	26356
      1	26641
      1	26769
      1	26860
      1	27015
      1	27069
      1	27150
      2	27168
     47	27227
      1	27308
      1	27355
      1	27474
      9	27568
      1	27726
      1	27747
      1	28305
      1	28410
      1	28556
      1	28666
      1	28672
      1	28795
      3	28869
      2	28879
      2	28990
      2	29068
      1	29174
      2	29245
      1	29266
      1	29305
      1	29495
      1	29626
      6	29826
      1	29881
      1	29998
      2	30097
      1	30131
      1	30997
      1	31302
      1	31343
      1	31489
      1	31613
      1	31676
      1	31812
      1	32098
      1	32120
      2	32175
      4	32179
      1	32230
     42	32240
      1	32345
      2	32358
      1	32460
      2	32484
      6	32654
      1	32719
      1	32763
      1	32903
      1	32970
      1	32983
      1	33511
      2	33586
      1	33611
      2	33812
      5	33971
      1	34084
      1	34332
      1	34454
      1	35116
      1	35254
      1	35344
      1	35622
      1	35702
      1	36033
      1	36113
      5	36243
      1	36301
      1	36587
      1	36834
      3	36838
      2	36951
      1	37544
      1	37796
      1	37820
      4	38054
     11	38722
      7	38745
      1	38800
      2	38841
      1	38881
      1	38973
      1	39047
      2	39325
      1	39515
      1	39525
      1	39643
      1	39782
      1	39978
      2	40007
      5	40050
      1	40104
      1	40319
      2	40537
      1	40692
      1	40707
      1	41272
      1	41324
      1	41396
      1	41466
      2	41572
      5	41751
      1	41823
      1	41861
      3	41892
      1	41958
      1	42034
      2	42043
      1	42185
      1	42218
      1	42314
      1	42356
      1	42385
      1	42767
      6	42955
      3	43127
      1	43245
      1	43294
      1	43337
      1	43566
      3	43827
      1	43953
      5	43989
      1	44046
      1	44113
      1	44315
      2	44482
      1	44493
      1	44724
      1	44797
      1	45061
      1	45125
      1	45215
      1	45359
      1	45457
      1	45869
      1	45886
      8	45951
      1	45965
      2	45972
      1	46145
      1	46263
      3	46267
      1	46274
      1	46388
      1	46444
      2	46645
     11	46827
      1	46890
      1	47022
      1	47159
      1	47185
      1	47323
      1	47750
      1	47774
      1	47824
      1	47931
     12	47946
      1	48279
      1	48320
      1	48412
      1	48636
      1	48765
      1	48800
      1	48928
      1	48934
      1	48961
      2	49124
      1	49450
      1	49458
      1	49551
      1	49567
      3	49682
      1	49778
     15	50059
      1	50129
      1	50184
      1	50282
      1	50313
      1	50702
      1	50733
      1	50853
      1	51179
      1	51311
      1	51394
      1	51395
      1	51428
      1	51429
      2	51576
      1	51724
      1	51773
      1	51822
      1	51911
      1	51982
      2	52012
      3	52058
      1	52145
      1	52318
      3	52327
      1	52564
      1	52673
      1	52720
      2	52736
      1	52850
      1	52894
      1	52917
      1	53093
      1	53100
      1	53112
      1	53204
      1	53220
      1	53222
      1	53243
     10	53556
      1	53718
      1	53733
      1	53743
      9	53976
      2	54286
      1	54357
      1	54422
      1	54530
      1	54684
      1	54837
      1	54851
      1	54877
      1	55068
     13	55135
      1	55199
      1	55421
      1	55460
      2	55540
      1	55544
      1	55592
      1	56041
      2	56044
      4	56094
      1	56266
      1	56291
      1	56292
      2	56479
      1	56556
      1	56647
      1	56672
      1	56713
      7	56810
      1	56907
      1	57050
      1	57089
     13	57272
      1	57331
      1	57452
      1	57468
      2	57922
      1	57971
      1	58126
      1	58132
      1	58281
      1	58458
      1	58488
      1	58554
      1	58679
      1	58693
      4	58913
      1	58997
      1	59140
      3	59165
      3	59780
      1	59818
      1	59911
      1	59970
      1	60020
      6	60354
      3	60723
      1	60817
      2	60853
      4	61081
      2	61101
      2	61132
      1	61207
      1	61261
      7	61300
      1	61360
      1	61426
      1	61472
      1	61510
      1	61758
      1	61777
      1	62026
      1	62035
      1	62259
      3	62289
      1	62399
      1	62577
      1	62631
      1	62660
      1	62664
      7	62782
      3	62875
      1	63050
      3	63137
      1	63409
      1	63581
      1	63734
      1	63771
      2	63786
      1	63791
      1	63850
      1	64140
      1	64435
      3	64515
      1	64543
      2	64637
      1	64680
      1	65013
      1	65032
      1	65046
      2	65271
      1	65386
