      1	384
      1	1172
     11	1780
      1	1991
     15	2665
      1	3369
      3	3709
      1	3934
      2	4462
      1	4468
     10	4552
      1	4608
      3	4982
      2	4995
      2	5872
      2	5905
     25	6208
      2	6286
      1	6387
     31	6497
      1	6523
      2	6551
      5	7252
      1	7268
      1	7430
      1	7544
      1	7602
      1	7606
      3	7746
      4	7850
      1	7891
      1	7981
      1	8054
     50	8061
     11	8118
      1	8315
      1	8679
      1	8782
      1	8856
      1	8956
      1	8976
      2	9311
      1	9667
      3	9705
      1	10347
      5	10660
      1	11065
     13	11298
      7	11736
      4	11784
      1	12290
      1	12313
      1	12684
      1	13098
      1	13271
      1	13723
      2	13811
      1	14040
      2	14540
      2	14807
      1	14886
      1	14946
      1	14968
      1	15343
      1	15482
      1	15530
      1	15739
      1	15906
      1	15957
      1	15984
      1	16001
      2	16704
      1	16945
      2	17090
      1	18251
      1	18606
      1	18660
      1	19374
      1	19510
      1	19664
      1	20400
      1	20620
      3	20756
      1	20781
      3	21487
      1	21686
      2	22495
      1	22818
      1	22860
      1	23625
     10	23767
      1	24182
      1	24345
      1	24359
      1	24917
      1	25706
      1	25767
      1	25857
      1	26321
      1	26343
      4	26470
      3	26857
      1	27247
      1	27703
      1	28848
      1	29341
      2	30293
      5	30443
      1	30661
      1	31185
      1	31932
      1	32822
      1	33288
      2	33591
      7	33779
      1	34139
      2	34610
      1	34865
     21	35269
      2	35387
      1	36015
      1	36052
      1	36270
     10	36628
      1	36993
      1	37080
      1	37103
      1	37243
      3	37358
      1	37363
      1	37751
      2	38122
      1	38155
      1	38631
      1	38704
      1	38874
      1	39777
      1	40614
      1	40796
      2	41509
      2	41823
      4	42058
      9	42314
      1	42826
      1	43603
      3	43822
      7	43900
      1	44010
     10	44065
      2	44633
      1	44699
      1	44973
     16	45103
      1	45111
      1	45332
      1	45486
      1	46722
      1	47863
      2	47867
      1	47975
      1	48266
      1	48319
      1	48467
      1	48631
      1	49180
      1	49271
      1	49272
      4	49435
      1	49441
      1	50096
      7	50181
      1	50398
      1	50413
      1	50798
      2	51060
      1	51183
      2	51576
      1	52337
      1	52401
      2	52541
      7	52594
      1	52609
      1	52685
      1	52921
      1	53235
      8	53649
      1	53875
      1	54111
      1	54386
      3	54455
      1	54807
      1	55045
      1	55430
      1	56084
     10	56130
      2	56239
      7	56323
      1	56907
      1	58404
      2	58602
      1	58783
      1	59111
      1	59410
      1	59665
      1	59718
      2	59788
      1	60687
      2	61507
      1	61598
      1	61623
      1	62084
      1	62532
      1	62753
      1	64617
      1	65469
