      1	11
      1	31
      1	43
      1	45
      2	48
      1	60
     11	67
      1	98
      1	113
      1	174
      1	185
      1	210
      1	223
      2	235
      1	238
      1	322
      1	333
      1	336
      1	350
      1	361
      1	366
      2	408
      3	426
      2	451
      2	497
      4	498
      2	499
      1	515
      2	523
      1	547
      1	554
      1	559
      1	569
      1	583
      1	611
      9	648
      1	754
      1	767
      3	779
      1	808
      1	813
      4	865
      1	866
      2	868
      1	870
      2	880
      1	904
      4	925
      1	926
      1	927
      1	1009
      2	1068
      2	1079
      1	1092
      1	1103
      1	1105
      3	1142
      1	1149
      2	1198
      1	1222
      1	1232
      2	1248
      1	1253
      1	1288
      1	1305
      1	1330
      2	1468
      1	1489
      2	1552
      1	1616
      1	1656
      2	1696
      1	1699
      2	1709
      5	1780
      1	1872
      1	1873
      1	1892
      1	1947
      2	1955
      1	2021
      1	2044
      1	2064
      1	2067
      1	2100
      1	2107
      1	2132
      1	2153
      1	2163
      1	2183
      2	2206
      1	2216
      3	2245
      1	2246
      2	2273
      1	2364
      1	2378
      1	2414
      3	2434
      3	2452
      2	2481
      1	2522
      1	2566
      1	2613
      1	2652
      1	2659
      3	2665
      1	2689
      6	2695
      1	2749
      2	2758
      7	2766
      3	2796
      1	2817
      2	2818
      1	2823
      1	2835
      5	2843
      3	2882
      1	2885
      1	2919
      1	2985
      2	2991
      2	2992
      2	3005
      1	3031
      3	3058
      4	3063
      1	3083
      1	3114
      1	3183
      1	3184
      1	3189
      2	3191
      1	3243
      1	3267
      1	3305
      1	3351
      1	3355
      7	3376
      2	3378
      1	3384
      4	3385
      1	3472
      1	3495
      1	3519
      2	3551
      1	3636
      1	3650
      1	3661
      1	3709
      1	3715
      2	3754
      4	3764
      1	3792
      1	3797
      1	3803
      1	3821
      1	3872
      2	3879
      1	3889
      1	3948
      1	3995
      2	4011
      5	4032
      1	4043
      8	4060
      3	4064
      4	4106
      5	4109
      1	4153
      1	4174
      2	4211
      1	4228
     13	4250
      1	4293
      1	4308
      5	4329
      1	4332
      2	4438
      2	4473
      2	4522
      6	4552
      2	4578
      1	4592
      1	4597
      1	4617
      1	4630
      1	4664
      1	4676
      1	4735
      1	4758
      1	4760
      2	4780
      2	4783
      1	4790
      2	4791
      1	4792
      1	4797
      1	4856
      3	4900
      2	4926
      2	4930
      1	4942
      1	4976
      1	4983
      1	5002
      1	5024
      1	5071
      1	5218
      5	5233
      2	5254
      2	5271
      1	5325
      1	5329
      1	5337
      2	5457
      1	5475
      1	5509
      2	5532
      1	5571
      1	5573
      2	5587
      1	5588
      1	5598
      4	5736
      1	5893
     11	5905
      1	5907
      1	5924
      2	5927
      2	5943
      1	5963
      2	6007
      2	6037
      1	6060
      2	6107
      1	6128
      4	6208
      1	6217
      1	6378
      1	6382
      2	6455
      2	6497
      1	6551
      2	6566
      7	6575
      1	6596
      1	6638
      3	6727
      3	6763
      2	6805
      4	6821
      3	6825
      1	6858
      2	6871
      1	6887
      1	6947
      1	6980
      4	7011
      1	7013
      1	7015
      2	7040
      2	7080
      1	7102
      1	7109
      1	7129
      6	7141
      1	7199
      3	7207
     13	7221
      1	7246
      4	7252
      1	7275
      2	7356
      1	7364
      1	7372
      7	7403
      3	7616
      1	7620
      1	7638
      1	7706
      2	7713
      1	7733
      1	7746
      4	7770
     16	7776
      1	7846
      2	7850
      1	7861
      1	7883
      3	7888
      1	7892
      1	7947
      3	7948
      1	8011
      1	8054
      8	8061
      3	8101
      1	8114
      2	8118
      1	8123
      3	8141
      1	8153
     18	8172
      1	8236
      1	8303
      6	8310
      2	8315
      1	8323
      2	8332
      2	8350
      2	8406
      1	8537
      1	8558
      1	8641
      1	8664
      1	8679
      1	8703
      1	8740
      1	8796
      1	8817
      3	8856
      2	8901
      1	8930
      2	8934
      8	8962
      1	9012
      1	9013
      1	9028
      1	9029
      1	9032
      4	9115
      1	9147
      1	9166
      1	9174
      1	9211
      1	9216
      1	9227
      1	9261
      1	9284
      1	9317
      1	9334
      1	9388
      1	9411
      1	9516
      1	9533
      1	9753
      3	9765
      1	9809
      1	9812
      1	9839
      1	9873
      2	9937
      2	10020
      4	10026
      1	10028
      2	10059
      1	10083
      1	10168
      1	10189
      2	10194
      1	10250
      2	10259
      1	10307
      1	10324
      2	10346
      1	10374
      2	10385
      1	10393
      1	10422
      1	10467
      1	10472
      1	10476
      2	10498
      1	10565
      2	10612
      9	10671
      2	10694
      1	10712
      1	10724
      2	10747
      1	10832
      1	10864
      1	10872
      1	10908
      1	10926
      1	10934
      1	10974
      2	11025
      1	11065
      1	11095
      3	11119
      1	11124
      1	11157
      1	11223
      1	11235
      3	11251
      2	11277
      1	11281
      1	11290
      1	11297
      6	11298
      1	11309
      2	11317
      1	11319
      1	11321
      1	11378
      1	11382
      2	11402
      1	11437
      2	11491
      1	11573
      1	11605
      1	11645
      1	11654
      1	11662
      1	11701
      1	11704
      6	11736
      1	11751
      1	11784
      1	11803
      2	11829
      1	11850
      3	11858
      1	11887
      2	11905
      2	11926
      1	11932
      1	11964
      2	11985
      1	12049
      2	12072
      3	12084
      1	12098
      1	12140
      4	12202
      1	12224
      1	12260
      2	12284
      2	12295
      2	12301
      2	12307
      1	12328
      1	12334
      1	12342
      2	12348
      2	12364
      1	12374
      1	12397
      5	12440
      1	12441
      2	12505
      1	12510
      1	12515
      1	12534
      1	12584
      1	12597
      1	12621
      1	12622
      1	12633
      1	12665
      3	12689
      3	12762
      4	12797
      1	12841
      6	12936
      2	12984
      1	12993
      6	13025
      1	13045
      2	13057
      1	13068
      1	13090
      1	13098
      2	13100
      1	13137
      1	13178
      1	13214
      1	13300
      1	13338
      1	13366
      1	13388
      1	13390
      1	13403
      2	13423
      1	13437
      1	13453
      1	13504
      3	13545
      1	13561
      1	13679
      1	13699
      2	13723
      1	13728
      1	13743
      2	13805
      2	13863
      1	13865
      1	13898
      1	13906
      1	13920
      3	13934
      1	13945
      2	14032
      1	14083
      1	14111
      1	14153
      3	14163
      1	14166
      1	14191
      1	14212
      1	14235
      1	14290
      2	14293
      1	14296
     31	14377
      1	14381
      1	14447
      1	14569
      1	14626
      2	14649
      3	14723
      1	14740
      1	14770
      1	14779
      2	14786
      1	14826
      1	14827
      1	14869
      1	14896
      2	14898
      1	14984
      4	14989
      1	15039
      1	15204
      1	15220
      1	15246
      2	15256
      1	15287
      1	15298
      1	15317
      1	15319
      1	15328
      1	15348
      1	15422
      1	15429
      1	15437
      1	15491
      2	15497
     10	15518
      1	15561
      1	15585
      3	15590
      2	15599
      1	15639
      1	15656
      2	15659
      5	15704
      2	15708
     12	15789
      1	15801
      1	15812
      1	15818
      1	15865
      1	15894
      2	15911
      1	15920
      1	15939
      1	15988
      1	16002
      1	16136
      1	16137
      1	16142
      1	16188
      2	16219
      1	16227
      2	16230
      1	16231
      1	16234
      3	16242
      1	16285
      1	16332
      4	16334
      1	16345
     10	16350
      3	16414
      1	16460
      3	16465
      2	16495
      1	16498
      3	16503
      1	16524
      2	16574
      1	16605
      1	16614
      3	16713
      1	16734
      2	16745
     12	16792
      1	16831
      1	16916
      1	16917
     20	17003
      1	17033
      1	17051
      1	17096
      4	17105
      1	17117
      1	17159
      5	17168
      2	17173
      1	17192
      1	17207
      2	17225
      1	17233
      1	17251
      2	17267
      8	17338
      2	17341
      4	17355
      1	17375
      1	17383
      1	17387
      3	17399
      1	17408
      1	17466
      2	17486
      1	17498
      2	17506
      1	17520
      1	17553
      1	17585
      1	17591
      1	17600
      2	17637
      4	17707
      1	17709
      4	17736
      1	17756
      4	17769
      4	17771
      1	17805
      1	17861
      2	18003
      1	18119
      1	18122
      2	18202
      5	18219
      1	18221
      1	18270
      1	18291
      2	18343
      1	18394
      1	18409
      3	18427
      2	18443
      1	18444
      1	18518
      1	18567
      2	18595
      2	18612
      4	18633
      1	18689
      2	18706
      1	18720
      2	18734
      4	18756
      3	18768
      1	18813
      3	18872
      1	18896
      1	18901
     12	18907
      2	18919
      1	18937
      1	18992
      1	18994
      1	19094
      1	19110
      1	19111
      1	19211
      2	19226
      2	19233
     10	19239
      3	19286
      1	19305
      1	19366
      2	19372
      1	19411
      1	19417
     31	19420
      1	19499
      3	19539
      1	19543
      4	19585
      2	19620
      1	19637
      1	19685
      1	19781
      1	19816
      1	19856
      1	19861
      1	19891
      1	19903
      3	19904
      1	19911
      1	19957
      1	19976
      1	20023
      4	20051
      7	20102
      3	20165
      1	20216
      1	20226
      1	20252
      1	20260
      1	20267
      1	20324
      1	20341
      1	20362
      1	20364
      1	20464
      1	20470
      1	20487
      1	20550
      1	20591
      1	20667
      6	20700
      1	20852
      2	20861
      1	20882
      1	20892
      1	20917
     11	20939
      1	20955
      1	20976
      2	20981
      1	20994
      2	21017
      1	21076
      1	21110
      1	21123
      1	21148
      1	21157
      1	21158
      1	21169
      1	21180
      1	21200
      7	21321
      1	21337
      1	21369
      1	21459
      1	21465
      1	21538
      1	21542
      1	21589
      2	21619
      2	21625
      1	21660
      1	21665
      2	21666
      1	21745
      5	21764
      9	21876
      2	21915
      1	21926
      2	21985
      1	22007
      1	22012
      1	22063
      1	22073
      3	22118
      2	22134
      1	22145
      1	22171
      1	22180
      1	22188
      1	22191
      1	22300
      1	22315
      1	22335
      3	22392
      1	22451
      1	22457
      1	22477
      1	22515
      1	22552
      1	22601
      1	22624
      1	22633
      1	22653
      1	22739
      1	22782
      2	22827
      2	22832
      1	22840
      1	22842
      1	22850
      1	22862
      1	22866
      1	22902
      1	22911
      2	22970
      1	23030
     16	23052
      1	23070
      1	23079
      1	23086
      2	23218
      1	23325
      1	23349
      1	23357
      1	23376
      2	23383
      3	23492
      1	23501
      1	23526
      1	23540
      1	23595
      2	23599
      5	23650
      2	23670
      1	23694
      1	23698
      1	23736
      2	23741
      1	23757
      4	23767
      1	23772
      1	23782
      2	23788
      7	23798
      1	23815
      2	23843
      1	23853
      3	23861
      1	23936
      2	24004
      2	24039
      1	24063
      1	24109
      1	24136
      1	24172
      1	24242
      1	24244
      1	24251
      1	24298
      2	24331
      1	24345
      1	24468
      6	24492
      1	24551
      1	24558
      1	24570
      2	24586
      1	24596
      2	24625
      1	24660
      1	24672
      1	24698
      2	24703
      2	24707
      1	24728
      1	24767
      1	24774
      1	24793
      3	24818
      2	24828
      4	24830
      1	24839
      1	24874
      1	24960
      2	25014
      4	25020
      1	25037
      1	25168
      1	25174
      3	25267
      1	25301
      1	25312
      1	25317
      1	25343
      1	25357
     10	25358
      3	25359
     16	25367
      1	25421
      1	25445
      2	25501
      1	25543
      1	25551
      2	25556
      1	25558
      1	25595
      1	25618
      1	25631
      3	25640
      3	25641
      2	25650
      4	25663
      1	25674
      1	25677
      4	25821
      1	25846
      1	25878
      1	25893
      2	25921
      1	25923
      1	25952
      1	25960
      1	25961
      1	25980
      1	25985
      4	25988
      2	26004
      2	26020
      1	26027
      1	26070
      1	26144
      1	26256
      1	26287
      6	26301
      1	26314
      1	26332
      1	26345
      2	26353
      1	26356
      1	26364
      1	26407
      4	26435
      1	26442
      3	26470
      1	26489
      1	26543
      3	26550
      2	26635
      1	26642
      1	26646
      2	26648
      1	26660
      3	26666
      3	26672
     11	26703
      4	26711
      1	26722
      1	26736
      1	26795
      1	26799
      1	26811
      3	26818
      2	26840
      1	26842
      1	26844
      1	26849
      1	26874
      1	26900
      4	26909
      1	26917
      2	26947
      3	26970
      1	26979
      1	27062
      3	27075
      3	27154
      1	27175
      1	27192
      1	27209
      2	27221
      1	27230
      1	27233
      2	27246
      1	27257
      1	27286
      2	27325
      2	27354
      1	27374
      1	27444
      2	27495
      5	27519
      1	27529
      1	27610
      1	27615
      1	27649
      1	27706
      1	27727
      1	27774
      6	27834
      1	27858
      2	27893
      1	27914
      5	27944
      5	27980
      1	28027
      1	28049
      1	28058
      1	28062
      2	28077
      2	28096
      1	28152
      2	28199
      1	28210
      3	28218
     11	28220
      1	28230
      2	28232
      2	28254
      1	28273
      2	28365
      1	28424
      1	28479
      4	28487
      1	28509
      1	28524
      1	28538
      1	28543
      1	28550
      2	28556
      1	28560
      1	28618
      1	28688
      1	28732
      8	28751
      2	28809
      4	28813
      6	28824
      1	28846
      1	28870
      1	28898
      6	28907
      1	28950
      1	28960
      4	28964
      1	28974
      2	28990
      1	29002
      1	29005
      1	29025
      3	29028
      1	29035
      1	29101
      1	29122
      2	29140
      1	29166
      1	29197
      2	29226
      2	29268
      4	29270
      2	29296
      1	29311
      1	29377
      2	29398
      1	29408
      2	29456
      3	29490
      1	29513
      1	29564
      1	29566
      1	29586
      1	29593
      2	29676
      1	29678
      1	29692
      3	29753
      1	29784
      1	29826
      1	29881
      1	29934
      3	29945
      2	30018
      1	30023
      2	30040
      1	30043
      1	30095
      1	30097
      1	30135
      2	30141
      9	30144
      1	30206
      4	30246
      1	30273
      1	30295
      3	30313
      1	30318
      1	30355
      2	30374
      1	30446
      1	30472
      4	30506
      1	30534
      1	30562
      3	30592
      2	30598
      1	30613
      1	30620
      1	30744
      1	30747
      1	30769
      2	30776
      1	30788
      1	30829
      1	30851
      1	30882
      1	30909
      1	30932
      1	30933
      2	30941
      2	30980
      1	31010
      1	31049
      2	31069
      1	31105
      1	31106
      1	31147
      1	31150
      3	31153
      1	31160
      1	31193
      3	31212
      1	31258
      3	31360
      1	31405
      1	31438
      1	31447
      2	31455
      1	31456
      2	31469
      1	31476
      1	31535
      6	31557
      1	31565
      1	31613
      1	31625
      2	31675
      2	31685
      1	31697
      1	31701
      1	31718
      1	31748
      1	31779
      3	31787
      1	31789
      1	31804
      2	31810
      1	31833
      1	31844
      2	31904
      1	31915
      2	31943
      1	32001
      1	32004
      2	32043
      1	32045
      1	32071
      3	32072
      1	32087
      1	32110
      1	32148
      1	32157
      1	32186
      1	32221
      1	32224
      1	32230
      1	32280
      1	32308
      1	32316
      1	32319
      1	32342
      1	32354
      1	32390
      1	32392
      5	32393
      1	32406
      1	32426
      2	32441
      2	32451
      3	32459
      1	32486
      1	32497
      2	32515
      2	32540
      1	32634
      1	32657
      2	32671
      1	32704
      2	32722
      1	32770
      3	32779
      5	32830
      1	32857
      2	32863
      1	32871
      1	32889
      2	32899
      1	32905
      1	32980
      1	32983
      1	32991
      1	33055
      1	33070
      3	33100
      1	33138
      1	33165
      2	33180
      4	33205
      2	33209
      2	33226
     32	33252
      2	33259
      1	33291
      1	33317
      1	33326
      2	33367
      2	33375
      2	33386
      1	33450
      1	33454
      1	33508
      2	33509
      2	33536
      1	33638
      1	33651
      1	33665
      3	33674
      1	33705
      3	33759
      6	33779
      1	33913
      2	33966
      1	33971
      3	33972
      1	34005
      1	34076
      1	34123
      1	34136
      1	34155
      2	34196
      1	34207
      3	34210
      1	34227
      1	34260
      2	34348
      1	34353
      1	34362
      1	34375
      2	34395
      1	34405
      1	34526
     38	34536
      1	34567
      1	34697
      1	34730
      7	34735
      1	34764
      1	34814
      1	34819
      1	34874
      1	34977
      1	35047
      1	35051
      1	35056
      1	35058
      1	35086
      1	35121
      1	35149
      1	35170
      1	35192
      9	35223
      1	35231
      2	35235
      5	35253
      1	35266
      1	35267
      8	35269
      1	35276
      1	35310
      7	35327
      1	35344
      1	35385
      1	35415
      1	35422
      1	35501
      1	35513
      9	35515
      2	35551
      1	35568
      2	35576
      5	35586
      2	35618
      1	35630
      2	35644
     10	35708
      2	35727
      1	35754
      1	35824
      8	35838
      1	35844
      1	35866
      1	35962
      1	35976
      5	36113
      2	36180
      1	36188
      2	36193
      1	36201
      1	36244
      3	36262
      1	36304
      1	36351
      1	36358
      1	36374
      2	36423
      1	36431
      1	36501
      1	36559
      3	36612
      1	36614
      3	36628
      1	36658
      4	36680
      1	36725
      2	36740
      1	36773
      4	36810
      1	36840
      3	36851
      9	36870
      2	36933
      3	36991
      5	37006
      1	37010
      3	37061
      1	37062
      3	37077
      3	37079
      2	37098
      1	37126
      1	37176
      2	37213
      7	37308
      1	37355
      2	37387
      1	37393
      1	37449
      1	37471
      1	37490
      2	37503
      1	37504
      2	37527
      2	37593
      1	37595
      2	37601
     14	37640
      2	37672
      1	37699
      3	37751
      1	37769
      2	37796
      2	37810
      2	37871
      1	37984
      1	37997
      1	38054
      5	38066
      1	38151
      2	38153
      3	38181
      1	38205
      5	38216
      1	38221
      1	38224
      2	38232
      1	38237
      1	38266
      1	38336
      1	38389
      1	38398
      1	38428
      5	38444
      1	38449
      1	38464
      1	38480
      2	38484
      1	38589
      1	38642
      3	38665
      2	38673
      2	38689
      3	38738
      9	38926
      1	38947
      1	38950
      2	38962
      1	38981
      2	38983
      1	38985
      1	39043
      1	39049
      1	39075
      1	39101
      2	39171
      2	39175
      1	39182
      2	39206
      3	39219
      9	39234
      1	39294
      1	39377
      2	39383
      6	39432
      1	39447
      1	39451
      3	39458
      1	39460
      1	39484
      2	39485
      1	39524
      1	39525
      1	39660
      1	39670
      1	39674
      1	39702
     15	39705
      1	39714
      2	39758
      4	39795
      1	39866
      1	39868
      1	39949
      1	39950
      1	39972
      1	39981
      1	40009
      1	40063
      1	40112
      5	40130
      1	40149
      1	40202
      2	40250
      2	40252
      1	40298
      1	40332
      1	40358
      5	40405
      1	40412
      1	40423
      1	40439
      1	40459
      1	40468
      2	40537
      1	40546
      2	40552
      1	40554
      1	40577
      2	40592
      1	40619
      4	40661
      1	40721
      2	40725
      1	40816
      1	40837
      1	40845
      1	40901
      1	40951
      1	41048
      8	41070
      2	41080
     14	41103
      1	41130
      4	41163
      1	41184
      2	41185
      1	41202
      1	41235
      8	41241
      2	41262
     29	41311
      1	41315
      1	41325
      1	41341
      2	41356
      1	41361
      1	41393
      1	41473
      2	41507
      1	41578
      1	41602
      1	41758
      3	41782
      1	41797
      1	41970
      2	41986
      2	41987
      2	41992
      1	42010
      2	42024
      1	42027
      1	42040
      2	42043
      1	42051
      4	42058
      1	42069
      1	42089
      1	42112
      1	42180
      1	42183
      1	42192
      3	42229
      2	42230
      2	42312
      2	42329
      1	42344
     11	42357
      1	42380
      2	42414
      1	42425
      2	42433
      2	42465
      1	42523
      1	42546
      3	42651
      1	42662
      1	42687
      4	42699
      1	42715
      2	42788
      4	42815
      1	42826
      1	42842
      1	42847
      1	42851
      2	42855
      2	42863
      1	42912
      1	42914
      2	42926
      1	42966
      2	43039
      2	43050
      1	43123
      2	43167
      3	43214
      2	43230
      1	43278
      1	43320
      1	43369
      1	43405
     20	43421
      1	43496
      2	43518
      2	43548
      2	43602
      1	43616
      1	43718
      1	43726
      3	43733
      2	43737
      1	43744
      2	43827
      1	43832
      1	43853
      5	43890
      3	43900
      1	43905
      1	43989
      3	43996
      2	44065
      1	44087
      2	44104
      1	44176
      1	44188
      1	44248
      1	44275
      1	44323
      1	44328
      1	44350
      2	44389
      5	44432
      1	44453
      1	44489
      1	44683
      1	44715
      3	44716
      1	44724
      1	44727
      1	44746
      2	44752
      2	44758
      1	44767
      5	44777
      1	44804
      1	44820
      2	44902
      1	44912
      3	44927
      1	44959
      1	44968
      1	44995
      2	45135
      1	45178
      4	45180
      1	45214
      1	45247
      1	45263
      1	45267
      2	45302
      2	45307
      1	45358
      2	45435
      1	45457
     10	45460
      1	45499
      3	45550
      4	45603
      1	45665
      1	45689
      4	45692
      5	45702
      1	45748
      1	45778
      1	45791
      1	45800
      1	45818
      1	45847
      1	45854
      1	45861
      1	45877
      3	45881
      1	45897
      1	45901
      2	45906
      4	45943
      1	45951
      2	45955
      3	45986
      1	45990
      2	46016
      1	46071
      2	46073
      1	46075
      1	46076
      1	46102
      1	46113
      1	46122
      1	46166
      3	46174
      1	46200
      1	46234
      2	46245
      1	46257
      1	46261
      1	46263
      1	46302
      2	46318
      1	46322
      2	46329
      2	46344
      3	46357
      1	46385
      1	46389
      1	46409
      2	46412
      1	46420
      2	46509
      4	46526
      1	46574
      2	46580
      3	46659
      2	46664
      3	46667
      4	46680
      1	46716
      1	46724
      2	46727
      1	46734
      1	46739
      2	46743
      4	46780
      1	46791
      2	46806
      2	46810
      2	46887
      2	46895
      1	46901
      3	47005
      1	47006
      1	47038
      1	47072
      1	47104
      1	47133
      1	47143
      1	47164
      1	47191
      1	47257
      1	47302
      1	47323
      9	47380
      2	47384
      2	47421
      1	47428
      1	47437
      1	47448
      2	47478
      1	47486
      1	47492
      1	47530
      1	47640
      1	47677
      1	47688
      1	47696
      1	47746
      2	47783
      1	47788
      3	47873
      1	47918
      2	47931
      1	48013
      1	48056
      1	48064
      1	48086
      1	48097
      2	48169
      2	48263
      1	48266
      1	48292
      2	48293
     10	48337
     12	48359
      1	48391
      1	48400
      1	48408
      2	48434
      1	48456
      2	48478
      1	48503
      1	48580
      4	48618
      1	48645
      1	48695
      1	48750
      1	48812
      2	48832
      4	48852
      1	48864
      1	48874
      1	48884
      1	48902
      1	48954
      1	48992
      1	48995
      1	48996
      5	49059
      2	49078
      1	49081
      1	49128
      1	49134
      1	49180
      2	49217
      1	49234
      1	49269
      2	49305
      5	49346
      8	49362
      1	49371
      1	49399
      1	49408
      6	49435
      1	49454
      1	49481
      1	49484
      1	49495
      1	49521
      1	49538
      2	49549
      1	49551
      1	49582
      1	49623
      2	49682
      1	49710
      1	49766
      1	49779
      1	49787
      1	49804
      2	49806
      1	49815
      1	49831
      1	49842
      1	49847
      1	49956
      3	49966
      1	50058
      1	50136
      4	50147
      6	50164
      1	50169
      4	50177
      8	50181
      1	50184
      1	50209
      1	50227
      2	50244
      3	50264
      1	50349
      1	50352
      1	50383
      1	50385
      1	50474
      1	50477
      1	50544
      1	50590
      4	50660
      1	50670
      1	50686
      1	50719
      1	50754
      1	50769
      1	50812
      1	50827
      2	50828
      4	50850
      2	50915
      5	50955
      1	50957
      1	50983
      1	51035
      1	51065
      1	51088
      2	51099
      1	51111
      1	51144
      1	51147
      1	51172
      4	51209
      1	51334
      1	51350
      1	51353
      1	51394
      1	51395
      1	51412
      9	51433
      4	51450
      1	51511
      1	51521
      1	51532
      1	51582
      1	51588
      1	51593
      1	51599
      2	51609
      4	51662
      1	51667
      7	51721
      1	51741
      2	51777
      1	51795
      1	51806
      1	51810
      3	51822
      1	51823
      3	51829
      1	51835
      1	51837
     13	51872
      1	51882
      2	51902
      1	51914
      1	51998
      3	52013
      1	52032
      1	52067
      1	52068
      1	52154
      1	52164
      1	52181
      1	52234
      1	52236
      1	52256
      6	52271
      4	52311
      4	52325
      3	52351
      1	52370
      1	52382
      2	52386
      2	52491
      1	52571
      1	52572
      4	52594
      1	52603
      1	52641
      1	52643
      1	52698
      1	52707
      4	52762
     10	52780
      1	52867
      2	52894
      1	52914
      1	52917
      1	52938
      1	53004
      4	53111
      1	53151
      2	53154
      2	53155
      4	53204
      4	53205
      1	53220
      1	53243
      3	53278
      4	53317
      5	53344
      1	53347
      2	53363
      2	53401
      1	53409
      1	53418
      2	53433
      2	53440
      1	53479
      1	53493
      1	53495
      1	53508
      1	53524
      1	53544
      2	53548
      2	53555
      1	53567
      6	53593
      5	53624
      3	53649
      2	53657
      1	53659
      2	53667
      2	53689
      2	53691
      2	53708
      1	53745
      1	53792
      1	53846
      6	53870
      1	53882
      4	53918
      7	53925
      1	53951
      2	53985
      1	53992
      1	54039
      1	54100
      1	54102
      1	54103
      3	54150
      1	54245
      1	54248
     10	54251
      1	54304
      1	54321
      1	54324
      1	54334
      1	54386
      1	54402
      2	54422
      1	54507
      2	54615
      6	54628
      1	54636
      1	54662
      2	54679
      3	54704
      1	54732
      2	54786
      2	54801
      1	54851
      1	54898
      4	54916
      1	54926
      1	54927
      1	54961
      2	54992
      1	55023
      3	55053
      1	55136
      1	55141
      2	55160
      2	55210
      1	55214
      1	55219
      1	55239
     11	55257
      1	55299
      1	55386
      1	55393
      2	55401
      1	55411
      1	55418
      1	55438
      7	55486
      7	55498
      1	55557
      2	55576
      2	55587
      1	55609
      1	55668
      5	55734
      1	55736
      1	55776
      1	55782
      1	55837
      2	55868
      1	55875
      1	55890
      1	55938
      1	56074
      1	56105
      4	56113
      1	56125
      5	56130
      1	56131
      2	56143
      1	56178
      2	56187
      1	56200
      3	56260
      1	56281
      1	56310
      1	56313
      3	56323
      1	56324
      3	56348
      4	56368
      7	56371
      2	56418
      2	56429
      1	56434
      3	56469
      1	56490
      2	56504
      1	56533
      1	56556
      1	56575
      1	56583
      1	56604
      3	56624
      1	56644
      1	56676
      1	56690
      1	56693
      1	56806
      3	56821
      1	56823
      2	56886
      1	56889
      1	56907
      7	56943
      1	56952
      1	56956
      1	56981
      1	56991
      1	57001
      1	57041
      2	57056
      2	57178
      1	57218
      1	57235
      1	57254
      2	57271
      1	57290
      1	57345
      2	57349
      1	57353
      2	57356
      4	57375
      1	57391
      1	57396
      1	57445
      1	57482
      1	57486
      1	57502
      1	57522
      3	57537
      2	57552
      1	57564
      1	57566
      2	57601
      2	57612
      1	57621
      2	57630
      1	57664
      1	57678
      1	57698
      3	57730
      1	57740
      2	57757
      2	57871
      2	57936
      1	57951
      1	58081
      1	58109
      1	58132
      1	58173
      6	58191
      2	58199
      1	58202
      1	58211
      1	58217
      3	58235
      1	58286
      1	58323
      1	58346
      1	58347
      2	58366
      1	58400
      2	58413
      2	58429
      1	58488
      1	58527
      1	58552
      2	58575
      2	58602
      1	58622
      2	58649
      1	58679
      1	58720
      7	58749
      1	58760
      1	58774
      1	58778
      1	58787
      1	58799
      1	58805
      3	58824
      1	58937
      1	58938
      4	58981
      2	58984
      1	59002
      1	59052
      1	59060
      1	59107
      2	59134
      1	59236
      1	59252
      1	59259
     16	59308
      1	59363
      4	59472
      2	59485
      2	59513
      1	59514
      3	59544
      9	59645
      1	59681
      1	59700
      2	59744
      1	59800
      1	59834
      1	59891
      1	59911
      1	59926
      4	59979
      1	60023
      1	60036
      1	60039
      1	60058
      1	60081
      3	60127
      2	60132
      1	60156
      1	60172
      1	60197
      1	60232
      1	60238
      1	60311
      1	60312
      1	60334
      1	60367
      2	60370
      1	60380
      1	60453
      1	60457
      2	60493
      1	60495
      1	60523
      2	60555
      1	60568
      1	60621
      1	60644
      1	60743
      1	60745
      1	60803
      1	60819
      2	60826
      5	60853
      3	60909
      1	60946
      2	61005
      1	61064
      2	61066
      1	61110
      1	61140
      1	61169
      1	61171
      1	61207
      2	61226
      2	61239
      2	61243
      1	61249
      1	61258
      3	61277
      1	61330
      1	61331
     19	61340
      1	61346
     23	61445
      4	61603
      1	61638
      2	61754
      3	61766
      2	61817
      7	61881
      1	61928
      2	61944
      1	61961
      1	62010
      3	62051
      1	62107
      1	62126
      2	62174
      2	62183
      1	62195
      2	62218
      1	62227
      1	62259
      7	62261
      1	62288
      1	62296
      2	62336
      1	62374
      1	62427
      2	62441
      1	62485
      1	62495
      1	62502
      1	62534
      3	62535
      1	62550
      1	62591
      3	62616
      1	62629
      1	62631
      1	62661
      1	62664
      1	62672
      1	62730
      1	62780
      1	62791
      1	62874
      1	62947
      1	63010
      1	63031
      1	63041
      1	63044
      3	63047
      1	63051
      1	63112
      1	63134
      1	63146
      2	63247
      2	63250
      1	63310
      1	63337
      2	63338
      1	63356
      1	63387
      1	63394
      1	63410
      1	63426
      1	63465
      1	63484
      2	63497
      2	63528
      1	63558
      1	63581
      1	63611
      1	63686
      1	63693
      2	63710
      1	63723
      1	63743
      2	63776
      1	63872
      1	63889
      1	63940
      1	63980
      1	63984
      2	64020
      1	64038
      1	64054
      2	64062
      3	64084
      1	64146
     11	64170
      1	64206
      1	64239
      1	64283
      1	64304
      2	64307
      1	64316
      4	64328
      1	64339
      1	64371
      1	64408
      1	64425
      1	64448
      1	64465
      1	64528
      1	64568
      3	64581
      1	64637
      1	64651
      3	64698
      1	64703
      3	64770
      2	64840
      1	64846
      1	64855
      1	64856
      1	64918
      1	64923
      2	64932
      1	64947
      1	64965
      2	64968
      3	65053
      2	65061
      1	65087
      1	65095
      3	65168
      1	65172
      1	65187
      3	65198
      1	65199
      1	65229
      3	65275
      1	65278
      2	65322
      1	65330
      1	65374
      5	65407
      1	65462
