      5	11
      1	17
      2	29
      1	41
      1	45
      1	71
      1	77
      2	91
      1	97
      3	158
      2	172
      1	175
      2	191
      1	303
      3	322
      1	359
      1	374
      1	387
      1	428
      1	449
      1	462
      1	483
      1	515
      4	531
      2	533
      4	538
      1	553
      1	567
      1	577
      1	631
      2	690
      1	696
      2	712
      1	731
      1	734
      1	735
      1	753
      2	754
      1	755
      1	770
      6	779
      1	783
      1	798
      3	813
      3	823
      1	851
      1	853
      5	865
      3	880
      1	894
      1	936
      1	951
      1	974
      1	1070
      1	1079
      1	1121
      1	1122
      2	1160
      1	1172
      1	1176
      1	1182
      1	1190
      4	1232
      1	1248
      1	1254
      4	1261
      2	1264
     15	1288
      1	1307
      1	1317
      1	1357
      1	1371
      2	1387
      1	1389
      1	1405
      1	1424
      2	1505
      5	1508
      1	1530
      1	1532
      1	1544
      1	1546
      2	1552
      3	1557
      1	1558
      3	1588
      1	1616
      1	1641
      1	1663
      1	1723
      3	1734
      1	1782
      2	1785
      1	1795
      1	1813
      1	1836
      6	1848
      1	1853
      1	1867
      1	1877
      3	1886
      1	1900
      8	1911
      1	1923
      1	1961
      1	1976
      4	2020
      1	2041
      1	2044
      1	2056
      1	2057
      2	2077
      4	2087
      7	2093
      1	2131
      1	2141
      1	2156
      2	2163
      1	2251
      1	2267
      1	2325
      1	2388
      2	2410
      1	2442
      1	2443
      1	2470
      2	2475
      1	2481
      1	2490
      1	2503
      1	2516
      1	2523
      1	2532
      1	2559
      3	2566
      1	2567
      1	2579
      1	2589
      1	2595
      2	2613
      1	2652
      1	2663
      2	2683
      1	2684
      5	2688
      1	2695
      4	2743
      1	2766
      1	2780
      1	2817
      1	2836
      2	2849
      2	2879
      1	2917
      1	2922
      2	2925
      1	2983
      1	2994
      1	3003
      1	3004
      2	3014
      1	3020
      1	3022
      2	3026
      1	3028
      1	3058
      1	3060
      1	3063
      1	3098
      1	3103
      2	3104
      1	3114
      1	3138
      1	3212
      4	3239
      1	3256
      1	3287
      1	3322
      1	3330
      1	3344
      1	3351
      1	3374
      1	3375
      1	3397
     13	3427
      2	3459
      3	3486
      2	3493
      1	3499
      6	3506
      1	3508
      1	3514
      1	3528
      1	3543
      2	3552
      3	3564
      2	3577
      1	3595
      1	3645
      1	3652
      1	3661
      1	3666
      1	3684
      3	3690
      2	3709
      2	3732
      1	3733
      1	3737
      7	3745
      1	3781
      1	3819
      1	3830
      2	3842
      3	3886
      2	3890
      1	3932
      1	3942
      1	4000
      1	4001
      1	4015
      1	4040
      1	4064
      1	4086
      3	4106
      4	4109
      1	4196
      1	4211
      3	4216
      1	4224
      1	4238
      1	4241
      1	4249
      1	4271
      3	4286
      2	4299
      3	4326
      3	4336
      3	4379
      1	4386
      1	4388
      6	4390
      1	4411
      1	4430
      1	4449
      1	4456
      3	4464
      1	4485
      1	4506
      2	4581
      1	4586
      1	4592
      1	4606
      1	4640
      3	4645
      1	4651
      1	4662
      2	4664
      1	4671
      1	4672
      3	4681
      3	4696
      5	4732
      1	4743
      1	4753
      1	4754
      2	4780
      2	4785
      2	4787
      1	4790
      3	4822
      1	4834
      1	4848
      2	4849
      1	4889
      4	4926
      5	4930
      1	4967
      2	4969
      1	4993
      1	5004
      1	5059
      1	5067
      1	5069
      1	5109
      1	5112
      1	5122
      1	5151
      3	5161
      1	5187
      1	5238
      2	5260
      2	5287
      1	5300
      2	5346
     10	5362
      2	5424
      2	5430
      1	5436
     14	5447
      1	5457
      2	5475
      1	5476
      1	5482
      1	5493
      5	5510
      1	5541
      1	5565
      1	5598
      1	5622
      1	5627
      2	5640
      1	5686
      2	5697
      3	5720
      3	5731
      1	5766
      1	5769
      2	5770
      4	5792
      4	5819
      1	5823
      1	5829
      1	5830
      1	5852
      2	5874
      3	5888
      1	5895
      1	5923
      1	5930
      1	5945
      1	5977
      1	5992
      1	6002
      3	6012
      2	6023
      2	6032
      1	6045
      1	6055
      1	6057
      1	6062
      2	6069
      1	6098
      2	6128
      2	6143
      1	6150
      4	6156
      2	6175
      1	6181
      1	6197
      1	6220
      1	6224
      1	6226
      2	6244
      1	6263
      1	6271
      6	6275
      6	6290
      4	6293
      1	6334
      2	6366
      1	6378
      1	6382
      1	6387
      1	6396
      2	6403
      4	6486
      4	6494
      2	6534
      1	6551
      1	6586
      1	6587
      1	6593
      4	6596
      1	6603
      1	6629
      2	6654
      1	6671
      1	6691
      1	6695
      1	6700
      2	6707
      3	6736
      1	6764
      2	6767
      2	6805
      1	6828
      1	6836
      2	6839
      1	6860
      1	6864
      1	6887
      1	6920
      1	6928
      2	6936
      1	6941
      1	6949
      1	6964
      4	6980
      2	7013
      2	7027
      7	7029
      1	7042
      1	7063
      1	7074
      4	7080
      1	7091
      1	7133
      3	7186
      4	7189
      1	7195
      2	7208
      1	7211
      1	7221
      6	7236
      1	7246
      1	7258
      2	7271
      1	7281
      2	7289
      1	7293
      1	7300
      1	7301
      1	7302
      1	7351
      2	7356
      1	7386
     12	7403
      1	7429
      1	7430
      1	7457
      2	7466
      1	7494
      1	7533
      1	7559
      1	7560
      1	7612
      2	7616
      1	7638
      1	7650
      1	7651
      1	7665
      1	7704
      1	7706
      3	7713
      1	7746
      1	7769
      3	7774
      2	7793
      1	7810
      2	7817
      1	7825
      2	7829
      1	7848
      1	7905
      1	7920
      1	7946
      1	7955
      1	7969
      3	7970
      1	7987
      1	7992
      2	8000
      4	8014
      4	8016
      1	8051
      1	8054
      1	8062
      1	8091
      1	8119
      1	8121
      1	8123
      4	8172
      1	8201
      1	8223
      1	8237
      1	8248
      2	8281
      1	8293
      1	8299
      1	8305
      1	8307
      1	8308
      1	8328
      1	8341
      2	8364
      1	8365
      1	8366
      1	8435
      1	8462
      1	8534
      2	8639
      1	8651
      1	8655
      1	8696
      3	8700
      1	8709
     31	8718
      1	8731
      1	8733
      1	8746
      3	8748
      1	8754
      5	8782
      6	8812
      1	8815
      1	8839
      1	8873
      1	8947
      1	8953
      2	8956
      4	8983
      1	8995
      1	9002
      2	9006
      2	9041
      2	9058
      1	9116
      1	9120
      3	9121
      2	9139
      2	9149
      3	9152
      1	9161
      1	9168
      1	9174
      2	9182
      1	9211
      1	9212
      1	9216
      1	9232
      1	9240
      1	9249
      1	9281
      2	9300
      1	9301
      2	9304
      1	9312
      1	9315
      4	9317
      1	9325
      1	9327
      1	9345
      1	9370
      1	9391
      1	9424
      2	9440
      1	9464
      1	9468
      2	9469
      1	9484
      1	9491
      1	9496
      2	9498
      1	9501
      1	9516
      4	9606
      1	9633
      1	9690
      2	9705
      1	9706
      1	9713
      1	9731
      1	9735
      1	9737
      1	9754
      1	9760
      1	9765
      1	9780
      5	9797
      1	9813
      1	9826
      2	9830
      1	9871
      1	9872
      2	9873
      1	9883
      1	9886
      2	9888
      2	9892
      2	9900
      1	9912
      1	9919
      1	9921
      1	9936
      1	9937
      1	9950
      1	9999
      1	10011
     10	10026
      1	10028
      1	10030
      1	10035
      3	10053
      1	10085
      1	10088
      2	10104
      1	10118
      1	10202
      1	10216
      1	10259
      1	10275
      1	10319
      1	10337
      1	10339
      1	10346
      1	10389
      1	10396
      1	10398
      2	10401
      1	10409
      1	10443
      1	10447
      2	10504
      2	10570
      2	10610
      1	10645
      1	10649
      1	10680
      1	10700
      6	10724
      1	10742
      1	10743
      1	10744
      2	10759
      6	10790
      1	10809
      2	10820
      1	10822
      1	10827
      2	10843
      1	10862
      1	10863
      1	10874
      2	10875
      4	10942
      2	10950
      1	10974
      1	10987
      3	11052
      3	11082
      1	11124
      1	11144
      5	11157
      2	11189
      2	11230
      2	11244
      3	11272
      1	11278
      1	11290
      1	11304
      1	11307
      1	11319
      2	11321
      1	11354
      1	11385
      1	11393
      1	11437
      1	11439
      4	11490
      1	11491
      3	11494
      1	11498
      1	11506
      2	11509
      1	11519
      1	11524
      1	11525
      1	11534
      3	11548
      1	11558
      3	11567
      1	11570
      1	11589
      1	11608
      1	11623
      1	11642
      2	11652
      1	11732
      1	11750
      3	11751
      1	11759
      2	11829
      2	11832
      3	11833
      3	11837
      2	11839
      1	11854
      1	11921
      1	11926
      1	11930
      1	11960
      2	11964
      1	11967
      2	12004
      3	12005
      1	12027
      1	12028
      1	12043
      1	12062
      1	12072
      1	12091
      1	12127
      1	12138
      1	12147
      1	12163
      1	12189
      1	12212
      1	12217
      3	12236
      2	12271
      3	12283
      1	12295
      1	12330
      1	12334
      2	12356
      1	12375
      1	12383
      1	12394
      1	12396
     13	12397
      1	12404
      2	12407
      1	12420
      2	12492
      1	12505
      1	12532
      1	12579
      1	12583
      1	12584
      1	12603
      1	12613
      1	12623
      1	12627
      1	12636
      2	12670
      4	12684
      1	12704
      1	12709
      1	12728
      1	12742
      1	12804
      3	12809
      3	12814
      2	12818
      3	12819
      2	12845
      1	12848
      1	12869
      2	12905
      2	12936
      1	12952
      1	12966
      1	12989
      1	13001
      4	13008
      1	13024
      1	13025
      1	13074
      1	13076
      1	13077
      1	13083
      2	13118
      1	13130
      1	13157
      2	13162
      4	13244
      3	13273
      1	13286
      1	13335
      1	13388
      1	13402
      2	13414
      1	13416
      1	13419
      1	13427
      1	13476
      1	13481
      3	13488
      2	13490
      2	13545
      1	13580
     12	13595
      1	13653
      2	13672
      1	13679
      1	13681
      1	13687
      1	13691
      2	13699
      1	13714
      2	13720
      1	13723
      4	13738
      2	13745
      1	13756
      1	13763
      2	13803
      2	13805
      3	13806
      1	13839
      1	13840
      8	13871
      1	13879
      1	13883
      1	13891
      1	13895
      2	13945
      1	13949
      1	13954
      1	13972
      1	14002
      2	14032
      1	14058
      1	14070
      2	14083
      1	14088
      2	14123
      1	14127
      2	14128
      2	14137
      2	14169
      1	14191
      1	14212
      1	14213
      1	14287
      1	14315
      3	14326
      1	14332
      1	14340
      1	14349
      1	14364
      1	14376
      3	14377
      3	14385
      3	14392
      1	14395
      1	14397
      1	14401
      1	14417
      1	14420
      1	14430
      2	14436
      1	14443
      1	14457
      1	14458
      1	14487
      1	14488
      1	14506
      2	14507
      1	14509
      1	14538
      1	14540
      1	14576
      1	14592
      1	14602
      2	14606
      2	14616
      2	14626
      1	14643
      1	14648
      1	14654
      2	14666
      1	14740
      1	14747
      1	14765
      1	14769
      4	14786
      1	14787
      1	14791
      1	14821
      2	14863
      1	14876
      2	14906
      1	14908
      1	14913
      2	14957
      1	14969
      1	14996
      1	15018
      1	15033
      1	15044
      1	15059
      1	15082
      1	15094
      1	15106
      1	15135
      2	15147
      1	15163
      1	15183
      1	15188
      1	15215
      1	15244
      1	15249
      1	15257
      4	15260
      1	15261
      1	15271
      1	15272
      1	15275
      2	15278
      1	15282
      1	15303
      1	15310
      1	15357
      1	15361
      1	15362
      1	15397
      1	15402
      2	15458
      1	15461
      1	15491
      1	15518
      3	15530
      1	15534
      1	15536
      1	15561
      1	15587
      1	15590
      1	15599
      1	15604
      1	15607
      1	15631
      1	15639
      1	15650
      1	15661
      1	15666
      1	15671
      2	15702
      2	15719
      2	15748
      1	15765
      1	15787
      3	15789
      1	15869
      1	15870
      1	15889
      2	15892
      3	15934
      1	15951
      1	15958
      1	15977
      1	15984
      3	15985
      3	16007
      1	16017
      5	16019
      2	16036
      1	16047
      1	16077
      2	16110
      1	16112
      1	16122
      2	16148
      2	16188
      1	16192
      1	16193
      1	16200
      1	16227
      1	16239
      1	16254
      2	16276
      1	16284
      1	16285
      1	16295
      1	16312
      1	16340
      1	16345
      1	16355
      1	16362
      1	16367
      1	16368
      1	16372
      1	16397
      1	16418
      1	16421
      1	16435
      2	16442
      1	16478
      3	16503
      1	16508
      1	16532
      2	16554
      1	16561
      1	16594
      6	16614
      8	16620
      1	16651
      1	16672
      1	16683
      1	16694
      2	16721
      1	16753
      3	16802
      2	16833
      3	16862
      2	16887
      1	16907
      2	16960
      2	17018
      3	17031
      1	17040
      1	17050
      1	17055
      1	17062
      1	17066
      2	17115
      1	17129
      2	17164
      3	17210
      4	17214
      7	17225
      1	17245
      3	17259
      1	17264
      1	17267
      1	17297
      1	17315
      1	17324
     10	17338
      1	17394
      2	17439
      2	17454
      2	17474
      2	17498
      1	17540
      1	17586
      1	17592
      1	17615
      2	17624
      1	17692
      3	17736
      1	17738
      1	17757
      9	17773
      1	17845
      6	17895
      2	17916
      1	17918
      3	17934
      1	17938
      3	17975
      2	17989
      1	17990
      2	18003
      1	18025
      2	18069
      1	18077
      1	18147
      2	18160
      1	18174
      1	18175
      2	18179
      1	18188
      1	18202
      1	18203
      1	18219
      1	18228
      3	18247
      1	18279
      1	18297
      1	18308
      1	18316
      1	18320
      1	18321
      3	18353
      1	18354
      2	18357
      2	18387
      1	18413
      1	18434
      3	18442
      1	18443
      1	18447
      1	18460
      2	18498
      1	18518
      1	18522
      2	18530
      2	18567
      1	18589
     18	18590
      1	18621
      1	18636
      1	18641
      2	18656
      1	18660
      1	18677
      1	18685
      3	18696
      2	18720
      2	18749
      1	18757
      2	18777
      1	18778
      2	18781
      1	18897
      1	18899
      1	18907
      2	18919
      1	18928
      2	18951
      1	18962
      2	18992
      1	18998
      2	19016
      1	19066
      1	19113
      1	19138
      1	19197
      2	19198
      1	19223
      1	19239
      2	19248
      1	19269
      1	19277
      1	19285
      2	19305
      2	19339
      1	19345
      1	19362
      1	19366
      1	19402
      1	19411
      1	19420
      1	19471
      2	19496
      1	19497
      1	19513
      1	19539
      4	19543
      1	19585
      1	19587
      1	19597
      1	19616
      3	19622
      1	19641
      1	19664
      2	19692
      1	19724
      1	19779
      1	19794
      2	19842
      3	19869
      2	19879
      1	19897
      5	19904
      1	19911
      1	19944
      1	19960
      1	19976
      1	19978
      1	20003
      1	20010
      3	20015
      1	20023
      1	20049
      4	20082
      1	20125
      1	20140
      1	20170
      2	20172
      1	20206
      1	20212
      2	20232
      1	20267
      1	20268
      1	20277
      2	20307
      4	20323
      2	20375
      1	20382
      1	20390
      1	20414
      2	20449
      1	20458
      2	20480
      1	20483
      2	20504
      2	20524
      1	20528
      1	20534
      1	20539
      1	20546
      1	20599
      1	20609
      1	20620
      1	20642
      1	20647
      1	20649
      1	20655
      4	20658
      2	20687
      1	20713
      2	20748
      2	20766
      2	20780
      1	20806
      1	20808
      2	20814
      1	20816
      1	20830
      2	20861
      2	20865
      2	20926
      1	20991
      1	20994
      3	20997
      1	21010
      2	21015
      2	21018
      2	21034
      1	21050
      1	21052
      3	21125
      1	21129
      1	21134
      1	21149
      2	21180
      1	21205
      1	21231
      1	21240
      1	21247
      2	21256
      2	21258
      1	21266
      1	21271
      1	21272
      1	21293
      1	21297
      1	21303
      1	21325
      1	21346
      1	21352
      1	21360
      2	21378
      1	21380
      1	21393
      1	21420
      1	21432
      2	21459
      3	21466
      1	21470
      1	21474
      1	21503
      1	21518
      1	21523
      1	21548
      1	21552
      1	21563
      1	21571
      1	21573
      1	21588
      1	21591
      5	21628
      1	21646
      1	21648
      3	21664
      1	21670
      1	21712
      2	21717
      1	21733
      1	21791
      1	21805
      1	21839
      2	21866
      1	21869
      1	21888
      3	21892
      2	21911
      2	21915
      2	21985
      1	22010
      1	22062
      2	22070
      1	22077
      1	22086
      1	22094
      2	22097
      2	22188
      1	22192
      4	22194
      3	22202
      5	22206
      1	22227
      1	22230
      2	22244
      1	22253
      1	22287
      1	22292
      2	22305
      1	22306
      6	22329
      1	22330
      1	22358
      5	22365
      1	22392
      2	22402
      1	22408
      2	22417
      1	22423
      1	22441
      4	22447
      5	22466
      1	22495
      2	22516
      1	22547
      1	22576
      1	22625
      1	22631
      1	22633
      2	22636
      1	22699
      1	22700
      4	22713
      1	22724
      1	22743
      1	22744
      1	22761
      2	22823
      1	22830
      1	22867
      2	22902
      2	22905
      1	22906
      1	22911
      1	22912
      2	22970
      1	22977
      1	22980
      2	22983
      1	22988
      1	22996
      1	23019
      3	23023
      2	23029
      2	23033
      1	23052
      1	23070
      2	23094
      4	23114
      1	23168
      2	23182
      1	23184
      1	23216
      1	23219
      2	23266
      1	23278
      1	23288
      1	23309
      1	23330
      1	23354
      2	23401
      1	23412
      1	23449
      1	23456
      2	23459
      3	23473
      1	23483
      1	23501
      6	23526
      1	23542
      1	23574
     12	23577
      1	23578
      2	23589
      3	23596
      1	23602
      1	23638
      1	23676
      1	23710
      2	23741
      1	23781
      3	23790
      1	23799
      1	23806
      1	23843
      1	23847
      1	23923
      1	23961
      1	23983
      2	24013
      1	24014
      1	24015
      1	24042
      1	24049
      2	24058
      1	24068
      1	24092
      1	24093
      1	24114
      1	24135
      1	24136
      1	24141
      1	24150
      2	24175
      2	24194
      1	24236
      7	24241
      1	24242
      1	24245
      1	24312
      1	24334
      1	24339
      1	24342
      6	24345
      1	24356
      2	24366
      1	24376
      3	24384
      1	24412
      1	24440
      1	24451
      2	24469
      2	24479
      1	24492
      1	24506
      1	24507
      1	24516
      1	24555
      2	24560
      3	24567
      1	24572
      1	24573
      1	24613
      1	24640
      3	24672
      1	24673
      1	24687
      1	24736
      4	24741
      1	24747
      3	24750
      1	24771
      1	24789
      1	24800
      4	24817
      1	24818
      2	24839
      1	24841
      1	24852
      1	24862
      1	24901
      1	24927
      1	24931
      1	24941
      1	24947
      1	24992
      1	25024
      1	25073
      1	25096
      1	25100
      1	25125
      2	25129
      1	25187
      1	25198
      3	25233
      1	25240
      2	25256
      1	25272
      4	25338
      1	25348
      1	25363
      2	25367
      1	25395
      1	25419
      1	25455
      1	25488
      1	25491
      2	25498
      1	25507
      1	25511
      1	25516
      1	25533
      1	25549
      1	25553
      1	25556
      1	25563
      1	25575
      1	25597
      1	25598
      1	25599
      1	25620
      1	25628
      1	25630
      1	25650
      1	25656
      1	25661
      2	25689
      1	25695
      1	25743
      1	25749
      1	25781
      1	25805
      3	25813
      1	25818
      1	25837
      1	25869
      2	25878
      1	25891
      3	25899
      1	25942
      2	25944
      1	25959
      5	25960
      1	25961
      2	25983
      2	25985
      1	26053
      1	26097
      1	26111
      3	26135
      2	26139
      1	26179
      1	26202
      3	26207
      1	26217
      1	26234
      3	26290
      1	26291
      1	26293
      2	26324
      3	26365
      1	26382
      1	26416
      5	26420
      5	26435
      1	26470
      2	26538
      1	26544
      1	26556
      1	26583
      1	26584
      1	26612
      1	26625
      2	26641
      3	26648
      1	26672
      1	26676
      2	26682
      2	26685
      1	26703
      1	26713
      1	26725
      2	26769
      1	26790
      1	26805
      1	26826
      1	26838
      4	26857
      1	26860
      1	26883
      1	26940
      2	26965
      1	26992
      3	27024
      3	27038
      6	27039
      1	27061
      1	27110
      1	27131
      1	27155
      1	27173
      2	27178
      1	27191
      1	27212
      6	27214
      1	27244
      1	27257
      5	27263
      3	27272
      1	27285
      6	27286
      2	27325
      1	27339
      1	27350
      2	27357
      1	27395
      1	27409
      2	27469
      2	27474
      1	27485
      1	27495
      1	27509
      8	27519
      2	27552
      2	27579
      1	27596
      2	27618
      1	27619
      1	27646
      1	27691
      1	27724
      2	27753
      5	27773
      1	27797
      1	27832
      1	27856
      1	27862
      1	27867
      1	27880
      1	27890
      1	27893
      1	27920
      1	27941
      3	27944
      2	27954
      1	27972
      1	27974
      2	28010
      3	28012
      2	28015
      3	28025
      1	28034
      1	28035
      1	28049
      2	28057
      2	28106
      2	28123
      5	28203
      1	28241
      3	28250
      1	28252
      1	28256
      1	28257
      1	28273
      1	28303
      4	28308
      5	28365
      1	28391
      1	28410
      1	28427
      3	28438
      1	28440
      7	28468
      1	28485
      1	28495
      1	28496
      1	28530
      1	28538
      1	28579
      1	28584
      1	28605
      7	28615
      1	28623
      2	28664
      2	28665
      1	28675
      1	28695
      1	28720
      1	28740
      9	28809
      3	28824
      1	28846
      1	28855
      1	28877
      1	28879
      1	28894
      1	28906
      2	28929
      1	28937
      2	28960
      1	28963
      1	28964
      1	28995
      1	28996
      1	29002
      1	29021
      1	29028
      1	29040
      3	29043
      1	29051
      1	29068
      1	29086
      1	29101
      1	29110
      1	29114
      8	29140
      1	29153
      1	29164
      2	29168
      1	29169
      1	29191
      1	29193
      1	29202
      1	29203
      1	29211
      1	29212
      1	29213
      1	29224
      2	29229
      1	29257
      1	29268
      1	29290
      1	29309
      6	29311
      1	29347
      1	29364
      1	29373
      2	29376
      2	29377
      1	29456
      1	29519
      1	29529
      1	29545
      1	29556
      2	29564
      3	29592
      1	29595
      3	29596
      1	29670
      1	29697
      2	29707
      1	29711
      2	29772
      1	29784
      1	29789
      1	29826
      1	29829
      1	29880
      1	29917
      1	29936
     43	29945
      7	29948
      1	29972
      1	29980
      2	30021
      1	30023
      1	30024
      1	30057
      1	30066
      1	30069
      1	30075
      1	30096
      1	30097
      3	30119
      5	30134
      1	30167
      2	30177
      1	30201
      1	30211
      1	30214
      1	30216
      1	30236
      1	30257
      1	30288
      1	30291
      1	30306
      1	30314
      1	30316
      3	30319
      2	30321
      1	30360
      1	30361
      3	30374
      1	30388
      2	30390
      1	30395
      3	30402
      3	30427
      1	30450
      1	30458
      1	30462
      1	30487
      2	30534
      2	30555
      1	30556
      1	30565
      3	30570
      1	30578
      1	30590
      1	30595
      1	30599
      1	30600
      3	30613
      1	30629
      1	30631
      1	30655
      1	30676
      1	30707
      2	30724
      1	30727
      2	30733
      1	30754
      3	30769
      1	30770
      1	30782
      2	30801
      1	30819
      2	30824
      1	30851
      2	30867
      3	30880
      1	30896
      1	30899
      1	30937
      1	30941
      1	30955
      3	30980
      1	30983
      5	31005
      1	31025
      1	31042
      1	31050
      1	31068
      3	31098
      1	31113
      1	31186
      1	31205
      1	31213
      1	31238
      1	31251
      1	31312
      1	31333
      1	31360
      1	31370
      2	31395
      1	31397
      2	31455
      1	31473
      1	31489
      1	31492
      1	31499
      1	31535
      2	31543
      1	31557
      4	31562
      2	31566
      1	31608
      3	31613
      1	31623
      1	31626
      1	31629
      1	31667
      1	31703
      1	31712
      1	31774
      1	31792
      1	31803
      1	31846
      1	31849
      1	31869
      2	31896
      1	31954
      1	31962
      2	31981
      1	31982
      1	31983
      1	31990
      2	32032
      1	32079
      1	32128
      1	32141
      2	32147
      2	32148
      1	32177
      1	32188
      2	32194
      1	32200
      2	32204
      1	32205
      3	32224
      1	32235
      2	32237
      2	32249
      1	32265
      1	32267
      1	32279
      2	32345
      1	32372
      1	32394
      1	32405
      1	32413
      2	32426
      1	32456
      2	32494
      1	32509
      1	32526
      1	32527
      1	32551
      1	32568
      2	32574
      1	32582
      1	32584
      1	32587
      1	32614
      4	32621
      1	32631
      1	32639
      1	32643
      2	32648
      1	32650
      3	32657
      1	32662
      1	32688
      1	32704
      3	32718
      1	32731
      1	32735
      1	32747
      1	32754
      1	32819
      7	32857
      4	32863
      1	32871
      1	32903
      1	32913
      1	32953
      1	32967
      1	32970
      1	32995
      1	33022
      1	33027
      2	33028
      1	33037
      1	33055
      1	33066
      2	33069
      1	33120
      1	33143
      1	33145
      1	33165
      3	33176
      4	33194
      1	33196
      1	33201
      1	33226
      1	33260
      2	33272
      1	33275
      1	33291
      3	33292
      1	33313
      1	33317
      2	33318
      1	33327
      2	33337
      1	33341
      1	33348
      1	33362
      1	33392
      1	33447
      1	33456
     30	33458
      3	33461
      1	33476
      1	33477
      1	33499
      1	33518
      1	33538
      1	33565
      1	33566
      1	33587
      1	33597
      2	33598
      1	33599
      1	33638
      3	33674
      1	33676
      1	33682
      1	33685
      2	33718
      2	33755
      1	33820
      2	33917
      1	33941
      1	33957
      3	33971
      1	33982
      4	33992
      1	33995
      1	34001
      2	34010
      1	34024
      1	34103
      1	34110
      2	34133
      1	34165
      1	34172
      1	34192
      1	34209
      1	34210
      1	34223
      1	34234
      1	34261
      1	34326
      1	34359
      1	34363
      1	34371
      1	34380
      1	34388
      1	34392
      1	34393
      2	34412
      1	34428
      1	34434
      1	34446
      2	34457
      1	34466
      1	34473
      1	34479
      1	34521
      3	34538
      1	34550
      1	34589
      1	34591
      1	34597
      3	34608
      1	34627
      1	34679
      1	34691
      3	34708
      2	34714
      1	34723
      4	34731
      1	34750
      1	34757
      1	34763
      4	34773
      1	34776
      1	34786
      1	34813
      1	34883
      1	34948
      1	34949
      2	34990
      1	34992
      1	34993
      1	35021
      1	35025
      1	35029
      1	35047
      1	35062
      1	35068
      1	35074
      1	35086
      1	35109
      1	35115
      1	35138
      1	35181
      2	35192
      2	35210
      1	35212
      2	35223
      1	35247
      1	35273
      1	35319
      1	35325
      1	35348
      1	35376
      1	35379
      1	35384
      1	35451
      1	35462
      1	35495
      2	35498
      1	35529
      1	35542
      1	35553
      7	35591
      1	35613
      3	35644
      1	35659
      1	35671
      1	35696
      1	35708
      3	35717
      1	35748
      1	35750
      1	35770
      1	35776
      1	35791
      1	35792
      1	35821
      1	35824
      1	35835
      2	35852
      1	35886
      1	35887
      2	35949
      1	35978
      3	35985
      1	36044
      1	36048
      3	36056
      1	36090
      2	36098
      1	36111
      1	36112
      2	36113
      1	36142
      1	36163
      1	36188
      1	36191
      1	36201
      1	36215
      1	36231
      1	36239
      2	36244
      1	36253
      1	36256
      1	36350
      1	36381
      1	36383
      1	36399
      2	36428
      1	36437
      4	36438
      1	36443
      1	36472
      1	36482
      1	36484
      1	36548
      9	36549
      1	36553
      5	36559
      1	36565
      2	36566
      1	36573
      1	36600
      1	36608
      2	36658
      1	36659
      1	36666
      2	36671
      1	36674
      1	36688
      3	36690
      1	36719
      1	36720
      3	36744
      2	36747
      1	36763
      1	36784
      1	36800
      2	36810
      1	36812
      2	36831
      1	36835
      2	36836
      1	36856
      3	36860
      2	36870
      1	36896
      1	36928
      1	36950
      1	36951
      1	36960
      1	36981
      1	36999
      2	37006
      1	37016
      1	37034
      1	37062
      3	37111
      1	37121
      2	37127
      1	37161
      2	37244
      1	37263
      3	37271
      1	37292
      1	37308
      2	37320
      1	37321
      1	37351
      3	37355
      1	37358
      1	37411
      4	37429
      2	37450
      2	37465
      1	37466
      2	37490
      1	37499
      1	37504
      1	37512
      1	37526
      2	37552
      1	37558
      1	37560
      7	37570
      1	37617
      5	37640
      1	37670
      1	37686
      1	37691
      1	37709
      1	37715
      2	37743
      2	37744
      1	37760
      1	37768
      2	37795
      1	37816
      1	37836
      1	37847
      1	37853
      1	37867
      1	37869
      1	37904
      1	37906
      1	37921
      3	37927
      1	37952
      4	37980
      2	38021
      1	38047
      1	38049
      1	38054
      1	38068
      1	38120
      1	38122
      1	38127
      1	38141
      2	38163
      1	38164
      1	38171
      1	38181
      1	38184
      2	38187
      1	38189
      1	38213
      4	38224
      1	38232
      2	38238
      1	38239
      3	38332
     15	38334
      2	38346
      1	38353
      2	38370
      2	38372
      1	38395
      2	38439
      2	38447
      1	38458
      3	38464
      1	38468
      7	38480
      7	38520
      4	38544
      2	38549
      1	38563
      1	38568
      1	38582
      1	38598
      1	38600
      1	38636
      2	38642
      1	38652
      1	38654
      1	38673
      1	38677
     10	38681
      1	38697
      1	38704
      2	38719
      1	38736
      1	38747
      5	38756
      2	38781
      3	38800
      1	38809
      2	38814
      7	38839
      1	38853
      1	38878
      1	38926
      1	38939
      6	38940
      1	38944
      1	38973
      1	38993
      1	39000
      1	39047
      1	39049
      2	39051
      1	39101
      1	39116
      1	39119
      1	39159
      2	39187
      1	39213
      1	39216
      1	39234
      1	39243
      2	39251
      1	39265
      1	39275
      1	39277
     17	39325
      1	39327
      2	39330
      1	39365
      1	39366
      1	39377
      1	39379
      1	39390
      1	39432
      1	39448
      1	39471
      1	39485
      2	39500
      1	39509
      1	39522
      1	39569
      1	39574
      1	39638
      2	39702
      1	39714
      1	39727
      2	39751
      1	39782
      1	39789
      2	39790
      1	39795
      3	39807
      1	39827
      1	39843
      1	39851
      3	39856
      1	39868
      1	39905
      1	39917
      1	39931
      1	39946
      1	39948
      1	39952
      1	39977
      1	39978
      1	40038
      1	40055
      1	40063
      1	40067
      2	40093
      1	40105
      1	40119
      1	40130
      2	40132
      1	40163
      1	40170
      4	40174
      1	40188
      1	40195
      1	40238
      7	40269
      1	40271
      1	40294
      1	40309
      3	40317
      1	40360
      1	40394
      1	40395
      1	40404
      1	40405
      1	40412
      2	40450
      1	40460
      1	40538
      1	40544
      1	40550
      1	40554
      2	40556
      3	40574
      1	40575
      1	40592
      1	40635
      1	40652
      1	40661
      1	40693
      1	40711
      1	40712
      1	40713
      1	40725
      1	40740
      1	40770
      3	40779
      1	40816
     13	40830
      1	40835
      1	40841
      1	40868
      1	40901
      1	40932
      1	40933
      1	40955
      1	40972
      1	40991
      1	41027
      1	41033
      1	41044
      1	41053
      4	41070
      2	41080
      1	41082
      1	41086
      1	41087
      1	41119
      1	41159
      1	41163
      1	41185
      1	41186
      2	41190
      2	41202
      1	41226
      1	41233
      1	41242
      5	41244
      1	41266
      1	41283
      2	41306
      1	41315
      1	41318
      1	41328
      1	41361
      1	41363
      2	41396
      1	41400
      1	41405
      1	41421
      1	41427
      1	41461
      1	41491
      1	41495
      1	41498
      1	41555
      1	41570
      2	41592
      1	41603
      1	41632
      1	41640
      3	41653
      1	41669
      2	41671
      2	41690
      1	41724
      1	41738
      1	41754
      6	41760
      3	41791
      1	41794
      3	41800
      1	41888
      1	41909
      1	41922
      1	41928
      1	41956
      1	41964
      1	41983
      2	42010
      1	42016
      1	42025
      1	42027
      1	42040
      1	42052
      5	42144
      1	42149
      1	42207
      1	42210
      1	42230
      1	42233
      1	42248
      1	42279
      4	42281
      2	42283
      1	42329
      2	42369
      1	42372
      1	42388
      1	42389
      1	42404
      4	42408
      3	42419
      2	42425
      1	42438
      1	42457
      2	42474
      1	42517
      1	42522
      3	42523
      1	42585
      1	42645
      1	42669
      2	42672
      2	42686
      2	42689
      1	42699
      1	42701
      3	42723
      2	42735
      2	42748
      1	42751
      2	42767
      1	42796
      1	42797
      1	42798
      1	42803
      2	42820
      1	42845
      1	42847
      2	42848
      1	42878
      1	42906
      2	42912
      1	42914
      1	42966
      1	42969
      1	42992
      1	42996
      1	43053
      1	43080
      1	43090
      1	43119
      1	43148
      5	43169
      2	43204
      1	43228
      1	43252
      1	43284
      1	43314
      1	43336
      2	43342
      1	43346
      1	43429
      1	43440
      2	43468
      3	43478
      1	43496
      1	43505
      2	43518
      1	43528
      1	43531
      5	43669
      1	43703
      1	43705
      1	43714
      1	43763
      2	43765
      1	43772
      1	43780
      1	43818
      4	43832
      1	43834
      1	43840
      1	43857
      1	43919
      1	43933
      1	43965
      1	43972
      1	43985
      2	43996
      1	44016
      1	44018
      1	44024
      1	44028
      1	44034
      1	44039
      1	44063
      2	44078
      1	44081
      1	44113
      1	44117
      1	44123
      2	44132
      1	44136
      2	44137
      1	44144
      1	44153
      1	44192
      2	44197
      2	44211
      2	44228
      1	44275
      7	44287
      2	44318
      1	44327
      4	44329
      2	44338
      1	44345
      2	44346
      1	44349
      1	44356
      1	44374
      2	44389
      1	44410
      1	44432
      1	44438
      1	44473
      1	44482
      1	44493
      1	44521
      1	44533
      1	44579
      1	44583
      1	44615
      2	44617
      1	44618
      1	44626
      1	44633
      1	44645
      1	44657
      5	44666
      1	44683
      1	44724
      1	44725
      1	44746
      1	44759
      1	44777
      2	44833
      1	44843
      1	44856
      1	44879
      2	44896
      1	44907
      1	44911
      1	44912
      3	44927
      1	44938
      3	44947
      8	44959
     12	44961
      1	44968
      2	44989
      1	45002
      1	45018
      2	45051
      1	45059
      1	45104
      3	45135
      1	45148
      1	45164
      1	45166
      1	45170
      2	45173
      1	45178
      1	45180
      2	45219
      1	45253
      1	45274
      1	45292
      1	45294
     48	45313
      1	45322
      1	45333
      1	45341
      1	45345
      1	45351
      1	45359
      1	45374
      1	45419
      6	45457
      1	45460
      4	45464
      2	45466
      1	45562
      2	45570
      1	45586
      1	45590
      2	45596
      1	45645
      2	45661
      1	45664
      2	45672
      2	45683
      3	45708
      1	45733
      1	45748
      1	45750
      1	45757
      1	45758
      1	45778
      1	45801
      1	45826
      5	45847
      1	45888
      1	45898
      1	45901
      2	45943
      2	45977
      1	45979
      1	45986
      1	45998
      4	46019
      1	46064
      2	46070
      1	46075
      1	46077
      2	46091
      1	46100
      2	46123
      1	46124
      1	46147
      1	46207
      2	46234
      3	46261
      2	46267
      1	46274
      1	46290
      1	46302
      1	46337
      1	46353
      1	46363
      1	46372
      1	46392
      2	46402
      1	46411
      1	46417
      1	46418
      1	46435
      2	46449
      1	46488
      2	46497
      3	46499
      1	46512
      1	46530
      4	46554
      1	46576
      1	46593
      3	46595
      1	46656
      1	46667
      2	46680
      1	46698
      1	46713
      1	46733
      3	46734
      2	46743
      1	46772
      1	46780
      1	46789
      1	46804
      1	46850
      1	46873
      2	46884
      1	46915
      1	46921
      1	46932
      1	46937
      1	46965
      1	46980
      1	47009
      1	47011
      1	47015
      3	47025
      1	47031
      1	47038
      1	47044
      2	47045
      2	47065
      1	47073
      1	47089
      1	47099
      1	47104
      1	47110
      1	47137
      1	47159
      1	47168
      1	47208
      2	47225
      1	47229
      1	47231
      2	47256
      1	47281
      3	47295
      2	47305
      2	47311
      1	47312
      1	47319
      1	47348
      1	47351
      1	47379
      1	47429
      1	47432
      1	47475
      4	47486
      2	47488
      1	47546
      1	47584
      4	47597
      2	47602
      1	47610
      2	47621
      1	47634
      2	47646
      1	47650
      1	47660
      1	47689
      1	47693
      1	47697
      1	47719
      1	47730
      1	47741
      1	47854
      2	47858
      1	47866
      1	47872
      2	47883
      1	47910
      1	47913
      1	47919
      1	47928
      1	47954
      1	47962
      1	47968
      1	47975
      1	47995
      2	48011
      1	48013
      2	48064
      1	48096
      1	48104
      1	48121
      3	48128
      1	48211
      2	48235
      1	48247
      1	48251
      1	48258
      1	48260
      1	48279
      5	48292
      1	48305
      1	48320
      4	48354
      5	48355
      1	48413
      2	48434
      1	48435
      1	48487
      1	48513
      1	48527
      1	48529
      1	48533
      1	48535
      1	48550
      1	48566
      1	48635
      6	48651
      1	48655
      1	48666
      2	48698
      1	48794
      2	48808
      1	48832
      4	48834
      1	48844
      1	48863
      1	48887
      1	48899
      1	48906
      1	48913
      2	48945
      3	48989
      1	48992
      1	48995
      2	48997
      1	49014
      1	49015
      1	49042
      1	49065
      2	49073
      3	49107
      1	49113
      2	49120
      1	49131
      1	49134
      1	49158
      1	49169
      1	49179
      1	49180
      1	49188
      1	49200
      1	49210
      1	49235
      2	49282
      1	49312
      1	49342
      1	49346
      2	49358
      2	49361
      2	49362
      2	49458
      1	49470
      1	49491
      1	49521
      1	49556
      1	49560
      1	49567
      3	49576
      1	49588
      1	49598
      3	49607
      1	49623
      1	49632
      1	49648
      1	49650
      1	49658
      1	49715
      3	49726
      1	49727
      1	49753
      1	49777
      1	49779
      1	49781
      2	49789
      2	49804
      1	49842
      3	49844
      1	49884
      4	49897
      2	49922
      1	49941
      2	49956
      4	49966
      1	49979
      1	50026
      1	50070
      2	50147
     10	50216
      1	50231
      1	50267
      1	50372
      2	50377
      2	50394
      1	50419
      1	50427
      1	50508
      1	50535
      1	50536
      3	50537
      1	50565
      1	50568
      1	50584
      1	50660
      1	50668
      1	50686
      1	50771
      5	50776
      1	50794
      4	50798
      5	50811
      1	50814
      1	50834
      1	50842
      2	50875
      1	50901
      1	50926
      1	50940
      1	50948
      1	50951
      2	50952
      1	50955
      1	51024
      1	51037
      1	51044
      3	51065
      1	51078
      1	51095
      1	51113
      1	51116
      1	51172
      1	51176
      1	51179
      1	51184
      1	51205
      1	51206
      2	51216
      3	51263
      1	51266
      1	51286
      1	51325
      2	51326
      2	51334
      1	51342
      6	51354
      5	51392
      2	51394
      1	51395
      1	51427
      1	51433
      1	51434
      1	51474
      2	51482
      1	51498
      1	51530
      1	51589
      4	51599
      1	51612
      1	51617
      1	51631
      3	51644
      2	51669
      3	51697
      1	51724
      1	51771
      1	51795
      1	51808
      2	51810
      1	51813
      3	51822
      1	51830
      1	51841
      1	51846
      1	51855
      1	51856
      6	51920
      1	51925
      2	51948
      1	51949
      7	51959
      1	51994
      1	52020
      1	52029
      1	52054
      1	52058
      3	52092
      1	52112
      3	52121
      2	52164
      5	52181
      1	52224
      1	52227
      1	52234
      1	52242
      1	52255
      1	52305
      1	52311
      1	52315
      5	52323
      1	52347
      1	52358
      3	52370
      2	52388
      1	52389
      1	52398
      1	52400
      1	52414
      1	52415
      1	52441
      1	52445
      1	52457
      5	52459
      1	52481
      1	52527
      2	52534
      1	52551
      1	52563
      1	52565
      1	52575
      2	52603
      1	52607
      1	52614
      2	52641
      1	52655
      1	52673
      1	52718
      1	52720
      1	52730
      2	52767
      2	52794
      1	52822
      1	52832
      1	52840
      3	52848
      2	52851
      2	52908
      1	52983
      1	52985
      1	52995
      1	53007
      1	53009
      2	53020
      1	53085
      1	53091
      3	53093
      1	53147
      1	53156
      1	53169
      1	53211
      1	53222
      1	53224
      1	53232
      2	53234
      1	53243
      1	53276
      1	53289
      1	53290
      3	53324
      1	53325
      3	53339
      1	53348
      8	53349
      3	53357
      1	53368
      1	53401
      1	53402
      1	53408
      1	53416
      2	53418
      1	53420
      1	53434
      2	53441
      2	53450
      5	53479
      1	53489
      1	53508
      1	53517
      1	53523
      1	53578
      1	53583
      4	53584
      6	53596
      1	53623
      7	53660
      1	53691
      1	53695
      1	53701
      4	53723
      2	53739
      1	53746
      1	53754
      3	53774
      1	53781
      1	53820
      1	53829
      1	53837
      3	53846
      3	53865
      1	53870
      1	53882
      1	53883
      1	53899
      1	53918
      1	53925
      1	53947
      1	53965
      1	53980
      2	53996
      1	53997
      1	54004
      1	54005
      1	54027
      1	54028
      1	54043
      1	54084
      1	54097
      1	54102
      1	54134
      1	54136
      1	54167
      1	54169
      1	54182
      1	54183
      1	54209
      1	54230
      2	54240
      1	54248
      1	54255
      2	54270
      2	54272
      1	54289
      1	54330
      1	54336
      1	54337
      1	54343
      7	54345
      1	54356
      1	54357
      1	54366
      2	54394
      2	54395
      1	54416
      2	54430
      2	54507
      1	54512
      2	54513
      1	54517
      1	54523
      1	54546
      1	54560
      1	54573
      1	54594
      1	54662
      1	54666
      1	54692
      1	54720
      1	54733
      1	54748
      1	54777
      1	54804
      1	54820
      4	54889
      3	54916
      1	54936
      5	54950
      1	54974
      1	54988
      1	54992
      1	54994
      1	55023
      1	55049
      1	55085
      1	55120
      1	55148
      1	55176
      2	55199
      1	55207
      1	55215
      4	55217
      2	55238
      1	55239
      1	55251
      1	55261
      1	55375
      2	55396
      1	55401
      1	55410
      2	55418
      1	55429
      2	55432
      1	55444
      3	55460
      1	55464
      1	55478
      1	55487
      1	55495
      1	55502
      1	55544
      3	55565
      1	55567
     13	55587
      1	55607
      1	55609
      2	55655
      1	55661
      1	55670
      2	55674
      6	55676
      1	55678
      1	55698
      1	55715
      1	55721
      2	55746
      1	55791
      1	55807
      1	55818
      1	55829
      1	55830
      1	55855
      1	55872
      1	55894
      1	55919
      1	56002
      1	56027
      1	56028
      1	56052
      1	56067
      1	56075
      4	56084
      1	56097
      1	56113
      1	56126
      1	56133
      1	56179
      1	56185
      1	56187
      8	56239
      1	56254
      1	56266
      1	56273
      1	56290
      1	56304
      2	56334
      2	56339
      1	56350
      1	56368
      1	56371
      1	56434
      1	56463
      1	56487
      1	56496
      2	56502
      1	56507
      1	56552
      2	56579
      1	56583
      1	56586
      3	56629
      1	56631
      2	56663
      1	56681
      1	56693
      1	56740
      2	56751
      1	56779
      2	56780
      1	56806
      2	56807
      1	56812
      1	56813
      1	56856
      1	56880
      1	56889
      1	56939
      1	56949
      3	56956
      1	56995
      2	57001
      1	57025
      1	57034
      1	57061
      1	57064
      1	57091
      4	57092
      1	57132
      3	57133
     14	57144
      1	57170
      1	57178
      1	57187
      2	57212
      1	57226
      1	57250
      1	57298
      1	57332
      1	57396
      3	57420
      5	57449
      1	57459
      1	57477
      3	57480
      1	57492
      1	57495
      1	57514
      5	57525
      1	57526
      2	57541
      1	57557
      2	57566
      1	57608
      1	57609
      1	57643
      1	57648
      1	57652
      1	57698
      1	57705
      1	57720
      1	57740
      1	57749
      1	57757
      1	57779
      1	57791
      1	57792
      1	57808
      1	57822
      1	57834
      1	57836
      1	57916
      1	57917
      1	57922
     10	57951
      2	57975
      1	57992
      1	57994
      2	58036
      1	58095
      1	58104
      2	58118
      1	58120
      3	58128
      1	58132
      2	58155
      1	58168
      1	58177
      3	58180
      1	58199
      1	58208
      5	58216
      2	58223
      1	58235
      1	58240
      1	58289
      1	58297
      1	58327
      1	58349
      1	58352
      1	58393
      1	58426
      1	58447
      1	58450
      1	58452
      1	58466
      2	58471
      1	58472
      1	58473
      2	58477
      1	58496
      2	58515
      1	58521
      1	58545
      1	58552
      1	58577
      1	58580
      1	58589
      1	58635
      2	58679
      1	58688
      2	58712
      1	58721
      1	58750
      1	58770
      1	58778
      3	58808
      1	58815
      1	58829
      1	58867
      1	58882
      3	58887
      1	58895
      1	58901
      1	58913
      1	58917
      1	58936
      1	58953
      1	58997
      2	59003
      1	59010
      1	59011
      1	59014
      1	59018
      1	59020
      1	59034
      1	59037
      1	59049
      1	59089
      2	59096
      1	59101
      1	59112
      1	59117
      2	59132
      1	59139
      1	59145
      1	59156
      2	59174
      2	59178
      1	59206
      4	59208
      1	59210
      3	59231
      1	59236
      1	59249
      1	59286
      1	59291
      1	59304
      2	59320
      1	59381
      1	59417
      1	59418
      1	59452
      1	59466
      1	59488
      1	59525
      5	59535
      3	59536
      1	59568
      1	59582
      1	59613
      1	59659
      2	59669
      2	59671
      2	59715
      4	59720
      5	59726
      1	59737
      1	59755
      3	59758
      1	59759
      1	59763
      1	59787
      1	59791
      1	59804
      1	59817
      1	59858
      1	59864
      1	59875
      4	59878
      1	59947
      1	59948
      2	59987
      3	60002
      3	60007
      1	60016
      3	60020
      1	60043
      1	60091
      5	60120
      1	60128
      2	60131
      4	60210
      1	60232
      1	60259
      1	60287
      3	60297
      3	60312
      2	60331
      3	60344
      2	60352
     89	60370
      1	60378
      1	60411
      1	60433
      1	60466
      2	60488
      2	60497
      1	60499
      2	60501
      1	60524
      1	60534
      1	60538
      2	60563
      1	60574
      1	60578
      1	60580
      1	60613
      2	60631
      1	60652
      1	60653
      1	60663
      1	60693
      1	60696
      2	60738
      1	60750
      1	60855
      2	60858
      1	60862
      1	60880
      2	60882
      8	60886
      1	60890
      1	60892
      1	60910
      4	60915
      1	60926
      2	60983
      1	61011
      2	61032
      1	61054
      1	61116
      1	61121
      1	61141
      2	61152
      4	61191
      1	61196
     10	61230
      3	61234
      1	61246
      1	61251
      5	61254
      4	61261
      2	61277
      1	61309
      1	61310
      1	61330
      1	61339
      1	61362
      1	61365
      1	61369
      1	61383
      1	61388
      1	61390
      1	61406
      1	61451
      1	61462
      2	61466
      1	61492
      3	61509
      1	61550
      1	61579
      1	61594
      1	61647
      2	61649
      1	61655
      1	61673
      1	61683
      1	61692
      1	61698
      2	61702
      4	61703
      1	61764
      3	61772
      1	61787
      1	61799
      3	61829
      2	61855
      1	61879
      1	61891
      3	61897
      1	61904
      2	61912
      1	61918
      1	61941
      1	61943
      1	61949
      1	61964
      1	62001
      1	62026
      1	62030
      2	62051
      3	62053
      2	62063
      1	62095
      1	62099
      4	62119
      1	62124
      1	62174
      1	62178
      1	62180
      4	62183
      2	62189
      1	62223
      3	62236
      1	62296
      1	62349
      1	62396
      1	62412
      2	62413
      1	62426
      1	62435
      2	62485
      1	62491
      1	62495
      1	62527
      2	62532
      4	62534
      1	62561
      1	62575
      1	62599
      1	62624
      1	62631
      2	62664
      1	62667
      1	62668
      2	62680
      1	62702
      1	62711
      3	62715
      1	62730
      1	62731
      1	62761
      1	62771
      1	62781
      1	62794
      1	62808
      2	62809
      1	62811
      1	62837
      1	62847
      1	62930
      1	62967
      1	62975
      3	63002
      1	63015
      1	63019
      1	63022
      1	63041
      2	63050
      1	63060
      1	63072
      1	63073
      1	63077
      1	63097
      1	63105
      1	63112
      1	63136
      1	63140
      2	63147
      1	63150
      1	63169
      1	63174
      2	63178
      1	63198
      1	63200
      1	63203
      1	63300
      2	63315
      1	63323
      5	63363
      1	63368
      1	63390
      1	63399
      9	63409
      1	63421
      1	63426
      1	63430
      1	63432
      1	63519
      1	63532
      1	63565
      1	63578
      2	63607
      1	63635
      1	63690
      2	63696
      1	63698
      1	63702
      4	63710
      1	63742
      3	63743
      1	63780
      1	63792
      4	63807
      1	63810
      3	63820
      1	63872
      1	63884
      1	63885
      2	63889
      1	63898
      1	63920
      1	63940
      1	63950
      1	63987
      2	64020
      1	64044
      1	64081
      1	64095
      1	64102
      1	64105
      1	64120
      1	64129
      1	64142
      1	64146
      1	64152
      1	64153
      1	64164
      2	64170
      1	64177
      1	64189
      2	64219
      1	64221
      1	64253
      1	64261
      1	64296
      1	64304
      2	64307
      1	64313
      1	64314
      2	64347
      2	64375
      1	64425
      2	64459
      5	64469
      1	64470
      5	64485
      1	64520
      1	64522
      2	64528
      1	64529
      1	64530
      1	64539
      1	64552
      2	64557
      1	64568
      1	64583
      1	64586
      1	64624
      5	64637
      8	64657
      1	64677
      1	64680
      1	64699
      3	64700
      1	64738
      1	64756
      1	64774
      2	64794
      1	64798
      2	64907
      5	64908
      1	64920
      1	64943
      1	64975
      1	65008
      1	65009
      1	65023
      1	65040
      1	65042
      2	65046
      1	65090
      1	65114
      1	65123
      1	65129
      1	65133
      1	65201
      2	65221
      1	65249
      1	65257
      1	65271
      1	65272
      1	65328
      2	65334
      1	65352
      2	65353
      4	65408
      2	65413
      1	65443
      1	65467
      1	65502
      1	65506
      1	65528
