      3	18
      2	182
      1	331
      1	340
      1	362
      1	391
      1	783
      1	808
      1	810
      2	823
      1	995
      1	1070
      1	1079
      1	1456
      1	1656
      1	1720
      1	1947
      1	2002
      1	2041
      1	2170
      2	2206
      1	2417
      1	2504
      1	2613
      1	2619
      1	2755
      1	2779
      1	2867
      1	2872
      1	3013
      1	3058
      2	3147
      2	3152
      1	3239
      1	3273
      2	3332
      2	3370
      1	3396
      1	3425
      4	3732
      1	3917
      1	3962
      1	3965
      1	4106
      2	4162
      3	4293
      1	4366
      2	4436
      4	4848
     16	4937
      4	5047
      1	5137
      1	5151
      1	5465
      1	5492
      3	5555
      2	5598
      2	5640
      5	5701
      1	5818
      2	5885
      1	6039
      1	6280
      1	6423
      1	6494
      2	6497
      1	6546
      1	6548
      2	6592
      1	6685
      2	6926
      1	7071
      1	7139
      2	7340
      1	7356
      8	7502
      4	7525
      7	7651
      1	7695
      1	7696
      2	7705
      1	8141
      1	8154
      2	8240
      1	8354
      4	8365
      6	8709
      2	8787
      1	8846
      1	8873
      1	8970
      2	9121
      1	9247
      1	9267
      1	9486
     13	9503
      2	9562
      1	9752
      1	9911
      1	9999
      1	10081
      2	10131
      1	10507
      1	10609
      1	10809
      2	10811
      4	10839
      1	11112
      2	11298
      1	11557
      1	11612
      1	11696
      1	11751
      2	11762
      1	11780
      1	11795
      1	11964
      1	11967
      2	12290
      1	12444
      1	12535
      2	12708
      2	12763
      1	12787
      1	12818
      1	12841
      2	13031
      1	13524
      1	13561
      1	13579
      1	13802
     12	13992
      1	14124
      1	14429
      1	14450
      1	14593
      2	14746
      6	15310
      1	15325
      3	15399
      6	15429
      1	15437
      1	15491
      1	15534
      1	15605
      1	15615
      2	15660
     28	15684
      1	15724
      1	15751
      2	15791
      2	15816
      1	15895
      1	16108
      1	16334
      1	16612
      1	16614
      3	16616
      3	16715
      1	16890
      1	16935
      1	17092
      1	17175
      1	17298
      1	17414
      5	17773
      1	18024
      1	18109
      3	18203
      1	18542
      4	18590
      1	18666
      2	18675
      1	18768
      1	18907
      1	18949
      1	19197
      1	19301
      1	19305
      1	19309
      1	19497
      1	19620
      1	19918
     22	19991
      5	20050
      1	20055
      2	20328
      1	20360
      1	20405
      2	20438
      1	20560
      6	20742
      3	20830
      1	20997
      1	21001
      9	21096
      1	21149
      1	21156
      1	21237
      2	21258
      1	21265
      1	21413
      1	21573
      1	21783
      1	21962
      1	22140
      1	22177
      1	22200
      1	22244
      2	22265
      1	22325
      2	22340
      2	22437
      1	22890
      2	22894
      1	22980
      1	23086
      1	23111
      2	23113
      1	23199
      1	23399
      1	23899
      3	24283
      1	24334
      1	24555
      1	24638
      1	24804
      1	24958
      5	24990
      1	25024
      3	25281
      1	25419
      2	25563
      1	25633
      2	25781
      6	25836
      1	26014
      1	26202
      2	26244
      1	26249
      1	26329
      1	26648
      2	26666
      1	26848
      1	27039
      1	27197
      2	27262
      2	27568
      1	27607
      1	27903
      1	27944
      1	27954
      1	28925
      1	29110
      1	29305
      1	29309
      2	29417
      1	29456
      1	29626
      1	29653
      1	29678
      1	30040
      1	30092
      1	30152
      1	30177
      1	30195
      1	30211
      1	30509
      1	30790
      1	30848
      1	30910
      1	30922
      1	31097
      1	31156
      2	31174
      1	31241
      1	31360
      1	31505
      2	31522
      1	31562
      1	31588
      1	31778
      1	31786
      1	31822
      1	31836
      1	31876
      1	31915
      1	31943
      1	32018
      2	32069
      1	32117
      2	32426
      1	32582
      2	33004
      1	33100
      1	33472
      1	33586
      2	33617
      1	33627
      1	33668
      2	33844
      1	33892
      1	33909
      1	33954
      1	33971
      2	33999
      1	34660
      1	34701
      3	34773
      1	34990
      2	35198
      2	35223
      1	35226
      1	35354
      1	35553
      2	35572
      2	35591
      1	35947
      1	36054
      1	36137
      1	36257
      1	36423
      1	36580
      1	36612
      1	36780
      1	37072
      1	37116
      2	37127
      1	37196
      1	37292
      1	37492
      2	37609
      2	37625
      1	37661
      1	37793
      1	38295
      1	38302
      2	38440
      1	38714
      1	38738
     12	38756
      1	38774
      1	38794
      1	38802
      2	38886
      1	39175
      2	39196
      2	39330
      2	39447
      1	39458
      1	39529
      1	39638
      1	40010
      1	40130
      2	40178
      2	40423
      1	40575
      1	40591
      1	40653
      4	40692
      2	40707
      2	40725
      1	40748
      8	40914
      1	41009
      2	41129
      1	41217
      1	41333
      1	41435
      2	41603
      1	41604
      1	41724
      2	41791
      1	41794
      1	41856
      2	41974
      1	42043
      1	42153
      6	42204
      1	42380
      3	42506
      1	42675
      2	42755
      1	43280
      1	43469
      1	43496
      1	43566
      1	43723
      3	43827
      1	44024
      1	44370
      1	44455
      1	44481
      1	44489
      2	44649
      1	44737
      1	44803
      1	44838
      1	45061
      5	45178
      1	45263
      1	45292
      2	45380
      1	45828
      1	45943
     18	45951
      2	46076
      1	46126
      1	46509
      2	46580
      1	46615
      2	46827
      1	46901
      1	46924
      1	47102
      1	47309
      1	47382
      1	47449
      1	47514
      1	47891
      2	48067
      4	48152
      1	48214
      2	48408
      1	48533
      1	48577
      1	48626
      6	48634
      1	48839
      2	49107
      1	49162
      1	49535
      1	49538
      1	49787
      2	49922
      1	50040
      1	50059
      1	50181
      2	50184
      1	50246
      1	50313
      2	50565
      1	50578
      2	50660
      3	51004
      1	51036
      4	51169
      2	51260
      1	51273
      4	51326
      1	51428
      1	51597
      1	51609
      2	51744
      1	51890
     30	51913
      1	52177
      4	52894
      5	53093
      1	53168
      2	53232
      1	53401
      1	53412
      1	53436
      1	54030
      1	54156
      1	54246
      1	54445
      1	54745
      1	54774
      1	55045
      1	55453
      1	55615
      2	55765
      1	55791
      1	55842
      1	56144
      1	56184
      3	56689
      1	56704
      1	56751
      1	56771
      2	56810
      1	56953
      3	57144
      1	57223
      3	57525
      1	57534
      4	57715
      3	57762
      1	57815
      1	57834
      1	57906
      1	58191
      2	58239
      1	58488
      5	58812
      1	58913
      1	58947
      1	58963
      2	59126
      2	59165
      1	59248
      3	59316
      1	59335
      1	59644
      1	60040
      1	60155
      1	60244
      5	60295
      1	60331
      2	60631
      5	60784
      2	60997
      1	61048
      1	61081
      1	61105
      1	61173
      2	61207
      4	61363
      1	61570
      1	61648
      2	62073
      1	62095
      1	62314
      1	62320
      1	62366
      1	62396
      2	62518
      1	62868
      1	62899
      1	62947
      1	63097
      3	63156
      2	63198
      1	63322
      1	63443
      1	63489
      3	63528
      1	63809
      2	63820
      2	63854
      8	64056
      2	64075
      1	64171
      2	64446
      1	64485
      1	64580
     16	64682
      1	64794
      1	64999
      2	65075
      1	65123
      1	65140
      2	65279
      1	65386
      1	65408
      4	65492
