      2	11
      1	45
      1	67
      1	74
      2	91
      1	162
      1	346
      1	366
      1	412
      1	421
      2	428
      2	526
      1	527
      1	546
      1	556
      1	589
      1	590
      1	612
      1	704
      1	709
      1	710
      1	779
      1	823
      1	865
      5	902
      1	920
      1	938
      3	976
      1	977
      1	1115
      1	1122
      1	1138
      1	1142
      1	1152
      1	1155
      1	1248
      4	1264
      3	1288
      1	1357
      1	1358
      1	1359
      5	1387
      2	1412
      1	1445
      1	1454
      1	1471
      1	1475
      1	1486
      1	1500
      1	1517
      4	1554
      1	1613
      1	1616
      4	1620
      1	1629
      1	1645
      1	1656
      1	1728
      1	1762
      1	1798
      1	1813
      2	1818
      6	1829
      1	1841
      1	1842
      1	1857
      1	1887
      1	1913
      1	1937
      1	1974
      1	1981
      4	1990
      1	2010
      1	2051
      1	2055
      2	2057
      2	2077
      3	2087
      4	2093
      1	2161
      1	2177
      1	2253
     10	2265
      1	2307
      2	2342
      6	2366
      5	2381
      1	2417
      1	2453
      1	2471
      1	2510
      1	2515
      1	2540
      1	2629
      1	2652
      1	2693
      1	2721
      1	2784
      3	2792
      2	2802
      1	2817
      1	2893
      1	2906
      1	2938
      1	2955
      3	3004
      1	3013
      1	3020
      1	3025
      1	3063
      1	3102
      2	3184
      1	3185
      1	3191
      1	3202
      1	3210
      6	3213
      7	3228
      1	3235
      1	3252
      1	3300
      1	3328
      3	3351
      3	3358
      1	3372
     29	3375
      1	3379
      1	3396
      1	3436
      2	3525
      1	3526
      1	3552
      1	3646
      1	3678
      1	3690
      1	3694
      1	3707
      1	3708
      8	3709
      1	3806
      1	3822
      1	3862
      1	3870
      1	3914
      1	3948
      2	4064
      1	4083
      3	4086
      1	4106
      2	4113
      7	4211
      1	4244
      1	4245
      1	4249
      1	4250
      1	4269
      1	4307
      1	4318
      3	4327
      1	4336
      2	4376
      1	4390
      1	4411
      1	4423
      1	4470
      7	4524
      1	4577
      1	4581
      1	4582
      4	4592
      2	4620
      4	4640
      2	4664
      1	4681
      2	4729
      2	4730
      1	4753
      1	4768
      5	4823
     10	4848
      1	4849
      1	4892
      1	4917
      1	4943
     16	4969
      1	5023
      2	5062
      1	5136
      1	5147
      1	5154
      1	5210
      1	5219
      1	5222
      1	5284
      1	5314
      3	5378
      1	5473
      1	5475
      3	5476
      1	5492
      1	5510
      2	5525
      1	5558
      5	5565
      6	5567
      1	5598
      1	5600
      1	5605
      7	5613
      2	5701
      5	5731
      2	5819
      1	5888
      1	5893
      3	5897
      1	5954
      1	5963
      1	5967
      1	6045
      1	6057
      1	6101
      2	6148
      4	6156
      1	6164
      1	6165
      1	6173
      1	6175
      1	6180
      2	6198
      1	6226
      1	6263
      3	6289
      1	6295
      1	6359
      1	6378
      2	6392
     10	6398
      1	6399
      1	6411
      1	6439
     12	6443
      2	6497
      1	6566
      8	6622
      1	6638
      1	6647
      1	6661
      1	6678
      2	6711
      1	6748
      1	6754
      1	6767
      3	6770
      1	6776
      1	6778
      1	6828
      1	6837
      2	6861
      1	6918
      1	6937
      1	6971
      4	6980
      1	6981
      1	6985
      3	7013
      1	7056
      2	7101
      1	7109
      1	7221
      1	7223
      1	7241
      1	7271
      1	7285
      3	7335
      2	7364
      1	7435
      2	7452
      1	7457
      1	7485
      2	7496
      1	7521
      1	7549
      1	7567
      1	7667
      1	7688
      3	7746
      8	7817
      1	7822
      1	7829
      4	7835
      2	7842
      1	7846
      1	7913
      2	7970
      1	7976
      6	8003
      1	8052
      1	8119
      3	8121
      2	8142
     19	8240
      1	8246
      1	8250
      4	8281
      1	8296
      2	8312
      1	8318
      2	8365
      1	8370
      1	8450
      1	8452
      2	8495
      1	8506
      1	8532
      1	8554
      1	8557
      1	8567
      1	8667
      1	8712
      1	8731
      9	8824
      1	8826
      3	8839
      1	8855
      2	8911
      7	8917
      1	8947
      6	8950
      2	8954
      1	9013
      1	9079
      1	9089
      1	9155
      1	9174
      2	9208
      1	9216
      1	9249
      1	9261
      2	9267
      1	9275
      4	9287
      3	9299
      2	9307
      1	9317
      1	9324
      3	9331
      6	9345
      2	9442
      1	9466
      1	9498
      2	9566
      1	9587
      1	9698
      1	9705
      1	9714
      1	9715
      1	9731
      1	9744
      1	9752
      1	9794
      2	9797
     12	9848
      1	9873
      1	9875
      1	9878
      1	9888
      2	9896
      6	9900
      3	9927
      3	10022
      1	10026
      1	10027
      1	10059
      1	10069
      1	10085
      1	10098
      2	10114
      1	10216
      1	10268
      1	10275
      1	10319
      1	10422
      1	10485
      1	10493
      2	10533
      1	10612
      1	10673
      2	10724
      2	10732
      6	10744
      1	10759
     11	10813
      1	10814
      1	10824
      1	10859
      2	10899
      1	10905
      3	10950
      1	10966
      1	11026
      2	11042
      1	11071
     32	11090
      1	11162
      2	11165
      1	11166
      1	11231
      1	11276
      1	11296
      1	11307
      1	11349
      1	11439
      1	11444
      2	11490
      2	11524
      1	11536
      1	11550
      7	11569
      2	11671
      1	11682
      1	11691
      1	11699
      1	11701
      7	11751
      2	11770
      3	11810
      3	11876
      1	11897
      1	11943
      2	11967
      1	11990
      1	11995
      1	12164
      1	12171
      2	12227
      3	12245
      1	12253
      3	12271
      1	12334
      1	12367
      2	12370
      1	12375
      1	12384
      1	12386
      1	12389
      1	12397
      1	12404
      1	12414
      1	12472
      1	12483
      1	12496
      2	12503
      1	12543
      1	12583
      1	12627
      1	12684
      1	12748
      1	12763
     10	12767
      9	12792
      5	12868
      1	12869
      2	12874
      1	12908
      2	12946
      2	12956
      1	13054
      1	13096
      1	13102
      1	13210
      1	13222
      2	13238
      1	13244
      2	13249
      1	13252
      1	13273
      2	13288
      1	13291
      4	13371
      1	13408
      2	13416
      1	13424
      1	13438
      1	13443
      5	13479
      3	13490
      3	13499
      2	13572
      1	13594
      2	13595
      2	13600
      1	13620
      2	13679
      1	13709
      3	13723
      5	13738
      1	13741
      1	13768
      1	13863
      2	13871
      2	13913
      1	13986
      1	13992
      1	14128
      1	14141
      1	14174
      2	14187
      1	14315
      7	14343
      1	14349
      1	14397
      2	14429
      6	14436
      1	14462
      1	14472
      1	14512
      1	14540
      1	14590
      1	14720
      1	14764
      2	14768
      1	14906
      1	14921
      1	14923
      1	14925
      5	14933
      1	14950
      1	15020
      1	15029
      1	15051
      1	15064
      4	15102
      2	15120
      2	15125
      2	15136
      1	15139
      3	15241
      2	15278
      2	15282
      1	15287
      2	15290
      2	15293
      2	15322
      1	15340
      1	15372
      1	15381
      2	15399
      6	15411
      2	15461
      1	15476
      1	15479
      2	15516
      1	15535
      4	15607
      6	15619
      2	15639
      2	15653
      1	15684
      1	15736
      6	15756
      1	15780
      1	15782
      1	15846
      1	15892
      2	15925
      1	15952
      1	15985
      1	15995
      1	16007
      1	16036
      2	16086
      1	16112
      1	16113
      1	16148
      4	16167
      2	16192
      5	16195
      1	16220
      1	16254
      1	16258
      1	16270
      1	16330
      2	16332
      1	16383
      1	16445
      1	16465
      1	16503
      1	16516
      2	16554
      4	16588
      3	16620
      1	16672
     12	16703
      3	16704
      1	16744
      3	16748
      1	16754
      1	16796
      1	16809
      1	16823
      7	16826
      2	16833
      1	16835
      1	16890
      1	16950
      1	16998
      1	17009
      1	17027
      1	17037
      1	17043
      8	17087
      1	17105
     11	17115
      4	17175
      4	17182
      1	17193
      2	17210
      2	17225
      5	17267
      1	17282
      1	17317
      1	17338
      1	17340
      1	17374
      1	17445
      1	17466
      1	17470
      1	17505
      1	17527
      1	17567
      1	17624
      1	17679
      1	17736
      1	17743
      1	17770
      1	17773
      2	17776
      1	17807
      8	17828
      2	17877
      1	17916
      2	17975
      1	17989
      1	18008
      1	18108
      1	18145
      2	18160
      1	18206
      1	18219
      3	18259
      1	18274
      1	18282
      1	18291
     13	18333
      1	18387
      1	18394
      3	18403
      2	18414
      1	18444
      1	18447
      1	18567
      3	18570
      1	18590
      9	18672
      1	18696
      7	18719
      1	18734
      8	18749
      2	18768
      1	18770
      1	18919
      1	18983
      1	19026
      1	19059
      1	19076
      2	19138
      1	19173
      2	19222
      2	19226
      4	19234
      1	19245
      1	19248
      1	19264
      1	19319
      1	19338
      1	19343
      1	19388
      2	19467
      1	19497
      1	19531
      1	19612
      5	19745
      3	19785
      1	19799
      1	19844
      1	19911
      1	19974
      1	19975
      2	19991
      1	20023
      1	20064
      1	20080
      1	20136
      1	20172
      1	20208
      3	20229
      1	20252
      1	20264
      1	20288
      1	20364
      2	20502
      1	20577
      2	20609
      1	20676
      1	20683
      1	20700
      3	20703
      1	20736
      4	20739
      1	20756
      3	20760
      1	20789
      1	20795
      1	20827
      2	20871
      1	20902
      1	20915
      2	20971
      2	20994
      1	21022
      1	21079
      1	21082
      1	21120
      1	21199
      2	21237
      1	21243
      1	21256
      3	21271
      1	21280
      1	21291
      1	21297
      1	21299
      1	21316
      2	21340
      1	21380
      1	21420
      1	21466
      5	21482
      4	21507
      1	21592
      2	21607
      5	21655
      3	21681
      1	21754
      1	21769
      6	21865
      1	21892
      1	21942
      2	21952
      1	21982
      3	21985
      2	22010
      1	22073
      1	22104
      1	22176
      1	22194
      1	22201
      2	22219
      1	22233
      1	22250
      2	22265
      2	22280
      1	22287
      2	22290
      3	22306
      3	22315
      1	22340
      1	22378
      1	22437
      1	22466
      1	22473
      1	22488
      1	22501
      7	22568
      3	22586
      2	22597
      1	22630
      2	22636
      2	22675
      1	22682
      1	22686
      1	22694
      2	22792
      1	22805
      2	22810
      6	22812
      1	22818
      1	22834
      1	22906
      2	22970
      1	23019
      6	23052
      1	23070
      1	23083
      1	23204
      1	23210
      8	23216
      2	23219
      2	23234
      3	23254
      1	23264
      1	23333
      1	23351
      1	23374
      4	23535
      1	23566
      2	23601
      2	23602
      1	23611
      1	23721
      1	23744
      1	23849
      1	23852
      1	23857
      1	23888
      1	23899
      1	23922
      2	23932
      1	23968
      2	23984
      1	24054
      1	24081
      1	24117
      2	24123
      1	24138
      1	24140
      1	24166
      2	24178
      1	24194
      1	24251
      1	24274
      1	24298
      2	24324
      3	24334
      1	24345
      1	24366
      1	24390
      1	24412
      1	24449
      2	24459
      2	24466
      1	24469
      1	24506
      2	24522
      3	24541
      7	24546
      2	24586
      3	24596
      1	24672
      1	24724
      3	24747
      1	24762
      2	24794
      3	24814
      1	24817
      2	24871
      1	24941
      1	25005
     15	25024
      1	25046
      1	25129
      1	25173
      1	25228
      1	25324
      1	25329
      1	25390
      1	25393
      1	25445
      1	25465
      2	25470
      1	25474
      2	25484
      2	25500
      5	25507
      1	25509
      1	25511
      1	25517
      1	25549
      1	25610
      1	25612
      1	25663
      3	25664
      1	25666
      1	25689
      2	25698
      1	25787
      2	25808
      1	25853
      2	25960
      1	25993
      2	26002
      1	26014
      1	26069
      1	26135
      1	26223
      2	26290
      3	26307
      6	26327
      1	26345
      2	26369
      2	26398
      1	26410
      1	26420
      1	26435
      1	26470
      2	26471
      1	26495
      2	26556
      1	26625
      2	26630
      1	26646
      2	26656
      2	26660
      2	26718
      1	26739
      2	26757
      2	26777
      1	26829
      9	26857
      1	26870
      1	26906
      1	26909
      1	26947
      1	26959
      1	27124
      1	27154
      2	27157
      3	27173
      3	27193
      1	27205
      1	27208
      1	27268
      1	27286
      1	27288
      2	27350
      1	27355
      1	27384
      1	27419
      1	27444
      1	27494
     32	27519
      1	27547
      1	27561
      3	27600
      5	27605
      1	27726
      1	27731
      2	27761
      1	27787
      1	27790
      6	27801
      1	27827
      1	27865
      2	27867
      1	27876
      3	27880
      5	27881
      4	27901
      1	27920
      1	27936
      1	27951
      1	27974
      1	27990
      3	27994
      6	28012
      1	28025
      2	28031
      1	28034
      1	28047
      1	28094
      1	28155
      1	28193
      2	28221
      1	28240
      1	28293
      1	28316
      1	28415
      2	28417
      1	28427
      4	28429
      1	28431
      2	28462
      2	28487
      1	28557
      1	28594
      1	28606
      1	28729
      1	28743
      3	28759
      1	28828
      1	28840
      1	28881
      1	28907
      1	28919
      2	28975
      1	28993
      1	28995
      1	29028
      2	29085
      1	29146
      2	29150
      2	29181
      2	29252
      1	29268
      1	29283
      1	29325
      1	29376
      1	29449
      1	29468
      1	29515
      3	29543
      1	29545
      1	29657
      1	29700
      1	29715
      1	29723
      2	29735
      1	29753
      3	29826
      2	29870
      1	29876
      1	29879
      3	29880
      1	29914
      1	29929
      2	29945
      1	29989
      1	30119
      2	30152
      1	30163
      3	30167
      3	30193
      1	30229
      1	30375
      1	30403
      1	30427
      1	30446
      1	30450
      5	30481
      1	30511
      1	30544
      3	30555
      2	30563
      1	30565
      4	30592
      8	30652
      2	30653
      1	30680
      1	30711
      1	30716
      4	30742
     30	30776
      2	30785
      1	30788
      2	30866
      1	30877
      1	30900
      1	30933
      4	30937
      1	30939
      1	30952
      1	31032
      3	31037
      5	31186
      1	31210
      1	31221
      2	31256
      1	31395
      1	31397
      1	31409
      1	31521
      1	31571
      1	31585
      3	31615
      1	31670
      1	31703
      4	31706
      1	31732
      1	31755
      3	31766
      3	31771
      1	31778
      1	31796
      1	31815
      1	31831
      1	31869
      1	31913
      1	31944
      2	31946
      1	31949
      1	31965
      2	31972
      2	31983
      1	31989
      1	31990
      1	32003
      2	32037
      1	32046
      1	32078
      1	32113
      1	32118
      9	32141
      3	32249
      1	32266
      2	32287
      3	32340
      1	32405
      2	32410
      1	32465
      1	32479
      2	32505
      1	32515
      3	32520
      2	32554
      1	32598
      1	32601
      1	32657
      1	32670
      1	32673
      1	32709
      1	32724
      1	32736
      1	32745
      1	32754
      1	32814
      2	32857
      4	32863
      1	32877
      1	32889
      1	32903
      1	32967
     11	33069
      1	33074
      1	33092
      1	33109
      2	33159
      1	33224
      3	33264
      1	33272
      1	33281
      4	33293
      2	33317
      1	33341
      4	33356
      1	33387
      1	33476
      4	33484
      1	33523
      1	33575
      1	33651
      1	33668
      8	33674
      1	33730
      1	33812
      1	33863
      2	33917
      2	33945
      1	33948
      1	33955
      1	33971
      1	34035
      1	34055
      1	34084
      4	34110
      2	34133
      1	34136
      1	34190
      1	34307
      1	34317
      1	34328
      1	34333
      2	34359
      1	34378
      1	34536
      2	34539
      1	34543
      1	34550
      1	34627
      7	34641
      1	34706
      1	34723
      1	34729
      1	34757
      1	34776
      1	34803
      1	34836
      1	34852
      1	34874
      4	34916
      1	34921
      2	34931
     12	34975
      1	34991
      2	35004
      1	35065
      1	35081
      1	35110
      2	35124
      1	35221
      1	35223
      1	35233
      1	35263
      2	35275
      2	35298
      1	35420
      1	35422
      1	35471
      1	35545
      1	35563
      1	35576
      1	35577
      1	35596
      1	35644
      1	35650
      1	35667
     10	35708
      1	35722
      1	35748
      2	35758
      5	35770
      3	35780
      2	35807
      1	35835
      1	35836
      1	35854
      1	35862
      1	35892
      2	35893
      1	35915
      1	35937
      2	35949
      1	35962
      4	35978
      1	35997
      1	36003
      1	36015
      1	36044
      2	36150
      1	36161
      1	36168
      1	36176
      1	36253
      2	36288
      4	36295
      1	36396
      1	36402
      1	36416
      1	36435
      1	36456
      1	36547
      1	36549
      3	36559
      2	36566
      1	36578
      1	36604
      1	36642
      3	36658
      1	36668
      1	36727
      1	36746
      1	36816
      1	36831
      1	36889
      1	36907
      1	36933
      1	36953
      1	37014
      1	37016
      3	37023
      1	37068
      1	37079
      1	37124
      1	37162
      1	37226
      1	37253
      3	37266
      1	37316
      2	37340
      2	37355
      2	37393
      3	37414
      1	37464
      1	37465
      1	37479
      1	37493
      1	37528
      1	37573
      1	37586
      6	37640
      5	37672
      1	37699
      1	37743
      2	37748
      1	37758
      1	37765
      2	37812
      1	37814
      2	37870
      1	37878
      1	37906
      1	37959
      1	38019
      1	38036
      5	38045
      1	38088
      1	38120
      3	38162
      1	38171
      2	38184
      3	38268
      2	38269
      1	38288
      1	38315
      1	38319
      1	38346
      1	38347
      2	38367
      2	38395
      1	38444
      1	38480
      1	38544
      6	38589
      1	38616
      1	38624
      1	38631
      1	38654
      1	38662
      1	38676
      3	38681
      2	38687
      1	38713
      1	38730
      1	38737
      1	38738
      2	38743
      1	38781
      1	38804
      7	38839
      2	38852
      3	38888
      1	38905
      1	38956
      2	38993
      1	39032
      5	39043
      1	39072
      3	39075
      1	39175
      1	39186
      1	39199
      1	39213
      1	39234
      2	39241
      1	39262
      1	39330
      4	39337
      2	39350
      2	39363
      1	39409
      3	39432
      1	39448
      1	39458
      2	39509
      2	39561
      2	39619
      3	39649
      1	39655
      1	39666
      4	39696
      1	39702
      1	39782
      1	39783
      1	39807
      2	39818
      3	39824
      1	39825
      6	39868
      1	40008
      1	40010
      1	40016
      2	40031
      2	40040
      1	40085
      2	40100
      1	40202
      1	40295
      9	40330
      1	40347
      1	40358
      1	40445
      1	40452
      1	40462
      2	40481
      1	40519
      1	40544
      2	40564
      1	40585
      2	40609
      1	40619
      1	40635
      1	40665
      1	40674
      1	40707
      1	40711
      1	40738
      4	40779
      4	40794
      1	40820
      1	40836
      1	40857
      1	40863
      1	40892
      3	40900
      1	40947
      2	40950
      7	41015
      1	41022
      1	41027
      8	41032
      1	41069
      1	41106
      1	41107
      3	41119
      4	41165
      1	41185
      5	41189
      1	41235
      6	41245
      2	41297
      1	41323
      1	41329
      1	41333
      1	41344
      1	41356
      1	41412
      2	41415
      1	41456
      1	41467
      3	41522
      1	41532
      1	41540
      1	41572
      3	41582
      1	41588
      1	41598
      2	41600
      1	41618
      1	41646
      1	41655
      1	41669
      1	41724
      1	41738
      1	41750
      1	41768
      1	41800
      8	41853
      1	41888
      3	41947
      4	41983
      1	42008
      2	42011
      1	42077
      1	42150
      1	42223
      1	42329
      1	42340
      6	42377
      1	42388
      3	42425
      2	42501
      1	42504
      2	42506
      2	42517
      1	42523
      1	42537
      1	42555
      2	42601
      1	42723
      1	42726
      1	42748
      1	42766
      1	42815
      4	42855
      1	42857
      1	42860
      1	42866
      1	42905
      1	42914
      1	42937
      1	42970
      1	43016
      4	43080
      1	43095
      1	43119
      3	43148
      2	43225
      1	43263
      3	43277
      1	43312
      1	43357
      2	43422
      1	43463
      1	43469
      2	43478
      1	43496
      1	43498
      1	43531
      1	43555
      1	43686
      1	43693
      1	43729
      1	43734
      1	43737
      1	43757
      1	43764
      1	43819
      1	43830
      1	43835
      5	43862
      1	43870
      1	43969
      1	43972
      1	43985
      1	44010
      1	44016
      1	44060
     12	44078
      1	44195
      1	44210
     21	44228
      1	44249
      1	44271
      3	44300
      2	44329
      1	44434
      2	44482
      1	44495
      1	44575
      2	44626
      1	44683
      1	44716
      1	44721
      1	44777
      2	44818
      3	44826
      2	44833
      1	44838
      2	44851
      1	44862
      1	44876
      2	44887
      2	44896
      2	44912
      1	44928
      1	44981
      1	44983
      1	44996
      1	45004
      1	45052
      1	45065
      1	45092
      1	45117
      4	45120
     16	45173
      3	45215
      1	45225
      3	45250
      1	45258
      1	45289
      5	45293
      1	45294
      2	45308
      1	45352
      1	45368
      1	45371
      4	45383
      3	45407
      1	45422
      3	45425
      1	45450
      1	45460
      5	45472
      1	45586
      1	45596
      1	45637
      1	45664
      1	45671
      2	45673
      1	45694
      1	45742
      1	45778
      2	45806
      1	45814
      1	45844
      1	45869
      1	45897
      1	45898
      1	45921
      1	45943
      1	45947
      5	45978
      1	45982
      3	46061
      1	46100
      1	46116
      1	46150
      1	46169
      1	46173
      1	46210
      1	46251
      2	46261
      1	46285
      1	46324
      1	46325
      1	46353
      3	46392
      1	46397
      1	46414
      4	46417
      1	46429
      1	46457
      1	46499
      1	46505
      1	46513
      1	46544
      1	46554
      1	46561
      1	46569
      3	46576
      1	46656
      1	46658
      6	46664
      1	46686
      1	46711
      1	46716
      1	46734
      1	46761
      2	46766
      2	46783
      3	46787
      3	46823
      7	46827
      1	46833
      1	46849
      1	46884
      1	46937
      1	46959
      1	47029
      3	47088
      1	47091
      1	47098
      1	47099
      2	47102
      1	47109
      1	47110
      1	47113
      1	47153
      2	47154
     13	47159
      1	47185
      1	47213
      1	47217
      1	47267
      1	47305
      2	47309
      5	47364
      1	47389
      1	47391
      1	47486
      1	47547
      5	47584
      7	47597
      1	47638
      1	47654
      1	47672
      1	47711
      1	47721
      1	47866
      1	47887
      1	47903
      1	47905
      1	47996
      1	48029
      1	48071
      1	48110
      1	48123
      8	48128
      1	48170
      1	48198
      1	48213
      4	48214
      1	48216
      1	48235
      2	48253
      1	48258
      1	48270
      4	48289
      1	48293
      3	48307
     10	48336
      1	48355
      1	48404
      1	48499
      2	48512
      1	48573
      1	48577
      1	48578
      1	48580
      1	48618
      6	48655
      2	48658
      1	48675
      1	48721
      5	48744
      1	48746
      1	48844
      3	48870
      1	48874
      1	48887
      1	48902
      1	48913
      1	48961
      1	48986
      3	49073
      1	49110
      7	49123
      2	49140
      1	49158
      3	49180
      4	49201
      1	49229
      1	49247
      1	49272
      1	49279
      8	49312
      2	49346
      1	49382
      1	49387
      1	49398
      1	49408
      1	49484
      1	49556
      1	49588
      1	49601
      4	49606
      1	49615
      1	49673
      1	49677
      1	49678
      1	49785
      1	49797
      3	49823
      2	49831
      1	49911
      1	49966
      7	50049
      1	50058
      1	50063
      1	50103
      1	50111
      1	50209
      4	50297
      1	50327
      1	50349
      8	50375
      1	50389
      2	50419
      3	50511
      2	50544
      1	50560
      1	50657
      1	50680
      1	50714
      1	50720
      1	50772
     16	50776
      1	50792
      1	50798
      1	50810
      3	50821
      2	50829
      1	50890
      3	50905
      1	50915
      1	50948
      1	50957
      1	51007
      2	51044
      1	51078
      1	51196
      1	51243
      2	51334
      2	51354
      1	51383
      1	51392
      1	51427
      1	51428
      3	51440
      1	51449
      1	51468
      3	51483
      4	51530
      1	51624
      1	51669
      1	51703
      1	51757
      1	51758
      1	51830
      1	51836
      6	51857
      1	51868
      2	51890
      4	51959
     29	51961
      1	51992
      2	52007
      1	52012
      3	52024
      1	52058
      1	52117
      1	52121
      1	52154
      1	52166
      1	52323
      3	52338
      1	52370
      7	52405
      1	52412
      2	52414
      1	52415
      1	52457
      1	52485
      1	52497
      1	52519
      1	52565
      1	52622
      1	52655
      1	52767
      1	52814
      2	52824
      1	52856
      1	52863
      1	52917
      3	52938
      1	53004
     11	53054
      1	53085
      1	53093
      1	53105
      1	53147
      1	53220
      1	53222
      1	53243
      1	53265
      1	53324
      1	53337
      3	53349
      5	53477
      2	53479
      1	53550
      1	53583
      4	53596
      1	53633
      1	53639
      1	53746
      1	53794
      4	53817
      1	53846
      1	53849
      1	53865
      1	53870
      2	53918
      1	53925
      1	54030
      6	54051
      1	54121
      1	54122
      1	54136
      1	54171
      1	54175
      1	54210
      1	54222
      1	54232
      1	54263
      1	54311
      2	54312
      1	54336
      1	54359
      4	54395
      2	54400
      1	54439
      6	54546
      2	54632
      1	54720
      1	54774
      1	54776
      1	54785
      2	54842
      1	54883
      1	54915
      1	54917
      4	54930
      4	54950
      1	54972
      2	54989
      1	54993
      3	55027
      1	55080
      2	55085
      3	55094
      1	55155
      1	55165
      1	55207
      1	55217
      2	55301
      1	55398
      1	55418
      9	55460
      2	55481
      3	55521
      3	55526
      1	55532
      2	55565
      1	55566
      1	55587
      2	55606
      2	55608
      1	55621
      2	55626
      1	55669
      1	55674
      1	55721
      3	55736
     45	55749
      1	55798
      1	55814
      1	55822
      1	55849
      1	55870
      1	55894
     12	55962
     11	55998
      2	56084
      1	56090
      1	56105
      1	56114
      2	56184
      1	56206
      1	56219
      1	56266
      2	56271
      1	56273
      1	56281
      1	56371
      7	56404
      2	56410
      1	56434
      6	56530
      1	56566
      1	56693
      2	56720
      4	56779
      5	56782
      1	56793
      1	56797
      2	56852
      1	56856
      2	56902
      1	56914
      1	56930
      1	56941
      2	57053
      6	57063
      1	57116
      6	57141
      1	57170
      2	57177
      1	57245
      1	57279
      1	57310
      1	57345
      1	57375
      1	57383
      1	57388
      1	57389
      1	57449
      1	57489
      1	57492
      1	57500
      7	57525
      2	57557
      1	57580
      1	57593
      2	57657
      1	57705
      1	57821
      1	57896
      1	57899
      1	57940
      2	57949
      7	57950
      2	58003
      4	58036
      6	58081
      1	58124
      1	58159
      1	58180
      1	58202
      3	58216
      4	58281
      1	58291
      1	58338
      1	58352
      1	58364
      1	58515
      1	58554
      1	58556
      1	58606
      1	58621
      2	58651
      4	58682
      2	58716
      1	58721
      1	58731
      2	58735
      1	58745
      1	58762
      1	58766
      3	58806
      1	58807
      3	58824
      1	58829
      2	58887
      1	58936
      1	58947
      1	58953
      1	58966
      1	58998
      1	59012
      2	59034
      4	59037
      1	59064
      1	59165
      1	59173
      1	59178
      1	59201
      1	59205
      1	59208
      1	59218
      1	59236
      2	59255
      7	59291
      5	59327
      3	59329
      1	59343
      1	59366
      4	59456
      1	59529
      1	59536
      1	59571
      1	59573
      1	59590
      1	59622
      2	59636
      1	59663
      1	59671
      1	59720
      2	59726
      1	59728
      1	59748
     14	59755
      2	59803
      5	59944
      7	59949
      2	59973
      7	60023
      1	60049
      1	60100
      2	60103
      1	60120
      1	60131
      1	60155
      2	60190
      4	60210
      3	60266
      1	60268
      6	60284
      1	60307
      1	60331
      1	60367
      1	60378
      3	60456
      1	60458
      1	60523
      1	60543
      1	60581
      2	60671
      1	60782
      2	60810
      2	60816
      1	60832
      5	60868
      1	60898
      1	60959
      3	60983
      2	61011
      1	61013
      1	61021
      5	61026
      1	61028
      1	61064
      3	61121
      6	61131
      3	61152
      1	61188
      1	61207
      3	61234
      5	61254
      3	61257
      3	61261
      1	61298
      1	61300
      1	61304
      1	61311
      1	61343
      1	61421
      4	61423
      4	61445
      1	61540
      1	61607
      1	61615
      1	61649
      1	61667
      1	61683
      2	61686
      3	61767
      1	61772
      1	61854
      1	61855
      1	61891
      3	61937
      1	61962
      2	61993
      2	61999
      1	62002
      1	62009
      1	62010
      1	62011
      5	62026
      1	62041
      2	62053
      1	62063
      3	62162
      1	62178
      4	62183
      9	62194
      1	62224
      1	62243
      7	62291
      1	62343
      2	62353
      6	62414
      1	62452
      1	62462
      1	62471
      1	62495
      1	62532
      2	62577
      2	62599
      2	62613
      1	62762
      1	62791
      1	62794
     10	62811
      1	62846
      1	62886
      3	62892
      1	62899
      1	62907
      1	62936
      1	62975
      1	63000
      1	63004
      3	63102
      2	63140
      1	63169
      6	63192
      1	63247
      1	63323
      4	63363
      5	63381
      1	63390
      1	63409
      2	63413
      1	63414
      1	63450
      1	63451
      1	63512
      2	63530
      1	63677
      2	63710
      1	63743
      1	63755
      1	63778
      1	63791
      1	63889
      1	63898
      1	63920
      4	63950
      1	63967
      1	64000
      1	64038
      1	64056
      1	64059
      3	64071
      1	64126
      1	64180
      1	64196
      1	64212
      1	64283
      8	64307
      3	64349
      1	64395
      1	64446
      1	64454
      3	64473
      1	64496
      1	64503
      1	64544
      1	64552
      1	64580
      1	64593
      1	64600
      2	64633
      4	64657
      1	64666
      1	64700
      1	64794
      1	64844
      1	64868
      1	64884
      1	64895
      1	64896
      1	64938
      3	64995
      3	65023
      2	65066
      1	65121
      3	65195
      2	65212
      1	65231
      1	65275
      1	65304
      1	65328
      2	65352
      1	65391
      1	65405
      1	65408
      1	65413
      1	65414
      1	65467
      1	65486
