      1	5
      1	10
      7	11
      1	18
      3	22
      2	67
      1	75
      1	86
      3	97
      1	113
      1	127
      1	171
      1	230
      1	276
      3	351
      1	358
      1	362
      1	378
      1	417
      3	425
      1	433
      1	499
      1	512
      1	527
      1	531
      6	546
      1	590
      1	594
     10	598
      1	638
      3	664
      1	673
      1	712
      1	721
     10	722
      1	724
      2	740
      1	758
      1	813
      1	853
      3	873
      1	876
      1	880
      1	881
      2	904
      1	925
      1	934
      4	936
      1	984
      1	991
      2	1064
      1	1068
      3	1089
      1	1095
      1	1104
      2	1105
      2	1107
      1	1121
      1	1124
      1	1144
      1	1153
      1	1191
      3	1200
      2	1204
      1	1216
      1	1229
      5	1232
      1	1239
      1	1248
      1	1264
      1	1285
      2	1306
      1	1320
      1	1342
      1	1348
      1	1354
      1	1357
      1	1358
      1	1379
      1	1399
      2	1422
      1	1444
      2	1459
      1	1480
      1	1494
      1	1497
      1	1506
      2	1529
      1	1550
      1	1565
      2	1570
      1	1586
      9	1616
      1	1639
      4	1645
      5	1649
      2	1662
      1	1671
      1	1682
      1	1707
      1	1712
      1	1714
      1	1738
      1	1753
      3	1780
      1	1784
      2	1792
      2	1830
      1	1844
      1	1856
      4	1857
      2	1899
      3	1913
      5	1918
      3	1928
      1	1947
      1	1952
      1	1966
      3	1976
      1	1977
      2	1984
      1	1985
      3	2009
      1	2020
      1	2025
      1	2030
      3	2044
      2	2050
     14	2067
      5	2087
      5	2091
      2	2114
      5	2135
      1	2158
      1	2161
      1	2205
      2	2209
      1	2221
      2	2302
      7	2325
      1	2338
      2	2371
      1	2390
      1	2440
      2	2443
      1	2471
     14	2475
      1	2565
      3	2659
      3	2665
      4	2671
      1	2674
      1	2679
      1	2689
      2	2735
      1	2776
      1	2801
      2	2817
      1	2823
      3	2831
      1	2843
      1	2849
      6	2872
      1	2879
      3	2908
      5	2910
      1	2919
      2	2947
      2	2965
      1	2981
      1	2985
      1	2992
      2	3003
      1	3013
      1	3014
      3	3020
      5	3063
      2	3065
      3	3072
      1	3078
      2	3089
      1	3103
      1	3104
      2	3123
      2	3147
      1	3157
      1	3164
      1	3167
      1	3189
      1	3200
      2	3204
      4	3209
      2	3219
      1	3223
      1	3239
      1	3267
      1	3283
      1	3287
      2	3288
      1	3307
      1	3360
      1	3367
      2	3380
      1	3382
      1	3385
      1	3400
      2	3409
      2	3410
      1	3420
      2	3442
      1	3449
      1	3450
      1	3457
      1	3476
     25	3486
      1	3495
      2	3499
      2	3503
      1	3508
      1	3512
      4	3519
      1	3538
      2	3551
      2	3558
      1	3577
      2	3636
      1	3644
      5	3645
      3	3648
      2	3653
      1	3664
      2	3669
      1	3677
      4	3690
      1	3700
      1	3702
      4	3708
      2	3709
      1	3726
      3	3732
      2	3745
      2	3754
      2	3764
      1	3781
      1	3792
      5	3829
      1	3835
      1	3845
      4	3850
      1	3916
      1	3941
      2	3946
      2	3956
      1	3962
      1	4026
      1	4043
      1	4061
      1	4064
      1	4081
      5	4106
      3	4109
      7	4114
      1	4136
      2	4143
      1	4148
      1	4149
      1	4152
      3	4153
      4	4196
      1	4216
      1	4228
      1	4267
      1	4286
      1	4293
      2	4297
      1	4298
      1	4326
      1	4329
      1	4342
      1	4354
      1	4365
      1	4368
      1	4377
      2	4379
      2	4388
      1	4392
      1	4394
      1	4428
      2	4431
      1	4436
      3	4439
      1	4442
      1	4447
      2	4462
      2	4472
      1	4499
      1	4515
      1	4534
      1	4540
      3	4552
      1	4563
      1	4610
      1	4616
      1	4637
      3	4662
      1	4664
      1	4672
      1	4690
      1	4758
      1	4763
      2	4770
      2	4773
      1	4777
      1	4780
      1	4781
      3	4785
      1	4787
      2	4801
      3	4810
      1	4830
      1	4838
      1	4876
      1	4906
      1	4918
      1	4930
      5	4934
      1	4937
      2	4941
      1	4942
      1	4954
      2	4967
      2	4983
      2	5077
      2	5110
      2	5112
      3	5151
      4	5161
      1	5166
      1	5178
      1	5185
      1	5189
      1	5206
      1	5212
      3	5222
      2	5238
      1	5253
      2	5260
      2	5276
     13	5287
      1	5300
      4	5313
      1	5348
      2	5402
      3	5403
      1	5424
      2	5425
      1	5432
      1	5439
      1	5464
      1	5467
      1	5468
      4	5475
      1	5476
      1	5502
      1	5512
      1	5520
      1	5532
      1	5548
      2	5565
      1	5570
      4	5571
      1	5578
      4	5581
      1	5591
      1	5598
      1	5612
      1	5622
      2	5636
      1	5643
      3	5670
      2	5702
      3	5731
      1	5740
      1	5750
      1	5756
      1	5766
      1	5807
      1	5810
      1	5844
      1	5849
      4	5852
      1	5908
      3	5915
      1	5933
      1	5959
      7	5963
      2	5977
      5	5986
      1	5995
      1	6004
      1	6018
      2	6020
      1	6021
      1	6024
      1	6032
      1	6045
      1	6053
      1	6057
      1	6073
      1	6085
      2	6143
      2	6148
      9	6156
      2	6175
      3	6196
      1	6199
      3	6208
      1	6228
      1	6263
      2	6285
      1	6286
      1	6295
      1	6310
      1	6338
      1	6353
     12	6393
      1	6415
      3	6417
      1	6425
      1	6428
      1	6443
      1	6447
      1	6452
      1	6468
      1	6486
      1	6491
      6	6494
     10	6497
      2	6512
      6	6558
      1	6586
      1	6591
      5	6614
      1	6630
      2	6635
      1	6649
      1	6659
      1	6677
      2	6693
      3	6708
      1	6733
      1	6756
      1	6767
      1	6789
      3	6801
      1	6805
      1	6807
      2	6821
      1	6829
      1	6844
      1	6858
      1	6861
      2	6868
      1	6918
      2	6947
      2	6955
      1	6959
      1	6964
      1	6967
      1	6968
      1	6969
      1	6978
      6	6980
      1	6981
      3	7011
      1	7012
      4	7015
      2	7071
      1	7075
      1	7084
      1	7109
      1	7141
      2	7172
      1	7182
      1	7187
      1	7206
      1	7240
      1	7242
      3	7252
      3	7256
      3	7272
      1	7275
      2	7297
      1	7300
      1	7309
      1	7322
      2	7351
      1	7359
      1	7377
      1	7392
      1	7396
      1	7414
      1	7420
      8	7428
      1	7459
      2	7466
      1	7517
      1	7518
      1	7532
      1	7544
      1	7567
      1	7615
      3	7616
      1	7619
      1	7635
      2	7649
      1	7651
      1	7660
      6	7667
      1	7675
      1	7680
      2	7682
      8	7696
      1	7702
      1	7705
      2	7732
      1	7774
      1	7781
      1	7783
      1	7788
      1	7798
      1	7822
      1	7823
      3	7850
      3	7863
      1	7892
      1	7920
      2	7935
      1	7956
      2	7970
      2	8011
      1	8029
      1	8034
      7	8039
      1	8045
      2	8054
      3	8061
      1	8064
      1	8111
      3	8118
      2	8123
     12	8153
      1	8213
      1	8255
      1	8260
      1	8269
      2	8294
      1	8297
      1	8311
      1	8313
      1	8338
      1	8362
      1	8459
      9	8462
      2	8500
      2	8504
      1	8510
      3	8519
      3	8537
      1	8550
      7	8618
      1	8622
      1	8623
      1	8701
      2	8736
      6	8760
      1	8767
      1	8771
      1	8835
      1	8843
      3	8847
      1	8854
      3	8856
      1	8900
      1	8906
      1	8918
      6	8930
      2	8934
      1	8954
      1	8955
      4	8956
      1	8959
      2	8962
      1	8967
      4	8985
      4	9002
      1	9004
      1	9032
      1	9062
      1	9073
      1	9080
      1	9088
      1	9092
      1	9104
      1	9121
      1	9125
      1	9139
      3	9143
      1	9151
      3	9152
      2	9160
      1	9164
      2	9184
      2	9189
      1	9200
      2	9208
      1	9211
      2	9229
      1	9235
      1	9251
      1	9256
      4	9303
      7	9326
      2	9327
      1	9336
      1	9342
      1	9345
      1	9367
      1	9383
      1	9409
      1	9423
      1	9453
      2	9461
      2	9468
      1	9470
      1	9484
      2	9486
      1	9492
      2	9496
      2	9498
      1	9510
      3	9562
      1	9567
      1	9606
      1	9618
      1	9632
      4	9650
      1	9656
      1	9684
      1	9709
      5	9765
      3	9773
      2	9779
      6	9782
      3	9791
      1	9794
      2	9796
      3	9797
      1	9868
      1	9872
      2	9873
      1	9878
      1	9894
      1	9896
      5	9900
      1	9911
      5	9921
      1	9928
      1	9935
      1	9960
      1	9972
      1	9983
      3	10014
      1	10020
      2	10026
      1	10047
      1	10062
      1	10158
      3	10170
      1	10198
      2	10205
      2	10221
      1	10244
      1	10278
      1	10280
      2	10317
      2	10341
      2	10385
      1	10397
      1	10409
      1	10421
      1	10424
      1	10428
      3	10454
      2	10464
      1	10476
      1	10542
      4	10603
      2	10607
      1	10617
      3	10654
      1	10660
      3	10662
      1	10673
      2	10702
      5	10718
      3	10737
      1	10739
      2	10759
      1	10805
     11	10822
      1	10832
      2	10913
      1	10916
      1	10918
      1	10946
      2	10974
      1	11012
      1	11046
      6	11057
      1	11088
      2	11091
      1	11095
      3	11100
      2	11103
      2	11124
      1	11143
      1	11155
      1	11183
      1	11252
      1	11261
      2	11290
      2	11297
      3	11298
      1	11326
      1	11430
      1	11433
      1	11449
      2	11461
      1	11468
      1	11490
      1	11491
      1	11501
      1	11503
      6	11524
      1	11530
      2	11535
      1	11546
      4	11557
      1	11573
      1	11580
      1	11587
      1	11588
      1	11593
      1	11607
      1	11614
      1	11618
      2	11650
      3	11653
      1	11654
     13	11662
      1	11695
      1	11696
      4	11718
      1	11729
      3	11736
      1	11750
      2	11751
      1	11760
      3	11784
      6	11794
      1	11797
      1	11821
      1	11825
      1	11831
      2	11838
      1	11843
      1	11877
      1	11882
      1	11921
      1	11926
      1	11971
      1	11990
      5	12005
      2	12006
      2	12020
      1	12022
      3	12055
      5	12059
      1	12072
      1	12127
      2	12130
      1	12135
      1	12143
      1	12163
      1	12170
      2	12185
      1	12208
      5	12235
      1	12242
      1	12258
      1	12287
      1	12289
      1	12328
      1	12374
      3	12375
      1	12378
      1	12385
      3	12397
      1	12408
      1	12451
      2	12462
      1	12472
      1	12503
      5	12505
      2	12526
      1	12531
      1	12533
      1	12562
      1	12571
      1	12573
      1	12585
      2	12597
      1	12649
      1	12675
      1	12677
      1	12686
      1	12708
      2	12726
      1	12728
      1	12754
      1	12792
      1	12801
      2	12840
      1	12854
      1	12864
      1	12884
      2	12970
      3	12975
      3	12982
      1	12984
      1	12988
      1	12989
      2	13008
      1	13009
      1	13025
      1	13059
      1	13100
      1	13119
      1	13158
      1	13184
      2	13197
      1	13198
      1	13208
      1	13211
      1	13213
      1	13232
      3	13238
      1	13252
      3	13257
      4	13267
      1	13308
      2	13315
      1	13319
      2	13352
      1	13375
      1	13388
      1	13418
      1	13431
      2	13437
      1	13453
      1	13457
      1	13481
      1	13522
      1	13543
      1	13549
      1	13554
      4	13573
      5	13598
      1	13600
      2	13653
      2	13681
      1	13694
      1	13695
      3	13714
      1	13716
      1	13727
      1	13737
      1	13743
      1	13747
      2	13763
      1	13771
      1	13788
      1	13800
      1	13814
      1	13819
      1	13860
      1	13865
      1	13871
      1	13910
      1	13915
      3	13918
      2	13923
      2	13945
      3	13948
      1	13954
      1	13955
      1	13994
      1	14000
      3	14002
      3	14015
      1	14039
      1	14051
      1	14075
      1	14083
      2	14107
      2	14112
      1	14142
      2	14151
      2	14191
      2	14210
      1	14214
      1	14215
      1	14275
      1	14337
      1	14376
      1	14382
      4	14392
      1	14442
      1	14457
      1	14473
      1	14534
      9	14540
      1	14550
      4	14584
      1	14593
      3	14597
      1	14637
      1	14667
      2	14682
      6	14689
      2	14710
      1	14720
      2	14740
      1	14747
      1	14763
      2	14764
      1	14772
      1	14786
      1	14815
      3	14824
      4	14826
      1	14839
      1	14865
      1	14880
      1	14890
      1	14891
      1	14896
      1	14898
      1	14908
      4	14922
      1	14936
      1	14969
      3	14980
      2	14984
      1	14986
      1	14996
      6	15029
      1	15038
      1	15041
      1	15043
      1	15047
      2	15090
      3	15143
      1	15160
      1	15201
      1	15208
      1	15223
      1	15234
      1	15243
      1	15248
      1	15260
      1	15300
      1	15303
      8	15310
      1	15397
      2	15403
      6	15429
      1	15449
      6	15491
      1	15497
      1	15511
      1	15555
      1	15566
      1	15575
      1	15593
      1	15599
      2	15605
      1	15639
      2	15653
      3	15659
      4	15663
      2	15666
      2	15677
      2	15684
      7	15685
      3	15704
      2	15705
      1	15727
      2	15757
      2	15789
      1	15797
      1	15813
      1	15816
      1	15818
      1	15829
      3	15863
      1	15870
      1	15884
      1	15891
      1	15906
      1	15911
      1	15932
      1	15933
      2	15939
      1	15984
      3	15985
      1	15999
      1	16016
      3	16095
      1	16125
      1	16148
     27	16153
      1	16164
      1	16191
      3	16226
      1	16230
      2	16241
      1	16250
      1	16254
      1	16285
      1	16293
      2	16318
      1	16332
      1	16339
      1	16345
      1	16365
      1	16373
      1	16375
      1	16381
      2	16388
      2	16397
      1	16408
      2	16414
      1	16415
      1	16425
      1	16445
      3	16465
      1	16486
      1	16490
      1	16505
      3	16512
      1	16524
      1	16561
      1	16574
      1	16594
      1	16656
      2	16668
      1	16671
      1	16672
      2	16695
      1	16704
      7	16711
      4	16715
      1	16717
      2	16718
      3	16728
      1	16744
      1	16755
      3	16788
      1	16793
      2	16824
      1	16836
     13	16902
      3	16905
      4	16912
      2	16914
      1	16934
      2	16935
      2	16944
      1	16962
      9	16976
      2	17003
      4	17005
      1	17018
      1	17024
      4	17056
      2	17090
      1	17096
      1	17105
      1	17125
      7	17129
      4	17145
      2	17168
      1	17172
      2	17173
      6	17192
      1	17194
      1	17207
      5	17214
      1	17243
      5	17251
      4	17267
      2	17287
      2	17307
      3	17312
      7	17333
      2	17349
      6	17358
      1	17368
      1	17393
      1	17394
      1	17395
      2	17399
      3	17401
      2	17427
      1	17445
      1	17461
      2	17474
      1	17483
      1	17498
      8	17500
      5	17502
      1	17550
      1	17594
      1	17616
      1	17617
      1	17637
      1	17642
      1	17695
      1	17735
      3	17736
      1	17745
      1	17756
      4	17769
      6	17773
      1	17858
      2	17861
      1	17871
      1	17895
      1	17900
      1	17917
      1	17923
      1	17935
      1	17968
      2	17989
      2	18010
      2	18024
      1	18025
      1	18037
      2	18116
      3	18119
      1	18134
     12	18147
      3	18149
      1	18157
      1	18160
      2	18169
      2	18183
      1	18190
      1	18205
      1	18209
      3	18210
      1	18219
      1	18244
      1	18254
      1	18286
      1	18291
      3	18321
      1	18328
      2	18344
      1	18352
      8	18353
      2	18403
      1	18422
      6	18443
      3	18444
      1	18448
      1	18505
      1	18508
      2	18515
      1	18521
      3	18564
      2	18567
      1	18581
      1	18589
      6	18590
      1	18594
      1	18595
      1	18600
      1	18611
      1	18633
      1	18641
     11	18660
      1	18666
      1	18667
      1	18672
      2	18677
      4	18720
      1	18743
      4	18745
      1	18756
      1	18768
      4	18776
      2	18777
      1	18778
      1	18790
      1	18810
      3	18854
      1	18877
      1	18878
      2	18887
      1	18907
      1	18941
      1	18949
      3	18974
      1	18997
      1	19008
      1	19016
      1	19025
      1	19030
      1	19042
      1	19049
      3	19053
      1	19075
      1	19076
      1	19094
      1	19100
      1	19110
      1	19111
      2	19113
      1	19119
      1	19122
      1	19131
      1	19132
      1	19137
      2	19150
      1	19188
      2	19198
      1	19226
      1	19231
      2	19248
      2	19287
      1	19299
      1	19304
      3	19305
      1	19323
      1	19339
      1	19340
      1	19342
      1	19359
      1	19389
      1	19402
      3	19411
      2	19417
      1	19427
      2	19429
      1	19482
      1	19503
      2	19524
      1	19534
      1	19539
     82	19547
      1	19560
      3	19595
      6	19616
      4	19620
      1	19621
      1	19634
      1	19640
      1	19648
      7	19677
      1	19693
      1	19694
      1	19720
      2	19744
      1	19753
      1	19788
      7	19838
      1	19839
      1	19841
      1	19862
      1	19879
      4	19882
      1	19884
      7	19895
      1	19901
      1	19904
     15	19911
      1	19912
      1	19928
      1	19939
      1	19943
      1	19947
      3	19984
      2	19989
      2	19995
      2	20003
      3	20007
      1	20011
      1	20017
      2	20024
      3	20030
      1	20033
      1	20047
      8	20051
      2	20062
      1	20067
      2	20077
      3	20102
      5	20110
      1	20149
      1	20153
      1	20204
      3	20215
      1	20226
      3	20239
      1	20253
      2	20260
      2	20273
      7	20280
      1	20290
      1	20323
      7	20333
      1	20363
      3	20364
      1	20368
      1	20369
      3	20390
      3	20458
      3	20483
      1	20498
     12	20533
      3	20545
      1	20546
      3	20587
      1	20602
      1	20610
      1	20658
      1	20664
      3	20683
      4	20700
      1	20703
      1	20713
      1	20736
      2	20779
      2	20784
      1	20811
      2	20814
      1	20825
      1	20865
      1	20868
      2	20871
      1	20882
      5	20883
      2	20886
      2	20888
      2	20899
      1	20945
      1	20949
      2	20965
      1	21015
      1	21022
      3	21042
      2	21079
      1	21080
      1	21082
      2	21083
      2	21114
      1	21115
      3	21157
      1	21169
      1	21173
      2	21214
      1	21215
      2	21236
      3	21248
      1	21249
      2	21250
      1	21253
      1	21268
      1	21284
     14	21285
      1	21289
      1	21318
      2	21319
      6	21342
      1	21364
      2	21369
      1	21399
      2	21401
      4	21420
      1	21425
      1	21431
      1	21444
      1	21464
      1	21465
      3	21471
      1	21488
      1	21494
      1	21544
      1	21552
      1	21604
      1	21617
      2	21642
      1	21659
      2	21660
      1	21674
      1	21684
      2	21713
      3	21733
      1	21749
      1	21756
      1	21776
      1	21779
      1	21780
      3	21791
      5	21792
      1	21805
      2	21850
      1	21866
      4	21887
      1	21888
      6	21911
      1	21914
      1	21926
      1	21931
      6	21939
      1	21948
      1	21963
      1	21974
      1	21985
      1	21999
      1	22010
      1	22012
      1	22027
      1	22047
      1	22070
      1	22081
      1	22115
      1	22118
      1	22133
      2	22134
      2	22145
      1	22160
      3	22164
      1	22192
      1	22198
      2	22202
      8	22217
      2	22219
      1	22227
      1	22242
      2	22262
      1	22277
      1	22306
      1	22317
      1	22349
      1	22352
      5	22355
      1	22367
      1	22394
      2	22417
      2	22451
      1	22457
      6	22484
      1	22490
      1	22495
      1	22496
      1	22508
      3	22511
      1	22513
      1	22515
      2	22525
      1	22564
      2	22576
      6	22599
      1	22601
      1	22623
      1	22646
      1	22666
      1	22672
      1	22713
      8	22715
      6	22719
      1	22774
      1	22784
      2	22840
      1	22841
      1	22862
      1	22866
      1	22879
      1	22899
      6	22902
      1	22906
      1	22934
      1	22944
      1	22960
      3	22976
      2	22978
      5	22998
      1	23003
      1	23013
      1	23017
      1	23023
      1	23028
      1	23029
      1	23035
      3	23070
      1	23089
     20	23091
      1	23094
      1	23095
      1	23113
      1	23114
      1	23119
      1	23120
      1	23126
      1	23135
      1	23136
      1	23140
      1	23158
      1	23174
      5	23188
      1	23199
      2	23204
      2	23219
     33	23251
      1	23252
      2	23288
      8	23309
      1	23313
      1	23321
      1	23339
      5	23343
      2	23349
      1	23354
      8	23374
      1	23379
      4	23381
      1	23385
      2	23400
      1	23406
      1	23431
      1	23446
      1	23475
      2	23484
      1	23498
      3	23537
      1	23545
      1	23566
      1	23572
      1	23576
      2	23577
      4	23589
      1	23620
      1	23626
      1	23631
      1	23650
      3	23653
      3	23662
      2	23675
      2	23678
      3	23679
      1	23720
      1	23741
      1	23754
      2	23761
      3	23767
      1	23774
      2	23775
      1	23780
      1	23784
      2	23805
      3	23828
      1	23839
      1	23861
      1	23874
      1	23878
      2	23881
      1	23888
      1	23939
      1	23967
      3	23997
      1	24013
      1	24026
      1	24034
      1	24039
     13	24063
      1	24075
      3	24130
      2	24162
      1	24167
      1	24170
      1	24176
      1	24181
      1	24191
      1	24203
      3	24218
      1	24251
      3	24257
      1	24265
      1	24268
      1	24303
      1	24327
      9	24329
      2	24333
      9	24334
      6	24340
      1	24358
      1	24398
      1	24407
      1	24412
      1	24429
      1	24458
      6	24469
      1	24479
      2	24485
      2	24492
      9	24506
      2	24512
      2	24570
      1	24583
      1	24638
      1	24648
      2	24672
      2	24687
      4	24695
      2	24696
      1	24698
      1	24712
      1	24719
      1	24736
      1	24741
      3	24749
      1	24755
      1	24761
      3	24762
      2	24771
      1	24774
      1	24783
      1	24787
      3	24793
      1	24796
      2	24802
      7	24804
      2	24812
      1	24818
      1	24826
     17	24830
      1	24841
      1	24860
      4	24862
      1	24896
      1	24936
      1	24937
      1	24946
      1	24955
      1	24975
      1	24994
      1	25007
      2	25021
      3	25046
      1	25058
      1	25062
      1	25068
      2	25136
      1	25144
      3	25145
      1	25168
      1	25175
      2	25177
      1	25178
      1	25188
      1	25228
      1	25248
      1	25261
      7	25280
      1	25297
      1	25299
      1	25308
      3	25311
      5	25317
      1	25342
      1	25357
      1	25358
     13	25381
      3	25411
      2	25421
      2	25428
      1	25450
      1	25488
      2	25493
      1	25512
      1	25521
      1	25527
      1	25538
      5	25541
      3	25554
      1	25561
      2	25566
      1	25571
      1	25634
      1	25639
      1	25641
      1	25647
      1	25651
      3	25663
      1	25677
      1	25680
      3	25688
      1	25689
      1	25698
      1	25709
      1	25730
      3	25731
      1	25749
      1	25755
      1	25774
      1	25784
      4	25787
      1	25789
      1	25810
      3	25813
      1	25815
      1	25817
      2	25821
      1	25857
      1	25905
      2	25914
      2	25939
      2	25952
      5	25960
      1	25966
      1	25979
      5	25980
      1	25983
      2	25985
      2	26002
      1	26026
      1	26053
      1	26057
      1	26060
      4	26065
      1	26070
      1	26088
      2	26144
      3	26147
      1	26151
      1	26179
      1	26197
      1	26202
     14	26246
      2	26251
      5	26272
      1	26289
      7	26290
      1	26300
      2	26308
      6	26329
      1	26332
      1	26350
      2	26359
      3	26371
      1	26397
      2	26399
      1	26417
      1	26435
      3	26442
      1	26443
      1	26467
      1	26469
     43	26470
      1	26489
      1	26499
      1	26528
      1	26537
      1	26552
      1	26563
      1	26568
      1	26630
      1	26647
      1	26664
     23	26666
      5	26672
      1	26675
      1	26680
      1	26697
      2	26731
      1	26751
      2	26818
      1	26823
      1	26841
      2	26849
      1	26852
      1	26865
      3	26909
      2	26927
      2	26951
      1	26973
      1	26979
      2	26981
      3	27018
      1	27025
      4	27039
      3	27043
      2	27061
      2	27104
      1	27117
      1	27118
      2	27124
      3	27127
      2	27134
      1	27192
      1	27197
      3	27208
      1	27221
      2	27229
      1	27231
      1	27233
      1	27257
      1	27286
      2	27288
      1	27300
      1	27301
      1	27305
      2	27311
      1	27338
      1	27378
      1	27380
      1	27387
      1	27400
      2	27416
      1	27425
      1	27440
      2	27449
      1	27456
      1	27458
      1	27459
      6	27464
      1	27473
      2	27485
      1	27489
      1	27517
      8	27519
      1	27525
      1	27529
      1	27531
      4	27539
      1	27544
      1	27551
      1	27614
      3	27615
      1	27618
      2	27638
      1	27643
      1	27649
      2	27662
      1	27664
      1	27670
      1	27705
      9	27717
      1	27731
      8	27734
      1	27741
      1	27747
      1	27764
      6	27765
      2	27773
      2	27774
      1	27783
      1	27810
      1	27820
      1	27828
      1	27830
      1	27852
      5	27861
      2	27875
      1	27879
      1	27893
      1	27939
      2	27941
      1	27945
      2	27955
      2	27956
      2	27958
      2	27973
      1	27974
      2	28000
      1	28025
      1	28036
      1	28063
      6	28072
      6	28077
      6	28089
      1	28094
      3	28140
      1	28141
      1	28153
      1	28155
      2	28186
      2	28209
      1	28244
      8	28272
      1	28303
      1	28335
      2	28365
      1	28382
      1	28405
      2	28408
      1	28427
      1	28438
      3	28468
      2	28477
      1	28524
      3	28550
      3	28556
      1	28557
      2	28560
      1	28568
      1	28575
      1	28609
      1	28621
      1	28624
      1	28649
      1	28718
      1	28729
      2	28731
      1	28736
      1	28768
      1	28778
      2	28798
      1	28802
      1	28807
      2	28824
      2	28834
      1	28885
      1	28890
      2	28907
      1	28911
      1	28913
      4	28961
      2	28984
      3	28994
      1	28995
      1	28997
      1	29005
      1	29023
      1	29024
      1	29035
      1	29037
      2	29043
      1	29051
      3	29067
      1	29099
      1	29106
      1	29116
      1	29125
      3	29168
      2	29170
      1	29228
      1	29238
      2	29257
      4	29268
      1	29278
      2	29287
      1	29292
      1	29295
      2	29296
      7	29325
      1	29341
      1	29349
      1	29350
      1	29367
      1	29371
      1	29373
      3	29377
      1	29401
      2	29408
      1	29412
      1	29417
      1	29431
      1	29439
      1	29478
      1	29484
     10	29514
      1	29538
      4	29545
      1	29549
      1	29564
      3	29584
      1	29596
      1	29615
      1	29638
      1	29677
      1	29700
      9	29718
      1	29723
      6	29753
      2	29762
      3	29789
      1	29866
      1	29875
      1	29888
      1	29889
      1	29911
      4	29917
      2	29936
      1	29949
      1	29952
      3	29964
      1	30024
      3	30043
      1	30071
      1	30081
      1	30119
      1	30126
      1	30134
      4	30135
      1	30149
      2	30190
      1	30209
      1	30216
      1	30229
      1	30233
      2	30245
      1	30250
      1	30272
      1	30282
      1	30284
      1	30285
      1	30298
      1	30303
      1	30306
      3	30313
      1	30332
      1	30334
      3	30340
      1	30341
      4	30422
      1	30423
      1	30427
      3	30462
      4	30472
      1	30489
      1	30494
      2	30500
      1	30509
      1	30510
      2	30513
      1	30534
      1	30546
      1	30549
      1	30562
      3	30613
      1	30623
      2	30641
      1	30678
      1	30707
      3	30733
      1	30744
      8	30754
      1	30769
      1	30770
      1	30773
      1	30788
      1	30792
      1	30801
      1	30804
      1	30811
      1	30816
      1	30824
      1	30828
      2	30829
      1	30842
      1	30855
      1	30867
      2	30875
      1	30878
      1	30910
      1	30920
      1	30921
      1	30922
      1	30934
      1	30941
      2	30944
      1	31020
      1	31025
      2	31035
      2	31039
      3	31049
      3	31050
      1	31072
      1	31078
      1	31089
      3	31098
      2	31101
      1	31106
      1	31121
      2	31146
      1	31148
      1	31160
      1	31167
      1	31185
      2	31212
      1	31219
      1	31220
      1	31261
      2	31270
      1	31323
      1	31344
      3	31353
      2	31360
      1	31372
      2	31381
      1	31397
      4	31404
      3	31407
      1	31412
      1	31424
      1	31471
      1	31489
      1	31494
      1	31510
      1	31515
     12	31557
      2	31562
      1	31593
      1	31617
      1	31630
      1	31632
      1	31633
      1	31647
      2	31667
      1	31670
      2	31675
      1	31685
      1	31687
      1	31696
      1	31697
      5	31703
      2	31706
      1	31710
      1	31728
      2	31737
      3	31750
      1	31765
      7	31770
      1	31773
      1	31812
      1	31827
      1	31829
      1	31831
      1	31834
     11	31868
      2	31870
      1	31872
      1	31873
      1	31913
      5	31925
      1	31953
      1	31962
      1	31979
      2	32048
      2	32058
      1	32079
      1	32096
      1	32114
      1	32120
      2	32127
      1	32148
      6	32154
      2	32177
      1	32180
      1	32186
      2	32194
      3	32211
      1	32224
      1	32233
      2	32249
      1	32266
      1	32285
      1	32316
      2	32352
      1	32358
      2	32364
      1	32385
      4	32426
      3	32441
      1	32459
      1	32464
      1	32496
      1	32497
     10	32505
     10	32520
      3	32531
      2	32536
      1	32541
      1	32547
      1	32554
      1	32574
      1	32631
      3	32639
      2	32657
      1	32668
      1	32671
      2	32679
      1	32683
      1	32684
      2	32704
      1	32724
      3	32756
      3	32775
      1	32778
      1	32785
      2	32797
      1	32813
      2	32831
      1	32836
      1	32890
      1	32918
      1	32923
      1	32930
      1	32937
      1	32966
      1	32970
      2	32982
      1	32996
      4	33002
      1	33013
      9	33051
      2	33064
      2	33066
      1	33080
      1	33097
      3	33100
      4	33155
      1	33194
      1	33250
      2	33270
      3	33273
      1	33284
      1	33289
     15	33292
      1	33296
      1	33313
      1	33316
      1	33319
      1	33341
      3	33342
      2	33369
      1	33386
      1	33417
      1	33446
     12	33462
      3	33463
      1	33464
      4	33476
      1	33495
      1	33499
      1	33500
      1	33503
      2	33523
      1	33536
      1	33539
      1	33549
      5	33550
      1	33565
      1	33569
      1	33570
      1	33578
      1	33607
      1	33612
      1	33617
      4	33619
      2	33623
      1	33630
      1	33635
      1	33659
      1	33664
      3	33700
      1	33738
      1	33753
      1	33763
      4	33767
      1	33769
      1	33775
      3	33779
      1	33844
      1	33857
      1	33893
      1	33904
      1	33909
      1	33913
      1	33956
      5	33969
      1	33971
     27	33972
      1	33986
      1	33992
      1	34005
      1	34010
      1	34011
      1	34035
      1	34045
      1	34063
      1	34084
      1	34092
      1	34104
      2	34118
      1	34119
      2	34159
      8	34170
     13	34190
      1	34210
      1	34226
      1	34227
     16	34241
      1	34243
      6	34256
      2	34264
      1	34265
      1	34309
      1	34333
      1	34335
      3	34339
      1	34353
      1	34357
      1	34359
      2	34393
      2	34428
      1	34429
      2	34473
      1	34489
      2	34503
      1	34511
      2	34537
      1	34543
      1	34567
      1	34575
      1	34644
      3	34670
      1	34674
      1	34692
      1	34697
      1	34708
      1	34717
      1	34720
      4	34723
      1	34729
      1	34745
      1	34756
      3	34757
     17	34776
      1	34809
      6	34813
     12	34819
      1	34821
      1	34834
      1	34848
      1	34850
      2	34901
      1	34919
      6	34921
      1	34941
      1	34949
      2	34966
      1	34989
      6	34994
      1	35008
      1	35063
      1	35071
      1	35086
      2	35087
      1	35102
      1	35130
      1	35151
      1	35160
      1	35195
      2	35198
      2	35216
      3	35220
     16	35223
      1	35237
      2	35249
      1	35253
      1	35266
     12	35267
      3	35269
      1	35276
      1	35313
      1	35334
      1	35337
      1	35344
      1	35376
      2	35384
      1	35391
      1	35425
      1	35450
      1	35452
      3	35501
      2	35504
      5	35520
      1	35553
      1	35570
      9	35591
      3	35638
      2	35644
      1	35650
      6	35663
      3	35669
      3	35681
      1	35684
      1	35689
     22	35697
      1	35714
      2	35727
      4	35754
      2	35758
      1	35799
      1	35851
      2	35852
      1	35862
      1	35866
      1	35879
      1	35897
      1	35901
      5	35915
      1	35923
      1	35928
      1	35957
      2	35976
      1	36016
      1	36053
      1	36058
      1	36076
      2	36078
      1	36090
      1	36091
      1	36106
      1	36112
      1	36113
      2	36201
      1	36215
      1	36223
      2	36224
      1	36230
      1	36243
      1	36244
      3	36271
      1	36280
      4	36283
      1	36296
      1	36323
      1	36337
      1	36380
      2	36390
     22	36423
      9	36456
      1	36482
      1	36494
      1	36498
      1	36500
      1	36525
      1	36530
      2	36532
      1	36533
      1	36565
      3	36566
      1	36572
      1	36579
      1	36587
      4	36606
      3	36628
      1	36642
      1	36643
      1	36650
      1	36655
      1	36656
      1	36661
      1	36665
      1	36669
      2	36680
      1	36681
      1	36689
      1	36711
      1	36746
      1	36771
      1	36774
      2	36783
      1	36797
      1	36799
      5	36808
      1	36816
      1	36831
      1	36833
      1	36860
      2	36924
      5	36930
      1	36950
      1	36951
      3	36958
      1	36975
      1	36976
      1	36987
      1	36991
      1	37030
      1	37034
      1	37042
      1	37048
     12	37061
      2	37062
      1	37077
      7	37111
      1	37141
      4	37149
      1	37176
      2	37179
      2	37186
      1	37188
      3	37190
      6	37195
      1	37233
      1	37270
      1	37277
      1	37292
      1	37305
      2	37308
      6	37316
      1	37353
      2	37355
      1	37357
      2	37372
      3	37382
      2	37387
      1	37388
      2	37393
      1	37399
      1	37411
      1	37422
      1	37425
      1	37460
      1	37464
      1	37466
      1	37471
      1	37478
      1	37526
      4	37535
      1	37536
      5	37542
      1	37553
      1	37580
      4	37586
      1	37588
      2	37594
      1	37617
      1	37620
      7	37625
      1	37634
      9	37640
      1	37653
      1	37667
      1	37680
      1	37687
      1	37695
      1	37699
      5	37716
      1	37723
      1	37743
      5	37784
      1	37805
      2	37807
      1	37810
      1	37819
      1	37824
      2	37836
      7	37856
      4	37860
      1	37862
      1	37863
      1	37869
      1	37871
      1	37946
      1	38029
      1	38036
      1	38062
      1	38070
      1	38099
      3	38103
      3	38119
      4	38120
      1	38135
      1	38139
      1	38143
      1	38155
      3	38162
      1	38163
      2	38171
      2	38181
      1	38214
      1	38234
      3	38240
      1	38243
      1	38267
      1	38270
      1	38276
      1	38285
     11	38293
      2	38294
      1	38302
     10	38333
      1	38335
      1	38367
      2	38394
      1	38403
      1	38427
      1	38434
      1	38439
      5	38444
      1	38471
      6	38480
      1	38520
      2	38524
      1	38525
      1	38573
      1	38592
      1	38593
      2	38605
      1	38610
      2	38640
      1	38653
      1	38660
      9	38665
      2	38676
      1	38677
      2	38689
      1	38703
      1	38746
      1	38757
      2	38772
      1	38781
      1	38793
      5	38800
      1	38802
      5	38848
      1	38851
      1	38867
      2	38874
      2	38876
      1	38884
      1	38888
      1	38893
      1	38926
      1	38936
      1	38938
      1	38950
      1	38952
      1	38957
      1	38993
      1	39003
      1	39021
      1	39033
      1	39035
      2	39041
      2	39049
      1	39073
      2	39086
      1	39096
      1	39100
      3	39118
      1	39168
      3	39204
      1	39212
      3	39234
      2	39265
      1	39266
      1	39272
      1	39289
      1	39295
      1	39310
      1	39316
      1	39361
      1	39364
      1	39370
      1	39426
      1	39436
      2	39448
      1	39451
      3	39462
      1	39469
      1	39485
      1	39489
      4	39524
      2	39544
      2	39565
      1	39571
      1	39621
      1	39636
      1	39646
      1	39660
      1	39672
      1	39705
      1	39750
      1	39758
      1	39795
      1	39804
      1	39809
      1	39816
      1	39833
      1	39834
      3	39843
      1	39865
      3	39875
      1	39877
      1	39917
      1	39922
      1	39964
     13	40005
     13	40017
      2	40019
      1	40032
      1	40052
      1	40057
      4	40063
      1	40085
     12	40093
      1	40129
      1	40149
      1	40169
      2	40170
      1	40175
      3	40184
      1	40187
      1	40212
      1	40220
      2	40223
      1	40249
      1	40280
      2	40332
      5	40337
     13	40358
      1	40378
      1	40384
      1	40389
      6	40405
      1	40450
      2	40465
      3	40475
      1	40481
      1	40504
      1	40533
      4	40540
      1	40546
      1	40554
      1	40576
      2	40599
      1	40611
      1	40635
      1	40637
      2	40654
      2	40661
      2	40687
      1	40751
      4	40762
      1	40779
      2	40845
      1	40847
      1	40861
      1	40882
      1	40892
      1	40907
      5	40923
      1	40935
      1	40949
      1	40950
      1	40951
      2	40959
      1	40999
      1	41034
      1	41044
      1	41049
      1	41054
      1	41055
      4	41070
      1	41088
      1	41094
      3	41141
      1	41142
      1	41143
      1	41144
      1	41150
      1	41178
      1	41185
      1	41197
      1	41202
      2	41203
      1	41206
      1	41209
      1	41211
      3	41222
      2	41226
      3	41241
      1	41245
      1	41254
      2	41262
      5	41265
      1	41266
      1	41281
      1	41297
      1	41315
      1	41332
      1	41333
      1	41355
      2	41361
      2	41412
      4	41438
      1	41440
      1	41445
      5	41466
      1	41494
      1	41547
      7	41576
      1	41598
      1	41609
      2	41616
      2	41654
      1	41655
      3	41697
      2	41700
      4	41701
      1	41733
      1	41758
      3	41760
      1	41771
      2	41774
      2	41775
      1	41782
      1	41784
      1	41861
      7	41896
      3	41907
      1	41912
      1	41913
      1	41965
      1	41972
      3	42010
      1	42024
      1	42034
      1	42041
      1	42047
      3	42058
      1	42063
      2	42140
      1	42168
      1	42186
      1	42192
      2	42206
      2	42214
      1	42221
      5	42229
      1	42242
      1	42258
      1	42261
      3	42269
      1	42289
      1	42309
      1	42314
      1	42323
      1	42333
      3	42357
      1	42369
      1	42372
      1	42398
      1	42408
      1	42425
      2	42446
      1	42474
      1	42493
      4	42501
      4	42511
      1	42512
      1	42523
      1	42529
      1	42546
      1	42555
      1	42571
      1	42580
      8	42595
      2	42599
      2	42601
      1	42610
      4	42634
      2	42644
      1	42649
      1	42673
      8	42677
      1	42687
      2	42727
      1	42767
      1	42776
      2	42777
      1	42810
      1	42830
      2	42835
      1	42842
      5	42848
      1	42850
      2	42855
      2	42908
      1	42942
      1	42970
      3	42971
      2	42996
     15	43039
     11	43050
      1	43071
      1	43072
      1	43073
      3	43095
      1	43103
      1	43109
      1	43121
      1	43149
      1	43168
      1	43182
      1	43193
      1	43196
      1	43206
      3	43212
      8	43225
      1	43253
      1	43260
      1	43294
      1	43297
      1	43326
     15	43336
      1	43361
      1	43381
      1	43424
      1	43445
      1	43449
      1	43487
      1	43507
      2	43518
      2	43525
      1	43526
      1	43528
      1	43560
      1	43624
      2	43645
      1	43656
      6	43658
      1	43703
      2	43715
      1	43718
      1	43726
      2	43744
     10	43763
      5	43772
      6	43789
      3	43822
      1	43832
      1	43834
      1	43835
      1	43845
      1	43853
      1	43860
      1	43861
      3	43900
      1	43910
      1	43938
      1	43961
      1	43985
      1	43996
      2	44002
      1	44010
      1	44033
      3	44065
      1	44094
      1	44105
      3	44117
      2	44130
      2	44133
      1	44153
      1	44171
      1	44176
      1	44195
      1	44199
      1	44228
      1	44236
      1	44267
      2	44328
      1	44355
      2	44365
      1	44389
      1	44417
      3	44425
      1	44447
      1	44453
      1	44458
      2	44473
      1	44479
      1	44483
     10	44489
      1	44520
     18	44532
      1	44537
      1	44549
      2	44583
      4	44617
      1	44620
      1	44624
      1	44644
      4	44667
      2	44668
      2	44672
      1	44710
      1	44714
      5	44724
      1	44746
      1	44750
      1	44752
      1	44757
      1	44804
      1	44831
      3	44882
      3	44896
      1	44902
      1	44907
      1	44929
      3	44937
      1	44951
      1	44965
      1	44972
      1	44992
      1	45006
      3	45018
      1	45026
      1	45059
      1	45086
      1	45135
      3	45160
      1	45162
      2	45173
      1	45178
      9	45179
      1	45208
      1	45210
      1	45216
      1	45261
      1	45263
      2	45267
      3	45268
      3	45279
      2	45282
      6	45302
      1	45307
      2	45316
      2	45333
      1	45345
      1	45352
      1	45355
      1	45368
      1	45384
      2	45389
      2	45409
      1	45443
      7	45460
      4	45470
      2	45487
      1	45499
      1	45506
      2	45524
      1	45548
      1	45655
      2	45660
      1	45683
      1	45715
      1	45751
      4	45758
      1	45775
      1	45796
      1	45805
      1	45826
      2	45838
      3	45847
      1	45901
      2	45930
      1	45940
      3	45943
      1	45955
      1	45981
      1	45990
      1	45998
      2	46008
      1	46026
      1	46059
      1	46067
      1	46076
      1	46078
      1	46092
      1	46095
      1	46113
      1	46119
      1	46148
      1	46173
      1	46184
      1	46232
      8	46261
      1	46263
      2	46277
      1	46327
      2	46330
      1	46352
      1	46393
      1	46398
      1	46414
      2	46421
      1	46423
      1	46429
      1	46435
      2	46437
      1	46442
      1	46450
      1	46451
      4	46454
      6	46456
      3	46473
      3	46479
      2	46482
      1	46486
      2	46509
      1	46530
      1	46574
      2	46595
      1	46603
      2	46627
      1	46652
      3	46656
      1	46663
      5	46680
      1	46692
      2	46702
      1	46724
      4	46748
      1	46753
      1	46760
      1	46766
      1	46780
      3	46783
      2	46791
      1	46812
      1	46889
      7	46901
      2	46929
      1	46931
      1	46940
      1	46980
      1	46992
      2	47032
      2	47056
      2	47086
      4	47088
      1	47106
      2	47116
      1	47124
      2	47167
      1	47179
      1	47186
      1	47204
      1	47208
      1	47210
      2	47213
      2	47224
      1	47271
      1	47277
      1	47281
      1	47301
      8	47311
      1	47384
      1	47385
      1	47396
      3	47408
      3	47421
      1	47429
      1	47430
      3	47443
      2	47446
      1	47463
      2	47464
      1	47492
      1	47512
      4	47518
      9	47597
      2	47615
      1	47634
      2	47636
      1	47643
      1	47661
      1	47662
      2	47668
      1	47680
      1	47721
      1	47730
      6	47811
      1	47814
      1	47836
      4	47873
      2	47891
      4	47931
      2	47954
      1	47961
      1	47991
      1	48011
      1	48020
      1	48033
      1	48064
      1	48081
      1	48090
      2	48104
      1	48114
      1	48136
      1	48138
      1	48164
      3	48198
      1	48219
      1	48235
      2	48247
      2	48252
      1	48267
      1	48292
      1	48334
      1	48336
      1	48348
      2	48354
      2	48413
      2	48434
      1	48468
      2	48478
      1	48506
      1	48568
      4	48580
      1	48597
      1	48615
      2	48616
      1	48625
      1	48630
      1	48689
      1	48695
      1	48708
      1	48710
      1	48727
      1	48746
      1	48795
      1	48808
      3	48812
      2	48813
      2	48827
      1	48830
      1	48840
      1	48851
      1	48913
      1	48924
      1	48933
      1	48974
      1	49000
      5	49001
      1	49009
      3	49014
      1	49025
      1	49029
      8	49046
      2	49086
      1	49090
      1	49122
      1	49174
      1	49234
      1	49278
      5	49319
      4	49332
      3	49344
      2	49346
      5	49361
      1	49387
      1	49408
      1	49416
      3	49435
      3	49458
      1	49481
      1	49499
      1	49586
      1	49607
      1	49658
      1	49672
      1	49684
      1	49709
      1	49715
      5	49736
      1	49752
      2	49773
      1	49779
      7	49785
      1	49797
      1	49803
      1	49812
      1	49831
      3	49844
      1	49845
      1	49847
      1	49850
      1	49863
      2	49893
      4	49966
      3	49982
      2	49994
      1	49998
      2	50011
      2	50019
      1	50025
      4	50170
      3	50181
      2	50184
      1	50190
      2	50227
      1	50236
      5	50246
      1	50269
      1	50290
      1	50313
      1	50338
      3	50419
      1	50420
      1	50445
      2	50448
      2	50485
      1	50508
      1	50511
      2	50529
      1	50533
      1	50536
      3	50537
      1	50542
      2	50544
      1	50569
      3	50584
      1	50606
      1	50613
      1	50629
      2	50643
      1	50654
      1	50660
      2	50686
      1	50697
      2	50717
      1	50720
      1	50728
      2	50744
      2	50796
      1	50811
      1	50826
      7	50829
      1	50844
      1	50855
      1	50865
      6	50880
      1	50910
      1	50952
      1	51007
      1	51028
      2	51065
      1	51071
      2	51073
      1	51076
      1	51080
      3	51085
      1	51113
      1	51160
      1	51172
      3	51184
      2	51194
      1	51207
      2	51216
      3	51221
      1	51237
      1	51263
      1	51266
      4	51279
      1	51294
      1	51314
      1	51334
      1	51346
     40	51354
      3	51358
      1	51360
      1	51361
      1	51392
      2	51395
      1	51422
      1	51429
      3	51433
      3	51449
      1	51532
      2	51537
      1	51549
      1	51555
      1	51557
      2	51561
      3	51576
      1	51612
      2	51635
      2	51645
      3	51668
      2	51699
      1	51765
      2	51783
      6	51793
      7	51823
      1	51826
      1	51830
      1	51835
      3	51900
      1	51947
      1	51949
      1	51950
      1	51986
      4	51998
      1	52009
      1	52068
      1	52092
      1	52104
      1	52108
      1	52144
      3	52154
      2	52160
      1	52167
      2	52175
      1	52181
      3	52186
      1	52234
      1	52327
      1	52331
      2	52370
      1	52397
      2	52398
      2	52408
      1	52410
      4	52414
      1	52415
      1	52432
      1	52436
      1	52439
      1	52463
      2	52491
      3	52496
      1	52505
      2	52506
      4	52522
      2	52540
      1	52541
      1	52551
      1	52555
      2	52564
      2	52570
      2	52575
      1	52584
      1	52587
      3	52594
      1	52600
      1	52601
      2	52612
      2	52613
      1	52625
      1	52659
      1	52667
      1	52681
      3	52718
      3	52723
      1	52735
      1	52746
      4	52755
      1	52775
      3	52777
      1	52782
      1	52790
      1	52796
      1	52876
      1	52892
      4	52894
      4	52917
      1	52927
      1	52968
      1	52989
      3	52991
      1	53028
      3	53042
      4	53053
      2	53063
      1	53085
      1	53116
      1	53129
      1	53146
      5	53155
      2	53163
      5	53169
      6	53195
      2	53204
      1	53218
      1	53223
      1	53224
      1	53229
      1	53232
      1	53234
      2	53256
      1	53270
      1	53284
      3	53296
      1	53312
      1	53324
      1	53344
      2	53363
      1	53374
      1	53385
      1	53404
      3	53420
      1	53426
      1	53435
      1	53457
      1	53459
      5	53479
      6	53514
      3	53515
      1	53557
      2	53578
      1	53599
      1	53624
      1	53629
      1	53648
      3	53649
      2	53651
      1	53657
      1	53659
      1	53669
      1	53672
      1	53689
      2	53690
      1	53691
      1	53693
      2	53695
      1	53710
      1	53718
      1	53722
      4	53723
      7	53738
      5	53755
      1	53794
      1	53801
      2	53817
      2	53825
      1	53846
      1	53849
      4	53870
      1	53878
      3	53908
      3	53925
      1	53945
      1	53947
      1	53962
      3	53970
      1	53985
      1	54059
      9	54060
      1	54099
      2	54134
      1	54161
      1	54167
      1	54173
      1	54179
      1	54184
      1	54202
      4	54210
      1	54222
      1	54224
      1	54227
      4	54245
      3	54249
      5	54251
      2	54252
      2	54304
      2	54307
      2	54321
      1	54343
      1	54352
      1	54356
      1	54370
      1	54388
      1	54395
      1	54404
      4	54422
      1	54458
      2	54468
      2	54472
      3	54474
      3	54521
      1	54526
      1	54529
      1	54559
      1	54564
      1	54597
      1	54602
      3	54626
      1	54697
      1	54698
      1	54700
      1	54701
      5	54712
     13	54725
      1	54756
      1	54766
      2	54776
      1	54777
      1	54786
      1	54826
      3	54874
      1	54877
      1	54879
      1	54902
      3	54916
      2	54917
      1	54920
      2	54931
      1	54932
      1	54948
      5	54960
      1	54979
      2	55001
      2	55010
      1	55018
      1	55027
      1	55053
      1	55070
      1	55083
      1	55087
      1	55129
      3	55130
      1	55136
      1	55138
      1	55141
     18	55156
      1	55160
      1	55168
      1	55172
      1	55179
      3	55182
      1	55192
      3	55207
      4	55210
      5	55217
      3	55233
      3	55239
      1	55265
      1	55275
      1	55289
      1	55290
      3	55298
      6	55299
      1	55303
      2	55329
      1	55345
      1	55354
      1	55369
      6	55418
      3	55421
      1	55440
      3	55441
      1	55444
      1	55460
      1	55462
      1	55477
      1	55500
      1	55527
      1	55528
      1	55550
      1	55564
      3	55587
      1	55593
      1	55604
      2	55609
      1	55627
      4	55645
      1	55661
      1	55685
      1	55704
      1	55719
      1	55736
      1	55776
      3	55782
      1	55800
      1	55828
      1	55843
      4	55848
      2	55861
      1	55879
      1	55882
      1	55899
      6	55919
      1	55930
      1	55944
      2	55962
      1	55981
      1	55988
      5	56034
      2	56038
      1	56084
      1	56113
      5	56125
      3	56130
      2	56131
      1	56185
      1	56247
      1	56265
      3	56304
      3	56323
      1	56332
      1	56339
      1	56347
      1	56367
      1	56385
      1	56425
      4	56441
      1	56442
      1	56457
      1	56460
      1	56469
      1	56494
      4	56512
      1	56543
      1	56557
      3	56564
      2	56647
      1	56663
      2	56681
      1	56693
      1	56697
      1	56704
      3	56743
      1	56747
      2	56755
      1	56769
      1	56798
      2	56806
      4	56813
      3	56814
      2	56821
      4	56823
      2	56850
      2	56855
      1	56862
      1	56878
      3	56882
      1	56906
      1	56912
      3	56913
      1	56921
      1	56923
      2	56930
      2	56936
      5	56939
      1	56943
      1	56944
      1	56968
      1	57025
      1	57031
      1	57048
      1	57049
      1	57051
      1	57061
      1	57063
      1	57091
      1	57101
      1	57119
      1	57132
      3	57133
      2	57144
      3	57162
     10	57178
      1	57221
      1	57223
      1	57235
      1	57253
      2	57254
      1	57260
      1	57264
      2	57272
      2	57297
      2	57311
      1	57330
      1	57332
      2	57334
      1	57341
      2	57395
      1	57419
      1	57423
      3	57447
      1	57461
      4	57471
      1	57508
      1	57515
      1	57524
      1	57528
      2	57529
      4	57559
      1	57562
      1	57564
     10	57566
      1	57567
      7	57569
      1	57574
      1	57606
      3	57611
      1	57612
      1	57614
     12	57622
      2	57630
      1	57678
      6	57683
      1	57692
      2	57700
      1	57706
      1	57721
      1	57730
      1	57736
      1	57743
      1	57744
      1	57793
      2	57808
      1	57887
      1	57892
      2	57965
      1	57976
      1	58013
      1	58055
      1	58071
      1	58088
      1	58111
      3	58115
      2	58116
      1	58118
      1	58173
      1	58176
      1	58212
      3	58216
      1	58262
      1	58276
      2	58299
      4	58300
      1	58323
      2	58340
      1	58401
      2	58402
      1	58406
      1	58434
      1	58436
      1	58460
      3	58466
      1	58469
      1	58485
      1	58487
      2	58500
      1	58516
      1	58527
      3	58554
      2	58563
      1	58570
      1	58575
      1	58580
      4	58602
      1	58616
      1	58637
      1	58647
      2	58651
      1	58652
      1	58667
      1	58705
      1	58730
      1	58735
      1	58753
      2	58760
      2	58778
      1	58780
      1	58783
      1	58791
      1	58797
      1	58799
      2	58808
      2	58812
      1	58857
      1	58860
      1	58908
      1	58910
      1	58913
      1	58927
      1	58936
      2	58947
      3	58953
      1	58992
      1	58997
      1	59005
      1	59009
      2	59011
      1	59032
      1	59072
      1	59075
      1	59107
      1	59110
      1	59111
      1	59147
      2	59165
      1	59171
      4	59188
      1	59194
      1	59210
      1	59215
      1	59222
      2	59228
      1	59233
      1	59239
      1	59274
      3	59302
      5	59327
      4	59335
      3	59343
      1	59354
      1	59357
      1	59369
      1	59464
      1	59478
      2	59535
      1	59568
      4	59571
      1	59578
      1	59582
      1	59607
      1	59620
      1	59624
      5	59660
      2	59663
      1	59715
      2	59726
      4	59730
      1	59744
      1	59753
      2	59765
      4	59776
      2	59807
      1	59829
      2	59836
      1	59841
      1	59842
      2	59856
      2	59868
      3	59871
      1	59878
      1	59903
      1	59913
      1	59915
      4	59919
      1	59923
      1	59952
      1	59960
      2	59979
      1	59984
      1	59988
      1	59993
      1	59994
      1	59998
      1	60015
      1	60016
      2	60042
      1	60043
      1	60051
      1	60054
      1	60059
      1	60122
     16	60132
      1	60160
      1	60173
      1	60202
      3	60210
      1	60214
      1	60242
      1	60278
      8	60280
      2	60284
      7	60307
      1	60333
      1	60344
      1	60359
      1	60378
      1	60380
      1	60387
      1	60389
      4	60428
      5	60433
      1	60447
      1	60460
      1	60461
      1	60501
      1	60511
      1	60524
      1	60563
      2	60599
      1	60615
      5	60617
      1	60643
      2	60660
      1	60675
      1	60678
      1	60687
      1	60715
      3	60743
      2	60744
      1	60745
      1	60746
      1	60755
      1	60774
      1	60793
      1	60810
      1	60826
      1	60866
      1	60869
      1	60873
      1	60890
      4	60909
      1	60914
      1	60926
      1	60946
      1	60992
      1	60997
      1	61048
      4	61066
      2	61092
      2	61111
      1	61121
      2	61140
      1	61147
      3	61169
      1	61189
      2	61207
      1	61232
      1	61242
      1	61244
      1	61252
      1	61257
      1	61291
     10	61312
      3	61340
      7	61358
      1	61369
      1	61423
      1	61462
      2	61487
      2	61501
      1	61504
      2	61528
      1	61547
      1	61553
      1	61554
      1	61555
      1	61566
      2	61610
      1	61615
      2	61632
      1	61647
      7	61648
      1	61660
      1	61665
      1	61668
      1	61674
      1	61680
      1	61717
      1	61736
      1	61740
      5	61750
      2	61754
      1	61772
      2	61779
      2	61805
      1	61815
      1	61816
      2	61829
      8	61832
      1	61851
      1	61855
      4	61856
      5	61881
      3	61882
      1	61896
      2	61897
      1	61943
      1	61944
      2	61949
      1	61961
      2	61964
      2	61979
      1	61989
      1	62000
      1	62008
      3	62010
      2	62051
      1	62053
      1	62063
      2	62090
      1	62095
      1	62098
      3	62099
      2	62107
      1	62130
      1	62134
      1	62145
      1	62180
      1	62183
      1	62184
      1	62194
      2	62205
      1	62223
     16	62225
      1	62226
      3	62235
      1	62262
      1	62271
      1	62277
      1	62288
      2	62304
      1	62311
      2	62318
      1	62399
      1	62400
      9	62446
      1	62469
      1	62476
      1	62526
      1	62531
      2	62534
      2	62559
      1	62570
      1	62584
      3	62586
      1	62591
      1	62597
      1	62608
      2	62616
     16	62650
      5	62654
      1	62657
      1	62659
      1	62720
      1	62727
      1	62732
      1	62738
      1	62760
      1	62783
      2	62811
      1	62815
      1	62841
      1	62848
      1	62849
      4	62867
      1	62868
      3	62883
      1	62899
      1	62943
      1	62950
      1	62961
      3	62997
      3	63019
      1	63044
      4	63047
      2	63050
      1	63097
      1	63098
      3	63140
      1	63146
      1	63166
      1	63180
      2	63198
      1	63214
      2	63221
      1	63224
      1	63247
      1	63248
      5	63257
      1	63259
      1	63275
      1	63299
      8	63338
      1	63340
      1	63354
      1	63363
      1	63382
      1	63409
      3	63418
      1	63421
      1	63426
      1	63438
      1	63444
      7	63465
      1	63480
      1	63483
      1	63492
      2	63524
      1	63553
      1	63596
      2	63611
      1	63622
      1	63631
      2	63632
      1	63637
      2	63649
      1	63662
      1	63710
      1	63723
      1	63727
      3	63743
      1	63771
      1	63773
      1	63789
      1	63803
      1	63806
      1	63825
      1	63873
      1	63879
      3	63889
      4	63898
      1	63900
      8	63918
      1	63920
      1	63945
      4	63974
      2	63980
      1	63992
      1	63995
      2	64001
      1	64030
      1	64054
      2	64062
      1	64074
      1	64075
      4	64102
      1	64120
      1	64133
      1	64162
     21	64170
      2	64172
      1	64202
      7	64204
      2	64212
      1	64229
      1	64252
      8	64262
      1	64278
      4	64281
      3	64284
     34	64287
      3	64304
      1	64306
      3	64307
      1	64310
     24	64313
      1	64318
      3	64339
      1	64340
      1	64349
      1	64373
      1	64376
      1	64382
      1	64385
      1	64410
      1	64446
      3	64448
      2	64454
      1	64466
      1	64470
      2	64476
      1	64481
      1	64484
      2	64489
     15	64502
      1	64504
      1	64512
      2	64513
      2	64515
      5	64542
      1	64543
      1	64568
      1	64598
      1	64605
      1	64607
      3	64630
      3	64651
      1	64693
      1	64699
      1	64704
      1	64750
      2	64765
      1	64782
      2	64815
      2	64832
      1	64843
      3	64844
      1	64845
      1	64847
      1	64856
      1	64869
      4	64880
      2	64896
      1	64908
      1	64913
      1	64925
      1	64937
      1	64938
      1	64967
      1	65017
      2	65041
      1	65046
      5	65050
      1	65061
      2	65066
      1	65069
      1	65123
      2	65129
      5	65167
      2	65172
      1	65184
      1	65187
      1	65195
      3	65198
      1	65209
      2	65235
      1	65256
      1	65304
      1	65330
      1	65334
      3	65353
      4	65375
      1	65378
      1	65386
      1	65412
      1	65424
      4	65427
      2	65430
      1	65452
      1	65467
      3	65469
      1	65479
      1	65499
      1	65500
      2	65507
      1	65518
      2	65529
