      1	15
      5	174
      2	356
      1	433
      2	665
      1	945
      1	1530
      1	1585
      1	2271
      1	2643
      1	2646
      1	2798
      1	2814
      1	3914
      1	3991
      1	4472
      2	5510
      1	5905
      1	6055
      1	6360
      2	6572
      1	7673
      1	7951
      1	8269
      1	8324
      1	8344
      1	8983
      1	9653
      2	10691
      1	11009
      5	12005
      4	12174
      1	13033
      2	13403
      1	13895
      1	14122
      4	14297
      1	14335
      1	14492
      1	14634
      1	15314
      1	15343
      1	15518
      3	15679
      1	16007
      1	16383
     42	16503
      4	16916
      1	16960
      6	17027
      3	17031
      1	17058
      1	17454
      1	17859
      1	18278
      1	18440
      1	18881
      5	18885
      1	19226
      1	19622
      1	19725
      3	19794
      1	20030
      1	20082
      1	20166
      1	21248
      2	21276
      1	22007
      2	22010
      1	22191
      1	22280
      2	22482
      2	22719
      1	23074
      1	23420
      1	23453
      2	23509
      5	23653
      1	23923
      1	24275
      6	24839
     21	25683
      1	25805
      1	26748
      2	26998
      1	27320
      1	27717
      5	29068
      1	29106
      1	29255
      4	29374
      1	29736
      1	30979
      2	31146
      1	31289
      1	31962
      1	32025
      1	32045
      1	32866
      1	32925
      1	32953
      1	33345
      1	33367
      1	33715
      1	34317
      1	34479
      2	36559
      2	38273
      8	38894
     27	38935
      1	40614
      1	40708
      2	40895
      1	41206
      2	42297
      1	43953
      3	43977
      1	44313
      2	44907
      2	45360
      1	46163
      5	46174
      1	46177
      1	46388
      1	46706
      1	46890
      3	48147
      1	49120
      2	49180
      1	49495
      1	49636
      2	49844
      1	49966
      1	50361
      1	50604
      1	50910
      1	51065
      1	51326
      3	52183
      1	52616
      1	54626
      1	55032
      3	55037
      1	55421
      1	55531
      1	55734
      1	55780
      1	56762
      1	56805
      1	57779
      1	58244
      1	58800
      4	59739
      1	59741
      1	59993
      1	60499
      2	60747
      1	61053
      1	61138
     38	61230
      4	61835
      2	62311
      1	63368
      1	63593
      1	64434
      2	64528
      2	64689
