      2	5
      2	11
      1	18
      1	21
      1	22
      1	26
      1	29
      1	32
      2	35
      1	36
      1	56
      2	67
      2	76
      1	80
      1	89
     13	91
      1	92
      1	114
      1	121
      1	162
      2	182
      1	195
      1	197
      1	199
      1	222
      3	231
      1	251
      1	285
      1	302
      1	312
      1	343
      1	351
      2	387
      1	422
      4	426
      1	428
      4	432
      2	437
      3	476
      1	477
      1	502
      1	515
      1	538
      1	574
      1	584
      2	600
      1	646
      1	660
      1	664
      3	671
      1	680
      1	691
      8	713
      2	755
      3	759
      1	779
      7	808
      2	813
      2	845
      1	851
      8	858
      1	881
      1	882
      1	895
      1	897
      5	899
      1	907
      3	920
      1	926
      7	938
      2	940
      1	945
      1	952
      1	960
      1	981
      1	982
      1	996
      4	1008
      5	1009
      1	1011
      1	1016
      3	1020
      1	1022
      1	1049
      1	1054
      1	1073
      4	1079
      1	1091
      1	1104
      2	1130
      1	1151
      3	1177
     19	1190
      1	1202
      3	1232
      1	1242
      1	1245
      4	1248
      3	1284
      2	1285
      2	1288
      1	1298
      2	1320
      1	1346
      1	1358
      1	1362
      1	1373
      1	1378
      1	1393
     11	1405
      1	1421
      1	1434
      1	1468
      1	1475
      1	1486
      1	1497
      2	1529
      1	1536
      2	1616
      2	1658
      1	1675
      1	1733
      1	1734
      2	1738
      1	1772
      1	1777
      6	1782
      2	1791
      1	1800
      1	1813
      1	1838
     10	1857
      1	1877
      1	1896
      6	1911
      3	1929
      3	1937
      2	1972
      1	1976
      1	1990
      1	2009
      1	2020
      1	2021
      2	2041
      1	2050
      1	2051
      1	2072
      2	2087
     12	2093
      4	2095
      2	2147
      2	2149
      3	2186
      1	2206
      2	2257
      1	2283
      3	2289
      3	2312
      4	2321
      3	2325
      1	2365
      1	2384
      2	2389
      2	2398
      1	2402
      2	2414
      2	2475
      1	2484
      1	2493
      1	2542
      1	2566
      9	2589
      1	2592
      2	2652
      4	2663
      1	2679
      1	2683
      1	2686
      1	2697
      1	2722
      1	2725
      1	2726
      1	2731
      5	2757
      1	2763
      1	2766
      1	2767
      1	2791
      1	2817
     21	2819
      2	2824
      7	2849
      1	2872
      1	2885
      1	2898
      4	2917
      4	2918
      1	2920
      1	2925
      2	2981
      1	2992
      1	3004
      1	3013
      6	3014
      1	3033
      1	3045
      2	3060
      3	3079
      7	3104
      1	3109
      1	3110
      4	3156
      2	3165
      3	3191
      1	3219
      2	3221
      1	3228
      1	3245
      1	3247
      2	3256
      1	3269
      1	3278
      1	3284
      2	3286
      1	3293
      1	3311
      2	3328
      3	3351
      1	3358
     10	3392
      1	3395
      1	3414
      2	3425
      1	3464
      4	3486
      1	3493
      3	3495
      2	3499
      1	3506
      2	3529
      1	3534
      1	3537
      1	3538
      2	3553
      1	3570
      1	3577
      1	3644
      1	3656
      1	3664
      4	3690
      2	3693
      1	3715
      1	3732
      3	3750
      1	3756
      3	3774
      4	3779
      1	3794
      1	3810
      1	3812
      1	3815
      1	3819
      1	3821
      9	3824
      1	3829
      2	3842
      1	3843
      2	3850
      2	3857
      2	3872
      1	3885
      1	3927
      1	3932
      3	3936
      1	3937
      1	3989
      1	3991
      1	4016
      9	4071
      2	4098
      1	4106
      5	4109
      1	4120
      1	4121
      1	4138
      1	4139
      1	4184
      5	4211
      1	4216
      1	4238
      1	4245
      1	4249
      1	4293
      2	4299
      1	4306
      1	4308
      4	4329
      1	4334
      3	4349
      1	4368
      1	4372
      3	4386
      1	4411
      1	4423
      2	4438
      1	4452
      1	4479
      6	4523
      1	4527
      1	4528
      3	4536
      1	4540
      1	4549
      6	4553
      2	4581
      5	4586
      1	4613
      1	4617
      4	4619
      1	4644
      1	4651
      1	4659
      1	4680
      2	4713
      1	4731
      4	4744
      1	4780
      1	4851
      1	4860
      1	4890
      2	4896
      1	4907
      2	4913
      6	4926
      1	4930
      1	4934
      2	4935
      5	4969
      1	5002
      1	5011
      2	5022
      1	5054
      1	5062
      2	5076
      2	5077
      3	5099
      2	5101
      1	5102
      1	5112
      1	5113
      8	5119
      7	5141
      6	5161
      8	5166
      2	5171
      1	5187
      2	5208
      5	5214
      1	5219
      1	5222
      1	5228
      1	5237
      1	5255
      5	5271
      8	5277
      3	5287
      1	5291
      1	5358
      1	5369
      2	5385
      1	5386
      9	5389
      1	5405
      1	5447
      1	5452
      1	5457
      2	5467
      2	5475
     10	5476
      4	5520
      3	5550
      1	5597
      2	5607
      1	5622
      2	5632
      1	5636
      1	5647
      2	5656
      1	5660
      2	5670
      1	5686
      1	5693
      2	5711
      2	5712
      4	5720
      1	5728
      1	5744
      4	5768
      1	5769
      3	5770
      1	5772
      3	5790
      1	5803
      1	5810
      2	5819
      1	5823
      1	5837
      3	5853
      1	5854
      2	5857
      2	5902
      3	5926
      4	5927
      3	5943
      1	5955
      2	5956
      1	5972
     16	5981
      2	5992
      1	6000
      1	6029
      4	6031
      3	6045
      1	6062
      1	6076
      1	6098
      3	6119
      3	6124
      3	6156
      1	6172
      1	6175
      5	6177
      1	6181
      1	6194
      1	6197
      1	6209
      2	6215
      3	6217
      1	6219
      2	6226
      1	6239
     10	6275
      1	6285
      1	6293
      1	6295
      3	6338
      1	6358
      1	6361
      3	6366
      1	6378
      1	6405
      2	6485
      1	6513
      2	6518
      1	6534
      1	6546
      3	6571
      1	6575
      2	6584
      1	6590
      1	6603
      1	6622
      1	6635
      1	6677
      1	6687
      1	6703
      1	6746
      1	6754
      1	6755
      1	6764
      8	6772
      1	6776
      2	6787
      1	6807
      1	6816
      1	6846
      1	6856
      1	6920
      2	6928
      1	6941
      2	6951
     11	6980
      3	7004
      1	7005
      1	7021
      1	7041
      1	7066
      1	7069
      2	7084
      1	7109
      1	7132
      4	7144
      1	7152
      1	7167
      1	7199
      1	7245
      1	7299
      2	7323
      2	7355
      1	7359
      1	7361
      1	7370
      1	7377
      1	7378
      2	7384
      1	7386
      2	7399
      1	7423
      1	7424
      1	7435
      1	7438
      8	7457
      1	7490
      2	7494
      1	7497
      2	7513
      1	7517
      3	7518
      2	7520
      1	7531
      2	7552
      1	7556
      1	7600
      1	7612
      1	7616
      1	7623
      1	7635
      2	7647
      1	7649
      1	7656
      1	7667
      7	7672
      2	7673
      1	7692
      1	7749
      1	7780
      1	7805
      1	7818
      3	7825
      1	7862
      1	7907
      1	8000
      1	8014
      4	8037
      1	8071
      2	8087
      1	8096
      7	8102
      2	8111
      1	8119
      1	8126
      1	8138
      1	8172
      1	8185
      5	8201
     14	8281
      1	8313
      1	8328
      3	8378
      2	8412
      1	8431
      3	8432
      2	8443
      1	8448
      3	8490
      1	8534
      1	8573
      3	8587
      1	8622
      1	8639
      2	8645
      1	8652
      1	8664
      2	8696
      1	8700
      1	8706
      1	8709
      1	8712
      1	8728
      2	8736
      1	8740
      2	8748
      3	8760
      1	8820
      1	8853
      1	8858
      4	8859
      1	8872
      1	8934
      1	8955
      1	8956
      1	8999
      1	9017
      2	9035
      2	9053
      2	9090
      2	9102
      1	9141
      3	9142
      1	9151
      3	9162
      3	9173
      1	9182
      1	9185
      7	9200
      4	9211
      1	9225
      2	9226
      1	9239
      1	9241
      3	9260
      1	9267
      2	9304
      1	9316
      7	9345
      1	9377
      1	9380
      1	9391
      1	9409
      1	9427
      1	9434
      1	9440
      1	9449
      2	9452
      1	9461
      1	9493
      3	9496
      1	9499
      1	9503
      3	9509
      1	9540
      1	9543
      1	9551
      3	9576
      2	9583
      2	9587
     12	9610
      1	9617
      3	9623
      1	9625
      1	9630
      1	9634
      2	9638
      1	9650
      1	9684
      1	9687
      2	9700
      2	9721
      2	9722
      1	9740
      1	9751
      2	9768
      5	9797
      1	9800
      1	9804
      2	9825
      1	9847
      2	9873
      1	9877
      2	9884
      1	9886
      8	9888
      1	9892
     33	9900
      2	9957
      3	9982
      4	10009
      1	10014
      5	10026
      1	10048
      3	10059
      2	10063
      1	10094
      1	10100
      1	10101
      6	10110
      1	10118
      1	10124
      4	10135
      1	10155
      1	10156
      7	10158
      1	10177
      1	10191
      1	10216
      1	10221
      1	10230
      1	10246
      1	10248
      1	10256
      5	10275
      2	10300
      4	10327
      1	10346
      2	10374
      1	10396
      1	10397
      1	10399
      1	10407
      1	10431
      4	10447
      1	10472
      1	10475
      3	10493
      3	10509
      1	10520
      4	10529
      2	10563
      1	10587
      1	10645
      1	10654
      2	10660
      2	10680
      5	10681
      1	10687
      1	10717
      1	10724
      1	10725
      1	10732
      1	10750
      1	10770
      2	10798
      1	10800
      1	10807
      2	10827
      1	10830
      1	10835
      1	10864
      1	10877
      1	10893
      1	10913
      5	10919
      1	10941
      1	10942
      3	10947
      1	10950
      1	10967
      2	10970
      1	10980
      1	10986
      1	11008
      1	11014
      2	11032
      1	11035
      1	11071
      2	11082
      1	11084
      1	11090
      1	11103
      1	11114
      1	11116
      1	11143
      2	11165
      2	11174
      1	11198
      2	11230
      1	11247
      1	11258
      1	11260
      2	11297
     10	11308
      4	11313
      1	11319
      1	11326
      1	11368
      2	11374
      1	11389
      3	11410
      3	11437
      1	11441
      1	11461
      1	11503
      1	11532
      1	11544
      1	11550
      1	11556
      1	11562
      1	11563
      1	11569
      1	11580
      1	11599
     17	11608
      1	11634
      1	11640
      5	11650
      1	11701
      1	11732
      1	11750
      1	11754
      3	11776
      1	11790
      1	11800
      1	11823
      1	11833
      2	11879
      3	11880
      1	11882
      1	11905
      1	11943
      3	11960
      2	11964
      2	11966
      3	11995
      5	12004
      1	12005
      2	12016
      1	12033
      1	12042
      2	12044
      1	12047
      3	12058
      1	12091
      2	12114
      1	12127
      1	12170
      1	12177
      1	12199
      1	12207
      2	12275
      1	12334
      2	12350
      1	12356
      3	12389
      1	12407
      1	12486
      2	12496
      2	12505
      1	12529
      1	12552
      2	12589
      1	12659
     13	12663
      2	12664
      5	12684
      3	12689
      2	12708
      4	12728
      1	12738
      1	12757
      2	12762
      1	12768
      5	12771
      1	12794
     58	12809
      5	12814
      1	12823
      1	12853
      1	12945
      2	12948
      2	12952
      5	12956
      1	12981
      1	13001
      1	13005
      1	13014
      3	13018
      1	13024
      1	13034
      1	13054
      1	13055
      1	13057
      1	13069
      1	13140
      1	13162
      1	13169
      2	13172
      3	13179
      1	13288
      1	13308
      1	13321
      1	13332
      1	13352
      2	13360
      1	13371
      1	13382
      1	13410
      1	13414
      4	13419
      1	13423
      2	13461
      3	13481
      2	13499
      1	13502
      2	13503
      1	13517
      1	13521
      2	13582
      1	13619
      1	13620
      1	13640
      1	13679
      2	13681
      5	13682
      3	13688
      1	13691
      1	13695
      9	13720
      1	13724
      2	13734
      1	13742
      1	13745
      1	13762
      1	13767
      4	13772
      2	13797
      1	13801
      2	13823
      1	13837
      2	13855
      1	13861
      2	13863
      6	13871
      1	13872
      1	13913
      6	13931
      6	13937
      3	13952
      2	13955
      1	14000
      4	14015
      2	14032
      2	14039
      1	14051
      1	14062
      2	14076
      1	14077
      1	14081
      5	14083
      2	14100
      2	14107
      2	14127
      1	14141
      1	14164
      6	14166
      1	14167
      1	14188
      1	14191
      1	14203
      1	14235
      2	14264
      4	14287
      1	14290
      1	14297
      2	14302
      1	14310
      1	14321
      1	14332
      1	14343
      1	14349
      1	14350
      2	14353
      3	14382
      1	14385
      1	14392
      1	14393
      1	14399
      1	14417
      1	14430
      6	14435
      6	14436
      1	14472
      1	14489
      1	14493
      2	14498
      1	14505
      2	14543
      3	14545
      1	14554
      3	14586
      1	14593
      1	14597
      2	14636
      1	14637
      1	14654
      1	14688
      1	14717
      3	14747
      2	14800
      1	14812
      1	14813
      1	14821
      1	14848
      2	14867
      1	14872
      2	14877
      3	14883
      3	14891
      4	14898
      1	14908
      1	14917
      1	14945
      1	14949
      1	14960
      1	14967
      2	14983
      2	14986
      2	14996
      1	15001
      1	15011
      2	15029
      2	15044
      7	15047
      1	15064
      3	15070
      2	15072
      1	15082
      1	15088
      1	15095
      5	15123
      1	15141
      2	15172
      3	15181
      1	15183
      1	15214
      1	15231
      1	15257
      1	15260
      1	15271
      1	15293
      1	15310
      5	15335
      1	15355
      2	15372
      7	15374
      1	15386
      1	15414
      1	15420
      1	15467
      1	15491
      2	15498
      1	15501
      1	15511
      5	15536
      2	15541
      1	15548
      1	15561
      2	15585
      5	15587
      3	15590
      1	15610
      1	15619
      1	15639
      1	15640
      1	15663
      4	15666
      1	15684
      1	15685
      1	15691
      7	15696
      3	15701
      2	15750
      1	15756
      4	15766
      2	15772
      1	15777
      1	15816
      2	15847
      1	15890
      1	15925
      9	15939
     10	15952
      1	15977
      2	15985
      1	15992
      2	15996
      1	16002
      1	16007
      1	16017
      1	16059
      1	16071
      1	16102
      1	16139
      3	16143
      2	16148
      1	16152
      6	16165
      6	16181
      2	16195
      1	16199
      1	16230
      2	16256
      3	16260
      1	16269
      3	16276
      2	16278
      1	16280
      8	16308
      1	16363
      2	16368
      1	16374
      1	16387
      1	16398
      1	16425
      1	16461
      1	16465
     16	16503
      3	16511
      3	16512
      1	16521
      4	16524
      1	16528
      1	16529
      2	16533
      4	16554
      2	16561
      2	16565
      3	16589
      1	16613
      3	16620
      1	16628
      2	16689
      2	16701
      1	16704
      1	16743
     11	16792
      1	16798
      1	16818
      2	16824
      4	16833
      1	16836
      3	16851
      6	16860
      3	16862
      1	16864
      6	16872
      1	16887
      1	16916
      2	16935
      1	16960
      6	16977
      1	16984
     38	17005
      1	17010
      2	17017
      1	17021
      2	17023
      2	17064
      3	17109
      1	17123
      2	17139
      1	17164
      3	17168
      1	17192
      1	17210
      1	17212
     12	17225
      2	17229
      1	17231
     15	17258
      2	17267
      1	17279
      1	17280
      5	17295
      1	17314
      2	17335
      1	17337
      7	17343
      6	17352
      2	17362
      1	17368
      2	17375
      1	17381
      1	17414
      1	17424
      5	17449
      1	17486
      5	17498
      1	17508
      1	17540
      1	17580
      1	17608
      1	17615
      6	17624
      1	17655
      7	17667
      1	17682
      2	17699
      6	17709
      1	17711
      3	17743
      3	17753
      2	17787
      1	17817
      1	17833
      1	17835
      1	17838
      1	17859
      2	17912
      1	17947
      1	17971
      4	17975
      1	17989
      2	17990
      3	18023
      1	18077
      1	18100
      1	18146
      3	18179
      2	18195
      1	18196
      1	18207
      1	18214
      1	18226
      2	18247
      4	18270
      1	18295
      1	18301
      1	18304
      1	18310
      1	18315
      8	18321
      2	18348
      1	18361
      2	18388
      1	18391
      1	18414
      1	18434
      5	18442
      1	18443
      1	18487
      5	18498
      1	18504
      3	18511
      5	18540
      1	18551
      1	18572
      2	18590
      1	18603
      1	18604
      1	18611
      1	18633
      1	18636
      1	18638
      1	18643
      2	18666
      1	18677
      1	18706
      7	18711
      1	18720
      2	18748
      1	18764
      6	18768
      1	18777
      1	18790
      1	18801
      2	18811
      1	18842
      9	18843
      1	18861
      1	18864
      3	18893
      1	18905
      1	18919
      1	18934
      1	18974
      1	19013
      2	19016
      2	19033
      1	19034
     11	19074
      1	19078
      1	19099
      1	19110
      1	19127
      2	19128
      2	19134
      2	19152
      1	19197
      1	19198
      2	19228
      1	19248
     12	19255
      2	19277
      2	19301
      1	19304
      5	19305
      1	19354
      1	19356
      1	19363
      1	19371
      2	19372
      8	19405
      1	19415
      1	19440
      1	19460
      1	19471
      3	19481
      2	19483
      4	19493
      4	19522
      1	19527
      1	19534
      1	19571
      1	19580
      1	19588
      1	19597
      3	19616
      1	19618
      2	19640
      1	19680
      5	19690
      1	19692
      2	19695
      2	19696
      1	19707
      2	19766
      1	19770
      2	19785
      1	19815
      2	19834
      1	19889
      2	19904
      1	19907
      1	19918
      1	19925
      1	19928
      3	19929
      3	19947
      1	19962
      1	20020
      1	20021
      1	20024
      3	20051
      1	20064
      4	20065
      1	20091
      2	20136
     11	20138
      1	20144
      5	20160
      5	20191
      1	20212
      2	20213
      2	20222
      2	20223
      5	20226
      1	20235
      2	20244
      1	20249
      1	20253
      4	20260
      1	20268
      1	20274
      1	20282
      1	20291
      1	20323
      1	20333
      1	20363
      1	20374
      1	20436
      2	20450
      2	20480
      1	20482
      1	20487
      1	20490
      1	20498
      1	20557
      1	20571
      7	20587
      1	20595
      1	20602
      1	20605
      2	20609
      1	20611
      4	20612
      1	20645
      4	20647
      1	20671
      2	20677
      3	20687
      1	20688
      1	20693
      1	20697
      1	20718
      1	20739
      2	20740
      2	20768
      4	20772
      3	20802
      1	20814
      2	20821
      2	20827
      2	20855
      9	20865
      2	20878
      1	20887
      1	21015
      1	21021
      1	21028
      3	21060
      1	21062
      3	21066
      1	21080
      1	21095
      1	21135
      1	21162
      6	21221
      1	21224
      7	21237
      1	21251
      1	21253
      2	21256
     20	21285
      1	21290
      1	21314
      1	21340
      1	21364
      6	21380
      1	21393
      1	21421
      1	21435
      1	21444
      2	21450
      1	21451
      1	21473
      1	21507
      4	21532
      1	21543
      1	21579
      2	21591
      1	21607
      1	21628
      1	21639
      1	21640
      1	21642
      1	21655
      1	21658
      2	21666
      1	21724
      1	21742
      1	21767
      3	21791
      1	21805
      2	21817
      2	21846
      2	21895
      1	21926
      5	21929
      1	21930
      2	22010
      1	22012
     13	22033
      1	22040
      1	22062
      1	22086
      1	22098
      1	22099
      2	22100
      1	22110
      1	22116
      1	22131
      2	22134
      2	22164
      1	22170
      1	22190
      2	22202
      2	22219
      1	22221
      1	22236
      1	22250
      2	22281
      2	22292
      2	22306
      3	22329
     11	22330
      1	22335
      2	22336
      4	22338
      8	22365
      1	22374
      1	22405
      5	22409
      1	22417
      4	22426
      1	22428
      1	22447
      5	22467
      1	22495
      2	22499
      2	22520
      1	22550
      1	22573
      1	22588
      3	22664
      3	22689
      1	22694
      5	22713
      1	22716
      2	22738
      7	22751
      1	22761
      1	22796
      1	22835
      1	22867
      1	22902
      1	22903
      1	22905
      1	22906
      1	22907
      1	22911
      5	22919
      1	22954
      1	22957
      1	22959
      1	22962
      6	23023
      3	23029
      1	23038
      2	23070
      1	23086
      2	23091
      1	23094
      3	23095
      1	23104
      4	23114
      1	23137
      3	23138
      1	23159
      2	23166
      1	23204
      4	23219
      1	23221
      1	23246
      1	23268
      1	23288
      5	23309
      4	23339
      5	23342
     12	23354
      2	23394
      1	23408
      1	23436
      1	23454
      1	23471
      2	23473
      1	23486
      2	23513
      5	23523
      8	23532
      1	23555
      3	23574
      9	23577
      1	23613
      8	23620
      3	23621
      1	23643
      2	23653
      2	23662
      1	23664
      2	23683
      1	23692
      1	23720
      1	23726
      2	23728
      1	23743
      1	23751
      1	23757
      1	23761
      1	23768
      3	23777
      4	23790
      2	23815
      1	23843
      1	23869
      1	23883
      1	23903
      1	23921
      1	23936
      2	23946
      2	23978
      1	23995
      1	23999
     35	24013
      1	24018
      2	24026
      2	24032
      1	24053
      1	24092
      1	24114
      5	24135
      1	24183
      1	24187
      1	24205
      5	24225
      1	24265
      1	24284
      2	24321
      2	24337
      1	24338
      2	24339
      2	24358
      3	24360
      1	24375
     11	24376
      4	24383
      5	24388
      1	24394
      3	24412
      4	24451
      1	24469
      2	24485
      1	24492
      4	24493
      1	24505
      7	24519
      2	24527
      1	24536
      1	24550
      6	24572
      1	24587
      2	24596
      1	24621
      2	24626
      3	24637
      2	24664
      2	24672
      1	24708
      1	24744
      1	24755
      1	24770
      1	24771
      1	24774
      1	24786
      1	24794
      1	24799
      1	24800
      1	24808
      1	24828
      1	24878
      2	24909
      4	24947
      2	24956
      2	24958
      3	24961
      1	24967
      1	24968
      2	24990
      2	25007
      3	25016
      1	25040
      1	25046
      2	25049
      2	25054
      4	25068
      5	25074
      2	25096
      1	25142
      3	25177
      2	25190
      1	25192
      1	25204
      2	25228
      1	25233
      1	25247
      1	25248
      1	25272
      2	25282
      3	25314
      1	25329
      1	25334
      4	25338
      1	25347
      2	25367
      6	25394
      1	25395
      1	25405
      1	25427
      2	25445
      1	25461
      1	25495
      1	25502
     37	25538
      7	25543
      1	25562
      1	25597
      1	25610
      3	25620
      1	25663
      2	25689
      1	25692
      2	25697
      1	25698
      3	25699
      1	25704
      1	25708
      1	25733
      3	25788
      1	25793
      1	25803
      2	25806
      1	25820
      1	25822
      1	25826
      2	25839
      1	25845
      1	25873
      2	25899
      1	25902
      2	25914
      1	25931
      1	25934
      2	25960
      5	25981
      1	25990
      2	26027
      1	26031
      1	26035
     27	26045
      3	26054
      1	26111
      1	26127
      1	26130
      1	26136
      1	26139
      1	26140
      1	26175
      1	26203
      1	26211
      1	26214
      3	26217
      1	26219
      1	26229
      1	26264
      3	26269
      6	26290
      2	26311
      1	26364
      1	26376
      5	26387
      1	26391
      3	26414
      5	26435
      3	26447
      1	26460
      2	26557
      6	26572
      1	26597
      2	26621
      3	26628
      1	26630
      1	26635
      3	26666
      5	26685
      1	26703
      1	26729
      1	26733
      1	26739
      1	26763
      7	26777
      1	26842
      1	26857
      3	26866
      1	26923
      1	26959
      1	26972
      3	27030
      4	27031
      7	27039
      1	27052
      4	27065
      1	27110
      1	27116
      1	27118
      1	27134
      2	27140
      5	27155
      1	27172
      1	27192
      2	27247
      4	27262
      1	27263
      1	27288
      1	27302
      4	27310
      1	27313
      1	27331
      2	27347
      2	27349
      8	27350
      1	27409
      1	27417
      2	27419
      1	27429
      2	27448
      1	27449
      1	27459
      3	27476
      1	27552
      1	27563
      3	27567
     13	27568
      1	27573
      2	27588
      1	27625
      1	27627
      4	27649
      1	27660
      5	27691
      1	27723
      4	27741
      1	27767
     14	27773
      2	27784
      1	27797
      1	27828
      1	27830
      2	27842
      1	27858
      3	27864
      1	27878
      1	27880
      1	27882
      1	27890
      4	27893
      1	27947
      2	27954
      1	27961
      1	27972
      1	27985
      1	27986
      1	27994
      1	28008
      4	28012
      8	28025
      3	28031
      1	28035
      1	28047
      1	28082
      3	28084
      3	28098
      6	28109
      1	28128
      1	28220
      3	28234
      1	28244
      3	28250
      1	28262
      1	28293
      2	28296
      2	28303
      3	28340
      1	28364
      1	28454
      1	28468
      2	28520
      4	28524
      1	28566
      1	28567
      5	28571
      1	28609
      2	28615
      1	28618
      2	28624
      1	28642
      3	28645
      1	28651
      1	28658
      2	28672
      1	28716
      1	28727
      2	28731
      3	28740
      1	28745
      1	28762
      1	28779
      1	28800
      1	28808
      3	28824
      1	28855
      1	28875
      3	28885
      1	28898
      2	28922
      1	28929
      4	28960
      1	28969
      1	28974
      1	28991
      3	29016
      4	29031
      2	29040
      1	29044
      4	29051
      5	29085
      3	29086
      1	29103
      1	29105
      1	29132
      1	29147
      2	29166
      2	29168
      1	29193
      1	29204
      1	29247
      2	29257
      2	29280
      1	29286
      1	29306
      1	29311
      1	29323
      1	29327
      1	29356
      1	29398
      1	29428
      1	29440
      1	29484
      3	29527
      2	29561
      1	29564
      2	29565
      1	29576
      6	29595
      3	29596
      1	29616
      1	29629
      1	29639
      1	29656
      1	29667
      2	29717
      1	29735
      1	29759
      2	29772
      1	29789
      1	29795
      1	29796
      1	29817
      1	29842
      3	29853
      1	29875
      3	29880
      3	29892
      1	29910
      1	29917
      2	29945
      1	29953
      1	29988
      2	30003
      2	30007
      1	30021
      2	30055
      1	30056
      1	30062
      4	30069
      1	30090
      1	30106
      1	30109
      1	30132
      1	30151
      1	30162
     10	30163
      1	30178
      1	30201
      3	30262
      1	30285
      3	30288
      1	30298
      1	30311
      1	30316
      1	30321
      1	30378
      1	30390
      4	30402
      1	30418
      1	30427
      2	30438
      1	30448
      1	30455
      1	30458
      1	30462
      2	30488
      1	30520
      1	30527
      4	30552
      1	30573
      1	30581
      1	30590
      1	30591
      2	30595
      1	30601
      1	30604
      1	30617
      1	30655
     19	30661
      2	30672
      2	30673
      1	30687
      1	30703
      2	30724
      2	30734
      1	30749
      1	30770
      1	30780
      1	30791
      2	30793
      1	30803
      1	30810
      1	30816
      2	30824
      1	30825
      2	30828
      1	30863
      1	30866
      1	30877
      1	30878
      1	30893
      1	30906
      3	30930
      3	30941
      1	30964
      4	30973
      1	30983
      1	30994
      1	31063
      4	31075
      2	31088
      1	31095
      1	31120
      2	31137
      1	31140
      1	31153
      2	31161
      3	31210
      1	31226
      1	31247
      1	31250
      2	31277
      4	31278
      1	31295
      1	31297
      1	31327
      1	31337
      2	31344
      3	31356
      1	31388
      2	31404
      2	31416
      2	31451
      1	31455
      1	31477
      1	31482
      1	31490
      1	31499
      1	31515
      1	31527
      2	31538
      1	31547
      1	31562
      1	31606
      1	31630
      1	31632
      2	31633
      3	31674
      1	31675
      1	31680
      1	31692
      1	31696
      1	31703
      2	31713
      1	31720
      1	31728
      1	31761
      1	31812
      1	31825
      1	31826
      1	31842
      1	31846
      2	31860
      1	31864
      1	31919
      1	31926
      1	31948
      2	32012
      2	32020
      1	32035
      2	32067
      1	32096
      1	32118
      1	32120
      2	32137
      1	32139
      1	32148
      3	32177
      1	32180
      1	32185
      1	32205
      1	32233
      1	32237
      5	32249
      1	32266
      1	32271
      1	32287
      4	32334
      2	32335
      1	32340
      1	32349
      1	32390
      1	32397
      2	32405
      3	32426
      1	32430
      1	32446
      1	32477
      3	32481
      1	32483
      2	32510
      1	32547
      6	32574
      1	32575
      1	32589
      2	32620
      1	32621
      4	32643
     11	32657
      1	32671
      1	32698
      1	32704
      1	32706
      2	32718
      1	32743
      6	32746
      2	32749
      6	32779
      1	32806
      1	32810
      1	32820
      2	32831
      2	32855
      2	32857
      1	32858
      1	32863
      1	32885
      2	32906
      1	32921
      2	32927
      1	32934
      1	32936
      1	32978
      1	32988
      3	32995
      1	32999
      4	33004
      4	33022
      3	33036
      4	33051
      1	33067
      1	33069
      1	33074
      1	33078
      1	33102
      1	33160
      4	33194
      2	33196
      9	33198
      1	33216
      1	33244
      1	33269
      4	33292
      1	33311
      2	33334
      1	33349
      1	33352
      3	33362
      2	33388
      2	33496
      1	33502
      1	33518
      2	33534
      1	33562
      1	33570
      1	33577
      2	33579
      1	33612
      2	33644
      1	33656
      2	33672
      1	33680
      2	33685
      1	33693
      1	33704
      3	33733
      1	33736
      3	33768
      4	33775
      1	33799
      1	33805
      1	33808
      1	33814
      1	33844
      1	33869
      3	33885
      1	33904
      1	33905
      1	33936
      3	33941
      1	33971
      1	33972
      1	33974
      1	34035
      1	34063
      1	34119
      2	34160
      1	34170
      1	34185
      1	34212
      1	34223
      1	34224
      1	34241
      1	34254
      1	34261
      2	34264
      2	34287
      1	34294
      1	34297
      3	34326
      1	34344
      1	34356
      1	34369
      1	34393
      2	34394
      2	34411
      3	34415
      1	34422
      6	34452
      8	34457
      1	34516
      1	34526
      1	34536
      1	34538
     10	34542
      1	34599
      4	34601
      1	34608
      8	34635
      1	34636
      1	34667
      1	34674
      1	34678
      1	34697
      1	34708
      1	34723
      9	34743
      3	34746
      3	34750
      1	34773
      1	34786
      1	34790
      1	34813
      1	34825
      1	34836
      1	34839
      4	34845
      1	34848
      1	34876
      1	34902
      1	34905
      1	34917
      3	34951
      1	34971
      1	34973
      1	34979
      1	35003
      1	35008
      1	35026
      1	35031
      1	35035
      1	35042
      1	35047
      3	35063
      1	35068
      2	35079
      1	35081
      1	35083
      5	35086
      1	35112
      4	35122
      1	35124
      1	35126
      1	35135
      2	35172
      1	35180
      1	35189
      2	35197
      1	35212
      1	35218
      1	35222
      1	35223
      1	35231
      1	35235
      1	35237
      1	35249
      2	35262
      1	35284
      1	35310
      1	35314
      2	35327
      1	35348
      1	35376
      4	35381
      1	35391
      1	35395
      1	35401
      1	35416
      1	35419
      1	35420
      1	35422
      4	35430
      1	35475
      3	35501
      1	35536
      1	35544
      2	35581
      7	35625
      1	35644
      1	35680
      1	35708
      3	35717
      2	35737
      2	35743
      3	35744
      1	35748
      1	35762
      1	35780
      2	35783
      2	35792
      1	35807
      2	35814
      1	35818
      1	35847
      1	35851
      1	35880
      1	35916
      1	35931
      1	35934
      2	35949
      3	35996
      1	36026
      3	36028
      1	36040
      2	36044
      2	36074
      2	36077
      4	36111
      1	36114
      1	36135
      1	36157
      1	36161
      3	36170
      1	36181
      1	36190
      1	36199
      1	36202
      1	36206
      1	36229
      1	36243
      3	36244
      1	36259
      1	36268
      1	36283
      1	36309
      2	36338
      1	36374
      1	36383
      2	36427
      1	36466
      9	36476
      1	36508
      3	36529
      1	36549
      2	36559
      1	36564
      2	36579
      1	36580
      1	36584
      3	36602
      1	36630
      1	36644
      1	36655
      3	36689
      5	36690
      1	36703
      2	36706
      1	36709
      1	36713
      1	36719
      1	36734
      1	36777
      2	36810
      3	36814
      1	36823
      1	36950
      1	36953
      1	36961
      3	36971
      1	36979
      4	36985
      2	37007
      1	37017
      2	37048
      5	37062
      1	37074
      2	37076
      2	37087
      1	37124
      2	37139
      1	37149
      2	37152
      1	37233
      1	37254
      1	37265
      1	37305
      3	37308
      2	37311
      1	37315
      1	37321
      1	37329
      1	37340
      1	37379
      1	37388
      1	37403
      1	37404
      1	37410
      1	37412
      1	37416
      1	37422
      4	37423
      1	37435
      7	37454
      3	37465
      1	37472
      3	37475
      2	37479
      1	37493
      1	37553
      3	37573
      1	37574
      1	37577
      1	37580
      2	37586
      1	37609
      1	37617
      3	37640
      8	37668
      1	37701
      1	37709
      1	37724
      1	37725
      2	37735
      5	37757
      1	37762
      1	37784
      1	37788
      1	37792
      5	37833
      1	37837
      1	37850
      3	37873
      2	37885
     17	37892
      1	37896
      2	37907
      1	37908
      1	37946
      1	37961
      3	37984
      1	37988
      2	37997
      1	37998
      1	38015
      2	38033
      2	38036
      2	38038
      2	38041
      1	38045
      1	38084
      1	38099
      1	38121
      1	38143
      1	38176
      2	38184
      2	38213
      1	38225
      2	38244
      1	38252
      1	38253
      1	38269
      1	38271
      1	38273
      3	38285
      1	38287
      1	38309
      1	38320
      1	38322
      1	38325
      1	38326
      1	38336
      1	38343
     11	38392
      3	38398
      1	38444
      4	38480
      2	38483
      1	38512
      1	38520
      1	38527
      1	38563
      1	38578
     16	38583
      1	38593
      1	38649
      1	38673
      2	38676
     20	38681
      4	38687
      2	38688
      1	38702
      1	38714
      1	38730
      2	38738
      2	38745
      2	38756
      1	38757
      1	38764
      2	38765
      1	38772
      1	38783
      1	38784
      1	38802
      2	38814
      1	38817
      1	38836
      1	38874
      1	38880
      1	38926
      8	38993
      1	39005
      2	39030
      2	39049
      2	39071
     34	39072
      1	39077
      2	39079
      1	39086
      3	39093
      1	39098
      1	39101
      1	39105
      1	39124
      1	39126
      5	39127
      1	39131
      2	39144
      1	39147
      1	39176
      1	39182
      1	39197
      1	39216
      1	39218
      1	39232
      5	39254
      2	39265
      3	39278
      2	39285
      2	39312
      6	39340
      1	39352
      1	39357
      4	39379
      1	39390
      1	39408
      1	39436
      1	39460
      2	39465
      1	39469
      2	39476
      1	39601
      1	39665
      2	39670
      1	39674
      1	39679
      1	39697
      3	39698
      1	39749
      2	39752
      1	39755
      1	39756
      1	39827
      1	39838
      2	39856
      6	39868
      1	39890
      1	39955
      1	39960
      1	39977
      1	39990
      2	40021
      2	40022
      1	40029
      1	40045
      6	40055
      1	40067
      1	40068
      4	40085
      1	40093
      1	40105
      1	40138
      2	40143
      2	40147
      2	40156
      3	40170
      4	40175
      1	40204
      4	40223
      1	40247
      1	40269
      1	40284
      1	40297
      1	40309
      4	40370
      1	40379
      5	40387
      2	40414
      1	40437
      1	40462
      1	40470
      1	40490
      1	40494
      1	40510
      1	40512
      2	40514
      1	40541
      1	40557
      1	40558
      2	40575
      3	40592
      7	40616
      2	40620
      1	40641
      1	40651
      1	40652
      4	40661
      1	40666
      2	40698
      1	40713
      7	40738
      1	40750
      1	40812
      5	40864
      1	40878
      1	40879
      1	40889
      1	40907
      2	40918
     14	40931
      4	40942
      1	40949
      1	40955
      1	40978
      5	41022
      1	41051
      3	41053
      1	41073
     24	41080
      1	41093
      1	41129
      6	41138
      2	41142
      1	41163
      1	41185
      2	41202
      1	41209
      1	41216
     12	41242
      6	41245
      1	41248
      1	41253
      2	41279
      1	41333
      1	41347
      1	41355
      3	41356
      1	41376
      1	41388
      1	41394
      1	41396
      3	41397
      1	41427
      1	41440
      1	41445
      4	41458
      2	41479
      3	41489
      1	41494
      1	41515
      1	41526
      3	41533
      5	41555
      3	41582
      1	41603
      7	41656
      7	41669
      1	41682
      1	41690
      1	41691
      1	41694
      3	41702
      1	41707
      1	41733
      2	41738
      1	41753
      1	41768
      2	41782
      4	41791
      1	41794
      4	41804
      1	41832
      1	41842
     14	41853
      1	41860
      1	41867
      1	41871
      1	41880
      2	41937
      2	41964
      2	41972
      1	42011
      1	42025
      1	42034
      2	42036
      2	42120
      4	42135
      1	42138
      3	42144
      1	42147
      2	42155
      2	42204
      1	42206
      1	42235
      3	42236
      2	42250
      5	42289
      1	42297
      1	42299
      1	42302
      2	42314
      1	42315
      1	42322
      1	42340
      2	42346
     13	42355
      3	42372
      1	42380
      2	42404
      2	42419
      2	42425
      1	42447
      2	42472
      1	42506
      1	42511
      1	42517
      3	42523
      1	42554
      2	42559
      1	42566
      1	42595
      1	42630
      4	42680
      1	42686
      1	42687
      1	42689
      1	42703
      1	42704
      1	42739
      1	42745
      1	42764
      1	42767
      1	42778
      2	42823
      1	42835
      1	42837
      1	42846
      2	42855
      1	42899
      1	42920
      1	42926
      1	42954
      1	42988
      1	43037
      2	43051
      2	43055
      1	43056
      1	43058
      1	43066
      1	43080
      1	43113
      1	43119
      2	43140
      2	43148
      1	43162
      3	43169
      1	43177
      2	43179
      3	43184
      1	43191
      1	43196
      2	43208
      1	43228
      3	43229
      4	43257
      1	43294
      1	43329
      4	43337
      1	43343
      1	43357
      1	43359
      1	43394
      6	43417
      1	43434
      3	43518
      1	43524
      1	43525
      2	43526
      1	43528
      1	43560
      1	43571
      3	43583
      1	43588
      1	43623
      1	43633
      1	43644
      2	43665
      1	43669
      1	43677
      1	43688
      2	43710
      1	43726
      1	43729
      1	43731
      1	43734
      1	43748
      4	43756
      1	43757
      3	43763
      1	43765
      2	43770
      1	43811
      1	43815
      7	43832
      1	43838
      9	43861
      1	43933
      1	43977
      1	43987
      2	43996
      1	44020
      1	44029
      1	44031
      1	44032
     28	44063
      1	44067
      1	44072
      1	44078
      1	44094
      2	44114
      5	44117
      2	44169
      1	44175
      4	44182
      2	44185
      3	44246
      3	44248
      1	44279
      1	44291
      1	44305
      1	44312
      1	44313
      1	44316
      2	44328
      5	44329
      1	44333
      1	44337
      2	44346
      1	44349
      1	44356
      2	44357
      1	44415
      1	44434
      1	44446
      1	44453
      2	44454
      4	44489
      1	44506
      6	44533
      1	44556
      1	44583
      1	44666
      2	44691
      4	44716
      2	44724
      1	44728
      3	44735
      1	44763
      3	44791
      1	44793
      4	44801
      1	44802
      1	44832
     13	44843
      3	44851
      2	44884
      1	44888
      2	44896
      1	44897
      1	44907
      1	44909
      1	44911
      1	44912
      1	44913
      1	44936
      1	44971
      3	44980
      1	45008
      1	45012
      4	45014
      1	45036
      1	45059
      2	45100
     10	45105
      1	45147
      2	45153
      2	45160
      2	45162
      1	45189
      1	45196
      1	45219
      2	45230
      1	45247
      1	45252
      1	45260
      1	45276
      3	45289
      3	45307
      7	45308
      2	45341
      1	45347
      1	45351
      1	45356
      1	45383
      1	45389
      1	45455
      1	45465
      1	45469
      2	45471
      1	45486
      1	45506
      1	45512
      1	45570
      1	45615
      2	45618
      1	45643
      3	45678
      1	45683
      2	45692
      1	45722
      1	45725
      6	45747
      1	45748
      1	45774
      1	45794
      1	45797
      1	45809
      1	45847
      2	45854
      1	45865
      1	45872
      1	45913
      1	45921
      1	45930
      1	45942
      2	45944
      1	45961
      1	45965
      3	45970
      2	45973
      1	46028
      1	46053
      1	46080
      3	46091
      1	46113
      1	46142
      1	46210
      2	46232
      3	46245
      1	46255
      2	46261
      1	46275
      1	46285
      1	46290
      2	46304
      1	46315
      1	46366
      2	46377
      1	46389
      2	46397
      1	46402
      1	46410
      2	46415
      1	46426
      1	46445
      1	46452
      1	46456
      1	46470
      3	46488
      2	46530
      1	46544
      1	46554
      1	46586
      3	46595
      4	46597
      1	46606
      1	46626
      1	46627
      1	46628
      4	46656
      2	46664
     29	46667
      2	46680
      5	46692
      1	46717
      4	46733
      1	46734
      2	46741
      1	46747
      2	46756
      1	46766
      1	46774
      1	46786
      1	46793
      1	46837
      6	46884
      1	46898
      2	46909
      1	46914
      1	46922
      1	46928
      1	46938
      1	46953
      1	46959
      1	46968
      1	46969
      2	46973
      1	46979
      1	46988
      1	46990
      1	46996
      1	47011
      2	47013
      4	47030
      1	47038
      1	47063
      1	47073
      2	47086
      4	47098
      1	47136
      2	47139
      1	47167
      4	47168
      8	47178
      1	47180
      1	47191
      3	47222
      1	47225
     26	47226
      1	47241
      1	47304
      1	47311
      1	47319
      1	47371
      1	47380
      2	47384
      1	47403
      1	47413
      3	47440
      2	47486
      1	47487
      3	47497
      1	47602
      3	47610
      1	47614
      1	47615
      6	47650
      1	47690
      1	47711
     16	47721
      1	47739
      1	47768
      1	47784
      1	47794
      4	47823
      1	47826
      2	47829
      3	47853
      1	47893
      2	47905
      1	47927
      1	47928
      1	47939
      1	47950
      4	47962
      2	47987
      3	47989
      1	47996
      1	48011
      1	48029
      1	48075
      2	48083
      1	48086
      1	48101
      5	48189
      2	48204
      1	48211
      1	48218
      1	48225
      1	48241
      1	48247
      1	48264
      6	48279
      4	48300
      1	48333
      2	48337
      1	48344
      1	48354
      1	48367
      1	48373
      1	48398
      1	48427
      1	48434
      1	48495
      1	48513
      6	48533
      1	48540
      1	48565
      4	48581
      1	48607
      1	48634
      1	48639
      4	48681
      2	48699
     32	48708
      1	48724
      1	48729
      3	48749
      1	48773
      1	48801
      1	48812
      1	48834
      1	48839
      1	48845
      3	48847
      1	48852
      1	48859
      4	48870
      3	48872
      2	48874
      1	48884
      1	48887
      1	48900
      1	48906
      1	48921
      6	48924
      3	48929
      1	48945
      9	48995
      2	49006
      1	49009
      1	49011
      1	49015
      1	49027
      1	49057
      1	49059
      1	49065
      1	49071
      6	49073
      1	49087
      2	49111
      2	49117
      2	49121
      1	49131
      1	49140
      1	49158
      1	49180
      1	49216
      4	49234
      1	49235
      2	49267
      1	49272
      2	49305
      4	49312
      1	49329
      1	49330
      3	49346
      5	49361
      2	49362
      2	49377
      1	49387
      3	49398
      1	49403
      1	49412
      1	49438
      1	49439
      1	49457
      1	49458
      1	49463
      1	49498
      2	49519
      6	49555
      1	49567
      1	49594
      1	49605
      1	49607
      1	49623
      1	49631
      1	49661
      2	49682
      1	49696
      3	49732
      2	49757
      3	49780
      1	49797
      2	49806
      1	49829
      1	49844
      2	49855
      3	49859
      3	49874
      1	49886
      2	49894
      1	49912
      1	49924
      3	49978
      1	50013
      1	50023
      4	50026
      1	50040
      1	50082
      3	50087
      5	50088
      1	50119
      1	50127
      1	50136
      8	50166
      1	50184
      3	50193
      1	50231
      6	50264
      2	50275
      1	50282
      5	50294
      5	50308
      2	50349
      1	50350
      1	50363
      1	50366
      3	50372
      3	50394
      1	50401
      1	50410
      1	50411
      2	50419
      1	50428
      1	50432
      1	50438
      3	50445
      1	50463
      1	50468
      3	50477
      2	50485
      2	50495
      1	50497
      1	50503
      4	50508
      1	50515
      2	50522
      3	50537
      2	50544
      1	50547
      1	50580
      3	50584
      1	50585
      6	50590
      1	50596
      2	50606
      4	50609
     26	50660
      1	50738
      2	50768
      1	50771
      1	50773
      2	50779
      4	50794
      1	50810
      2	50811
      1	50838
      1	50859
      2	50868
      1	50891
      1	50899
      1	50905
      1	50927
      1	50930
      4	50945
      2	50954
      1	51020
      1	51044
      1	51046
      1	51051
      3	51061
      1	51078
      8	51099
      1	51108
      1	51114
      1	51124
      1	51140
      1	51152
      1	51172
      8	51216
      1	51246
      1	51247
      2	51252
      3	51270
      1	51272
      1	51294
      2	51305
      1	51310
      2	51352
      3	51354
      1	51362
      1	51369
      2	51392
      3	51393
      2	51394
      1	51411
      1	51427
      2	51429
      1	51430
      4	51433
      1	51468
      3	51483
      1	51493
      2	51494
      1	51584
      1	51610
      1	51614
      1	51643
      1	51668
      6	51676
      1	51686
      4	51696
      1	51697
      1	51718
      1	51761
      1	51774
      1	51793
      1	51805
      1	51822
      1	51829
      1	51830
      1	51890
      2	51892
      1	51900
      1	51908
      1	51921
      1	51950
      2	51957
      1	51962
      1	51987
      1	51994
      1	51995
      4	52037
      2	52044
      1	52100
      2	52114
      1	52119
      3	52121
      2	52143
      2	52160
      1	52174
      1	52178
      4	52181
      2	52208
      1	52245
      1	52270
      3	52311
      1	52325
      1	52326
      3	52337
      1	52370
      1	52373
      1	52375
      1	52382
      1	52390
      1	52405
     10	52414
      1	52417
      1	52418
      2	52439
      2	52444
      3	52450
      4	52462
      2	52475
      1	52494
      4	52509
      1	52554
      1	52607
      3	52614
      1	52635
      1	52645
      1	52676
      2	52679
      2	52695
      1	52712
      1	52758
      1	52831
      1	52840
      2	52843
      2	52851
      1	52863
      2	52912
      1	52918
      1	52920
      2	52968
      1	52993
      1	53045
      1	53066
      1	53091
      1	53093
      2	53104
      2	53162
      1	53165
      1	53166
      1	53167
      1	53176
      1	53178
      1	53184
      2	53204
      1	53205
      4	53218
      2	53224
      2	53243
      1	53264
      2	53275
      1	53312
      1	53324
      2	53349
      1	53357
      2	53384
      2	53389
      1	53410
      1	53434
      2	53449
      1	53482
      1	53503
      1	53531
      1	53534
      2	53577
      2	53578
      1	53592
      1	53593
      3	53599
      4	53655
      1	53661
      4	53675
      6	53695
      2	53705
      2	53722
      2	53723
      1	53733
      1	53757
      2	53759
      1	53765
      1	53782
      3	53807
      1	53816
      2	53854
      1	53863
      2	53866
      5	53882
      6	53908
      1	53918
      1	53925
      2	53957
      1	53962
      1	53966
      1	53967
      2	53980
      1	53990
      1	54008
      2	54025
      1	54055
      3	54102
      2	54107
      6	54183
      2	54205
      1	54209
      1	54226
      5	54232
      7	54235
      1	54239
      4	54240
      1	54261
      1	54265
      1	54270
      1	54275
      1	54282
      1	54293
      1	54298
      3	54315
      6	54395
      1	54419
      3	54431
      1	54450
      1	54459
      2	54531
      1	54578
      3	54594
      1	54641
      3	54655
      1	54662
      2	54669
      1	54674
      2	54675
      1	54698
      3	54720
      1	54733
     17	54745
      1	54787
      5	54794
      1	54801
      1	54834
      1	54837
      4	54847
     10	54861
      3	54863
      1	54867
      1	54889
      1	54898
      6	54916
      1	54931
      1	54984
      1	55008
      1	55093
      2	55129
      1	55137
      2	55141
      2	55161
      2	55192
      1	55195
      1	55210
      7	55217
      1	55237
      2	55238
      4	55245
      1	55332
      1	55351
      1	55356
      3	55372
      1	55382
      1	55403
      1	55418
      1	55421
      1	55441
      1	55444
      1	55450
      1	55458
      1	55472
      1	55491
      1	55496
      3	55498
      1	55500
      1	55507
      1	55521
      2	55526
      1	55534
      2	55537
      2	55547
      1	55549
      3	55587
      1	55598
      1	55600
      1	55607
      1	55609
      1	55615
      1	55621
      1	55660
      2	55674
      1	55734
      1	55761
      1	55773
      1	55817
      1	55854
      1	55885
      1	55910
      1	55939
      1	55962
      5	56006
      1	56027
      2	56056
      2	56066
      8	56084
      1	56102
      1	56120
      1	56125
      2	56133
     12	56146
     12	56147
      1	56153
      3	56187
      1	56189
      2	56199
      1	56226
      1	56263
      1	56273
      1	56286
      1	56304
      5	56315
      2	56328
      1	56350
      2	56425
      2	56441
      1	56442
      3	56460
      1	56486
      1	56493
      2	56511
      1	56514
      2	56557
      2	56564
      1	56573
      2	56617
      2	56642
      3	56657
      1	56663
      2	56693
      1	56697
      1	56710
      1	56718
      1	56745
      3	56780
      2	56786
      2	56795
      2	56810
      1	56823
      1	56841
      1	56900
      1	56930
      1	56946
      4	56956
      2	56972
      1	56975
      1	56978
      1	57001
      3	57025
     17	57028
      1	57034
      2	57133
      8	57144
      1	57161
      1	57162
      1	57211
      1	57262
      1	57271
      1	57289
      8	57310
      1	57314
      2	57326
      1	57329
      2	57332
      1	57349
      1	57352
      1	57375
      1	57389
      2	57401
      1	57419
      1	57422
      2	57435
      1	57449
      4	57464
      1	57494
      1	57496
      1	57502
      2	57514
      2	57528
      1	57529
      1	57541
      1	57547
      1	57552
      1	57571
      1	57584
      5	57602
      2	57609
      4	57613
      4	57614
      1	57622
      1	57638
      3	57643
      2	57682
      2	57704
      1	57716
      2	57718
      1	57751
      4	57752
      4	57786
      1	57788
      1	57824
      2	57859
      1	57878
      2	57899
      1	57913
      1	57919
      4	57941
      4	57985
      1	58005
      1	58025
      1	58037
      1	58062
      3	58069
      1	58097
     19	58098
      2	58116
      1	58159
      1	58168
      4	58170
      1	58179
      1	58183
      2	58205
      1	58238
      2	58259
      1	58276
      1	58296
      1	58303
      1	58324
      2	58352
      5	58371
      1	58373
      2	58401
      1	58419
      1	58431
      1	58464
      3	58466
      2	58472
      2	58496
      1	58516
      1	58543
      4	58556
      1	58567
      1	58578
      1	58621
      1	58623
      1	58631
      1	58651
      2	58653
      3	58668
      1	58671
      1	58675
      7	58679
      1	58698
      1	58699
      4	58718
      1	58721
      1	58733
      9	58735
      2	58750
      1	58761
      1	58766
      1	58786
      2	58818
      1	58820
      2	58821
      1	58824
      3	58860
      2	58882
      1	58887
      1	58918
      1	58953
      1	58964
      1	58978
      1	58988
      1	59003
      1	59030
      2	59045
      1	59080
      1	59091
      4	59101
      4	59107
      2	59112
      3	59134
      1	59140
      5	59158
      1	59208
      1	59212
      8	59231
      1	59237
      5	59238
      1	59243
      2	59245
      1	59266
     31	59293
      3	59327
      1	59335
      1	59337
      1	59338
      1	59343
      1	59398
      2	59401
      1	59407
      1	59414
      1	59437
      1	59482
      2	59502
      2	59514
     19	59535
      5	59567
      2	59571
      1	59588
      1	59659
      1	59660
      1	59669
      1	59707
      3	59720
      2	59726
      5	59758
      1	59854
      1	59865
      1	59868
      5	59906
      3	59913
      1	59926
      1	59947
      1	59957
     18	59967
      1	59972
      2	59982
      2	59992
      1	59995
      3	60000
      1	60023
      1	60039
      1	60062
      1	60081
      1	60091
      1	60166
      1	60179
      1	60181
      1	60190
      1	60203
      1	60210
      1	60214
      2	60232
      1	60291
      2	60293
      1	60312
      2	60344
      2	60356
      1	60371
      3	60389
      1	60409
      2	60416
      1	60432
      1	60454
      2	60462
      4	60473
      3	60501
      1	60515
      3	60568
      1	60574
      1	60586
      1	60605
      2	60649
      1	60696
      1	60704
      1	60714
      3	60716
      3	60722
      1	60724
      1	60746
      3	60750
      2	60773
      7	60793
      2	60794
      1	60849
      1	60852
      3	60856
      1	60880
      1	60907
      6	60909
      1	60910
      1	60951
      1	60957
      3	60966
      1	60969
      1	60997
      1	61000
      3	61002
      1	61018
      1	61034
      4	61064
      1	61066
      2	61099
      1	61119
      9	61140
      1	61158
      2	61168
      1	61204
      1	61216
      1	61231
      1	61242
      1	61246
      1	61250
      1	61261
      2	61280
      1	61300
      1	61313
      1	61327
      1	61330
      3	61332
      2	61340
      1	61343
     11	61355
      2	61360
      1	61361
      1	61369
      1	61374
      8	61383
      1	61394
      2	61434
      3	61437
      1	61477
     10	61481
      3	61507
      2	61514
      1	61521
      1	61529
      1	61531
      1	61540
      1	61549
      1	61561
      1	61595
      2	61632
      1	61633
      4	61638
      1	61649
      1	61651
      1	61657
      1	61668
      2	61683
      1	61750
      1	61771
      2	61776
      2	61781
      1	61834
      1	61843
      3	61867
      2	61890
      4	61891
      2	61895
      1	61968
      1	61971
      1	61973
      1	62007
      1	62010
      1	62014
      1	62018
      1	62021
      1	62042
      1	62079
      1	62090
      2	62119
     10	62126
      1	62131
      4	62178
      3	62183
      3	62189
      1	62205
      1	62207
      1	62231
      2	62236
      1	62248
      1	62267
      1	62286
      2	62290
      1	62291
      1	62293
      1	62311
      1	62332
      2	62339
      2	62346
      2	62410
      1	62442
      1	62466
      2	62485
      2	62526
      1	62533
      3	62534
      1	62541
      1	62591
      1	62592
      2	62593
      1	62600
      3	62651
      2	62664
      1	62665
      2	62673
      1	62719
      1	62738
      2	62761
      2	62765
      1	62780
      1	62785
      1	62788
      1	62811
      2	62821
      1	62825
      1	62839
      2	62846
      1	62847
      1	62865
      1	62877
      1	62910
      1	62915
      1	62924
      3	62943
      1	62962
      1	62988
      3	63002
      1	63019
      1	63024
      3	63036
      1	63047
      1	63073
      2	63091
      2	63101
      1	63160
      1	63165
      1	63175
      1	63177
      1	63178
      2	63185
      1	63210
      1	63213
      1	63216
      5	63235
      1	63274
      2	63276
      1	63278
      6	63292
      2	63334
      2	63338
      1	63341
     16	63363
      1	63365
      1	63380
      8	63381
      1	63390
      1	63427
      6	63443
      1	63509
      2	63536
      1	63540
      1	63543
      2	63606
      2	63630
      2	63641
      1	63642
      1	63681
      1	63685
      3	63696
      1	63701
      1	63710
      2	63784
      1	63792
      2	63807
      1	63811
      2	63820
      1	63846
      1	63858
      1	63889
      2	63927
      1	63962
      1	63980
      1	63984
      2	63987
      4	63988
      1	64008
      4	64043
      1	64049
      1	64056
      1	64062
      1	64066
      1	64090
      1	64102
      1	64126
      1	64152
      8	64196
      1	64209
      1	64212
      2	64215
      1	64225
      1	64229
      1	64234
      1	64239
      1	64284
      1	64314
      1	64316
      1	64339
      4	64362
      1	64381
      1	64382
      1	64397
      2	64446
     18	64473
      1	64502
      2	64510
      3	64515
      2	64522
      1	64533
      1	64544
      5	64599
      3	64626
      1	64649
      7	64652
      2	64674
      1	64675
      1	64703
      9	64767
      2	64780
      3	64794
     11	64798
      1	64838
      1	64841
      1	64856
      1	64860
      2	64869
      4	64873
      1	64876
      4	64883
      3	64958
     11	64964
      1	64972
      1	64980
      2	64995
      2	65017
      1	65023
      2	65040
      1	65041
      2	65048
      1	65049
      1	65050
      1	65069
      1	65106
      1	65111
      2	65136
      1	65139
      1	65176
      1	65182
      2	65187
      1	65191
      1	65198
      1	65204
      2	65214
      5	65223
      1	65232
      2	65258
      1	65264
      1	65273
      2	65281
      1	65301
      1	65353
      1	65355
      1	65373
      1	65375
      1	65377
      2	65381
      6	65408
      2	65410
      5	65413
      1	65418
      1	65460
      2	65462
      1	65480
