      1	11
      9	339
      1	384
      1	468
      3	547
      6	792
      2	809
      1	865
     44	925
      1	931
      1	1008
      1	1010
      5	1064
      3	1288
      1	1358
      3	1366
      1	1418
      1	1450
      1	1656
      1	1727
      2	1857
      6	1951
      1	2002
      1	2041
      1	2087
      1	2206
      1	2245
      1	2452
      1	2538
      3	2566
      2	2610
      2	2613
      1	2646
      1	2683
      1	2925
      1	2980
      1	2985
      2	3004
      3	3029
      1	3044
      1	3061
      2	3191
      3	3328
     16	3375
      6	3754
      1	3792
      2	3793
      1	3824
      1	3830
      1	4035
      3	4148
      2	4152
      1	4178
      1	4307
      1	4308
      1	4466
      1	4509
      2	4667
      1	4672
      1	4906
      1	4963
      1	5153
      2	5219
      1	5222
      1	5269
      1	5467
      3	5498
      1	5701
      2	5885
      1	5963
      5	6087
      2	6146
      1	6368
     14	6497
      1	6518
      1	6578
      1	6648
      3	6717
      1	6837
      3	7064
      1	7229
      4	7502
      1	7718
      1	7761
      1	7814
      2	7815
      4	8043
      1	8059
      3	8172
      1	8240
      2	8315
      1	8410
      1	8718
      1	8768
      1	8826
      1	8920
      1	8983
      2	9006
      1	9030
      1	9032
      1	9188
      1	9241
      8	9267
      2	9304
      1	9324
      1	9334
      2	9411
      1	9503
      2	9516
      3	9705
      1	9752
      1	9795
      3	9924
      1	9933
      1	10002
      1	10026
      2	10266
      1	10447
      2	10460
      1	10558
      2	10629
      1	10782
      1	10784
      3	10872
      1	10913
      1	10961
     39	10974
      2	10999
      1	11071
      2	11301
      1	11472
      3	11491
      1	11524
      1	11535
      3	11605
      1	11634
      1	11856
      1	11868
      5	11930
      1	11964
      1	11967
      1	12124
      1	12132
      2	12174
      3	12301
      1	12342
      1	12510
      1	12684
      6	12717
      1	12724
      1	12751
      9	12787
      1	12919
     41	12952
      1	13025
      1	13057
      4	13079
      4	13098
      1	13108
      1	13130
      6	13344
     20	13416
      1	13424
      2	13450
      1	13504
      4	13554
      1	13636
      1	13672
      2	13695
      1	13734
      1	13790
      1	13853
      3	14083
      1	14127
      1	14177
      7	14187
      1	14201
      1	14244
      1	14305
      2	14343
      1	14352
      2	14363
      1	14364
      2	14535
      1	14540
      2	14708
      2	14809
      1	14827
      1	14841
      1	14874
      1	15067
      3	15135
      1	15162
      1	15252
      5	15278
      1	15361
     10	15431
      1	15511
      6	15534
      2	15684
      1	15704
      1	15801
      1	15847
      2	15895
      1	16029
      1	16230
      1	16276
      1	16377
      1	16553
      1	16554
      1	16635
      1	16718
      1	16721
      2	16862
      7	17003
      1	17039
      1	17055
      3	17175
      1	17214
      1	17282
      1	17414
      1	17463
      3	17498
      2	17508
      1	17574
      1	17608
      1	17662
      1	17697
      2	17739
      1	17786
      1	17809
      2	17845
      1	17923
      4	18001
      1	18054
      1	18069
      1	18112
      2	18142
      1	18174
      1	18321
      1	18404
      1	18441
      1	18482
      1	18618
      1	18641
     19	18660
      1	18676
      1	18827
      2	18897
      1	19075
      1	19196
      1	19412
      1	19459
      1	19473
      1	19713
      1	19761
      1	19794
      1	19839
      1	19925
      1	19936
      1	19976
      1	19990
      1	19991
      3	20021
      3	20082
      1	20099
      1	20132
      9	20300
      2	20328
      2	20333
      2	20391
      2	20444
      1	20837
      2	21017
      1	21276
      1	21340
      1	21360
      2	21376
      1	21378
      1	21411
      1	21599
      1	21650
      1	21651
      1	21778
      2	21790
      1	22026
      1	22098
      1	22186
      1	22192
      1	22265
      2	22325
      6	22360
      4	22374
      1	22417
      2	22531
      1	22547
      1	22621
      1	22675
      1	22902
      2	22911
      1	22958
      1	23000
      1	23029
      6	23054
      4	23106
      2	23176
      2	23255
      1	23310
      1	23335
      2	23349
      1	23364
      1	23385
      1	23418
      1	23443
      1	23501
      1	23511
      1	23533
      1	23574
      1	23639
      1	23903
      2	24017
      1	24058
      2	24151
      1	24223
      2	24331
      1	24410
      2	24469
      1	24625
      1	24638
      2	24728
      1	24847
      1	25022
      4	25024
      1	25136
      1	25200
      1	25398
      1	25475
      1	25517
      2	25522
      1	25549
      1	25553
      2	25615
      1	25633
      4	25691
      1	25827
      1	26034
      1	26111
      4	26179
      1	26287
      4	26327
      1	26345
      1	26356
     14	26608
      8	26633
      3	26824
      1	26857
      1	26860
      1	27015
      1	27156
      2	27214
      1	27227
      3	27286
      1	27339
      1	27351
      1	27357
      2	27448
      2	27474
      1	27495
      2	27579
      2	27610
      1	27717
      1	27849
      2	27853
      9	27903
      1	27991
      1	27997
      1	28038
      3	28155
      1	28181
      1	28213
      1	28324
      1	28331
      2	28410
      1	28532
      1	28560
      3	28581
      4	28666
      1	28733
      5	28764
      1	28871
      1	28911
      2	28990
      1	28996
      3	29028
      1	29034
      1	29078
      1	29110
      2	29227
      1	29261
      1	29311
      1	29322
      1	29383
      2	29495
      5	29499
      1	29604
      8	29657
      1	29724
      3	29768
      6	29945
      1	29997
      1	30102
      1	30131
      1	30159
      1	30173
      3	30225
      1	30238
      4	30270
      1	30319
      1	30352
      2	30355
      2	30462
      5	30653
      1	30727
      1	30859
      2	30909
      7	30941
      1	30975
      1	30983
      1	30997
      3	31052
      1	31088
      1	31156
      1	31395
      1	31422
      1	31522
      1	31535
      1	31629
      1	31701
      2	31706
      1	31786
      2	31946
      1	32045
      2	32091
      1	32230
      2	32266
      1	32345
     10	32392
      1	32441
      1	32659
      1	32719
      1	32781
      1	32865
      2	32991
      1	33244
      1	33306
      1	33442
      1	33607
      1	33628
      1	33636
      1	33643
      2	33718
      3	33722
      1	33812
      1	33826
      1	33892
      1	33925
      4	33971
      1	33992
      2	34066
      1	34133
      1	34180
      2	34344
      1	34428
      2	34539
      2	34576
      1	34761
      1	34775
      1	34940
      1	35052
      1	35087
      1	35156
      1	35192
      1	35207
      1	35498
      1	35549
      1	35613
      2	35669
      1	35866
      1	35892
      2	36026
      1	36038
      1	36073
      1	36188
      1	36383
      3	36396
      1	36423
      2	36427
      2	36493
      3	36547
      2	36612
      1	36630
      1	36641
      2	36658
      1	36719
      1	36783
      2	36850
      1	37063
      1	37126
      1	37253
      1	37348
      1	37355
      1	37490
      2	37544
      1	37640
      9	37661
      1	37799
      3	37869
      1	37965
      1	38070
      1	38181
      1	38206
      1	38265
      2	38269
      1	38389
      5	38468
      1	38491
      1	38582
      1	38675
      1	38737
      1	38838
      5	38868
      1	38874
      1	38916
      1	38987
      1	39043
      1	39186
      2	39335
      2	39447
      1	39525
      1	39766
      1	39790
      1	39898
      1	40068
      1	40104
      2	40132
      1	40142
      1	40201
      2	40514
      1	40580
      4	40591
      5	40641
      1	40664
      8	40692
      2	40733
      1	40847
      1	40855
      1	40901
      1	41032
      1	41166
      1	41185
      2	41328
      1	41333
      1	41377
      2	41588
      1	41590
      1	41629
      1	41751
      3	41823
      2	41856
      1	41988
      1	41992
      3	42145
      1	42210
      2	42392
      5	42419
      1	42433
      1	42501
      1	42699
      1	42748
      1	42808
      1	42858
      4	43068
      1	43171
     12	43294
      2	43337
      1	43357
      1	43406
      1	43480
      1	43538
      1	43598
      1	43623
      1	43645
      1	43646
      1	43765
      1	43805
      3	43816
      1	43969
     18	44078
      1	44119
      1	44263
      1	44560
      2	44583
      1	44591
      1	44626
      2	44657
      1	44879
      1	44930
      1	45219
      5	45298
      1	45359
     12	45407
      1	45673
      1	45727
      1	45801
      2	45847
      1	45951
      2	45986
      1	46095
      1	46136
      3	46263
      5	46349
      2	46354
      1	46388
      2	46438
      1	46451
      1	46503
      1	46554
      2	46650
      1	46680
      4	46848
      2	47072
      1	47150
      4	47159
      1	47185
      1	47343
      1	47486
      2	47498
      1	47640
      1	47958
      2	48017
      1	48156
      1	48170
      3	48236
      3	48241
     10	48407
      2	48655
      2	48693
      3	48759
      1	48776
      1	48928
      4	48950
      1	48997
      7	49272
      1	49344
      1	49375
      1	49450
      1	49467
      2	49493
      3	49551
      1	49569
      3	49677
      1	49725
      3	49796
      1	49966
      4	49979
      1	50059
      1	50063
      2	50129
      2	50184
      1	50190
      1	50394
      1	50445
      1	50474
      1	50484
      1	50697
      1	50733
      1	50910
      1	51000
      1	51004
      1	51026
      1	51065
      1	51168
      1	51169
      8	51334
      1	51443
      1	51474
      1	51549
      1	51578
      1	51609
      1	51636
      2	51810
     11	51829
      1	51890
      1	52012
      1	52045
      2	52078
      1	52145
      2	52423
      2	52541
      2	53099
      1	53258
      1	53271
      5	53357
      1	53529
      3	53692
      1	53827
      1	53918
      2	53925
      1	54040
      1	54183
      5	54269
      1	54286
      1	54307
      3	54345
      1	54641
      1	54726
      1	54808
      1	54891
      4	54894
      1	54922
      1	54948
      5	54950
      1	55046
      1	55085
      1	55141
      1	55179
      1	55186
      1	55356
      1	55394
      5	55444
      8	55457
      8	55460
      3	55544
      3	55609
      2	55620
      1	55824
      1	55842
      1	55851
      1	55914
      2	56008
      2	56210
      1	56218
      4	56263
      1	56339
      1	56474
      1	56518
      1	56556
      1	56644
      1	56664
      1	56698
      1	56947
      1	56996
      1	57041
      1	57128
      1	57144
      1	57212
      1	57359
      2	57449
      1	57459
      5	57525
      1	57596
      1	57612
      2	57636
      1	57765
      3	57791
      2	57936
      1	57975
      1	58002
      1	58275
      1	58343
      1	58347
      5	58398
      3	58403
      1	58488
      1	58649
      2	58787
      3	58812
      1	58887
      2	58913
      9	58953
      1	58968
      2	59126
      3	59165
      3	59278
      5	59625
      1	59708
      3	59878
      1	59911
      1	59970
      1	60127
      1	60197
      1	60243
      1	60284
      6	60442
      1	60637
      1	61101
      1	61132
      2	61199
      8	61207
      1	61234
      3	61261
      1	61282
      1	61304
      1	61346
      1	61396
      1	61409
      6	61426
      1	61567
      1	61700
      2	61785
      1	61808
      3	61855
      1	61912
      2	61961
      1	62014
     27	62026
      1	62108
      1	62317
      1	62336
      1	62442
      1	62495
      1	62533
      3	62585
      3	62631
      1	62790
      6	62875
      1	62903
      1	62926
      1	63102
      2	63126
      2	63169
      1	63198
      2	63313
      1	63317
      1	63356
      1	63398
      3	63425
      1	63575
      1	63581
      1	63633
      1	63656
      1	63786
      1	63828
      4	63872
      1	63900
      1	63917
      2	63950
      1	63989
      2	64060
      1	64068
      1	64085
      1	64196
      1	64229
      1	64231
      1	64470
     14	64474
      1	64655
      3	64682
      1	64790
      1	64980
      2	65080
      1	65119
      1	65181
      1	65256
      6	65279
     25	65330
     14	65414
      1	65451
