      2	173
      4	303
     24	356
      1	390
      2	411
      1	532
      1	590
      1	767
      2	1210
      2	1221
      4	1387
      2	1409
      2	1508
      2	1575
      1	1581
      1	1583
      1	1738
      1	2043
      1	2086
      8	2093
      1	2156
      1	2240
      4	2329
      3	2417
      1	2488
      1	2505
      2	2566
      1	2646
      3	2758
      1	2774
      1	2779
     13	2831
      2	3140
     19	3195
      1	3311
      1	3378
      1	3543
      1	3557
      6	3644
      1	3649
      1	3651
      1	3680
      1	3689
      5	3779
      1	3839
      2	4316
      2	4360
      1	4617
      2	4662
      1	4808
      1	4848
      1	4856
      1	4980
      1	5056
      2	5083
      1	5147
      1	5181
      3	5261
      2	5443
      2	5510
      1	5511
      1	5536
      1	5624
      1	5680
      1	5730
     12	6331
      1	6497
      2	6580
      1	6607
      1	6614
      1	6737
      1	6796
      4	7061
      3	7074
      2	7215
      1	7464
      1	7478
      1	7485
      1	7538
      1	7605
      1	7613
      1	7746
      1	7765
      1	7931
      1	7946
      1	7981
      1	8164
      1	8243
      1	8244
      1	8405
      1	8448
      1	8498
      1	8709
      1	8717
      1	8861
      1	8902
      1	8934
      1	8960
      1	9030
      1	9049
      2	9066
      1	9132
      1	9312
     12	9319
      8	9354
      1	9496
      1	9724
      1	9750
      1	9853
      2	9915
      1	9933
      1	10026
      1	10181
     31	10278
      1	10430
      2	10555
      3	11009
      2	11042
      1	11046
     21	11435
      1	11606
      1	11748
      2	11754
      6	11926
      2	11985
      3	12093
      1	12241
      1	12249
     11	12952
      3	12976
      2	12992
      1	13016
      3	13031
      1	13133
      1	13274
      4	13337
      2	13440
      1	13636
      1	13643
      1	13732
      6	13734
      1	13749
      1	13937
      1	14188
      1	14193
      1	14466
      1	14486
      1	14547
      1	14586
      5	14642
      1	14866
      1	14997
      1	15202
      2	15291
      1	15439
      3	15661
      1	15733
      1	15906
      2	15923
      1	16585
      1	16660
      1	16809
      1	16814
      2	16892
     15	17019
      1	17045
      1	17246
      3	17352
      1	17470
      1	17489
      1	17649
      1	17723
      1	17736
      2	17765
      1	17867
      1	18147
      3	18348
      2	18514
      2	18558
      2	18567
      1	18684
      1	18902
      2	19073
      4	19182
     15	19248
      1	19272
      1	19313
     19	19330
      3	19336
      1	19677
      1	19972
      2	19980
      1	19981
      1	20334
      2	20354
      2	20611
      1	20719
      6	20805
      2	20928
      1	21086
      1	21271
      1	21307
      1	21656
      1	21720
      1	21968
      2	21984
      1	22324
      2	22386
      2	22400
      1	22841
      1	22853
      1	22936
      2	22970
      1	23001
      1	23006
      1	23082
      8	23106
      1	23118
      2	23283
      2	23311
      2	23526
      2	23593
      1	23639
      2	23813
      2	23816
      1	23974
      4	24021
      1	24102
      1	24133
      1	24312
      3	24432
      3	24456
      4	24524
      1	24613
     41	24817
      2	24896
      1	25046
      1	25221
      1	25406
      5	25495
      1	25504
      1	25508
      1	25740
      2	25816
      1	25862
      1	25942
      1	26064
      1	26103
      1	26159
      1	26454
      6	26738
      1	26999
      1	27324
      1	27345
      3	27358
      5	27424
      1	27429
      1	27579
     52	27580
      1	27681
      1	27728
      6	27810
      8	27837
      1	27852
      2	27875
      1	27934
      1	28019
      1	28113
      1	28182
      1	28209
      2	28235
      2	28389
      1	28579
      1	28624
      2	28802
      4	28809
      1	28851
      1	28882
      5	28948
      1	28963
      1	28983
      1	29004
      1	29217
      2	29311
      3	29429
      1	29438
      1	29541
      1	29746
      1	29789
      1	29905
      8	30159
      1	30174
      1	30191
      1	30359
      1	30428
      1	30439
      1	30452
      3	30459
      2	30484
      1	30497
      1	30506
      1	30541
      1	30669
      1	30740
      1	30810
      3	30911
      1	30912
      4	30999
      1	31438
      1	31611
      1	31666
      4	31706
      4	31859
      1	32060
      1	32117
      1	32224
      3	32449
      1	32483
      1	32549
      1	32574
      1	32670
      8	32750
     32	33027
      3	33098
      1	33274
      1	33662
      2	33664
    108	33674
      1	33727
      1	33823
      1	33827
      2	33955
      1	34143
      1	34161
      3	34164
     81	34224
      2	34261
      1	34309
      1	34321
      1	34353
      1	34451
      1	34689
      1	34695
      1	34704
      1	34850
      1	34906
      1	35004
      2	35340
      1	35392
      5	35400
      1	35403
      1	35496
      2	35708
      2	35815
      2	36071
     27	36124
      1	36169
      1	36193
      4	36241
      1	36249
      1	36261
      1	36274
      1	36332
      1	36535
      2	36566
      1	36585
      1	36815
      1	36888
      1	37081
      1	37353
      1	37841
      1	37853
      8	37856
      1	37965
      1	38238
      1	38421
      1	38491
      2	38514
      1	38551
      1	38573
      1	38654
      1	38716
      1	38963
      1	39041
      1	39052
      2	39072
      1	39479
      1	39485
      2	39721
     21	39770
      1	39824
      1	39837
      1	39856
      2	39965
      3	40128
     11	40132
      1	40152
      1	40219
      1	40251
      2	40481
      2	40505
      1	40708
      1	40779
     14	40931
      2	40939
      2	41000
      3	41026
      1	41216
      1	41466
      1	41549
      1	41619
      1	42025
      1	42063
      2	42306
      2	42404
      1	42506
      1	42555
      1	42677
      1	42701
      1	43006
      1	43046
      1	43321
      1	43341
      1	43397
      1	43487
      1	43653
      2	43714
      3	43910
      1	43958
      1	43977
      1	43981
      3	44027
      1	44128
      1	44130
      5	44162
      1	44241
      1	44447
      1	44575
      2	44746
      8	44881
      1	45032
      1	45084
      1	45125
      1	45261
      1	45307
      1	45315
      2	45410
      2	45540
      2	45815
      2	45862
     14	46314
      1	46538
      6	46722
      1	46781
      1	46828
      6	46905
      1	46942
      2	47053
      2	47073
      1	47129
      3	47220
      1	47319
      2	47321
      1	47377
     15	47383
      1	47446
      2	47765
      1	47818
      1	47874
      1	47958
      2	48002
      1	48370
      2	48447
      1	48543
     22	48698
      2	48742
      1	48746
      1	48948
      1	49210
      1	49437
      2	49523
      1	49543
      1	49775
      7	50132
      2	50277
      1	50281
      1	50297
      1	50570
      2	50632
      1	50745
      1	50777
      1	50840
      1	50858
      1	50859
      5	51064
      1	51183
      1	51238
      5	51254
      1	51335
      1	51435
      1	51636
      1	51644
      1	51869
      1	51930
     11	52066
      1	52147
      1	52210
     24	52347
      1	52379
      1	52386
      1	52667
      2	52716
      6	52991
      1	53010
      1	53085
     18	53088
      7	53402
      1	53433
      1	53587
      3	53658
      4	53736
      1	53865
      3	53918
      1	54035
      4	54053
      3	54124
     11	54389
      2	54495
      8	54515
      2	54778
      2	54943
     14	54963
      1	55079
      1	55207
      1	55270
      1	55288
      1	55378
      1	55415
      1	55466
      1	55676
      3	55716
      1	55824
      1	55848
      5	55905
      1	56221
      1	56283
      1	56390
      2	56533
      2	56579
      1	56657
      1	56702
      1	56723
      2	56739
      5	56839
      1	56953
      1	56983
      2	57212
     16	57232
      1	57266
     24	57310
      2	57383
      1	57562
      1	57576
      1	57580
      1	57606
      1	57698
      2	58009
      6	58174
      1	58202
      1	58366
      1	58381
      1	58456
      6	58558
      2	58561
      1	58575
      1	58610
     10	58658
      1	58743
      4	58746
      1	58829
      2	59001
      1	59075
      1	59209
     10	59238
      1	59270
      3	59275
      1	59502
      1	59624
      1	59660
      1	59698
      2	59708
      1	59731
      2	59960
      1	59972
      1	60090
      1	60177
      1	60191
      1	60253
      2	60344
      1	60409
      1	60439
      1	60442
      2	60519
      3	60633
      1	60656
      1	60713
      1	60847
      1	60872
      1	60885
      1	60894
      1	61032
     14	61138
     12	61323
      1	61530
      1	61584
      1	61688
      1	61705
      1	61739
      2	62098
     19	62288
      1	62318
      1	62332
      1	62366
      2	62502
      2	62574
      2	62593
      3	62646
      1	62875
      8	62903
      1	62917
      1	62963
      1	63041
      1	63050
      2	63139
      1	63295
      1	63380
      1	63508
      1	63525
      2	63603
      1	63711
      2	63755
      2	63772
      1	63912
      2	63999
      1	64351
      4	64552
      3	64736
      1	64899
      1	65002
      1	65265
      2	65346
      1	65376
