      1	29
      1	45
      1	162
      6	269
      1	304
      1	509
      1	593
      2	620
      1	758
      1	767
      1	833
      4	865
      2	873
      1	880
      1	901
      1	912
      1	1068
      1	1177
      1	1248
      1	1261
      1	1458
      1	1558
      1	1656
      1	1772
      2	1791
      1	1801
      2	1872
      2	1925
      1	1989
      2	2020
      1	2021
      1	2065
      2	2093
     17	2124
      1	2307
      1	2481
      1	2523
      1	2589
      1	2597
      1	2611
      1	2613
      3	2629
      2	2672
      2	2683
      1	2999
      1	3083
      1	3114
      2	3124
      1	3246
      1	3382
      1	3505
      1	3661
      2	3745
      1	3995
      1	4036
      4	4127
      1	4223
      1	4240
      1	4505
      1	4527
      1	4645
      1	4649
      3	4664
      1	4790
     19	4926
      1	5237
      1	5287
      1	5314
      1	5449
      2	5475
      1	5499
      1	5572
      2	5731
      1	5789
      1	5874
      1	6055
      1	6101
      1	6117
      1	6226
      1	6244
      1	6265
      1	6494
      1	6518
      1	6596
      1	6727
      1	6783
      1	6899
      1	6964
      1	6980
      1	7208
      1	7386
      1	7435
      1	7481
      1	7725
      1	7815
      1	7876
      1	7908
      1	7935
      2	7970
      1	8011
      1	8016
      1	8040
      1	8117
      1	8121
      1	8172
      1	8239
      2	8243
      2	8382
      1	8515
      1	8599
      1	8649
      9	8782
      1	9006
      1	9032
      1	9182
      1	9188
      1	9217
      1	9218
      2	9304
      2	9317
      2	9345
      1	9461
      1	9483
      1	9486
      2	9498
      1	9506
      1	9554
      1	9684
      3	9793
      1	9824
      1	10021
      1	10026
      1	10075
      1	10245
      1	10365
      1	10366
      1	10439
      2	10447
      1	10520
      2	10556
      2	10576
      1	10578
      1	10610
      2	10875
      1	10974
      1	11052
      1	11120
      1	11215
      1	11235
      1	11300
      1	11364
      1	11498
      1	11501
      1	11524
      1	11750
      1	11751
      2	11782
      4	11964
      2	11967
      1	12005
      1	12316
     12	12330
      1	12394
      1	12397
      1	12505
      1	12507
      1	12515
      1	12660
      1	12676
      1	12818
      1	12826
      1	12915
      1	12952
      2	13026
      2	13064
      1	13273
      1	13423
      1	13430
     44	13461
      1	13906
      2	14128
      1	14385
      1	14389
      2	14540
      1	14791
      1	14910
      1	15029
      1	15183
      1	15443
      1	15561
      1	15621
      1	15872
      1	15923
      1	15985
      1	16077
      1	16153
      1	16188
      1	16354
      3	16368
      1	16388
      1	16532
      3	16554
      1	16656
      1	16738
      1	16806
      5	16862
      1	16968
      2	17214
      2	17267
      4	17338
      2	17717
      1	17770
      1	17813
      2	17864
      2	17879
      1	17895
      1	17918
      1	17990
      1	18069
      1	18142
      1	18162
      2	18165
      1	18278
      1	18472
      1	18590
      1	18612
      2	18660
      2	18677
      1	18902
      1	18983
      1	18992
      1	19013
      1	19048
      1	19049
      1	19471
      1	19585
      3	19622
      1	19831
      1	19879
      1	19976
      2	20268
      2	20323
      1	20354
      4	20483
      1	20599
      2	20766
      1	20800
      1	20896
      1	20902
      2	20955
      1	20997
      1	21052
      1	21066
      1	21272
     26	21276
      1	21378
      1	21471
      1	21623
      1	21652
      1	21822
      2	21864
      1	21866
      1	21911
      2	21931
      1	21939
      1	21981
      2	21985
      1	22027
      1	22030
      1	22032
      2	22077
      1	22093
      1	22188
      2	22206
      2	22217
      1	22244
      1	22290
      1	22336
      1	22392
     12	22417
      1	22447
      2	22495
      8	22531
      2	22631
      1	22841
      1	22902
      3	22970
      1	22995
      2	23006
      1	23050
      3	23092
      2	23166
      1	23330
      2	23412
      1	23449
      1	23577
      1	23599
      1	23653
      2	23817
      2	23923
      2	24058
      2	24136
      2	24256
     13	24274
      6	24356
      1	24370
      1	24384
      1	24660
      3	24817
      1	24931
      1	24941
      1	24990
      1	25007
     12	25024
      1	25046
      1	25069
      1	25073
      1	25096
      1	25140
      1	25233
      1	25338
      1	25357
      1	25439
      1	25563
      1	25695
      1	25734
      1	25815
      1	25818
      1	25854
      1	25911
      1	26009
      1	26040
      1	26043
      1	26069
      2	26111
     21	26207
      1	26260
      3	26435
      1	26465
      1	26505
      2	26556
      2	26564
      1	26601
      1	26680
      1	26714
      1	26739
      3	26777
      1	26806
      1	26850
      1	26964
      1	26992
      1	27004
      3	27046
      1	27074
      1	27263
      1	27302
      1	27324
      1	27345
      2	27357
      1	27417
      3	27419
      2	27615
      1	27773
      1	27784
      2	27856
      1	27867
      1	27875
      1	28107
      1	28140
      1	28141
      1	28244
      1	28349
      1	28605
      4	28615
      1	28667
      1	28749
      1	28859
      1	29074
      2	29309
      3	29311
      1	29320
      1	29357
      1	29374
      1	29470
      3	29499
      2	29596
      2	29670
      1	29819
      1	29964
      1	30317
      1	30352
      1	30427
      4	30544
      2	30596
      5	30613
      1	31022
      5	31147
      1	31205
      1	31290
      1	31360
      1	31541
      1	31634
      1	31654
      1	31884
      1	31911
      1	32055
      7	32083
      1	32127
      1	32147
      1	32207
      1	32425
      1	32477
      1	32633
      1	32646
      2	32687
      1	32747
      1	32851
      1	32967
      1	33037
      1	33092
      1	33229
      1	33317
      1	33400
      1	33469
      1	33499
      1	33566
      1	33662
      6	33726
      1	33764
      3	33992
      1	34110
      1	34170
      2	34190
      1	34228
      1	34589
      1	34670
      1	34761
      1	34822
      1	34836
      1	34921
      1	34981
      1	35037
      9	35166
      1	35212
      1	35291
      1	35317
      7	35360
      4	35391
      1	35392
      2	35498
      2	35560
      1	35635
      1	35737
      1	36090
      1	36395
      1	36438
      1	36612
      1	36655
      1	36688
      1	36719
      1	36838
      1	36846
      1	36910
      1	36914
      1	36932
      2	37006
      1	37030
      1	37247
      1	37263
      2	37305
      1	37355
      1	37448
      1	37493
      1	37542
      1	37608
      1	37665
      1	37743
      1	37760
      1	37924
      2	37930
      1	37980
      5	38068
      1	38120
      1	38217
      2	38224
      2	38243
      2	38311
      1	38319
      1	38456
      1	38468
      1	38480
      3	38520
      1	38578
      1	38582
      1	38611
      1	38687
      1	38712
      1	38888
      1	39049
      1	39080
      1	39081
      1	39159
      2	39296
      2	39471
      1	39569
      2	39753
      1	39770
      2	39822
      2	40007
      3	40063
      1	40172
      3	40387
      1	40531
      1	40537
      2	40659
      1	40661
      2	40757
      2	40770
      1	40817
      1	40839
      1	41120
      1	41126
      1	41185
      1	41427
      1	41611
      1	41618
      1	41632
      1	41760
      1	41810
      1	41848
      1	41963
      2	42016
      1	42027
      1	42185
      1	42261
      2	42565
      1	42862
      1	42878
      1	42884
      1	43091
      1	43204
      1	43432
      2	43441
      2	43510
      8	43531
      1	43535
      1	43624
      2	43632
      1	43766
      1	43832
      1	43953
      1	43976
      3	44094
      1	44117
      1	44135
      1	44260
      2	44329
      1	44407
      1	44447
      1	44457
      4	44666
      1	44696
      1	44716
      1	44777
      1	44833
      2	44909
      1	44912
      2	44927
      1	44959
      2	45184
      2	45333
      1	45457
      1	45466
      1	45721
      2	45808
      1	45847
      1	45943
      2	46008
      1	46132
      1	46145
      2	46150
      1	46210
      1	46380
      1	46412
      1	46417
      2	46499
      2	46586
      3	46605
      1	46639
      1	46724
      1	46750
      1	46873
      2	47038
      1	47101
      2	47311
      3	47429
      1	47486
      1	47491
      1	47526
      1	47585
      1	47603
      1	47615
      1	47713
      1	47818
     19	47858
      2	47883
      1	47919
      1	48004
      2	48080
      2	48135
      3	48203
      1	48410
      2	48513
      1	48538
      1	48695
      1	48847
      4	49073
      1	49078
      2	49107
      1	49200
      1	49362
      1	49457
      1	49560
      2	49804
      2	49844
      3	49923
      3	49966
      1	50209
      2	50339
      1	50419
      1	50478
      2	50537
      1	50539
      1	50927
      1	51065
      2	51144
      1	51196
      1	51205
      1	51263
      1	51325
      2	51394
      2	51427
      5	51475
      1	51549
      1	51567
      1	51576
      1	51835
      2	52087
      3	52121
      1	52166
      1	52305
      2	52323
      2	52370
      1	52459
      1	52528
      1	52541
      1	52551
      1	52616
      1	52635
      2	52641
      1	52716
      1	52753
      1	52758
      1	52918
      1	52938
      1	52985
      1	53147
      1	53170
      1	53222
      6	53415
      1	53450
      1	53479
      1	53512
      1	53524
      1	53602
      3	53925
      1	53947
      1	54053
      4	54146
      1	54336
      1	54425
      4	54509
      1	54525
      1	54595
      1	54787
      1	54803
      2	54889
      1	54988
      1	55135
      3	55174
      1	55217
      2	55302
      1	55460
      1	55527
      3	55587
      1	55592
      1	55668
      2	55674
      2	55757
      1	55785
      4	55814
      1	55920
      1	56009
      3	56027
      2	56052
      2	56431
      2	56434
      1	56527
      1	56590
      1	56694
      1	56734
      1	56797
      1	56807
     59	56855
      1	56911
      1	56965
     17	56996
      3	57063
      1	57133
      1	57198
      2	57379
      1	57420
      1	57477
      1	57514
      1	57597
      1	57622
      1	57734
      2	57741
      2	57808
      2	57836
      1	57843
      1	57897
      1	57899
      2	57922
      1	57951
      1	58016
      2	58069
      1	58109
      1	58111
      1	58128
      1	58208
      1	58212
      1	58244
      1	58313
      1	58362
      1	58409
      1	58471
      1	58524
      1	58558
      3	58654
      1	58766
      1	58812
      1	58815
      2	59010
      1	59049
      1	59058
      1	59097
      1	59109
      1	59178
      1	59287
      2	59368
      1	59371
      1	59396
      1	59407
      1	59647
      1	59758
      1	60020
      7	60120
      1	60307
      1	60312
      1	60454
      1	60499
      1	60682
      1	60796
      1	60837
      1	60868
      1	60946
      1	61018
      4	61064
      2	61191
      1	61229
      4	61230
      2	61261
      1	61367
      1	61445
      1	61460
      1	61641
      2	61668
      1	61739
      1	61787
      1	61897
      1	62013
      1	62180
      1	62272
      1	62276
      1	62514
      1	62593
      1	62664
      3	62841
      1	62869
      1	62874
      1	62948
      1	62967
      1	63105
      1	63177
      1	63221
      1	63248
      1	63314
      1	63363
      1	63368
      1	63372
      5	63409
      1	63411
      1	63430
      3	63432
      2	63519
      1	63543
      1	63581
      1	63690
      2	63696
      1	63798
      2	63807
      1	63832
      1	63880
      3	63884
      1	63917
      1	63918
      2	63987
      1	64149
      2	64194
      1	64196
      1	64229
      1	64304
      4	64339
      1	64392
      1	64434
      4	64528
      1	64530
      2	64539
      1	64637
      2	64701
      1	64752
      1	64896
      2	64995
      1	65008
      1	65046
      1	65251
      1	65263
      1	65322
      1	65408
      1	65418
      1	65467
