      1	265
      1	387
      1	596
      1	810
      1	967
      1	982
      1	1737
      3	2154
      1	2417
      1	2791
      2	3158
      1	3229
      2	3651
      1	3908
      1	4060
      1	4354
      1	4803
      2	4849
      8	5550
      1	5607
      1	6332
      1	6710
      1	6827
      1	6944
      1	7051
      3	7221
      2	7515
      4	7725
      1	8233
      1	8365
      3	9035
      1	9356
      1	9385
      1	9806
      1	10411
      1	10496
      1	10558
      2	10591
      1	10724
      1	10822
     10	11084
      2	11327
     11	11402
      1	11490
      2	11583
      1	11718
      1	12561
      1	12629
      3	12674
      1	12853
      1	12858
      1	12955
      3	13162
      1	13291
      1	13394
      1	13457
      7	13477
      1	13738
      1	14043
      2	14209
      1	14287
      2	14636
      1	14746
      1	14750
      2	14768
      1	15087
      1	15120
      1	15197
      2	15511
      1	15516
      1	15651
      1	15754
      1	16017
      1	16063
      2	16290
      1	16554
      3	16620
      1	16976
      1	17220
      1	17280
      1	17781
      2	17975
      1	18002
      1	18142
      1	18733
      5	19418
      1	19895
      1	20203
      6	20865
      4	20971
      1	21002
      1	21055
      3	21293
      1	21537
      1	21605
     10	22217
      1	22346
      1	22531
      1	23023
      1	23091
      1	23213
      1	23250
      1	24470
      1	24962
      1	25145
      1	25405
      1	25419
      1	25461
      3	25517
      2	25631
      2	25781
      4	25787
      1	26244
      1	26772
      3	26783
      1	26829
      2	27033
      1	27174
      2	27197
      2	27337
      1	27411
      3	27881
      1	28365
      1	28389
      2	28520
      8	28679
      2	28802
      1	28885
      1	29049
      2	29287
     27	29576
      1	29799
      2	30034
      1	30229
      1	30594
      2	30653
      1	30684
      5	30810
      1	31026
      1	31045
      1	31242
      1	31405
      2	31557
      1	31706
      2	32177
      1	32277
      3	32681
      5	33519
      1	34295
      1	34318
      3	34728
      1	34737
      1	34854
     16	35387
      1	35440
      1	35735
      3	36547
      4	36566
      2	37034
      2	37179
      1	37183
      2	37414
      1	37792
      2	38008
      1	38600
      1	39092
      1	39321
      1	39325
      1	40055
      1	40462
      2	40490
      1	40496
      2	40730
      9	40828
      2	41388
      1	41522
      1	41791
      3	41859
      1	42372
      2	42425
      6	42748
      1	42843
      1	43037
      3	43068
      1	43337
      1	43669
      1	43814
      2	43838
      1	43856
      3	44156
      1	44372
      1	44381
      1	44774
      1	45218
      1	45607
      4	45708
      1	45954
     59	46841
      2	47073
      1	47082
      1	47146
      2	47343
      1	47894
      3	47905
     13	47989
      3	48254
      1	48393
      1	49022
      1	49158
      1	49364
      1	49434
      1	49458
      2	49903
      2	50190
      1	51166
      2	51326
      1	51549
      2	51588
      5	51645
      1	51711
     93	51959
      1	52123
      1	52328
      1	53087
      1	53475
      2	53737
      1	53920
      2	53949
      3	54080
      3	54167
     62	54950
      1	55435
      1	55460
      1	55669
      1	55962
      1	56135
      3	56177
      1	56448
      2	57264
      2	57521
      2	57599
      1	57764
      2	57950
      1	57959
      2	58166
      3	58594
      1	59100
      1	59636
      1	59912
      1	60053
      1	60217
      2	60247
      3	60278
      1	60793
      1	60886
      1	60939
      1	61386
      2	61680
      1	61966
      1	62098
      1	62645
      2	63029
      1	63423
      1	63656
      1	63854
      3	63989
      1	64457
      1	64476
      1	64951
      1	64999
      2	65104
