      1	15
      2	86
      1	107
      4	192
      1	356
      1	547
      1	753
      2	1248
      1	1261
      5	1285
      2	1405
      1	1616
      1	1645
      3	1656
      2	1897
      2	2020
      1	2065
      1	2077
      2	2128
      1	2129
      1	2276
      1	2332
      2	2911
      3	3072
      1	3131
      2	3213
      1	3287
      3	3410
      4	3493
      1	3549
      1	3636
      1	3645
      1	3750
     15	3808
      2	3830
      3	3843
      2	3881
      3	4064
     14	4109
      1	4601
      1	4731
      2	5206
      1	5444
      1	5475
      1	5565
      4	5823
      1	5876
      2	5905
      1	6511
      2	6767
      2	7015
      1	7208
      1	7494
      1	7702
      1	7839
      1	7948
      1	8175
      1	8232
      1	8276
      1	8354
      1	8740
      1	8796
      2	8930
      1	9016
      2	9191
      1	9307
      1	9662
      2	10691
      1	10759
      1	10974
      2	10977
      4	11107
      5	11228
      1	11313
      1	11840
      1	11926
      1	12043
      1	12351
      1	12422
      1	13077
      1	13270
      2	13330
      1	13536
      1	13653
      1	13753
      1	13805
      1	13898
      1	14210
      1	14611
      3	14965
      4	15261
      1	15449
      2	15505
      1	15775
      1	16143
      1	16148
      4	16231
      1	16340
      2	16355
      2	16503
      1	16845
      1	16958
      1	16969
      1	17031
      1	17323
      1	17472
      1	17712
      1	17845
      1	18117
      1	18278
      1	18348
      1	18440
      1	18442
      2	18511
      2	18660
      1	18822
      2	18992
      1	19113
      1	19233
      1	19496
      2	19503
      1	19511
      1	19616
      2	20160
      1	20351
      1	20390
      7	20721
      1	20827
      1	20865
      1	21378
      3	21483
      1	21584
      1	21754
      1	21777
      2	21850
      1	21924
      1	21931
      1	22007
      1	22063
      1	22192
      1	22531
      3	22722
      1	22819
      1	22958
      1	23228
      1	23501
      1	23577
      1	23587
      2	23594
      1	23720
      8	23741
      3	23932
      1	24058
      1	24087
      2	24229
      1	24268
      3	24541
      1	24661
      1	24707
      1	24818
      1	24956
      1	25093
      2	25168
      1	25384
      1	25462
      1	25523
      1	25551
      1	25553
      1	25633
      2	25880
      2	26009
      1	26241
      1	26246
      2	26300
      2	26332
      1	26373
      3	26435
      1	26445
      1	26564
      1	26672
      2	26777
      2	26824
      3	26838
      1	27077
      2	27714
      1	27717
      1	27880
      1	27954
      2	27955
      2	28012
      2	28066
      3	28624
      1	28809
      1	28824
      5	28858
      1	28907
      5	28967
      1	29015
      2	29134
      1	29154
      1	29255
      1	29396
      1	29435
      1	29499
      1	29500
      3	29551
      5	29736
      1	29945
      1	30119
      1	30261
      2	30319
      2	30554
      1	30747
      1	30754
      1	30810
      1	30827
      1	30983
      1	31090
      1	31129
      1	31146
      1	31156
      3	31205
      1	31720
      1	31915
      1	32206
      1	32249
      1	32370
      1	32634
      1	32830
      1	32866
      5	32930
      1	32969
      2	33170
      1	33292
      1	33499
      2	33567
      1	33619
      4	33665
      1	33679
      1	33857
      3	33992
      2	33994
      2	34063
      1	34234
      1	34241
      9	34570
      1	34627
      1	35086
      7	35212
      1	35313
      1	35384
      1	35510
      1	35693
      1	35708
      1	35735
      1	35934
      2	35949
      2	36028
      1	36084
      1	36113
      2	36559
      3	36600
      1	36676
      1	36759
      1	37111
      4	37308
      1	37329
     20	37445
      1	37498
      1	37606
      1	37632
      1	37640
      3	37672
      1	37716
     23	37741
      3	38068
      1	38181
      1	38392
      2	38665
      1	38791
      1	39254
      2	39325
      1	39338
      1	39432
      2	39469
      1	39753
      1	40124
      1	40294
      2	40614
      1	40700
      1	40858
      1	40997
      1	41377
      1	41554
      1	41640
      1	41657
      1	41883
      1	41949
      1	42027
      1	42230
     21	42438
      1	42464
      3	42739
      1	43157
      5	43188
      3	43267
      3	43669
      1	43978
      4	44154
      1	44214
      2	44437
      2	44447
      1	44493
      1	44649
      2	44807
      3	44907
      2	44968
      3	45018
      1	45445
      1	45550
      2	45593
      1	45778
      1	45847
      1	45940
      1	46038
      2	46249
      1	46388
      1	46389
      1	46479
      1	46488
      1	46517
      2	46589
      4	46724
      1	46743
      1	46853
      1	46889
      1	46901
      1	47012
      2	47044
      1	47045
      1	47050
      1	47089
      1	47356
      1	47560
      1	47667
      1	47717
      1	48000
      4	48170
      1	48291
      1	48353
      2	48461
      1	48513
      1	48726
      1	48746
      1	48928
      1	49120
      1	49131
      2	49180
      1	49215
      1	49295
      3	49363
      3	49576
     10	49584
      1	49648
      1	49680
      1	49785
      1	49804
      1	49844
      1	49850
      1	49966
      1	50771
      1	50793
      3	51044
      1	51065
      5	51113
      1	51369
      1	51669
      1	52037
      5	52181
      1	52398
      1	52794
      1	52898
      1	53120
      1	53153
      1	53356
      1	53593
      2	53648
      5	54108
      1	54395
      1	54483
      1	54501
      2	55238
      2	55299
      1	55425
      1	55456
      1	55544
      1	55676
      1	56034
      1	56119
      1	56177
      1	56255
      1	56430
      3	56434
      1	56556
      3	56720
      1	56739
      2	56807
      2	56814
      1	56852
      1	56952
      1	57015
      1	57019
      1	57025
      1	57077
      1	57375
      1	57456
      1	57537
      1	57566
      1	57622
      1	57698
      1	57779
      1	57826
      1	58104
      1	58223
      2	58430
      1	58466
      4	58472
      1	58594
      1	58783
      1	58829
      1	59070
      2	59181
      2	59231
      1	59244
      3	59327
      2	59330
      1	59448
      2	59515
      1	59599
      1	59647
      1	59720
      1	60149
      2	60284
      1	60293
      1	60600
      2	61034
      1	61312
      1	61340
      1	61514
      1	61927
      1	62243
      1	62284
      1	62926
      7	63041
      1	63254
      1	63306
      7	63430
      1	63579
      1	63642
      4	63764
      1	63773
      2	63846
      4	64196
      1	64262
      1	64286
      3	64528
      1	64689
      1	64791
      1	64896
      5	65041
      1	65214
      1	65427
      1	65443
