      1	152
      2	162
      1	259
      1	313
      1	426
      1	439
      1	662
      1	664
      1	722
      2	865
      2	880
      1	926
      1	1068
      1	1169
      1	1232
      1	1261
      1	1418
      1	1740
      1	1777
      1	1877
      1	1937
      1	2020
      1	2057
      1	2148
      1	2170
      1	2238
      1	2398
      2	2426
      1	2566
      1	2656
      1	2657
      1	2743
      1	2909
      1	2934
      1	2983
      1	3002
      1	3004
      1	3110
      1	3121
      1	3204
      8	3493
      1	3644
      1	3690
      1	3708
      2	3745
      1	3798
      4	3830
      1	3952
      1	4064
      2	4109
      1	4191
      1	4211
      2	4279
      1	4438
      1	4447
      1	4523
      1	4652
      1	4779
      1	4783
      1	4789
      1	4791
      1	4856
      1	5075
      2	5161
      1	5187
      1	5219
      1	5396
      1	5431
      2	5510
      1	5540
      1	5672
      1	5736
      1	5874
      1	5876
      1	5907
      1	5963
      4	6045
      1	6055
      1	6101
      1	6226
      2	6396
      1	6441
      2	6494
      1	6518
      1	6555
      1	6707
      1	6980
      1	7056
      1	7091
      2	7145
      1	7403
      1	7424
      1	7485
      1	7644
      1	7707
      1	7920
      1	7981
      1	8014
      2	8016
      1	8073
      1	8172
      2	8201
      1	8210
      1	8281
      1	8560
      1	8617
      1	8731
      1	8740
      1	8774
      1	8962
      1	9006
      1	9032
      1	9152
      1	9174
      3	9211
      1	9240
      1	9263
      1	9327
      3	9345
      1	9359
      1	9456
      1	9466
      1	9486
      1	9498
      1	9510
      3	9571
      2	9603
      1	9705
      2	9716
      1	9868
      1	10026
      1	10245
      1	10280
      4	10314
      2	10324
      2	10444
      1	10476
    758	10552
      1	10624
      1	10703
      1	10724
     10	10732
      1	10759
      1	10834
      1	10908
      2	10974
      1	10987
      1	11183
      1	11300
      1	11439
      2	11490
      1	11535
      1	11569
      1	11584
      1	11634
      1	11751
      2	11964
      1	12339
      1	12397
      2	12540
      1	12557
      1	12597
      1	12649
      3	12684
      1	12705
      1	12756
      1	12819
      2	13026
      1	13118
      1	13153
      1	13172
      1	13490
      2	13581
      1	13678
      1	13702
      2	13724
      1	13738
      1	13806
      1	13822
      1	13823
      1	14110
      2	14127
      1	14321
      1	14332
      1	14343
      1	14389
      3	14540
      1	14550
      1	14677
      2	15029
      1	15131
      1	15182
      1	15183
      1	15304
      1	15397
      1	15461
      1	15535
      1	15598
      1	15673
      3	15680
      1	15847
      1	15872
      1	15923
      1	15964
      2	16007
      1	16153
      1	16199
      2	16368
      1	16585
      1	16628
      1	16738
      1	16894
      1	17027
      1	17062
      4	17214
      3	17225
      1	17259
      1	17267
      1	17338
      1	17425
      2	17498
      1	17715
      3	17895
      1	17975
      1	17982
      1	17990
      2	18001
      1	18219
      1	18341
      2	18348
      1	18395
      1	18413
      2	18442
      1	18518
      1	18567
      1	18590
      1	18641
      1	18671
      4	18677
      2	18710
      1	18770
      1	18885
      1	19138
      1	19305
      1	19319
      1	19345
      1	19362
      1	19366
      1	19417
      1	19553
      1	19641
      1	19711
      1	19869
      1	19911
      1	19923
      1	20081
      1	20160
      1	20195
      3	20268
      3	20307
      3	20309
      1	20333
      1	20390
      3	20599
      1	20671
      2	20977
      1	21014
      1	21034
      1	21079
      1	21166
      2	21180
      2	21285
      2	21396
      1	21488
      3	21623
      1	21686
      1	21864
      1	21877
      2	21911
      1	21933
      4	22176
      1	22236
      1	22329
      1	22365
      1	22392
      1	22550
      1	22576
      1	22643
      1	22713
      1	22977
      1	23023
      1	23029
      1	23033
      1	23092
      1	23195
      1	23383
      1	23449
      3	23526
      1	23574
      1	23611
      1	23653
      1	23811
      2	23815
      1	23857
      2	23875
      1	24014
      2	24136
      1	24158
      1	24265
      1	24302
      1	24432
      1	24469
      1	24506
      1	24839
      1	24840
      1	24858
      1	24990
      2	25116
      1	25163
      1	25267
      1	25395
      1	25398
      1	25455
      1	25515
      2	25539
      1	25590
      1	25666
      1	25683
      1	25714
      1	25760
      1	25891
      1	25899
      2	25979
      1	25985
      1	26005
      1	26069
      2	26111
      1	26267
      3	26449
      1	26583
      1	26713
      2	26777
      2	27039
      1	27228
      1	27259
      5	27286
      1	27317
      1	27411
      1	27519
      2	27647
      1	27880
      1	27898
      3	27944
      1	27957
      1	27959
      1	27966
      1	27972
      1	28250
      3	28256
      2	28313
      1	28343
      2	28364
      1	28440
      3	28482
      3	28506
      2	28556
      2	28605
      1	28692
      1	28769
      1	28795
     13	28824
      1	29048
      1	29159
      1	29164
      1	29168
      1	29255
      1	29257
      1	29293
      1	29311
      1	29323
      1	29374
      1	29517
      1	29538
      1	29670
      2	29819
      1	29945
      1	30101
      1	30143
      1	30177
      1	30438
      1	30450
      1	30487
      1	30544
      1	30565
      2	30613
      1	30801
      2	30850
      1	30880
      1	30955
      1	30957
      1	31059
      1	31158
      1	31166
      8	31219
      1	31250
      1	31290
      2	31303
      7	31321
      1	31395
      1	31522
      1	31535
      1	31585
      2	31787
      1	31869
      1	31943
      1	31982
      1	32147
      1	32206
      1	32224
      1	32279
      3	32345
      1	32426
      2	32621
      1	32654
      1	32704
      2	32871
      1	32970
      1	33064
      1	33066
      1	33102
      1	33259
      1	33272
      1	33292
      1	33314
      1	33485
      1	33527
      1	33602
      3	33662
      2	33992
      1	34123
      2	34133
      2	34241
      1	34326
      1	34457
      2	34569
      2	34576
      2	34592
      1	34708
      1	34725
      1	34775
      1	34914
      1	34927
      3	35004
      1	35008
      1	35030
      1	35212
      1	35311
      1	35319
      1	35384
      1	35391
      1	35420
      3	35667
      1	35708
      1	36028
      1	36092
      1	36256
      1	36304
      1	36345
      2	36437
      2	36443
      1	36450
      2	36674
      1	36846
      2	36973
      1	37034
      1	37052
      1	37062
      1	37079
      1	37208
      1	37294
      1	37321
      1	37351
      1	37358
      1	37368
      1	37453
      2	37640
      1	37939
      1	37965
      1	37966
      2	37980
      1	38181
      1	38216
      1	38265
      1	38295
      1	38311
      1	38398
      1	38467
      2	38687
      1	38703
      1	38731
      1	38747
      1	38839
      1	38874
      1	38894
      1	38902
      1	38992
      1	39024
      2	39032
      1	39051
      1	39325
      1	39330
      1	39432
      1	39448
      1	39460
      4	39476
      1	39533
      1	39702
      1	39714
      1	39783
      1	39826
      1	40056
      1	40063
      1	40068
      1	40101
      1	40297
      1	40379
      1	40387
      1	40661
      2	40779
      1	40843
      1	40898
      2	40905
      1	40933
      1	40964
      1	41097
      1	41216
      1	41355
      1	41540
      2	41570
      3	41632
      1	41835
      1	41883
      2	42067
      1	42112
      1	42159
      2	42517
      1	42679
      1	42847
      1	43055
      1	43064
      1	43072
      1	43095
      1	43112
      2	43234
      1	43289
      1	43443
      1	43510
      1	43780
      1	43852
      1	43933
      1	44001
      2	44104
      1	44117
      1	44141
      1	44144
      1	44150
      2	44217
      1	44315
      3	44570
      1	44683
      1	44907
      1	44909
      1	44959
      1	44961
      1	44968
      2	45018
      3	45031
      2	45247
      1	45255
      1	45299
      1	45323
      1	45550
      2	45598
      3	45642
      1	45778
      1	45796
      1	45818
      1	45847
      1	45943
      3	46008
      1	46019
      1	46210
      1	46261
      3	46267
      2	46274
      1	46488
      1	46554
      1	46626
      1	46680
      1	46978
      1	47012
      1	47025
      1	47054
      1	47102
      1	47153
      1	47301
      1	47311
      1	47367
      1	47376
      2	47447
      1	47634
      1	47762
      1	47776
      4	47905
      1	47969
      4	48064
      1	48135
      1	48390
      1	48434
      1	48577
      1	48599
      1	48608
      1	48638
      1	48653
      5	48675
      1	48695
      1	48746
      2	48787
      1	48807
      1	48887
      1	49196
      1	49336
      2	49361
      2	49576
      1	49779
      2	49844
      2	49966
      1	50030
      1	50209
      3	50217
      1	50439
      9	50537
      2	50565
      1	50584
      4	50660
      1	50690
      1	50697
      1	50725
      1	50798
      1	50901
      1	50934
      1	50955
      1	51042
      1	51093
      1	51100
      1	51144
      1	51145
      1	51169
      2	51392
      2	51394
      2	51475
      2	51567
      1	51695
      3	51822
      1	51959
      2	52067
      2	52140
      3	52181
      3	52224
      1	52398
      4	52414
      1	52496
      2	52513
      1	52580
      1	52706
      1	52798
      2	52801
      1	52819
      1	52918
      2	53085
      1	53098
      1	53205
      1	53243
      6	53280
      1	53283
      1	53340
      1	53404
      1	53489
      2	53584
      3	53596
      1	53749
      1	53914
      1	53915
      1	53918
      1	53951
     35	54092
      2	54103
      2	54105
      1	54150
      1	54183
      1	54186
      1	54234
      3	54345
      2	54359
      1	54414
      1	54622
      1	54752
      2	54786
      1	54995
      1	55217
      1	55238
      1	55356
      1	55444
      1	55457
      1	55584
      1	55674
      1	55746
      1	55818
      1	55916
      2	55919
      1	55920
      4	56027
      3	56028
      1	56091
      1	56094
      1	56127
      5	56266
      1	56425
      1	56429
      1	56553
      1	56579
      2	56621
     13	56658
      1	56807
      1	56902
      1	56914
      1	56927
      1	56952
      1	56982
      1	57063
      1	57119
      1	57144
      2	57383
      3	57420
      2	57428
      1	57764
      1	57913
      2	57922
      1	57944
      1	58002
      1	58155
      1	58216
      1	58442
      1	58466
      2	58476
      3	58479
      1	58521
      1	58543
      2	58545
      1	58712
      2	58723
      1	58766
      1	58783
      2	58887
      1	58926
      2	58968
      1	59107
      2	59160
      1	59174
      1	59201
      1	59308
      1	59515
      1	59571
      1	59624
      1	59643
      1	59720
      1	59726
      2	59758
      1	60020
      1	60123
      1	60131
      1	60157
      1	60210
      2	60312
      1	60390
      1	60409
      1	60557
      2	60565
      1	60572
      1	60621
      1	60813
      1	60847
      1	60965
      1	60984
      1	61064
      1	61068
      2	61169
      1	61191
      1	61230
      3	61258
      5	61261
      4	61277
      1	61282
      1	61309
      1	61330
      1	61362
      1	61426
      1	61431
      1	61460
      1	62013
      1	62063
      1	62076
      1	62119
      4	62183
      2	62189
      1	62495
      1	62534
      1	62593
      1	62780
      4	62846
      2	62879
      1	62948
      1	63002
      2	63050
      1	63072
      1	63140
      1	63147
      2	63165
      1	63169
      1	63363
      2	63409
      1	63418
      1	63509
      1	63675
      1	63680
      1	63806
      1	63884
      1	63918
      1	64043
      1	64065
      1	64071
      1	64094
      1	64149
      2	64153
      1	64170
      2	64196
      1	64304
      1	64325
      1	64469
      1	64680
      1	64794
      4	64966
      1	65002
      1	65110
      1	65137
      1	65138
      1	65206
      1	65213
      1	65487
      2	65489
