      1	11
      1	152
      1	366
      1	645
      8	792
      5	958
      1	977
      1	1072
      1	1184
      1	1213
      1	1497
      1	1728
      3	1934
      1	1937
      1	2375
      1	2376
      2	2392
      1	2654
      1	2688
      1	2760
      1	2761
      1	3632
      3	3636
      1	3745
      3	3830
      1	3995
      1	4001
      1	4136
      1	4372
      8	4581
      4	5075
      1	5222
      1	5335
      1	5770
      1	6045
      1	6053
      1	6155
      2	6175
      2	6239
      1	6678
      1	6953
      1	7037
      1	7113
      1	7206
      2	7520
      1	7673
      1	7702
      3	7719
      1	7846
      1	7942
      1	8009
     19	8201
      2	8476
      1	8519
      1	8522
      1	8617
      7	8992
      1	9152
      2	9304
      1	9359
      1	9476
      1	9625
      1	9653
      1	9765
      1	10050
     20	10069
      1	10398
      1	10407
      3	10428
      1	10432
      5	10447
      1	10903
      1	10971
      1	10974
      1	11213
      1	11427
      1	11461
      1	11511
      1	11768
      3	12249
      1	12405
      1	13025
      1	13286
      1	13390
      2	13503
      1	13638
      2	13672
      1	13695
      1	13783
      2	13992
      1	14083
      2	14340
      1	14364
     16	14506
      1	14821
      1	15291
      1	15334
      1	15348
      1	15414
      3	15544
      1	15736
      2	16529
      1	16614
      1	16824
      1	17115
      1	17502
      1	17895
      5	18219
      2	18321
      1	18495
      1	18522
      1	19113
      3	19138
     14	19616
      4	19668
      1	19724
      1	20023
      1	20034
      1	20082
      3	20333
      1	20368
      1	20602
      2	20635
      1	21080
      1	21180
      3	21647
      1	21706
      1	21985
      2	22351
      1	22699
      1	22713
      1	22859
      2	23008
      1	23352
      1	23962
      1	24063
      1	24288
      1	24345
      2	24469
      4	24707
      1	24827
      1	25324
      3	25491
      1	25956
      1	27083
      1	27131
      1	27286
      1	27370
      1	27401
      2	27469
      1	27565
      1	27967
      1	28008
      1	28062
      1	28197
      1	28245
      3	28552
      1	28609
      1	28749
      1	28763
      1	29035
      1	29055
      1	29064
      9	29103
      1	29456
      1	29478
      1	29497
      1	29646
      6	29945
      1	30352
      1	30440
      5	30790
      1	31039
      1	31481
      1	31562
      3	32031
      4	32154
      1	32249
      3	32358
      1	32851
      2	32900
      1	33074
      1	33272
      1	33275
      1	33329
      5	33540
      1	33936
      1	34129
      2	34158
      1	34294
      1	34567
      1	34761
      1	34827
      1	34931
      1	34974
      2	35004
      1	35046
      2	35325
      1	35385
      1	35528
      1	35670
      4	36262
      1	36337
      5	36727
      1	36743
      2	36991
      1	37021
      2	37023
      1	37124
      1	37247
      1	37329
      1	37333
      1	37408
      1	37672
      1	37863
      1	38346
      2	38551
      4	38677
      2	38687
      1	38715
      1	39619
      1	39703
      1	39827
      1	40610
      1	40620
      1	40721
      1	41047
      1	41281
      1	41490
      2	41640
      1	42120
      1	42479
      1	42703
      2	42796
      1	42915
      2	43411
      1	43589
      6	43832
      1	44332
      1	44338
      1	44362
      1	44495
      1	44750
      1	44867
      1	45178
      1	45913
      1	46274
      1	46632
      1	46780
      1	47311
      1	47491
      1	47497
      1	47602
      1	47992
      3	48241
      1	48478
      1	48865
      5	48995
      6	49073
      8	49180
      2	49330
      1	49804
      2	51288
      1	51394
      1	51854
      1	52281
      3	52316
      2	52641
      1	52736
      4	53243
      6	53455
      2	53462
      5	53584
      1	53718
      4	53918
      6	54136
      2	54395
      1	54470
      1	54861
      1	54897
      1	55421
      2	55429
      1	55570
      2	55674
      2	56389
      2	56608
      1	56614
      1	56642
      1	56823
      1	57158
      1	57349
      1	57375
      2	57449
      2	57726
      1	57752
      1	57779
      1	57922
      1	58223
      1	58477
      3	58671
      1	59276
      1	59349
      1	59381
      3	59463
      1	59720
      3	59899
      1	60055
      1	60327
      1	60416
      2	60600
      1	61122
      3	61312
      1	61785
      1	61955
      1	62051
      8	62396
      1	62713
      1	63244
      1	63308
      3	63398
      1	63792
      3	63832
      1	63872
      8	64196
      1	64261
      1	64530
      5	65004
      2	65046
      1	65091
      1	65474
