      2	91
      1	538
      1	1552
      2	1777
      1	2492
      1	2688
      1	2898
      1	3255
      4	4442
      1	5486
      2	5622
      1	6334
      1	6497
      2	6551
      1	7114
      1	7805
      2	7946
      2	8105
      1	8432
      1	8754
      1	9188
      1	9797
      1	12684
      1	13238
      1	13339
      1	13715
      1	13734
      1	14029
      1	14935
      3	14983
      1	15058
      1	15147
      1	15355
      1	15467
      1	15862
      1	16016
      1	16465
      1	16478
      1	17225
      2	18352
      3	18448
      1	18504
      1	18590
      1	19016
      2	19336
      1	20011
      1	20375
      2	20683
      1	20721
      2	20772
      1	22467
      1	22590
      1	23456
      1	23692
      1	23990
      1	24825
      1	25024
      1	27293
      1	28002
      1	28487
      1	29091
      1	29246
      1	29807
      1	29948
      1	30168
      1	31728
      1	31903
      1	32252
      1	32308
      1	32657
      1	33630
      2	34538
      1	34928
      1	35551
      1	35833
      1	36438
      1	36810
      1	37271
      1	37596
      1	37679
      1	38480
      1	38785
      1	38880
      1	39239
      1	39565
      1	39790
      1	39952
      1	40527
      1	40538
      2	40620
      1	40811
      1	41669
      1	41985
      1	42016
      1	42404
      1	44951
      1	44987
      1	45252
      1	45464
      1	45775
      1	46234
      1	46608
      1	47089
      1	47411
      1	47650
      2	47969
      1	48317
      1	49282
      1	50208
      1	50371
      1	50439
      1	50550
      1	50590
      1	52772
      1	53000
      1	53882
      1	54554
      1	55505
      1	55956
      1	56450
      1	56903
      1	57119
      2	57144
      1	57459
      1	57643
      1	58477
      1	58729
      1	58960
      2	59210
      1	61562
      1	61867
      1	62140
      1	62311
      1	62582
      1	63585
      1	63756
      2	64102
      1	64380
      1	64670
      1	64829
      1	65067
      1	65138
      3	65334
