      1	11
      1	24
      2	45
      1	56
      1	121
      1	162
      1	322
      4	367
      3	411
      1	453
      2	538
      3	646
      1	707
      3	767
      1	823
      2	865
      1	1016
      1	1190
      1	1261
      4	1358
      1	1405
      2	1656
      3	1712
      3	1729
      1	1747
      1	1773
      1	1777
      1	1820
      1	1857
      2	1908
      1	1957
      1	1981
      1	1991
      1	2060
      1	2087
      9	2090
      3	2093
      2	2246
      5	2457
      2	2498
      2	2516
      1	2523
      1	2610
      2	2613
      1	2677
      1	2683
      1	2700
     29	2866
      1	2957
      1	2959
      2	3020
      1	3055
      1	3058
      1	3071
      1	3083
      1	3198
      3	3200
      1	3207
      1	3229
      2	3241
      1	3250
      1	3256
      1	3337
      1	3400
      1	3406
      1	3425
      1	3526
      1	3538
      1	3552
      1	3583
      1	3607
      3	3644
      1	3791
      1	3816
      1	3824
      1	3842
      1	3985
      1	4026
      3	4070
      3	4086
      1	4103
      1	4106
      2	4109
      1	4155
      7	4279
      1	4286
      1	4318
      1	4334
      1	4372
      2	4515
      1	4586
      4	4594
      1	4626
      1	4812
      1	4820
      1	4853
      1	4888
      6	4926
      1	5004
      1	5013
      1	5020
      1	5097
      3	5119
      2	5122
      2	5135
      1	5222
      1	5261
      1	5303
      1	5337
      1	5346
      1	5384
      1	5452
      1	5457
      2	5475
      1	5519
      2	5550
      1	5697
     10	5731
      1	5787
      2	5819
      1	5820
      1	5823
      1	5874
      1	5972
      2	6117
      1	6128
      1	6197
      2	6244
      2	6275
      1	6497
      2	6498
      1	6518
      1	6531
      1	6534
      1	6583
      1	6622
      2	6642
      1	6647
      4	6669
      1	6738
      1	6836
      2	6882
      3	6980
      1	7030
      1	7041
      1	7043
      7	7113
      2	7187
      6	7250
      1	7326
      1	7355
      1	7356
      1	7403
      1	7466
      1	7629
      1	7651
      2	7656
      1	7720
      1	7790
      2	7814
      1	7815
      1	7848
      7	7881
      2	7970
      1	8114
      1	8172
      2	8227
      2	8233
      2	8248
      1	8264
      1	8305
     12	8312
      1	8336
      1	8341
      1	8395
     10	8435
      1	8456
      2	8515
      1	8519
      1	8583
      2	8601
      2	8659
      1	8700
      5	8760
      1	8782
      2	8824
      1	8920
      1	8924
      2	8987
      1	8991
      1	9006
      1	9042
      6	9066
      1	9139
      3	9149
      1	9158
      1	9234
      1	9236
      1	9284
      1	9316
      1	9345
      1	9472
      2	9473
      1	9491
      1	9759
      1	9764
      1	9765
      1	9797
      1	9824
      3	9900
      1	9965
      1	10011
      1	10030
      1	10202
     12	10278
      1	10374
      3	10433
      2	10444
      1	10454
      1	10460
      1	10486
      1	10520
      1	10558
      1	10562
      1	10570
      1	10576
      1	10610
      1	10673
      1	10688
      2	10724
      1	10777
      1	10844
      1	10908
      1	10922
      1	10942
      1	11042
      1	11084
      1	11144
      1	11307
      1	11358
      1	11391
      2	11459
      4	11464
      1	11535
      8	11584
      2	11593
      1	11606
      1	11643
      1	11668
      2	11676
      2	11749
      1	11799
      5	11820
      3	11964
      1	11967
      2	12012
      2	12079
      1	12123
      1	12139
      2	12149
      1	12188
      1	12225
      1	12245
      1	12271
      1	12303
      1	12389
      2	12396
      1	12435
      3	12505
      7	12554
      1	12564
      1	12597
      1	12626
      1	12640
      1	12684
      1	12696
      1	12767
      1	12792
      1	12887
      1	12908
      3	12946
      2	12952
      6	12976
      2	12982
      2	13064
      1	13075
      1	13118
      1	13156
      2	13166
      1	13198
      1	13390
      1	13394
      1	13416
      1	13422
      1	13460
      1	13491
      1	13530
      1	13806
      1	13871
      1	13884
      1	13945
      1	13954
      1	14127
      1	14137
      2	14187
      1	14244
      4	14270
      1	14287
      1	14317
      2	14376
      4	14556
      1	14626
      1	14661
      1	14675
      1	14749
      3	14768
      1	14829
      1	14837
      1	14876
      1	14921
      1	14986
      3	15120
      1	15136
      1	15180
      1	15183
      4	15197
      4	15225
      2	15282
      1	15293
      3	15386
      1	15399
      1	15516
      1	15530
      8	15535
      2	15661
      1	15674
      1	15696
      1	15698
      1	15702
      1	15876
      1	15923
      1	16007
      1	16112
      1	16250
      1	16276
      1	16368
      1	16375
      1	16475
      1	16532
      4	16554
      1	16620
      1	16628
      1	16654
      2	16665
      2	16798
      1	16837
      2	16863
      1	16886
      1	16974
      3	16976
      2	16989
      5	17003
      1	17019
      9	17062
      1	17267
      1	17298
      1	17332
      1	17343
      1	17393
      1	17424
      1	17474
      3	17489
      1	17540
      1	17845
      1	17864
      1	17975
      1	17990
      2	18077
      1	18083
      1	18109
      1	18162
      1	18179
      1	18278
      1	18279
      1	18337
      4	18348
      1	18419
      1	18476
      1	18487
      2	18515
      1	18567
      1	18577
      1	18613
      1	18720
      1	18822
      1	18907
      2	18980
      1	18992
      1	19016
      1	19049
      1	19222
      4	19268
      2	19305
      1	19356
      1	19418
      1	19425
      1	19427
      1	19446
      2	19513
      3	19520
      1	19547
      1	19585
      1	19588
      1	19622
      1	19641
      1	19730
      2	19757
      1	19779
      1	19802
      1	19842
      1	19869
      2	19879
      1	19904
      1	19921
      3	19976
      3	19978
      1	20011
      1	20064
      3	20082
      1	20162
      1	20195
      2	20267
      1	20277
      5	20346
      1	20353
      1	20375
      1	20531
      4	20599
      1	20658
      1	20682
      1	20718
      2	20814
      1	20827
      1	20865
      1	20867
      1	20871
      1	20882
      1	20915
      3	20997
      1	21046
      1	21079
      1	21082
      2	21180
      1	21219
      1	21285
      1	21378
      1	21411
      1	21471
      1	21532
      1	21563
      2	21686
      1	21708
      1	21792
      1	21801
      1	21830
      1	21845
      1	21874
      1	21877
      4	22010
      1	22050
      1	22109
      1	22118
      1	22125
      1	22140
      1	22143
      1	22202
      1	22213
      1	22309
      1	22545
      1	22590
      1	22688
      3	22744
      1	22847
      1	22902
      1	22938
      1	22948
      1	22977
      2	23029
      2	23081
      2	23105
      1	23114
      1	23216
      1	23219
      1	23223
      1	23306
      1	23307
      1	23311
      2	23353
      1	23395
      4	23435
      1	23464
      2	23526
      1	23577
      1	23602
      1	23611
      1	23685
      1	23720
      1	23760
      1	23837
      1	23843
      1	23876
      1	23918
      1	23923
      1	23952
      2	23984
      1	24038
      1	24058
      1	24062
      3	24071
      1	24175
      5	24275
      1	24334
      1	24366
      1	24376
      1	24384
      1	24390
      2	24467
      3	24469
      1	24497
      1	24506
      2	24529
      1	24548
      1	24613
      1	24640
      1	24743
      1	24761
      2	24794
      3	24806
      3	24817
      1	24821
      2	24860
      1	24950
      1	24982
      1	24990
      1	25024
      1	25051
      1	25133
      1	25198
      1	25234
      1	25376
      2	25439
      1	25455
      1	25470
      2	25517
      1	25527
      1	25749
      2	25780
      1	25818
      1	25894
      1	25953
      1	25960
      3	25974
      1	25983
      1	25985
      1	26093
      3	26171
      1	26184
      1	26202
      2	26207
      2	26238
      1	26244
      1	26332
      1	26601
      1	26824
      1	26842
      1	26928
      1	26942
      1	26992
      2	27127
      1	27171
      1	27241
      1	27257
      1	27286
      2	27524
      1	27590
      1	27617
      4	27620
      1	27646
      1	27756
      1	27797
      1	27901
      3	27944
      1	27959
      1	27997
      1	28012
      1	28066
      1	28174
      4	28219
      1	28257
      1	28266
      2	28269
      1	28295
      1	28306
      1	28318
      1	28331
      2	28518
      1	28522
      1	28675
      1	28692
      1	28727
      4	28802
      2	28821
      1	28896
      1	28995
      1	29025
      2	29110
      3	29156
      1	29185
      1	29213
      2	29266
      2	29324
      1	29496
      7	29511
      1	29515
      1	29657
      2	29761
      3	29948
      1	29997
      4	30056
      1	30094
      1	30322
      1	30395
      1	30426
      1	30443
      3	30481
      1	30544
      1	30552
      1	30565
      2	30611
      1	30661
      1	30667
      1	30724
      2	30776
      1	30880
      1	30975
      1	30983
      1	30999
      1	31020
      2	31025
      1	31068
      1	31093
      1	31289
      2	31312
      1	31323
      2	31360
      3	31395
      1	31544
      2	31550
      1	31557
      1	31573
      1	31588
      4	31626
      1	31694
      1	31716
      1	31823
      1	31831
      1	31848
      1	31893
      2	31943
      1	31982
      2	32025
      4	32032
      1	32038
      1	32079
      1	32084
      2	32204
      1	32243
      1	32265
      1	32266
      1	32307
      1	32339
      1	32372
      1	32405
      1	32510
      1	32544
      2	32551
      5	32574
      1	32618
      2	32621
      1	32647
      4	32657
      1	32670
      1	32674
      1	32687
      1	32710
      1	32735
      1	32762
      1	32844
      1	32876
      1	32879
      1	32967
      1	32993
      1	33038
      1	33069
      1	33074
      1	33229
      1	33292
      2	33306
      1	33313
      1	33318
      1	33342
      1	33638
      3	33724
      2	33955
      1	33992
      1	33995
      2	34023
      1	34052
      1	34062
      8	34133
      1	34158
      1	34224
      1	34440
      4	34452
      1	34521
      1	34537
      1	34546
      1	34597
      1	34599
      1	34608
      2	34648
      3	34695
     35	34708
      1	34728
      2	34872
      2	34960
      1	34963
      1	34966
      3	34990
      1	35009
      1	35019
      2	35021
      1	35169
      1	35172
      1	35192
      1	35263
      1	35323
      1	35370
      1	35394
      1	35435
      1	35451
      1	35493
      1	35498
      1	35514
      1	35591
      1	35667
      1	35814
      1	36050
      2	36276
      1	36286
      1	36438
      1	36476
      1	36534
      1	36559
      1	36566
      1	36584
      1	36602
      1	36610
      1	36636
      1	36658
      1	36746
      5	36896
      1	36973
      1	37006
     13	37010
      2	37111
      1	37157
      1	37346
      1	37387
      4	37439
      2	37452
      1	37539
      7	37617
      1	37694
      1	37723
      1	37743
      1	37802
      1	37808
      1	37816
      1	37887
      2	37895
      1	37980
      1	38119
      1	38216
      1	38217
      4	38238
      1	38315
      2	38384
      1	38389
      2	38398
      1	38479
      1	38485
      1	38520
      1	38523
      1	38557
      1	38600
      1	38604
      1	38611
      1	38616
      1	38631
      1	38659
      1	38681
      1	38687
      1	38747
      1	38802
      2	38839
      2	38874
      1	38893
      1	38920
      1	38990
     10	39156
      1	39212
      1	39236
      1	39325
      1	39377
      1	39379
      1	39578
      2	39636
      1	39742
      1	39785
      2	39807
      1	39868
      1	39901
      2	39948
      1	40063
      1	40093
      1	40101
      1	40107
      1	40132
      1	40269
      2	40340
      1	40370
      1	40395
      1	40431
      1	40490
      3	40496
      1	40501
      1	40532
      1	40537
      2	40608
      1	40616
      3	40619
      1	40637
      1	40733
      2	40779
      2	40836
      1	40841
      1	40857
      1	40878
      1	40881
      5	40931
      2	41124
      1	41158
      1	41174
      2	41185
      1	41266
      1	41333
      1	41347
      1	41419
      1	41427
      1	41496
      1	41723
      5	41760
      1	41770
      1	41951
      1	42040
      1	42277
      1	42372
      2	42388
      1	42389
      1	42404
      1	42408
      1	42429
      1	42517
     11	42555
      1	42576
      1	42645
      1	42665
      1	42689
      1	42691
      1	42723
      1	42852
      1	42860
      4	43169
      2	43204
      1	43205
      1	43210
      1	43213
      3	43277
      6	43431
      1	43458
      1	43499
      1	43504
      1	43505
      1	43527
      1	43566
      1	43626
      1	43641
      2	43653
      1	43741
      1	43772
      2	43816
      1	43832
      1	43918
      1	43937
      1	44078
      1	44094
      2	44117
     11	44141
      1	44190
      2	44211
      1	44324
      2	44329
      1	44365
      1	44381
      1	44409
      1	44442
      1	44443
      4	44459
      1	44617
      1	44618
      1	44645
      1	44666
      2	44703
      1	44724
      1	44777
      2	44833
      1	44947
     11	44961
      1	44989
      1	44993
      1	45002
      1	45033
      2	45043
      1	45059
      1	45093
      1	45094
      1	45184
      1	45324
      2	45368
      2	45383
      1	45424
      1	45427
      1	45450
      4	45464
      1	45480
      3	45586
      1	45687
      2	45706
      1	45750
      2	45758
      1	45818
      2	45840
      5	45893
      2	45969
      1	46008
      1	46019
      1	46290
      1	46300
      2	46351
      2	46402
      1	46419
      1	46645
      1	46664
      1	46692
      1	46734
      4	46827
      1	46850
      1	46921
      1	46959
      1	47291
      1	47311
      1	47412
      6	47486
      1	47602
      1	47634
      5	47650
      1	47660
      1	47697
      1	47700
      1	47730
      4	47776
      1	47894
      1	47903
      1	47905
      1	48064
      1	48065
      4	48128
      1	48455
      1	48481
      1	48514
      1	48587
      1	48692
      1	48746
      1	48945
      1	49082
      1	49215
      1	49402
      1	49434
      1	49457
      9	49458
      1	49470
     13	49487
      1	49560
      1	49657
      1	49788
      1	49823
      1	49834
      1	49991
      8	50079
      1	50087
      1	50096
      1	50161
      1	50216
      3	50366
      1	50386
      1	50419
      1	50439
      1	50470
      3	50565
      1	50611
      1	50613
      1	50646
      2	50692
      1	50720
      3	50870
      2	51042
      1	51056
      1	51124
      4	51169
      2	51325
      2	51354
      1	51392
      1	51394
      1	51434
      1	51473
      1	51475
      1	51493
      2	51587
      1	51588
      1	51686
      1	51809
      1	51813
      5	51822
      1	51888
      1	51899
      1	51920
      7	51959
      2	52034
      2	52115
      1	52121
      1	52178
      1	52181
      2	52224
      2	52311
      1	52323
      1	52405
      1	52414
      1	52441
      1	52464
      1	52485
      1	52524
      1	52603
      2	52687
      1	52720
      1	52801
      1	52811
      1	52830
      1	53004
      2	53007
      1	53014
      1	53098
      2	53146
      1	53205
      2	53209
      2	53222
      2	53349
      1	53420
      1	53475
      1	53517
      1	53590
      1	53648
      1	53743
      1	53946
      1	53951
      1	53965
      1	54032
      1	54059
      1	54101
      1	54148
      1	54200
      1	54232
      1	54280
      1	54307
      4	54370
      4	54446
      1	54458
      1	54472
      1	54474
      2	54508
      1	54608
      1	54698
      1	54704
      1	54720
      1	54787
      1	54837
      1	54846
      2	54889
      1	54894
      1	55174
      1	55207
      1	55217
      2	55237
      2	55325
      1	55345
      1	55416
      1	55418
      1	55449
     10	55460
      1	55508
      1	55531
      1	55534
      1	55565
      2	55587
      1	55592
      1	55645
      1	55660
      2	55674
      1	55676
      1	55716
      2	55727
      1	55746
      2	55749
      1	55796
      1	55818
      1	55872
      1	55920
      1	55935
      1	55972
      2	55998
      6	56008
      1	56028
      1	56064
      5	56094
      1	56097
      1	56179
      4	56187
      1	56201
      2	56266
      1	56287
      1	56381
      2	56533
      1	56583
      1	56614
      5	56647
      1	56657
      1	56802
      1	56890
      6	57064
      5	57074
      1	57119
      1	57133
      4	57144
      1	57190
      3	57218
      2	57311
      1	57394
      1	57401
      1	57420
      1	57459
      1	57528
      1	57540
      1	57586
      1	57600
      1	57631
      1	57941
      1	57951
      1	58037
      3	58140
      1	58216
      1	58240
      1	58281
      1	58326
      1	58403
      1	58454
      1	58468
      3	58478
      1	58527
      1	58554
      2	58566
      1	58712
      1	58722
      1	58732
      1	58795
      2	58805
      1	58860
      2	58887
      1	58947
      4	58968
      2	59001
      1	59010
      1	59034
      1	59049
      1	59089
      1	59096
      1	59178
      1	59262
      4	59352
      1	59369
      1	59407
      1	59581
      1	59607
      1	59675
      1	59720
      1	59858
      4	59867
      1	59923
      1	59972
      1	60120
      1	60278
     17	60284
      1	60312
      1	60387
      1	60519
      1	60538
      1	60734
      1	60773
      1	60775
      1	60814
      1	60949
      1	61131
      2	61191
      1	61230
      1	61234
      1	61250
      2	61261
      1	61282
      1	61300
      1	61309
      8	61362
      1	61366
     18	61445
      1	61602
      1	61698
      1	61783
      1	61837
      1	61843
      1	61891
      3	61959
      1	62019
      1	62023
      1	62026
      1	62040
      1	62042
      2	62053
      1	62095
      3	62098
      3	62108
      2	62183
     10	62184
      2	62189
      1	62193
      1	62194
      1	62231
      1	62237
      1	62266
      1	62272
      1	62318
      1	62332
      1	62427
      1	62471
      1	62494
      3	62534
      1	62536
      1	62599
      2	62610
      1	62615
      1	62624
      8	62650
      2	62664
      1	62747
      2	62761
      1	62776
      1	62846
      1	62849
      1	62930
      1	62956
      1	63047
      1	63094
      1	63097
      1	63105
      1	63198
      1	63221
      1	63248
      6	63363
      1	63368
      2	63409
      1	63430
      1	63498
      1	63522
      2	63554
      3	63696
      2	63734
      1	63743
      2	63807
      1	63824
      1	63881
      1	63889
      1	63992
      1	64043
      1	64062
      3	64129
      1	64155
      1	64208
      1	64234
      1	64325
      1	64340
      1	64424
      2	64485
      2	64530
      6	64552
      1	64625
      1	64657
      5	64876
      1	64899
      1	64951
      1	65042
      1	65145
      1	65195
      1	65206
      2	65272
      1	65277
      1	65372
      2	65401
      1	65518
