      3	162
      1	188
      1	223
      1	512
      1	735
      1	823
      2	865
      1	1079
      1	1130
      1	1173
      1	1261
      1	1471
      1	1514
      1	1616
      1	1673
      1	1761
      1	1818
      1	2020
      2	2087
      1	2131
      1	2361
      1	2452
      1	2471
      1	2474
      1	2700
      1	2819
      1	2916
      1	3005
      1	3058
      1	3486
      1	3499
      1	3553
      3	3745
      1	3995
      1	4106
      1	4187
      2	4286
      1	4485
      1	4663
      1	4664
      1	4732
      2	4780
      1	4804
      2	4926
      1	5033
      1	5135
      1	5222
      1	5640
      1	5770
      3	5819
      1	5874
      1	5957
      3	6073
      1	6128
      1	6174
      1	6518
      1	6583
      1	6700
      1	6980
      1	7403
      1	7466
      1	7646
      1	7770
      2	7798
      4	8172
      1	8332
      2	8782
      1	8812
      1	8853
      1	9143
      1	9152
      1	9162
      2	9182
      1	9211
      2	9304
      1	9414
      1	9501
      1	9900
      1	9960
      2	10026
      1	10122
      1	10245
      1	10314
      1	10389
      1	10520
      1	10607
      2	10724
      1	10744
      2	10950
      2	11090
      1	11296
      1	11535
     14	11584
      1	11964
      1	11965
      1	11986
      1	12005
      1	12334
      1	12394
      1	12397
      2	12405
      1	12435
      2	12447
      1	12507
      3	12684
      1	12743
      1	12860
      1	12915
      1	12952
      2	13008
      1	13024
      9	13118
      1	13252
      1	13453
      1	13653
      1	13672
      1	13678
      1	13738
      1	13783
      1	13806
      1	13926
      1	14128
      1	14177
      1	14352
      2	14385
      1	14540
      1	14619
      1	14626
      1	14793
      1	14989
      1	15397
      1	15399
      1	15458
      1	15566
      1	15889
      1	15923
      1	15951
      1	15985
      1	16007
      1	16188
      1	16368
      1	16554
      2	16648
      1	16754
      3	17027
      1	17131
      1	17164
      1	17225
      1	17267
      2	17315
      2	17338
      1	17763
      1	17895
      1	17916
      1	18219
      1	18636
      3	19016
      1	19051
      1	19138
      1	19215
      1	19513
      2	19622
      2	19904
      1	20084
      1	20206
      1	20267
      1	20390
      1	20658
      1	20683
      3	20800
      3	20926
      2	21079
      1	21082
      1	21129
      1	21180
      1	21276
      1	21357
      1	21393
      1	21483
      1	21623
      1	21626
      1	21864
      2	21877
      1	21933
      1	22071
      1	22098
      1	22188
      2	22206
      1	22384
      1	22440
      1	22670
      1	22814
      1	22970
      1	23006
      1	23166
      1	23320
      1	23412
      2	23435
      1	23914
      2	24068
      2	24111
      1	24234
      1	24334
      1	24458
      1	24672
      1	24807
      1	24990
      1	25247
      1	25398
      1	25527
      2	25620
      1	25683
      1	25689
      2	25695
      1	25944
      1	25985
      7	26111
      1	26641
      2	26739
      3	26777
      1	26818
      1	26824
      1	27021
      1	27231
      2	27263
      3	27286
      1	27357
      1	27382
      1	27519
      1	27724
      2	27991
      1	28293
      1	28365
      2	28440
      1	28461
      1	28522
      1	28665
      1	28766
      1	28879
      4	29025
      2	29103
      1	29227
      1	29311
      1	30313
      1	30426
      1	30450
      2	30578
      3	30590
      1	30595
      1	30613
      1	30718
      2	30724
      1	31000
      1	31025
      1	31153
      1	31254
      1	31360
      1	31654
      1	32129
      1	32148
      1	32208
      2	32224
      5	32266
      1	32345
      1	32415
      1	32456
      1	32515
      1	32621
      1	32653
      1	32665
      1	32674
      2	32735
      1	32871
      1	32916
      3	33074
      1	33584
      1	33630
      1	34035
      2	34042
      1	34205
      1	34303
      1	34374
      2	34479
      1	34588
      1	34763
      1	34816
      1	34962
      1	34990
      1	35021
      1	35117
      1	35591
      1	35671
      1	35717
      1	36062
      1	36129
      1	36246
      1	36395
      2	36438
      1	36443
      5	36838
      1	37042
      1	37124
      1	37493
      1	37598
      1	37617
      2	37784
      1	37850
      1	37980
      1	38164
      1	38468
      1	38480
      1	38520
      1	38611
      1	38874
      1	38916
      1	39176
      1	39436
      1	39443
      1	39460
      1	39515
      1	39770
      1	39807
      3	40080
      1	40170
      1	40473
      1	40527
      3	40661
      1	40667
      1	40733
      1	40758
      1	40819
      1	41284
      4	41333
      1	41363
      1	41427
      1	41537
      1	41760
      1	42008
      1	42408
      1	42536
      1	43157
      1	43194
      2	43339
      1	43531
      1	43653
      4	43832
      1	43897
      1	43995
      1	44078
      1	44094
      1	44252
      1	44291
      1	44329
      1	44410
      1	44570
      2	44666
      1	44691
      1	44703
      1	44716
      1	44724
      1	44759
      1	44896
      1	44912
      1	45018
      1	45086
      1	45276
      1	45380
      2	45464
      1	45671
      1	45706
      1	45758
      1	45998
      1	46028
      1	46075
      3	46077
      2	46145
      1	46372
      2	46536
      2	46680
      1	47291
      2	47312
      1	47396
      1	47877
      1	47982
      1	48086
      4	48127
      1	48279
      1	48322
      2	48354
      1	48368
      1	48390
      1	48413
      1	48473
      1	48997
      1	49362
      1	49785
      1	49926
      2	49966
      1	50083
      1	50717
      1	50940
      1	51325
      1	51394
      2	51822
      1	51948
      2	52092
      1	52112
      1	52794
      1	52914
      1	53220
      1	53479
      1	53552
      1	53837
      1	53846
      1	54027
      1	54345
      1	54507
      1	54565
      1	54632
      1	54699
      1	54751
      1	54770
      1	54916
      2	54995
      1	55099
      1	55217
      2	55460
      1	55587
      1	55667
      1	55676
      2	55818
      1	55844
      1	55920
      1	55944
      1	56027
      1	56052
      1	56105
      2	56187
      1	56487
      1	56940
      1	57226
      1	57234
      1	57449
      1	57459
      1	57566
      1	57594
      1	57630
      1	57743
      1	57751
      4	57843
      1	57994
      1	58002
      1	58735
      1	58814
      1	58815
      1	58880
      4	58887
      1	58908
      1	59049
      1	59208
      1	59215
      1	59570
      1	59612
      1	59720
      1	59758
      2	59778
      1	59787
      1	59788
      1	60312
      1	60428
      1	60454
      1	60499
      1	60862
      1	60900
      1	61205
      2	61230
      1	61261
      1	61277
      1	61638
      1	61698
      3	61734
      1	61772
      1	62053
      1	62114
      2	62183
      1	62650
      1	62809
      1	63107
      1	63134
      1	63291
      1	63409
      1	63430
      3	63807
      1	63918
      2	63987
      1	64195
      1	64304
      1	64496
      4	64530
      2	64539
      3	64637
      1	64750
      1	64766
      2	65004
      1	65082
      1	65101
      1	65206
      1	65381
