     12	91
      3	531
      2	1505
      3	1857
      1	2093
      1	2169
      1	2338
      2	2475
      2	2849
      2	3351
      4	3720
      1	3774
      1	3798
      1	4008
      1	4046
      2	4336
      1	4442
      8	4848
      2	5367
      1	5476
      1	5541
      1	5613
      1	5622
      1	5682
      1	5736
      2	6156
      3	6622
      1	6748
      1	7013
      1	7359
      1	7457
      1	8156
      4	8944
      2	9324
      1	9610
      1	9716
      1	9776
      1	9832
      1	9900
      1	10022
      1	10813
      4	11071
      1	11230
      1	12375
      1	12814
      1	13423
      1	14819
      1	14986
      1	15021
      4	15282
      1	15557
      2	15619
      1	15650
      1	15661
      1	16801
      1	17465
      1	17510
      2	18160
      3	18333
      2	18504
      5	18590
      1	18808
      1	19198
      4	19255
      1	19534
      1	19745
      3	19762
      5	20361
      1	20683
      1	21163
      1	21198
      1	21285
      1	21742
      1	22211
      1	22623
      1	22761
      1	23643
      1	23673
      1	23680
      1	23852
      1	23925
      1	24771
      1	24990
      1	25585
      5	26135
      2	26161
      1	26176
      1	26296
      1	26470
      2	26613
      2	26909
      1	26949
      1	27051
      1	27901
      1	28283
      1	28490
      1	28580
      1	28967
     10	30167
      1	30877
      5	31256
      1	32674
      1	33708
      1	33916
      2	33991
      1	34580
      1	34902
      2	35545
      1	35641
      1	35717
      1	35814
      1	36111
      1	36441
      1	37367
      1	37414
      2	37638
      1	37709
      1	37836
      1	37892
      1	38007
      1	38045
      1	38295
      1	38681
      1	38867
      2	39184
      1	40477
      1	41032
      1	41574
      1	42161
      1	42409
      1	42686
      1	42770
      1	43169
      1	43225
      1	43603
      2	44228
      1	44489
      1	44884
      1	45427
      1	45464
      1	46596
      1	47295
      3	47597
      1	47838
      5	48273
      1	48705
      1	49314
      1	50049
      1	50370
      1	50401
      2	50499
      1	50503
      1	50584
      2	51044
      1	51354
      3	51816
      1	52926
      1	53276
      2	53707
      1	53996
      1	54007
      1	54766
      2	54834
      1	55172
      1	56144
      1	56404
      1	56483
      2	57374
      1	57767
      1	57951
      1	58729
      1	58735
      2	59089
      1	59293
      1	59580
      1	59938
      1	60002
      3	61054
      3	61121
      2	61289
      1	61773
      2	61872
      1	61994
      1	62384
      1	62664
      2	62761
      2	62871
      1	62927
      1	63381
      2	63743
      3	64908
      1	65444
