      8	11
      1	64
      1	157
      1	162
      1	202
      2	263
      1	334
      1	381
      1	508
      1	531
      1	593
      1	598
      1	607
      1	623
      1	696
      1	786
      2	792
      1	793
      3	798
      1	830
      1	920
      1	931
      1	952
      3	959
      1	1046
      1	1136
      1	1142
      1	1149
      1	1190
      1	1232
      1	1341
      1	1373
      1	1471
      3	1486
      2	1505
      1	1662
      1	1687
      1	1704
      1	1752
      1	1777
      1	1787
      1	1805
      1	1841
      1	1857
      3	1918
      1	1927
      1	1934
      1	1991
      1	2041
      1	2147
      1	2172
      1	2184
      1	2281
      1	2349
      1	2365
      1	2400
      1	2431
      1	2481
      1	2504
      2	2509
      7	2640
      1	2700
      1	2715
      1	2827
      2	2836
      1	2872
      1	2900
      1	2913
      1	3000
      1	3001
      1	3014
      1	3140
      1	3143
      1	3189
      1	3332
      1	3378
      1	3410
      1	3434
      1	3524
      2	3564
      1	3650
      1	3669
      1	3681
      1	3695
      1	3745
      1	3763
      1	3770
      1	3774
      1	3792
      2	3793
      1	3838
      1	3849
      1	3932
      1	3964
      1	4088
      1	4152
      1	4184
      2	4211
      1	4216
      1	4254
      1	4275
      1	4323
      2	4326
      3	4336
      2	4372
      1	4488
      2	4489
      1	4567
      1	4586
      1	4604
      1	4671
      1	4683
     12	4720
      2	4790
      1	4964
      1	4985
      1	4993
      1	4995
      1	5271
      1	5310
      2	5389
      2	5424
      1	5445
      2	5588
      1	5595
      1	5598
      1	5620
      1	5645
      1	5720
      1	5846
      1	5852
      1	5888
      1	5918
      2	5943
      2	5949
      2	6012
      1	6126
      1	6183
      2	6197
      1	6242
      1	6274
      1	6357
      1	6377
      1	6417
      4	6486
      1	6497
      1	6502
      1	6518
      2	6523
      2	6575
      1	6586
      1	6603
      1	6614
      1	6628
      1	6677
      1	6700
      1	6710
      2	6711
      1	6776
      3	6787
      2	6806
      1	6908
      1	6915
      1	7060
      1	7125
      1	7166
      1	7192
      1	7206
      1	7217
      1	7313
      1	7350
      1	7356
      1	7359
      2	7377
      1	7386
      2	7403
      1	7466
      1	7565
      1	7586
      1	7587
      1	7594
      1	7611
      2	7832
      1	7896
      1	7967
      1	7981
      1	8000
      1	8011
      3	8051
      2	8054
      1	8109
      2	8183
      1	8216
      1	8290
      1	8291
      1	8341
      1	8365
      1	8399
      1	8415
      1	8437
      1	8463
      1	8582
      1	8630
      2	8667
      1	8681
      1	8718
      1	8817
      1	8895
      1	8934
      2	8962
      1	8977
      1	8983
      1	9011
      1	9119
      1	9188
      1	9225
      1	9240
      4	9317
      1	9359
      2	9496
      1	9556
      1	9585
      1	9653
      1	9684
      1	9794
      1	9868
      1	9884
      1	10119
      1	10275
      1	10345
      1	10378
      2	10456
      1	10477
      1	10515
      2	10557
      1	10595
      1	10674
      1	10694
      1	10724
      2	10762
      1	10780
      1	10839
      1	10866
      1	10889
      1	10893
      1	11065
      1	11091
      1	11103
      2	11124
      1	11231
      2	11297
      1	11312
      1	11364
      1	11382
      1	11395
      1	11398
      1	11495
      1	11501
      1	11525
      1	11634
      1	11652
      1	11676
      1	11678
      1	11795
      1	11829
      1	11837
      2	11890
      1	11920
      1	11979
      3	12028
      1	12044
      1	12059
      1	12116
      1	12163
      1	12205
     40	12290
      3	12294
      1	12339
      1	12364
      1	12386
      1	12447
      2	12472
      1	12505
      1	12535
      1	12584
      1	12585
      9	12684
      1	12691
      1	12814
      2	12845
      1	12909
      1	12910
      1	12936
      1	12960
      5	12998
      1	13088
      1	13218
      1	13235
      2	13273
      1	13282
      2	13333
      1	13335
      1	13490
      5	13653
      1	13672
      2	13682
      1	13713
      1	13733
      1	13970
      1	13974
      1	14016
      2	14032
     11	14053
      1	14128
      4	14156
      2	14184
      1	14213
      1	14276
      1	14381
      1	14400
      1	14410
      1	14478
      1	14540
      1	14553
      2	14800
      2	14829
      2	14872
      1	15018
      2	15029
      1	15058
      1	15103
      1	15147
      1	15178
      1	15234
      1	15293
      1	15355
      1	15357
      1	15397
      2	15451
      1	15530
      1	15619
      2	15661
      2	15684
      1	15779
      1	15818
      1	15847
      1	15939
      2	15985
      1	16007
      1	16029
      1	16076
      1	16110
      1	16132
      1	16153
      1	16181
      1	16199
      2	16241
      1	16287
      1	16306
      1	16412
      4	16465
      2	16503
      1	16514
      1	16594
      3	16620
      1	16628
      1	16648
      2	16715
      1	16725
      2	16738
      1	16771
      1	16862
      1	16902
      2	16969
      1	16982
      1	17054
      1	17115
      2	17126
      1	17138
      1	17198
      2	17220
      9	17225
      1	17267
      1	17314
      1	17331
      2	17343
      2	17352
      1	17401
      1	17414
      1	17434
      1	17470
      2	17485
      1	17493
      1	17545
      2	17613
      1	17624
      1	17631
      1	17643
      1	17705
      1	17757
      1	17771
      1	17773
      1	17807
      1	17959
      1	17964
      4	17975
      1	17982
      1	18041
      2	18044
      1	18055
      1	18094
      1	18109
      1	18114
      1	18279
      1	18304
      1	18312
      1	18329
      1	18352
      1	18444
      1	18464
      2	18551
      1	18616
      1	18724
      1	18761
      1	18814
      5	18842
      1	18865
      1	18976
      1	19016
      1	19025
      2	19138
      1	19152
      1	19171
      1	19243
      1	19285
      1	19305
      1	19354
      3	19543
      1	19586
      1	19603
      1	19633
      1	19678
      1	19711
      1	19762
      1	19790
      1	19794
      2	19816
      2	19831
      1	19904
      1	19947
      1	19948
      1	19975
      1	19976
      1	20023
      1	20172
      2	20191
      1	20267
      1	20268
      2	20322
      1	20323
      1	20333
      1	20358
      1	20375
      2	20506
      1	20546
      1	20612
      1	20690
      1	20943
      1	20955
      1	21046
      3	21049
      2	21060
      1	21089
      1	21110
      2	21152
      2	21162
      1	21183
      1	21253
      1	21284
      1	21285
      1	21297
      1	21303
      3	21342
      1	21352
      1	21364
      1	21374
      1	21380
      2	21463
      1	21488
      1	21517
      1	21605
      1	21643
      1	21699
      2	21720
      4	21766
      1	21831
      1	21838
      1	21909
      2	21915
      9	21931
      1	22043
      1	22096
      3	22185
      7	22204
      1	22230
      1	22240
      2	22417
      1	22486
      1	22563
      2	22601
      1	22623
      1	22626
      1	22661
      1	22807
      1	22823
      1	22861
      2	22888
      5	22915
      1	22948
      1	22970
      1	23052
      1	23114
      1	23138
      1	23180
      1	23217
      6	23228
      1	23248
      1	23255
      1	23309
      1	23368
      1	23410
      1	23418
      1	23494
      2	23498
      1	23566
      1	23594
      1	23621
      1	23653
      1	23720
      1	23751
      4	23815
      1	23972
      1	24018
      1	24049
      3	24125
      2	24149
      2	24265
      1	24289
      1	24338
      1	24345
      2	24347
      1	24356
      1	24469
      1	24480
      1	24506
      1	24507
      1	24511
      1	24522
      1	24589
      1	24640
      1	24656
      2	24742
      1	24758
      1	24767
      1	24794
      1	24840
      1	24841
      1	24963
      1	25004
      1	25061
      1	25062
      2	25175
      1	25198
      1	25289
      1	25295
      2	25366
      1	25516
      1	25552
      2	25556
      1	25563
      1	25566
      1	25607
      1	25666
      1	25689
      1	25695
      1	25743
      1	25753
      1	25797
      1	25837
      1	25946
      1	26033
      1	26126
      1	26135
      1	26296
      1	26345
      1	26381
      1	26435
      1	26445
      2	26453
      1	26458
      1	26503
      1	26509
      1	26531
      1	26543
      1	26549
      3	26583
      1	26608
      1	26621
      1	26635
      2	26679
      1	26772
      2	26777
      1	26791
      1	26826
      1	26888
      1	26917
      1	26947
      2	27030
      1	27104
      1	27151
      1	27197
      1	27245
      1	27257
      1	27331
     11	27469
      1	27485
      1	27618
      1	27686
      3	27750
      1	27766
      1	27773
      1	27824
      1	27828
      1	27834
      1	27917
      1	27938
      2	27965
      1	27982
      4	28008
      2	28241
      1	28266
      1	28270
      1	28355
      1	28426
      1	28536
      1	28550
      2	28615
      1	28809
      4	28824
      1	28838
      1	28991
      1	28995
      1	29012
      2	29090
      1	29094
      1	29224
      2	29235
      1	29316
      1	29325
      1	29347
      3	29372
      1	29373
      1	29377
      2	29383
      1	29544
      1	29575
      1	29596
      1	29607
      2	29714
      2	29789
      1	29887
      1	29892
      2	30075
      3	30134
      1	30178
      1	30248
      1	30297
      2	30422
      2	30425
      7	30443
      1	30487
      1	30590
      1	30637
      1	30742
      1	30824
      1	30843
      1	30857
      1	30941
      5	31006
      1	31051
      2	31088
      1	31105
      2	31160
      1	31226
      1	31244
      1	31256
      1	31272
      1	31360
      1	31364
      1	31376
      1	31381
      2	31386
      1	31387
      1	31397
      1	31435
      1	31455
      2	31522
      1	31535
      1	31543
      6	31562
      1	31588
      1	31606
      3	31615
      1	31653
      1	31797
      1	31859
      1	31896
      4	31915
      1	31941
      2	32055
      1	32095
      1	32099
      1	32156
      1	32262
      2	32288
      1	32342
      1	32389
      1	32405
      1	32441
      1	32494
      1	32520
      2	32587
      1	32621
      1	32639
      1	32654
      1	32717
      2	32743
      1	32844
      1	32863
      1	32893
      1	32978
      1	33013
      1	33057
      2	33064
      3	33065
      1	33097
      3	33100
      1	33113
      1	33129
      2	33175
      1	33196
      1	33201
      2	33217
      1	33229
      1	33313
      1	33367
      1	33444
      1	33494
      2	33562
      1	33577
      1	33756
      1	33758
      1	33779
      1	33869
      1	33921
      1	34010
      1	34013
      1	34098
      2	34104
      1	34164
      1	34165
      1	34189
      1	34264
      1	34279
      2	34395
      1	34439
      1	34460
      1	34505
      2	34516
      1	34536
      2	34543
      1	34601
      1	34608
      1	34743
      1	34761
      1	34775
      1	34827
      1	34836
      1	34951
      1	34972
      1	35035
      2	35051
      2	35056
      1	35085
      2	35220
      6	35223
      1	35378
      1	35419
      1	35522
      2	35528
      1	35625
      1	35644
      1	35744
      1	35748
      4	35782
      1	36031
      1	36053
      1	36056
      2	36080
      1	36084
      1	36098
      1	36107
      1	36174
      1	36265
      1	36388
      1	36405
      1	36427
      1	36518
      1	36548
      1	36553
      3	36559
      1	36611
      1	36612
      1	36633
      1	36775
      1	36780
      1	36795
      1	36811
      1	36855
      2	36860
      1	36881
      1	36901
      1	36945
      2	36950
      1	36971
      1	37087
      1	37103
      2	37213
      1	37243
      1	37260
      1	37276
      2	37407
      1	37432
      1	37460
      1	37465
      1	37493
      2	37565
      1	37573
      1	37640
      2	37661
      1	37760
      1	37782
      2	37790
      2	37819
      1	37829
      1	37836
      1	37900
      1	38007
      1	38023
      1	38050
      1	38058
      2	38138
      2	38163
      1	38184
      1	38294
      1	38311
      1	38347
      1	38427
      1	38444
      1	38516
      1	38549
      1	38652
      3	38673
      1	38677
      1	38704
      1	38787
      1	38831
      1	38854
      1	38859
      1	38932
      1	39002
      1	39024
      2	39124
      2	39127
      3	39214
      1	39217
      3	39265
      1	39277
      1	39294
      1	39348
      1	39372
      1	39400
      1	39404
      2	39410
      1	39440
      1	39483
      1	39581
      1	39648
      2	39702
      1	39727
      1	39804
      1	39882
      1	39920
      1	39988
      1	40047
      1	40057
      1	40085
      1	40128
      1	40251
      1	40269
      1	40354
      1	40389
      1	40405
      1	40542
      1	40662
      1	40713
      1	40732
      1	40813
      1	40855
      1	40891
      1	40950
      1	40964
      2	40991
      1	41022
      1	41068
      1	41082
      1	41108
      1	41129
      1	41155
      1	41202
      1	41216
      1	41218
      1	41222
      1	41234
      2	41283
      2	41329
      1	41347
      1	41438
      2	41473
      1	41478
      1	41604
      1	41656
      1	41718
      1	41724
      1	41764
      4	41771
      3	41774
      1	41794
      2	41804
      1	41823
      1	41865
      2	41892
      1	41988
      1	42002
      9	42036
      1	42059
      1	42065
      1	42235
      1	42242
      1	42247
      1	42372
      1	42394
      2	42418
      2	42525
      4	42696
      1	42699
      1	42797
      1	42802
      1	42836
      1	42888
      1	43024
      1	43039
      1	43103
      1	43162
      1	43168
      1	43187
      1	43214
      1	43278
      1	43385
      1	43388
      1	43415
      3	43472
      1	43501
      1	43503
      1	43538
      3	43603
      1	43691
      1	43700
      1	43731
      2	43763
      1	43764
      1	43861
      1	44004
      1	44046
      1	44103
      1	44153
      1	44329
      1	44335
      2	44345
      1	44425
      1	44481
      1	44675
      2	44691
      1	44702
      2	44830
      1	44896
      1	44966
      1	45015
      9	45061
      1	45094
      2	45141
      1	45160
      1	45162
      1	45180
      1	45248
      1	45255
      2	45263
      1	45266
      1	45289
      1	45292
      1	45298
      1	45307
      1	45345
      1	45368
      1	45449
      1	45466
      1	45506
      1	45586
      3	45643
      1	45645
      1	45655
      1	45703
      2	45780
      2	45792
      1	45808
      1	45844
      1	45847
      1	45869
      1	45930
      1	45958
      2	45977
      1	46033
      1	46070
      1	46123
      1	46136
      1	46184
      1	46319
      1	46330
      1	46372
      1	46488
      1	46492
      1	46541
      1	46647
      3	46652
      3	46745
      1	46770
      1	46784
      1	46880
      1	46902
      2	47102
      1	47124
      2	47186
      1	47194
      1	47224
      1	47305
      1	47351
      1	47380
      1	47486
      1	47597
      1	47611
      1	47634
      1	47668
      1	47696
      1	47741
      1	47796
      1	47899
      2	47962
      1	47985
      1	48053
      1	48055
      1	48115
      1	48139
      1	48146
      1	48308
      1	48354
      1	48448
      2	48513
      1	48533
      1	48561
      1	48569
      1	48586
      1	48598
      1	48639
      1	48690
      1	48714
      4	48733
      2	48742
      1	48860
      1	48924
      1	48933
      1	48984
      1	48993
      1	49073
      1	49083
      1	49107
      1	49182
      1	49191
      1	49218
      1	49247
      1	49282
      1	49305
      1	49361
      1	49382
      1	49383
      1	49452
      1	49453
      1	49454
      1	49458
      1	49481
      4	49538
      8	49549
      1	49598
      1	49646
      1	49752
      1	49885
      1	49907
      1	50041
      2	50095
      1	50214
      2	50216
      1	50269
      1	50313
      1	50394
      1	50439
      1	50442
      2	50477
      1	50580
      1	50621
      1	50660
      1	50756
      1	50829
      2	50834
      1	50978
      1	51021
      1	51034
      2	51061
      1	51073
      1	51184
      1	51203
      2	51206
      1	51214
      1	51482
      2	51617
      1	51662
      2	51708
      1	51835
      2	51841
      1	51895
      1	51899
      1	51908
      1	51935
      1	52020
      1	52045
      3	52154
      1	52186
      1	52232
      1	52243
      2	52261
      1	52300
      1	52304
      1	52344
      2	52363
      4	52370
      1	52398
      1	52457
      1	52477
      2	52496
      1	52633
      1	52660
      1	52742
      1	52754
      1	52838
      1	52851
      1	52871
      1	52917
      1	52918
      1	53071
      1	53147
      1	53235
      1	53243
      1	53276
      1	53282
      2	53284
      1	53368
      1	53400
      1	53441
      1	53454
      2	53462
      1	53479
      1	53511
      2	53624
      1	53645
      1	53649
      1	53733
      1	53771
      1	53794
      1	53820
      1	53866
      1	53923
      1	53976
      1	53996
      1	54007
      1	54024
      1	54132
      1	54147
      1	54154
      2	54159
     10	54204
      1	54293
      1	54393
      1	54395
      1	54513
      1	54529
      1	54655
      2	54662
      2	54733
      1	54786
      1	54855
      1	54947
      1	55023
      1	55054
      1	55118
      1	55219
      1	55276
      1	55285
      1	55345
      1	55390
      1	55410
      1	55411
      2	55418
      1	55429
     11	55486
      1	55498
      2	55592
      2	55609
      1	55676
      1	55686
      1	55704
      1	55721
      1	55842
      1	55894
      1	55899
      1	55908
      2	55919
      2	55998
      2	56014
      4	56039
      6	56084
      3	56113
      5	56133
      1	56151
      1	56323
      1	56334
      1	56347
      2	56423
      1	56489
      1	56514
      1	56590
      1	56657
      1	56663
      1	56670
      4	56693
      1	56823
      1	56923
      1	56990
      1	57012
      2	57133
      1	57144
      1	57152
      1	57177
      1	57299
      2	57332
      1	57420
      1	57525
      1	57559
      1	57566
      1	57575
      1	57579
      1	57634
      1	57650
      1	57691
      1	57750
      1	57800
      3	57870
      1	57896
      1	57905
      1	57913
      1	57944
      1	57953
      2	58009
      1	58097
      1	58099
      3	58188
      1	58212
      1	58299
      1	58323
      1	58352
      1	58447
      1	58466
      1	58468
      4	58488
      1	58496
      1	58555
      1	58575
      1	58580
      1	58598
      1	58631
      1	58679
      2	58735
      1	58835
      1	58845
      1	58895
      1	58929
      1	59010
      1	59080
      1	59110
      1	59165
      1	59222
      1	59255
      1	59286
      1	59297
      1	59382
      1	59407
      4	59423
      1	59440
      1	59571
      1	59628
      3	59660
      1	59800
      1	59834
      2	59973
      1	60000
      3	60023
      1	60071
      1	60131
      1	60155
      2	60244
      2	60260
      1	60295
      1	60312
      1	60367
      1	60370
      1	60403
      3	60416
      1	60434
      1	60449
      1	60501
      1	60536
      1	60537
      1	60542
      2	60557
      1	60572
      1	60599
      1	60631
      1	60677
      1	60706
      1	60708
      1	60738
      1	60796
      1	60803
      1	60846
      1	60852
      2	60898
      1	60997
      2	61009
      1	61050
      1	61111
      3	61147
      1	61171
      1	61191
      1	61193
      5	61261
      1	61632
      1	61641
      1	61664
      1	61665
      1	61734
      1	61839
      1	61857
      1	62006
      1	62030
      1	62041
      1	62043
      1	62071
      1	62084
      3	62107
      1	62145
      1	62183
      1	62305
      1	62340
      1	62374
      1	62435
      1	62664
      1	62668
      1	62680
      1	62682
      1	62754
      6	62780
      1	62828
      1	62849
      1	62882
      1	62901
      2	63139
      1	63171
      1	63249
      1	63300
      1	63301
      1	63384
      1	63497
      5	63684
      1	63748
      1	63789
      1	63827
      2	63976
      3	63987
      1	64032
      2	64043
      1	64065
      1	64120
      1	64205
      1	64278
      1	64399
      1	64403
      1	64424
      1	64446
      1	64470
      1	64472
      1	64482
      1	64515
      1	64552
      1	64581
      1	64637
      1	64657
      1	64670
     12	64682
      1	64760
      1	64808
      1	64809
      1	64837
      1	64873
      1	64908
      1	64938
      1	64990
      1	65023
      1	65046
      1	65067
      1	65093
      2	65099
      1	65125
      1	65150
      1	65176
      3	65215
      1	65235
      1	65258
      1	65271
      3	65285
      1	65328
      1	65360
      3	65469
      3	65492
