      1	11
      3	24
      2	70
      1	74
      1	162
      1	171
      1	175
      3	182
      1	202
      2	235
      1	236
      1	362
      1	432
      1	462
      1	476
      1	488
      2	538
      1	575
      1	664
      1	671
      1	683
      2	713
      1	720
      1	754
      1	759
      1	775
      1	779
      1	793
      2	813
      4	845
      1	858
      1	863
      1	904
      1	967
      1	1081
      5	1190
      1	1250
      1	1253
      1	1284
      1	1285
      1	1359
      1	1362
      1	1386
      2	1389
      1	1424
      1	1488
      1	1504
      1	1552
      2	1558
      1	1586
      1	1588
      1	1616
      1	1681
      1	1699
      1	1702
      1	1802
      1	1813
      1	1824
      1	1861
      1	1911
      2	1918
      1	1977
      1	1981
      1	1993
      2	2020
      3	2051
      1	2057
      1	2077
      2	2093
      1	2147
      7	2206
      4	2222
      1	2270
      2	2271
      1	2299
      1	2325
      1	2342
      1	2407
      1	2563
      1	2589
      1	2612
      1	2613
      1	2688
      2	2726
      1	2730
      1	2743
      1	2767
      1	2849
      2	2872
      1	2885
      2	2948
      2	2983
      1	2987
      1	2992
      2	3026
      7	3045
      1	3060
      1	3063
      1	3168
      2	3227
      1	3247
      1	3286
      2	3307
      1	3358
      2	3392
      1	3450
      2	3466
      1	3486
      1	3558
      1	3612
      2	3622
      2	3636
      1	3651
      1	3708
      1	3709
      1	3797
      1	3817
      1	3821
      1	3881
      3	3922
      2	3958
      2	4064
      1	4106
      3	4109
      2	4211
      1	4262
      1	4300
      3	4318
      2	4348
      2	4349
      3	4368
      1	4382
      1	4404
      1	4442
      1	4456
      1	4536
      1	4563
      2	4581
      1	4609
      1	4617
      1	4651
      2	4666
      1	4678
      1	4720
      1	4803
      1	4845
      1	4901
      2	4931
      4	4935
      2	4956
      1	4969
      1	4976
      2	4993
      1	5011
      1	5026
      1	5128
      1	5141
      1	5142
     15	5161
      1	5166
      1	5208
      2	5271
      1	5287
      5	5291
      1	5510
      1	5532
      1	5571
      2	5622
      3	5636
      1	5640
      3	5650
      1	5858
      1	5931
      1	5943
      1	5963
      1	5981
      1	5998
      1	6031
      1	6101
      1	6172
      1	6175
      1	6177
      2	6180
      2	6226
      1	6229
      1	6230
      1	6239
      1	6274
      4	6338
      1	6443
      1	6486
      1	6494
      6	6497
      1	6613
      1	6677
      1	6725
      2	6727
      2	6794
      3	6821
      1	6833
      1	6918
      3	6937
      1	6945
      1	6947
      1	6969
      2	6971
      1	6980
      1	7037
      2	7041
      1	7109
      1	7145
      1	7153
      1	7170
      1	7195
      1	7203
      1	7222
      4	7245
      1	7267
      1	7289
      1	7300
      1	7349
      1	7372
      1	7407
      1	7496
      2	7513
      1	7544
      1	7586
      2	7600
      2	7615
      1	7620
      1	7626
      3	7651
      1	7680
      1	7682
      1	7688
      5	7734
     87	7817
      1	7827
      1	7942
      1	7969
      1	7992
      1	8054
      1	8103
      1	8129
      2	8141
      1	8150
      1	8153
      1	8202
      1	8237
      1	8281
      1	8284
      1	8344
      1	8370
      1	8374
      5	8378
      1	8432
      1	8629
      3	8672
      1	8708
      1	8760
      1	8847
      6	8859
      1	8908
      1	8934
      1	8955
      1	8956
      1	9028
      1	9067
      1	9096
      2	9142
      6	9158
      1	9182
      1	9188
      3	9190
      2	9211
      2	9260
      1	9267
      1	9276
      1	9312
      1	9319
      1	9345
      1	9384
      2	9386
      1	9456
      1	9466
      1	9472
      1	9474
      1	9481
      1	9543
      1	9545
      1	9547
      1	9585
      1	9613
      1	9632
      2	9667
      1	9711
      3	9797
      1	9807
      1	9896
      7	9900
      1	9940
      1	10001
      1	10030
      1	10137
      2	10166
      2	10177
      3	10181
      1	10228
      1	10230
      4	10275
      3	10297
      1	10319
      1	10334
      2	10340
      3	10346
      1	10348
      1	10389
      4	10407
      2	10491
      2	10645
      1	10654
      1	10718
      1	10725
      1	10765
      2	10782
      2	10822
      2	10824
      1	10838
     16	11071
      1	11303
      1	11307
      1	11308
      1	11355
      3	11397
      4	11437
      2	11461
      1	11495
      1	11524
      1	11533
      1	11563
      1	11567
      3	11572
      1	11602
      1	11646
      1	11696
      1	11732
      1	11743
      1	11793
      1	11810
      1	11878
      4	11880
      3	11951
      1	11967
      1	11994
      1	11995
      1	12043
      1	12072
      1	12191
      1	12253
      1	12264
      1	12361
      1	12375
      1	12388
      2	12397
      2	12472
      1	12502
      1	12557
      1	12562
      1	12641
      1	12650
      1	12660
      1	12694
      5	12708
      1	12740
      1	12745
      5	12762
      2	12814
      4	12999
      1	13005
      1	13034
      1	13054
      1	13118
      1	13141
      2	13162
      2	13172
      1	13184
      1	13235
      2	13292
      1	13299
      1	13388
      1	13457
      3	13461
      1	13499
      3	13525
      1	13562
      4	13653
      1	13661
      2	13695
      1	13717
      8	13805
      4	13823
      1	13835
      1	13870
      1	13924
      3	13954
      1	14028
      1	14127
      1	14153
      8	14212
      1	14249
      1	14284
     10	14287
      1	14289
      2	14332
      2	14384
      1	14529
      1	14556
      4	14606
      1	14654
      3	14720
      1	14746
      1	14768
      1	14819
      1	14847
      6	14863
      1	14877
      3	14898
      2	14908
      1	14923
      1	14952
      3	14957
      2	14961
      1	15011
      1	15029
      4	15047
      1	15053
      1	15089
      1	15163
      1	15197
      2	15271
      2	15272
      1	15287
      1	15335
      5	15374
      3	15518
      1	15561
      1	15590
      1	15595
      1	15651
      2	15663
      2	15756
      1	15763
      1	15846
      1	15892
      2	15903
      1	15952
      1	15971
      1	15977
      1	15985
      4	15995
      1	16017
      1	16047
      1	16049
      1	16122
      2	16130
      5	16148
      1	16153
      2	16163
      1	16200
      3	16230
      1	16239
      1	16278
      2	16317
      1	16359
      1	16389
      1	16442
      5	16503
      1	16511
      1	16528
      1	16560
      1	16582
      1	16583
      1	16628
      1	16630
      1	16635
      2	16728
      1	16811
      4	16823
      1	16824
      1	16835
      1	16866
      4	16887
      1	16944
      3	17005
      1	17018
      4	17022
      1	17041
      1	17062
      1	17117
      5	17118
      1	17129
      3	17164
      4	17187
      2	17213
      1	17214
      2	17267
      1	17293
      1	17311
      1	17343
      4	17352
      1	17362
      1	17381
      1	17474
      2	17580
      2	17613
      1	17615
      1	17616
      1	17665
      2	17736
      4	17771
      1	17773
      1	17817
      1	17945
      2	17975
      2	18023
      1	18081
      1	18116
      1	18182
      1	18226
      1	18237
      1	18271
      1	18305
      1	18321
      2	18341
      1	18464
      1	18498
      5	18504
      2	18590
      1	18660
     24	18696
      3	18711
      5	18720
      1	18781
      5	18790
      2	18907
      2	18985
      1	18992
      1	19053
      1	19066
      1	19101
      1	19128
      1	19136
      1	19152
      1	19215
      1	19226
      1	19248
      6	19305
      1	19354
      2	19356
      6	19405
      1	19406
      1	19481
      1	19489
      1	19534
      1	19576
      1	19597
      1	19624
      2	19645
      1	19689
      6	19692
      1	19711
      1	19766
      1	19836
      1	19884
      2	19904
      1	19918
      1	19941
      1	19961
      2	19970
      1	20033
      2	20061
      1	20102
      1	20115
      2	20136
      2	20143
      1	20222
      1	20251
      2	20264
      1	20289
      2	20369
      1	20477
     12	20514
      1	20524
      2	20575
      1	20589
      4	20612
      2	20671
      2	20687
      2	20698
      3	20768
      1	20827
      2	20865
      1	20871
      1	20887
      4	21060
      1	21089
      2	21125
      2	21149
      1	21170
      2	21221
      3	21268
      5	21285
      1	21295
      1	21304
      2	21340
      2	21342
      2	21401
      1	21405
      1	21406
      1	21471
      1	21498
      1	21544
      1	21626
      3	21640
      1	21693
      1	21733
      1	21919
      1	21931
      2	21963
      1	21985
      1	22010
      1	22029
      1	22032
      3	22039
      1	22074
      1	22202
      1	22295
     16	22330
      1	22355
      3	22365
      1	22417
      1	22447
      1	22458
      1	22495
      1	22512
      1	22525
      1	22547
      1	22592
      1	22633
      1	22806
      1	22818
      2	22902
      1	22943
      1	22957
      1	22962
      1	22970
      2	22975
      1	22990
      2	23003
      1	23023
      4	23033
      1	23064
      2	23159
      1	23217
      2	23250
      1	23251
      1	23309
      1	23310
      1	23313
      2	23354
      1	23360
      1	23379
      1	23400
      1	23464
      1	23484
      1	23493
      1	23523
      1	23545
      1	23572
      1	23578
      1	23590
      1	23606
     17	23620
      1	23621
      1	23727
      3	23761
      4	23780
      1	23799
      2	23811
      3	23869
      3	23879
      1	23925
      3	23932
      1	24013
      1	24026
      2	24071
      1	24218
      1	24228
      2	24279
      1	24321
      3	24337
      1	24363
      1	24367
      1	24376
      3	24407
      2	24412
      2	24469
      1	24485
      6	24506
      1	24513
      2	24596
      2	24637
      5	24672
      1	24713
      1	24801
      1	24862
      1	24878
      1	24887
      1	24957
      1	24958
      1	25004
      3	25024
      1	25054
      1	25090
      1	25102
      2	25190
      1	25242
      1	25285
      2	25289
      1	25339
      2	25358
      4	25367
      2	25437
      1	25448
      1	25461
      2	25511
      1	25517
      2	25538
     10	25541
      1	25553
      1	25563
      2	25602
      1	25661
      6	25663
      1	25737
      1	25834
      1	25865
      3	25899
      1	25959
      1	25960
      1	25981
      1	25983
      1	25984
      4	26014
     19	26045
      1	26054
      1	26108
      1	26115
      2	26135
      2	26139
      2	26217
      1	26235
      5	26246
      1	26259
      1	26264
      1	26290
      1	26359
      1	26414
      6	26420
      1	26445
      1	26512
      1	26537
      1	26551
      2	26587
      3	26625
      1	26630
      3	26666
      2	26703
      1	26718
      2	26725
      1	26748
      1	26772
      1	26827
      2	27039
      2	27052
      1	27061
      1	27067
      2	27125
      2	27134
      1	27147
      1	27173
      2	27185
      1	27197
      1	27216
      1	27250
      1	27252
      1	27317
      1	27361
      1	27367
      4	27485
      1	27491
      1	27503
      2	27519
      1	27555
      1	27623
      1	27659
      1	27690
      1	27714
      2	27720
      2	27756
      1	27828
      1	27856
      1	27873
      3	27890
      4	27893
      1	27937
      2	27964
      1	27973
      1	28025
      1	28047
      1	28091
      2	28106
      1	28202
      2	28220
      2	28236
      2	28237
      1	28245
      5	28250
      1	28257
      1	28258
      2	28270
      2	28272
      1	28296
      1	28358
      1	28392
      1	28463
      1	28520
      2	28683
      1	28731
      3	28769
      4	28824
      1	28878
      2	28960
      1	28996
      1	29018
      1	29040
      1	29116
      1	29155
      1	29224
      1	29237
      1	29257
      1	29283
      1	29295
      1	29309
      1	29364
      6	29367
      2	29383
      1	29428
      3	29514
      1	29584
      1	29595
      1	29601
      1	29718
      2	29777
      1	29796
      2	29853
      1	29880
      6	29988
      2	30045
      2	30055
      1	30056
      1	30066
      1	30103
      1	30126
      1	30133
      1	30134
      1	30152
      1	30153
      2	30167
      5	30208
      1	30209
      1	30263
      3	30280
      1	30313
      1	30325
      1	30360
      1	30378
      1	30397
      4	30401
      1	30402
      1	30406
      1	30422
      1	30438
      2	30462
      3	30476
     12	30555
      3	30570
      1	30613
      2	30655
      1	30664
      1	30754
      1	30773
      1	30782
      1	30791
      4	30801
      1	30824
      1	30825
      1	30828
      1	30867
      1	30878
      3	30923
      2	30994
      1	31032
      1	31038
      1	31059
      2	31111
      1	31119
      1	31153
      1	31177
      1	31195
      4	31247
      1	31261
      1	31265
      1	31397
      2	31435
      1	31453
      1	31455
      1	31465
      1	31499
      4	31543
      1	31550
      1	31556
      1	31562
      1	31564
      1	31585
      2	31617
      1	31623
      1	31633
      1	31647
      1	31674
      1	31774
      1	31787
      1	31800
      1	31815
      1	31858
      3	31860
      1	31902
      1	31903
      1	31913
      1	31931
      1	32012
      1	32079
      1	32111
      1	32120
      2	32212
      2	32233
      1	32249
      1	32279
      1	32287
      1	32289
      1	32322
      2	32328
      1	32354
      1	32377
      1	32426
      1	32429
      1	32439
      1	32456
      3	32465
      1	32479
      1	32494
      3	32597
      1	32617
      1	32620
      1	32640
      1	32650
      1	32654
      1	32675
      1	32800
      2	32909
      1	32930
      1	32978
      3	32995
      1	33032
      7	33051
      1	33069
      1	33070
      1	33100
      1	33145
      3	33150
      2	33192
      2	33194
      2	33198
     10	33292
      1	33379
      1	33461
      1	33577
      1	33681
      2	33682
      1	33683
      1	33685
      1	33700
      2	33705
      1	33779
      1	33787
      1	33919
      1	33941
      8	33971
      1	33991
      1	34002
      1	34026
      1	34080
      1	34110
      1	34123
      1	34151
      1	34160
      3	34223
      2	34343
      3	34373
      1	34422
      1	34437
      1	34479
      1	34615
      2	34708
      8	34721
      1	34723
      1	34725
      5	34743
      1	34761
      2	34773
      1	34776
      2	34817
      1	34854
      1	34883
      1	34938
      1	34973
      1	34987
      1	35004
      3	35047
      1	35068
      1	35073
      1	35100
      1	35170
      1	35217
      2	35223
      1	35316
      2	35327
      1	35330
      1	35381
      1	35382
      1	35393
      1	35443
      1	35471
      3	35498
      4	35501
      1	35517
      1	35545
      1	35556
      1	35606
      2	35625
      8	35626
      4	35708
      2	35717
      2	35791
      2	35851
      1	35934
      3	35949
      1	35980
      3	35985
      1	35989
      2	35996
      2	36028
      2	36056
      1	36071
      1	36074
      1	36107
      1	36111
      1	36146
      1	36162
      2	36267
      3	36288
      2	36347
      4	36379
      1	36438
      1	36490
      1	36529
      2	36530
      1	36553
      1	36571
      3	36608
      1	36655
      2	36690
      3	36715
      1	36718
      1	36760
      1	36770
      1	36773
     10	36800
      2	36810
      4	36837
      1	36884
      1	36885
      9	36950
      1	36952
      1	36955
      1	36985
      1	36989
      1	37012
      1	37056
      2	37076
      1	37152
      1	37253
      1	37273
      2	37277
      1	37292
      2	37294
      1	37355
      1	37359
      1	37414
      1	37446
      1	37465
      1	37466
      1	37498
      2	37536
      2	37580
      1	37608
      1	37613
      1	37679
      1	37709
     11	37744
      1	37747
      1	37757
      1	37769
      1	37836
      2	37885
      1	37909
      1	37917
      1	37918
      1	37997
      1	38173
      1	38259
      1	38271
      2	38295
      1	38363
      8	38380
      2	38412
      1	38439
      3	38447
      1	38455
      7	38480
      2	38624
      6	38681
      1	38713
      4	38714
      1	38715
      1	38719
      2	38756
      1	38757
      1	38781
      2	38814
      1	38911
      4	38938
      1	38957
      1	38958
      1	39025
      3	39032
      5	39079
      1	39098
      1	39149
      1	39160
      1	39206
      2	39352
      2	39361
      1	39379
      1	39458
      1	39519
      1	39524
      3	39537
      1	39561
      1	39621
      1	39625
      2	39638
      1	39666
      1	39669
      1	39708
      1	39809
      1	39834
      1	39868
      1	39897
      2	39988
      1	39999
      1	40005
      1	40010
      1	40063
      1	40068
      1	40093
      1	40101
      1	40156
      1	40249
      1	40269
      1	40358
      1	40370
      1	40394
      2	40432
      2	40437
      3	40450
      2	40460
      1	40507
      1	40570
      2	40575
      1	40592
      2	40614
      1	40616
      4	40635
      1	40648
      1	40674
      1	40694
      1	40702
      1	40718
      1	40738
      5	40830
      1	40857
      1	40890
      1	40918
      1	41048
      1	41081
      1	41093
      4	41142
      1	41185
      3	41189
      1	41197
     13	41198
      2	41216
      1	41241
      1	41244
      1	41482
      1	41547
      1	41580
      1	41656
      2	41657
      6	41669
      1	41671
      1	41690
      1	41738
      2	41771
      1	41791
      1	41983
      1	42027
      1	42034
      6	42144
      1	42163
      3	42181
      1	42204
      1	42233
      1	42235
      1	42242
      2	42261
      2	42287
      1	42315
      2	42316
      3	42372
      1	42389
      1	42398
      1	42501
      1	42517
      4	42579
      6	42651
      1	42699
      1	42747
      5	42767
      2	42770
      1	42776
      9	42855
      2	42906
      1	42953
      1	43072
      1	43080
      2	43169
      6	43184
      1	43190
      1	43201
      3	43261
      1	43329
      8	43336
      1	43343
      1	43383
      1	43435
      1	43531
      1	43583
      2	43598
      3	43603
      1	43611
      3	43650
      1	43673
      1	43726
      1	43737
      2	43832
      1	43856
      2	43861
      1	43880
      1	43932
      1	43955
      1	44063
      2	44066
      1	44077
      2	44078
      1	44117
      2	44185
      1	44226
      7	44248
      1	44298
      1	44423
      2	44430
      1	44446
      3	44489
      1	44575
     10	44672
      2	44691
      2	44716
      1	44764
      1	44801
      1	44843
      1	44897
      2	44907
      2	44927
      2	44976
      1	45014
      1	45033
      1	45178
      1	45179
      1	45183
      2	45247
      1	45282
      1	45307
      9	45341
      2	45351
      1	45384
      4	45425
      1	45465
      1	45558
      1	45609
      1	45643
      1	45658
      4	45696
      1	45751
      2	45772
      1	45778
      2	45780
      1	45796
      2	45942
      1	45943
      4	45944
      1	45949
      1	46090
      1	46102
      1	46173
      1	46184
      1	46207
      1	46248
      1	46278
      2	46304
      5	46397
      5	46402
      1	46505
      1	46636
      7	46656
      2	46680
      1	46724
      2	46733
      1	46734
      9	46743
      1	46783
      1	46788
      1	46799
      2	46811
      1	46851
      1	46914
      2	46925
      2	46953
      2	46969
      2	46984
      1	47009
      1	47078
      3	47091
      1	47098
      2	47168
      1	47213
      1	47250
      2	47295
      1	47305
      1	47311
      1	47335
      1	47370
      1	47478
      1	47497
      1	47552
      3	47584
      1	47597
      1	47634
      1	47661
      4	47677
      1	47708
      1	47784
      3	47894
      2	47920
      1	47960
      1	47965
      1	47989
      1	48011
      1	48086
      2	48164
      1	48206
      1	48247
      1	48254
      1	48273
      2	48329
      3	48333
      1	48359
      1	48382
      1	48401
      1	48404
      1	48439
      1	48509
      1	48529
      1	48635
      5	48681
      1	48703
      3	48708
      1	48721
      1	48722
      2	48747
      1	48856
      5	48870
      1	48906
      3	48924
      1	48933
      1	48951
      1	48980
      1	48989
      1	49025
      1	49046
      1	49073
      1	49087
      1	49092
      2	49107
      1	49206
      2	49290
      1	49296
      3	49312
      1	49398
      6	49501
      1	49536
      1	49586
      1	49604
      3	49605
      3	49644
      1	49707
      1	49753
      2	49789
      1	49797
      1	49943
      1	49971
      2	50015
      1	50163
      1	50166
      1	50377
      1	50386
      1	50409
      1	50435
      8	50485
      1	50509
      3	50537
      2	50565
      1	50585
      2	50596
      2	50660
      1	50835
      1	50838
      2	50844
      4	50910
      1	50928
      3	50952
      1	51018
      1	51063
      9	51099
      1	51156
      1	51162
      1	51207
      1	51214
      3	51216
      1	51336
      1	51352
      2	51354
      1	51358
      1	51392
      1	51440
      1	51493
      1	51536
      1	51549
      1	51564
      1	51576
      1	51610
      1	51619
      1	51676
      1	51941
      1	52007
      1	52020
      2	52090
      1	52123
      1	52160
      2	52181
      1	52227
      1	52256
      1	52311
      2	52337
      1	52351
      1	52373
      1	52398
      1	52405
      1	52439
      1	52446
      1	52477
      1	52515
      1	52532
      1	52534
      1	52551
      2	52735
      5	52829
      1	52851
      1	52921
      1	53012
      1	53015
      1	53044
      1	53063
      1	53066
      4	53093
      1	53101
      3	53166
      1	53176
      2	53214
      1	53215
      1	53224
      1	53235
      2	53276
      1	53339
     12	53349
      1	53396
      1	53401
      2	53405
      2	53420
      1	53459
      1	53487
      2	53526
      1	53534
      1	53550
      1	53624
      2	53629
      1	53695
      1	53705
      1	53707
      2	53723
      4	53770
      1	53780
      1	53792
      1	53879
      3	53908
      1	53946
      1	53980
      1	54060
      2	54102
      1	54183
      2	54184
      1	54191
      3	54224
      1	54235
      1	54240
      2	54245
      1	54321
      1	54495
      1	54558
      1	54578
      2	54674
      1	54736
      2	54776
      1	54819
      1	54848
      4	54861
      3	54866
      3	54898
      1	54990
      1	55085
      7	55129
      1	55135
      1	55138
      5	55143
      1	55207
      1	55217
      2	55245
      1	55275
      1	55282
      1	55287
      6	55290
      2	55362
      1	55396
      1	55398
      1	55451
      1	55460
      1	55477
      1	55491
      1	55502
      2	55537
      1	55549
      1	55594
      1	55597
      2	55660
      1	55669
      2	55736
      1	55763
      2	55828
      1	55899
      2	55903
      1	55919
      1	55963
      2	55974
      1	55977
      2	55981
      1	55998
     11	56006
      5	56028
      1	56039
      1	56080
      1	56108
      1	56185
      1	56188
      1	56230
      3	56266
      1	56268
      1	56331
      1	56332
      1	56334
      1	56347
      1	56362
      1	56386
      1	56425
      1	56471
      1	56511
      1	56514
      1	56538
      1	56564
      1	56575
      1	56615
      1	56617
      2	56642
      2	56668
      1	56681
      5	56693
      3	56720
      1	56769
      1	56796
      1	56806
      4	56823
      1	56874
      1	56903
      1	56930
      1	56939
      1	56956
      1	56975
      1	56996
      1	57048
      1	57064
      1	57089
      1	57110
      3	57133
      7	57144
      1	57278
      5	57297
      3	57332
      1	57393
      1	57402
      1	57448
      1	57473
      1	57496
      2	57514
      1	57525
      1	57529
      1	57577
      1	57629
      1	57635
      4	57643
      2	57712
      1	57736
      1	57824
      1	57904
      1	57925
      1	57941
      1	57981
      1	58036
      2	58068
      3	58088
      5	58098
      1	58099
      5	58154
      1	58155
      1	58176
      5	58199
      1	58202
      1	58208
      1	58216
      1	58222
      2	58235
      1	58352
      1	58414
     18	58434
      1	58471
      1	58500
      8	58527
      1	58620
      3	58637
      5	58651
      2	58678
      1	58679
      1	58729
      1	58755
      1	58808
      3	58815
      1	59062
      1	59107
      2	59110
      1	59134
      1	59177
      2	59178
      1	59195
      2	59216
      5	59231
      1	59245
      2	59262
      1	59292
      1	59301
      1	59361
      1	59369
      1	59434
      1	59448
      3	59512
      1	59514
      4	59535
      3	59559
      5	59571
      1	59669
      2	59723
      1	59768
      1	59786
      1	59787
      2	60000
      5	60007
      1	60039
      1	60043
      2	60054
      1	60058
      2	60208
      2	60210
      5	60232
      1	60274
      2	60284
      6	60295
      6	60334
      2	60378
      1	60488
      3	60501
      2	60536
      1	60554
      1	60563
      1	60581
      1	60626
      2	60649
      1	60671
      2	60675
      7	60679
      1	60709
      1	60733
      1	60745
      8	60750
      3	60778
      1	60810
      1	60852
      1	60887
      1	60907
      4	60909
      1	60959
      2	61064
      1	61066
      1	61068
      1	61106
      1	61121
      1	61131
      1	61141
      1	61154
      1	61217
      1	61231
      1	61246
      1	61261
      1	61280
      1	61313
      2	61331
      1	61335
      1	61352
      3	61355
      1	61383
      1	61472
      1	61502
      2	61503
      2	61520
      1	61531
      1	61562
      1	61588
      1	61595
      1	61599
      1	61649
      4	61683
      1	61726
      1	61750
      1	61751
      1	61773
      1	61774
      1	61776
      1	61781
      5	61816
      1	61817
      1	61829
      1	61832
      1	61839
      1	61897
      1	61943
      1	62014
      1	62036
      1	62042
      2	62063
      1	62084
      1	62102
      2	62126
      1	62183
      1	62189
      2	62225
      1	62252
      1	62279
      1	62331
      1	62358
      1	62360
      1	62427
      1	62488
      1	62510
      1	62556
      1	62591
      4	62593
      2	62600
      1	62645
      2	62659
      1	62660
      1	62738
      3	62847
      1	62883
      2	62915
      1	62924
      1	62993
      1	63002
      3	63027
      1	63031
      1	63060
      1	63072
      1	63129
      1	63159
      2	63165
      3	63216
      1	63221
      5	63248
      1	63338
      1	63451
      1	63458
      3	63462
      1	63536
      4	63606
      1	63607
      1	63627
      1	63641
      1	63642
      2	63706
      1	63712
      4	63715
      1	63767
      1	63987
      1	64049
      1	64053
      1	64059
      1	64100
      2	64131
      1	64146
      1	64196
      1	64229
      2	64234
      1	64278
      1	64305
      1	64334
      1	64339
      1	64340
      1	64375
      1	64382
      4	64402
      1	64411
      1	64466
      1	64520
      4	64522
      1	64523
      1	64533
      1	64541
      2	64633
      1	64637
      2	64657
      1	64667
      1	64721
      1	64780
      1	64794
      1	64855
      1	64869
      5	64876
      2	64918
      1	64951
      1	65041
      1	65049
      1	65093
      2	65095
      1	65104
      3	65138
      1	65156
      1	65168
      2	65184
      1	65185
      3	65206
      1	65217
      1	65232
      1	65235
      1	65258
      2	65272
      1	65334
      1	65390
      1	65521
