      1	10
      1	18
      2	162
      1	175
      1	253
      1	259
      1	350
      1	446
      1	599
      1	707
      2	740
      1	767
      1	792
      2	813
      1	845
      1	1109
      1	1182
      1	1402
      1	1406
      2	1441
      1	1497
      1	1552
      1	1658
      3	1702
      1	1732
      2	1733
      1	1740
      1	1787
      1	1813
      2	1830
      1	1911
      2	2057
      1	2093
      1	2197
      1	2222
      1	2371
      1	2566
      1	2638
      1	2662
      1	2753
      1	2832
      2	2951
      1	2982
      1	3079
      1	3084
      1	3140
      1	3210
      3	3213
      1	3227
      1	3332
      1	3418
      1	3427
      2	3486
      3	3651
      1	3690
      1	3750
      2	3764
      1	3919
      1	3959
      1	4143
      1	4211
      1	4297
      2	4391
      1	4423
      1	4640
      1	4849
      1	5089
      2	5112
      1	5161
      1	5166
      1	5187
      1	5260
      1	5287
      1	5728
      1	5846
      1	5874
      1	5882
      1	5888
      1	5981
      1	6000
      1	6009
      1	6239
      1	6275
      3	6338
      3	6358
      1	6394
      1	6423
      1	6512
      2	6635
      1	6864
      1	6941
      1	6947
      1	7109
      1	7153
      1	7203
      1	7245
      1	7359
      1	7572
      1	7651
      1	7692
      3	7696
      1	7825
      1	7926
      1	8105
      1	8114
      1	8201
      1	8378
      1	8516
      1	8567
      1	8717
      1	8920
      2	9090
      1	9174
      1	9191
      2	9211
      1	9240
      1	9267
      1	9345
      1	9486
      1	9609
      1	9747
      1	9765
      1	9797
      6	9900
      1	9953
      1	9961
      1	10042
      1	10114
      1	10194
      1	10216
      2	10275
      2	10314
      1	10549
      1	10607
      1	10724
      1	10824
      1	10940
      1	10950
      2	11103
      1	11303
      2	11307
      1	11524
      1	11563
      1	11583
      1	11605
      1	11634
      1	11670
      1	11732
      1	11772
      1	11893
      1	11995
      1	12049
      1	12397
      1	12420
      3	12814
      1	12975
      1	13014
      1	13261
      1	13485
      1	13672
      1	13933
      1	14128
      2	14184
      1	14287
      1	14289
      1	14356
      1	14395
      1	14553
      1	14801
      1	14883
      1	14908
      1	15110
      1	15314
      1	15437
      1	15530
      1	15592
      3	15651
      1	15756
      1	15770
      1	15829
      1	15939
      1	15952
      2	15974
      2	16125
      1	16129
      1	16143
      2	16153
      4	16340
      1	16559
      1	16561
      1	16620
      1	16704
      1	16825
      1	16945
      5	17005
      3	17018
      1	17214
      2	17225
      6	17267
      1	17540
      1	17615
      1	17771
      1	17813
      1	17975
      1	18010
      1	18023
      1	18321
      1	18448
      1	18589
      1	18694
      1	18854
      1	19025
      2	19066
      1	19223
      1	19405
      1	19475
      1	19622
      1	19692
      1	19738
      2	19744
      1	19904
      1	19941
      1	20236
      1	20260
      3	20480
      1	20506
      1	20557
      1	20667
      2	20865
      1	20882
      1	20928
      1	20994
      1	21042
      1	21149
      1	21224
      1	21256
      1	21268
      1	21295
      1	21488
      1	21490
      1	21563
      1	21625
      1	21684
      1	22010
      1	22070
      1	22077
      1	22078
      1	22219
      2	22292
      3	22330
      1	22447
      1	22495
      1	22550
      2	22643
      1	22664
      1	22666
      6	22699
      4	22713
      1	23023
      2	23113
      3	23118
      1	23487
      1	23621
      1	23653
      1	23861
      1	23869
      1	23995
      1	24345
      1	24412
      1	24440
      1	24485
      1	24635
      1	24794
      2	24818
      1	24871
      1	25234
      1	25242
      1	25502
      1	25511
      1	25857
      1	25939
      1	25980
      4	26447
      1	26520
      1	26583
      1	26697
      6	26725
      2	26744
      1	26777
      1	26850
      1	27052
      1	27197
      1	27216
      1	27323
      1	27325
      1	27433
      3	27519
      2	27563
      1	27631
      1	27726
      1	27773
      1	27954
      1	28012
      1	28025
      1	28032
      1	28395
      1	28658
      1	28727
      1	28759
      2	28824
      1	28846
      1	28962
      1	28974
      1	29025
      1	29032
      1	29136
      1	29374
      1	29484
      1	29524
      1	29595
      1	29667
      1	29717
      1	29880
      1	30007
      1	30177
      1	30324
      1	30555
      1	30718
      2	30801
      2	30824
      1	30857
      1	30877
      1	30910
      1	30944
      1	31103
      1	31256
      1	31404
      1	31455
      1	31456
      2	31499
      1	31623
      1	31869
      1	31870
      1	32021
      1	32342
      1	32390
      1	32415
      1	32767
      1	32779
      2	32863
      1	32899
      1	33194
      2	33292
      1	33597
      1	33682
      1	33869
      1	33904
      3	33927
      1	34222
      1	34241
      2	34284
      1	34538
      1	34550
      2	34601
      1	34676
      2	34708
      1	34723
      1	34795
      1	34847
      1	34865
      1	34898
      1	35142
      1	35191
      1	35625
      1	35659
      1	35667
      3	35708
      1	35834
      1	35856
      1	36012
      1	36097
      1	36112
      1	36185
      1	36252
      1	36414
      1	36437
      3	36578
      1	36630
      1	36675
      1	36734
      1	36838
      1	36989
      1	37052
      1	37062
      1	37111
      1	37310
      1	37401
      1	37496
      1	37563
      1	37596
      1	37640
      1	37700
      1	37709
      1	37747
      1	37820
      1	37885
      2	38156
      1	38163
      1	38293
      2	38311
      1	38322
      1	38398
      1	38401
      1	38480
      1	38592
      1	38652
      1	38681
      1	38736
      1	38742
      2	38756
      1	38781
      1	38794
      1	38874
      1	38877
      1	38983
      1	38993
      1	39159
      1	39172
      1	39184
      2	39206
      1	39250
      2	39265
      2	39537
      1	39702
      1	39783
      1	40055
      2	40063
      1	40105
      1	40175
      1	40358
      1	40370
      1	40394
      1	40713
      1	40770
      1	40830
      3	41106
      3	41189
      1	41299
      1	41479
      1	42010
      1	42043
      7	42144
      1	42147
      1	42419
      2	42501
      1	42517
      1	42649
      1	42686
      2	42687
      1	42739
      1	42923
      2	43552
      1	43624
      5	43673
      1	43735
      5	43763
      1	43827
      1	43852
      1	43932
      1	44144
      2	44150
      1	44226
      1	44453
      1	44833
      1	44976
      1	45289
      1	45425
      1	45733
      1	46080
      1	46261
      1	46304
      1	46353
      1	46597
      1	46656
      1	46663
      1	46766
      1	46853
      1	47126
      1	47146
      1	47265
      1	47311
      2	47447
      1	47535
      1	47613
      1	47636
      1	47882
      1	48235
      1	48390
      1	48653
      1	48708
      2	48870
      1	48943
      1	48995
      1	49073
      1	49305
      1	49402
      1	49458
      1	49541
      1	49567
      1	49697
      1	49744
      1	49755
      1	49844
      1	49966
      1	50385
      1	50474
      1	50607
      4	50660
      1	50778
      1	51038
      1	51099
      2	51116
      1	51198
      1	51204
      1	51336
      2	51352
      1	51392
      1	51394
      1	51412
      1	51564
      1	51881
      1	51987
      1	52166
      1	52398
      1	52459
      1	52532
      1	52551
      1	52587
      1	52601
      2	52613
      1	52616
      1	52635
      1	52794
      1	52938
      2	52968
      2	53093
      1	53121
      1	53357
      1	53363
      1	53705
      1	53846
      1	53854
      3	54086
      1	54102
      1	54167
      1	54197
      1	54307
      1	54345
      1	54386
      2	54449
      1	54546
      1	54558
      1	54636
      1	54743
      1	54983
      1	55210
      1	55246
      1	55364
      1	55383
      1	55402
      1	55460
      1	55597
      2	55736
      1	55818
      1	55941
      1	56027
      2	56028
      1	56038
      1	56188
      1	56246
      2	56273
      1	56289
      1	56304
      1	56332
      2	56441
      1	56549
      1	56693
      1	56740
      1	56743
      1	56857
      1	56874
      1	57133
      1	57310
      1	57478
      1	57566
      1	57688
      1	57721
      1	57750
      1	57824
      1	57896
      2	57965
      1	58099
      1	58199
      1	58465
      1	58477
      1	58504
      4	58556
      1	58727
      1	58750
      4	59036
      3	59080
      1	59107
      1	59158
      1	59517
      1	59518
      1	59559
      1	59689
      1	60000
      1	60282
      5	60284
      1	60433
      1	60590
      1	60882
      1	60934
      1	61064
      1	61068
      3	61261
      1	61310
      1	61331
      1	61388
      1	61531
      1	61562
      1	61599
      1	61673
      2	61680
      1	61702
      1	61897
      1	62070
      1	62119
      1	62252
      2	62296
      1	62525
      2	63002
      1	63152
      1	63303
      1	63341
      2	63607
      1	63681
      1	63756
      1	63820
      1	63844
      1	63888
      1	63988
      1	64056
      1	64129
      1	64131
      2	64196
      1	64262
      1	64382
      3	64402
      1	64530
      1	64544
      2	64552
      1	64581
      1	64657
      1	64791
      1	64794
      1	65046
      2	65258
      2	65306
      1	65334
      1	65377
      4	65408
