      6	11
      2	41
      1	45
      1	56
      1	68
      1	100
      5	162
      1	244
      1	259
      1	262
      1	334
      4	366
      5	436
      1	475
     13	531
      1	541
      1	547
      1	558
      1	577
      3	590
      1	593
      4	620
      2	645
      1	648
      1	690
      1	704
      1	710
      1	763
      1	779
      1	786
      8	792
      3	808
      1	851
      1	865
      1	875
      1	880
      2	917
      3	926
      1	945
      1	969
      2	1016
      3	1020
      2	1070
      1	1116
      1	1120
      1	1122
      1	1161
      1	1232
      5	1248
      2	1285
      1	1293
      1	1341
      1	1354
      1	1366
      3	1405
      1	1415
      2	1454
      1	1481
      4	1505
      2	1508
      1	1616
      1	1645
      1	1647
      2	1676
      1	1696
      1	1709
      1	1712
      2	1728
      2	1797
      2	1802
      5	1841
      3	1857
      1	1861
      1	1878
      7	1937
      1	1954
      1	1990
      2	2020
      2	2031
      4	2041
      7	2057
      1	2151
      1	2153
      1	2159
      1	2204
      1	2222
      1	2251
     17	2271
      1	2288
      1	2289
      4	2312
      1	2365
      1	2452
      1	2474
      2	2478
      2	2481
      1	2494
      6	2498
      1	2547
      1	2566
      1	2597
      1	2600
      1	2613
      1	2621
      2	2683
      1	2684
      1	2688
      7	2695
      1	2735
      2	2743
      1	2745
      1	2802
      1	2832
      2	2849
      2	2853
      2	3003
      1	3014
      1	3026
      1	3065
      1	3091
      2	3098
      2	3114
      1	3161
      1	3191
      1	3200
      1	3202
      1	3228
      1	3267
      1	3321
     13	3328
      3	3351
      1	3376
      6	3378
      1	3388
      2	3406
      1	3418
      2	3493
      3	3532
      1	3533
      1	3552
      1	3567
      1	3592
      1	3646
      1	3651
      1	3675
      1	3684
      5	3690
      1	3709
      1	3723
      3	3732
      1	3750
      1	3798
      1	3822
      2	3830
      2	3837
      1	3884
      2	3946
      1	3956
      2	3995
      1	4026
      1	4040
      1	4106
      1	4109
      3	4120
      2	4123
      1	4174
      1	4233
      1	4244
      1	4245
      1	4254
      1	4293
      1	4311
      1	4318
      1	4329
      5	4336
      1	4368
      1	4378
      1	4436
      1	4451
      1	4468
      1	4499
      1	4506
      2	4552
      1	4609
      1	4668
      2	4732
      1	4751
      1	4780
      1	4789
      2	4790
      1	4804
      1	4812
      1	4849
      2	4856
      1	4861
      1	4885
      1	4892
      1	4917
      2	4930
      1	4969
      5	5075
      1	5118
      4	5169
      1	5261
      1	5264
      2	5287
      1	5300
      1	5408
      4	5430
      1	5431
      2	5475
      1	5516
      2	5637
      1	5731
      4	5787
      1	5819
      1	5853
      1	5875
      1	5876
      2	5905
      1	5907
      2	5977
      1	5979
      1	6000
      1	6076
      3	6116
      1	6128
      3	6144
      1	6163
      1	6184
      1	6245
      1	6257
      1	6276
      1	6295
      1	6332
      1	6393
      1	6402
      1	6423
      1	6452
      1	6486
      6	6497
      1	6499
      1	6504
      1	6515
      1	6523
      1	6551
      1	6591
      1	6613
      2	6622
      1	6647
      1	6651
      2	6678
      1	6685
      3	6688
      1	6717
      1	6727
      2	6746
      2	6748
      1	6754
      1	6778
     12	6781
      1	6881
      1	6899
      2	6947
      1	6956
      1	6969
      6	6975
      1	7041
      1	7133
      2	7181
      1	7189
      1	7191
      1	7208
      1	7244
      1	7253
      1	7300
      1	7302
      1	7303
      1	7326
      1	7354
      2	7356
      2	7369
      5	7403
      1	7466
      2	7616
      1	7666
      2	7692
      1	7695
      1	7702
      2	7707
      1	7765
      2	7815
      1	7817
      3	7822
      1	7825
      1	7875
      1	7905
      1	7907
      1	7948
      2	7981
      1	8005
      3	8011
     17	8172
      1	8187
      1	8223
      4	8228
      1	8244
      1	8248
      1	8264
      2	8281
      1	8291
      1	8312
      1	8315
      1	8325
      1	8359
      1	8365
      1	8370
      1	8385
      2	8419
      1	8557
      1	8606
      5	8657
      2	8707
      1	8712
      1	8724
      3	8736
      1	8773
      1	8827
      1	8853
      1	8859
      2	8872
      1	8900
      2	8920
      1	8928
     11	8934
      4	8956
      1	8988
      1	8991
      1	9016
      1	9054
      4	9057
      1	9143
      1	9152
      1	9174
      1	9182
      1	9200
      2	9204
      2	9240
      1	9268
      1	9299
      1	9307
      2	9317
      2	9324
      1	9327
      1	9353
      2	9354
      1	9373
      1	9445
      1	9496
      1	9556
      2	9606
      3	9610
      1	9613
      3	9621
      1	9626
      1	9643
      1	9658
      1	9705
      1	9744
      1	9752
      1	9760
      2	9765
      2	9824
      1	9846
      3	9884
      3	9891
      1	9900
      1	9911
      2	9912
      1	9999
      6	10026
      1	10027
      1	10030
      1	10050
      1	10082
      2	10097
      2	10124
      1	10145
      5	10214
      1	10216
      1	10228
      2	10245
      1	10251
      2	10314
      3	10324
      2	10346
      1	10374
      1	10471
      1	10504
      1	10555
      1	10559
      1	10563
      2	10578
      1	10591
      2	10603
      1	10635
      2	10637
      2	10664
      1	10700
      1	10705
      1	10718
      7	10724
      1	10748
      1	10759
      2	10797
      1	10798
      1	10816
      2	10822
      1	10824
      1	10828
      1	10842
      2	10848
      2	10849
      1	10852
      2	10908
      1	10974
      1	10976
      1	10996
      3	11024
      1	11044
      2	11048
      1	11065
      1	11071
      1	11173
      2	11296
      2	11304
      1	11369
      1	11378
      1	11382
      1	11391
      2	11420
      1	11461
      1	11485
      1	11490
      1	11491
      1	11496
      1	11519
      1	11535
      2	11548
      1	11597
      1	11612
      1	11621
      2	11652
      1	11658
      1	11665
      1	11748
      1	11751
      1	11763
      1	11795
      1	11800
      6	11833
      1	11850
      1	11863
      1	11876
      2	11905
      2	11933
      2	11951
      1	11964
      1	11966
      2	11967
      1	11969
      5	11985
      2	11988
      1	11991
      1	12005
      1	12049
      1	12166
      1	12197
      1	12245
      3	12304
      1	12334
      1	12397
      1	12417
      1	12494
      1	12505
      1	12516
      2	12561
      2	12579
      5	12597
      1	12660
      2	12684
      1	12703
      1	12717
      1	12725
      1	12756
      3	12768
      1	12783
      1	12787
      1	12804
      3	12810
      1	12814
      3	12816
      2	12826
      1	12880
      3	12907
      1	12921
      1	12968
      2	13025
      1	13026
      1	13034
      1	13037
      1	13057
      1	13087
      2	13153
      1	13194
      1	13244
      1	13247
      1	13288
      1	13291
      1	13295
      4	13300
      1	13388
      1	13423
      1	13499
      1	13567
      2	13586
      4	13595
      1	13598
      1	13600
      1	13607
      1	13657
      1	13679
      1	13721
      1	13724
      2	13801
      2	13810
      1	13839
      1	13873
      2	13878
      1	13883
      2	13898
      1	13945
      1	13964
      1	14083
      1	14111
      2	14128
      1	14163
      1	14166
      1	14169
      3	14280
      1	14287
      1	14308
      1	14352
      1	14368
      1	14404
      5	14438
      1	14451
      1	14466
      1	14472
      1	14504
      1	14506
      1	14538
      1	14547
      1	14550
      2	14606
      1	14631
      1	14637
      3	14642
      2	14819
      1	14887
      1	14905
      1	14921
      1	14938
      1	14960
      1	14980
      1	15033
      2	15035
      1	15065
      1	15125
      2	15136
      1	15157
      1	15180
      2	15278
      1	15282
      1	15290
      2	15314
      7	15355
      1	15361
      1	15372
      1	15379
      1	15386
      3	15397
      1	15422
      1	15474
      1	15485
      1	15494
      1	15516
      2	15561
      2	15581
      1	15661
      1	15678
      1	15689
      1	15735
      5	15748
      1	15752
      1	15754
      1	15756
      1	15780
      2	15831
      1	15846
      1	15862
      1	15875
      5	15895
      1	15923
      1	15943
     14	15958
      1	15982
      1	15985
      1	16002
      1	16007
      1	16022
      1	16039
      2	16110
      1	16126
      2	16188
      4	16199
      4	16202
      1	16232
      2	16276
      1	16295
      1	16377
      2	16381
      1	16414
      3	16418
      1	16554
      2	16561
      2	16627
      1	16628
      2	16683
      2	16781
      1	16790
      1	16827
      1	16833
      3	16836
      1	16862
      3	16916
      1	16923
      1	16965
      5	16976
      1	16984
      1	16998
      4	17003
      2	17017
      1	17018
      9	17019
      1	17027
      1	17105
      1	17117
      4	17156
      4	17210
      3	17225
      2	17238
      2	17267
      1	17310
      1	17311
      3	17338
      1	17341
      2	17352
      1	17389
      1	17470
      1	17572
      1	17580
      1	17592
      1	17717
      1	17838
      1	17861
      1	17916
      2	17949
      1	17954
      1	17987
      1	17989
      2	17990
      1	18003
      1	18073
      1	18077
      1	18092
      1	18114
      1	18115
      1	18175
      1	18186
      3	18305
      2	18321
      6	18348
      2	18364
      1	18391
      2	18444
      1	18460
      1	18487
      1	18542
      2	18567
      1	18590
      1	18641
      1	18660
      1	18665
      1	18696
      7	18723
      1	18737
      2	18770
      2	18791
      1	18852
      2	18885
      2	18919
      2	18946
      1	19011
      1	19093
      1	19110
      4	19138
      1	19147
      1	19195
      1	19198
      1	19222
      2	19248
      1	19265
      2	19305
      3	19321
      1	19343
      1	19356
      1	19364
      1	19370
      1	19403
      4	19472
      1	19495
      1	19510
      2	19539
      1	19541
      1	19603
      5	19633
      4	19638
      2	19707
      1	19749
      2	19819
      2	19879
      6	19907
      1	19947
      1	19989
      1	19991
      2	20008
      2	20028
      2	20082
      1	20132
      1	20160
      1	20191
      2	20204
      1	20256
      7	20333
      1	20341
      2	20357
      3	20364
      5	20375
      1	20390
      1	20414
      1	20425
      2	20435
      3	20488
      1	20498
      1	20533
      1	20544
      1	20578
      1	20609
      4	20635
      1	20658
      2	20682
      2	20756
      1	20805
      2	20827
      1	20848
      1	20865
      1	20870
      1	20871
      1	20882
      1	20948
      1	20950
      1	20991
      1	20997
      1	21018
      1	21079
      1	21096
      1	21115
      1	21126
      1	21152
      1	21154
      3	21180
      1	21183
      1	21276
      3	21280
      1	21303
      1	21347
      1	21350
      1	21393
      1	21428
      1	21497
      1	21499
      5	21507
      2	21573
      1	21582
      1	21599
      2	21606
      1	21628
      1	21655
      1	21661
      2	21686
      1	21698
      2	21702
      1	21708
      1	21716
      2	21751
      1	21783
      1	21849
      5	21892
      2	21942
      6	22010
      2	22023
      5	22047
      1	22094
      2	22097
      2	22118
      1	22197
      1	22206
      1	22211
      1	22290
      1	22306
      1	22357
      1	22360
      1	22374
      1	22392
      1	22407
      5	22441
      1	22496
      1	22550
      1	22576
      1	22577
      1	22601
      1	22607
      1	22612
      1	22621
      1	22643
      2	22686
      2	22699
      1	22744
      4	22807
      2	22812
      2	22842
      1	22847
      1	22862
      2	22867
      1	22884
      4	22902
      2	22911
      3	22926
      1	22945
      1	22963
      1	22980
      1	23004
      1	23006
      1	23010
      1	23029
      1	23030
      4	23033
      1	23039
      1	23152
      1	23167
      1	23210
      1	23219
      1	23238
      1	23252
      1	23271
      1	23275
      3	23309
      1	23333
      2	23354
      1	23371
      1	23374
      1	23406
      1	23435
      1	23449
      1	23483
      1	23521
      1	23526
      1	23539
      2	23547
      1	23551
      3	23594
      1	23626
      1	23703
      1	23720
      2	23753
      1	23764
      1	23765
      1	23847
      2	23857
      2	23870
      1	23874
      1	23879
      1	23888
      1	23904
      1	23917
      1	23925
      1	23983
      1	23998
      1	23999
      1	24044
      1	24058
      1	24070
      3	24071
      1	24185
      1	24194
      1	24227
      8	24345
      1	24356
      2	24466
      2	24479
      1	24536
      1	24586
      2	24613
      1	24625
      1	24633
      5	24680
      1	24695
      1	24698
      1	24722
      1	24736
      1	24755
      1	24757
      1	24761
      1	24794
      1	24817
      1	24825
      1	24869
      1	24902
      1	24905
      1	24953
      1	24991
      1	25005
      2	25024
      1	25046
      1	25060
      1	25080
      1	25087
      1	25125
      1	25128
      1	25129
      6	25133
      1	25198
      1	25224
      1	25240
      8	25267
      1	25272
      1	25367
      1	25377
      2	25387
      1	25454
      1	25470
      1	25518
      1	25520
      2	25527
      1	25549
      1	25628
      1	25630
      1	25631
      2	25642
      1	25656
      1	25666
      1	25691
      1	25695
      1	25724
      6	25813
      1	25815
      1	25818
      1	25856
      1	25891
      2	25899
      1	25911
      2	25985
      2	26002
      1	26037
      1	26045
      2	26090
      2	26111
      7	26135
      1	26151
      1	26156
      3	26163
      1	26179
      2	26202
      3	26207
      1	26216
      1	26226
      2	26238
      1	26275
      1	26286
      3	26290
      1	26311
      1	26324
      1	26345
      2	26359
      1	26398
      1	26399
      1	26416
      7	26435
      2	26470
      3	26479
      1	26538
      1	26542
      1	26601
      4	26611
      1	26627
     73	26682
      1	26718
      1	26725
      1	26739
      1	26748
      1	26750
      2	26777
      2	26824
      3	26888
      1	26980
      1	26989
      1	26994
      1	27039
      1	27162
      2	27208
      3	27263
      2	27297
      1	27299
      2	27349
      1	27357
      1	27382
      1	27384
      2	27425
      1	27443
      1	27467
      2	27469
      4	27495
      1	27519
      1	27546
      1	27636
      1	27672
      1	27681
      1	27698
      1	27731
      1	27764
      1	27842
      2	27873
      1	27880
      1	27901
      1	27903
      2	27920
      1	27924
      1	27944
      1	27973
      2	27975
      1	27977
      2	28008
      1	28010
      1	28012
      4	28025
      1	28051
      1	28096
      1	28104
      1	28151
      1	28155
      1	28262
      2	28272
      6	28278
      1	28410
      1	28424
      1	28482
      2	28523
      1	28536
      1	28560
      1	28574
      1	28581
      2	28601
      1	28609
      1	28642
      1	28718
      1	28758
      1	28759
      1	28824
      1	28855
      5	28885
      1	28911
      1	28950
      1	28960
      1	28990
      2	29028
      1	29032
      1	29033
      1	29045
      1	29047
      1	29069
      1	29099
      1	29103
      3	29110
      1	29138
      1	29156
      2	29166
      1	29188
      3	29206
      1	29211
      1	29248
      1	29266
      2	29270
      2	29323
      6	29350
      1	29363
      1	29443
      1	29456
      1	29490
      1	29514
      1	29527
      1	29538
      1	29576
      2	29588
      1	29596
      1	29607
      1	29639
      1	29653
      1	29659
      2	29676
      2	29677
      1	29692
      1	29735
      1	29789
      1	29802
      1	29843
      1	29880
      1	29929
      1	29939
      8	29945
      5	30040
      1	30081
      1	30102
      1	30133
      2	30167
      4	30230
      1	30236
      1	30288
      5	30319
      1	30346
      1	30352
      1	30355
      4	30363
      1	30389
      1	30413
      1	30427
      1	30430
      1	30460
      1	30462
      6	30506
      1	30509
      2	30552
      4	30554
      1	30573
      1	30641
      1	30653
      2	30662
     11	30710
      2	30711
      1	30734
      1	30742
      3	30776
      1	30843
      1	30861
      2	30926
      3	30939
      4	30941
      2	30957
      1	30977
      1	31011
      1	31030
      1	31032
      3	31050
      1	31063
      1	31074
      1	31133
      1	31153
      1	31240
      1	31250
      1	31258
      1	31272
      1	31343
      1	31353
      1	31381
      1	31409
      1	31416
      1	31419
      1	31453
      1	31456
      2	31481
      2	31499
      1	31557
      1	31560
      3	31562
      1	31613
      2	31688
      1	31702
      2	31717
      1	31729
      1	31766
      1	31829
      1	31837
      1	31838
      1	31912
      2	31933
      1	31949
      1	31962
      1	31990
      1	32031
      1	32043
      1	32079
      1	32116
      3	32117
      1	32136
      1	32164
      1	32176
      1	32200
      1	32205
      1	32240
      2	32263
      1	32279
      1	32345
      2	32374
      1	32405
      1	32439
      1	32496
      1	32497
      2	32520
      2	32574
      1	32583
      1	32621
      1	32646
      1	32648
      1	32681
      1	32684
      1	32719
      1	32747
      1	32759
      3	32768
      1	32788
      1	32802
      1	32955
      2	32970
      1	32980
      1	32983
      1	33012
      1	33051
      4	33064
      1	33069
      1	33074
      1	33102
      1	33143
      1	33144
      1	33206
      2	33226
      2	33272
      1	33275
      1	33281
      1	33292
      1	33318
      1	33334
      2	33375
      1	33410
      2	33433
      1	33465
      1	33480
      1	33484
      2	33499
      1	33516
      1	33525
      1	33526
      1	33555
      1	33602
      1	33611
      1	33619
      3	33662
      1	33682
      1	33692
      1	33697
      1	33698
      1	33731
      1	33742
      1	33753
      1	33827
      4	33833
      1	33876
      1	33879
      1	33923
      1	33929
      1	33982
      1	33983
      1	33991
      1	33992
      1	33993
      1	34018
      1	34023
      6	34133
      1	34169
      1	34181
      1	34210
      1	34219
      1	34241
      1	34254
      1	34264
      1	34282
      1	34371
      1	34374
      1	34452
      2	34457
      4	34460
      1	34479
      1	34504
      1	34526
      1	34536
      1	34537
      1	34584
      1	34647
      1	34669
      2	34695
      1	34707
      1	34708
      1	34737
      1	34750
      2	34773
      1	34777
      1	34822
      1	34826
      1	34827
      1	34846
      1	34872
      1	34905
      8	34916
      1	34921
      1	34949
      1	34957
      5	34974
      1	34976
      7	35004
      1	35005
      1	35009
      1	35019
      2	35024
      1	35056
      1	35144
      2	35187
      1	35208
      3	35220
      1	35223
      1	35263
      1	35326
      1	35327
      1	35401
      3	35416
      1	35422
      2	35492
      1	35498
      1	35511
      4	35591
      1	35598
      1	35622
      1	35644
      1	35646
      3	35667
      1	35671
      3	35708
      1	35748
      1	35757
      1	35786
      1	35801
      2	35835
      1	35844
      1	35900
      1	35942
      1	35949
      2	35978
      4	35981
      1	36015
      1	36030
      2	36035
      1	36056
      2	36098
      2	36103
      1	36104
      1	36112
      1	36113
      4	36117
      1	36135
      1	36137
      1	36169
      1	36176
      3	36193
      1	36252
      1	36293
      2	36337
      1	36341
      1	36383
      4	36400
      1	36416
      1	36437
      1	36438
      1	36443
      1	36463
      2	36465
      1	36494
      3	36508
     17	36540
      1	36549
      1	36559
      1	36641
      1	36658
      1	36667
      1	36674
      1	36690
      1	36713
      1	36718
      1	36727
      1	36737
      1	36778
      1	36779
      1	36780
      1	36870
      1	36910
      1	36924
      1	36951
      9	36973
      1	36979
      1	36981
      1	37009
      2	37021
      1	37031
      1	37042
      1	37070
      5	37101
      1	37123
      1	37124
      1	37128
      1	37215
      2	37233
      1	37271
      2	37287
      1	37308
      1	37333
      1	37340
      1	37486
      1	37535
      1	37602
      2	37608
      1	37617
      2	37640
      2	37672
      6	37686
      1	37698
      1	37711
      1	37723
      1	37743
      1	37752
      1	37758
      3	37760
      1	37805
      1	37812
      2	37820
      1	37836
      1	37837
      1	37849
      1	37878
      1	37885
      2	37895
      1	37906
      2	37961
      1	37998
      1	38007
      2	38036
      1	38068
      1	38153
      2	38247
      1	38251
      1	38269
      1	38270
      1	38311
      1	38315
      1	38317
      1	38322
      2	38395
      1	38401
      1	38403
      1	38447
      1	38479
      2	38480
      1	38543
      1	38557
      1	38625
      2	38631
      1	38638
      1	38652
      1	38660
      5	38677
     19	38687
      1	38692
      1	38712
      2	38715
      1	38717
      1	38756
      1	38799
      1	38800
      1	38831
      1	38839
      1	38854
      1	38886
      1	38888
      1	38926
      1	38939
      1	39000
      1	39082
      1	39109
      1	39119
      3	39122
      1	39158
      1	39219
      2	39234
      1	39264
      1	39275
      1	39314
      2	39325
      1	39338
      1	39375
      1	39390
      1	39392
      2	39403
     11	39432
      1	39450
      1	39501
      1	39513
      1	39525
      1	39529
      1	39594
      1	39644
      4	39754
      2	39770
      1	39807
      1	39812
      1	39851
      1	39870
      2	40050
      1	40093
      1	40105
      1	40112
      1	40130
      2	40170
      1	40252
      1	40278
      2	40358
      1	40388
      3	40394
      2	40483
      1	40490
      2	40556
      1	40635
      2	40638
      2	40641
      2	40661
      1	40721
      2	40750
      1	40770
      1	40779
      1	40788
      2	40817
      1	40820
      1	40877
      2	40942
      1	40950
      1	40981
      1	41032
      1	41080
      1	41102
      1	41142
      1	41168
      1	41184
      1	41233
      2	41309
      1	41315
      3	41333
      2	41334
      1	41364
      1	41434
      1	41473
      1	41489
      1	41524
      1	41618
      1	41669
      2	41735
      1	41750
      1	41763
      2	41782
      1	41784
      1	41800
      1	41848
      1	41985
      1	42008
      1	42013
      1	42016
      1	42134
      7	42144
      3	42170
      1	42198
      1	42228
      1	42250
      2	42277
      1	42281
      3	42297
      1	42334
      1	42357
      1	42375
      1	42408
      1	42441
      1	42501
      1	42512
      1	42517
      1	42521
      1	42523
      1	42547
      1	42579
      1	42601
      1	42674
      1	42696
      1	42699
      1	42707
      1	42708
      1	42744
      6	42772
      1	42788
      1	42797
      3	42810
      1	42821
      1	42936
      1	43002
      2	43051
      1	43088
      1	43131
      2	43148
      1	43157
      4	43169
      1	43182
      1	43247
      1	43261
      1	43277
      1	43335
      1	43390
      2	43411
      1	43417
      1	43436
      1	43462
      1	43501
      3	43526
      1	43548
      1	43567
      3	43599
      1	43605
      1	43645
      1	43653
      1	43693
      1	43718
      1	43721
      1	43753
      1	43757
      1	43811
      1	43820
      1	43832
      2	43857
      1	43933
      1	43958
      1	44011
      1	44024
      2	44031
      2	44054
      1	44061
      2	44068
      6	44078
      1	44094
      1	44117
      1	44228
      1	44263
      1	44284
      1	44329
      1	44338
      1	44345
      1	44390
      4	44493
      1	44519
      1	44579
      1	44633
      2	44652
      1	44667
      1	44674
      1	44692
      1	44724
      2	44770
      2	44777
      1	44830
      3	44833
      1	44838
      1	44872
      1	44878
      1	44879
      1	44959
      6	44961
      1	44995
      1	45018
      2	45040
      1	45085
      1	45086
      1	45092
      2	45103
      1	45141
      7	45148
      3	45219
      1	45251
      2	45298
     21	45307
      1	45358
      1	45359
      1	45407
      1	45450
      1	45470
      1	45494
      1	45506
      2	45520
      1	45542
      2	45547
      1	45560
      1	45596
      1	45635
      1	45668
      1	45692
      1	45701
      2	45704
      4	45758
      1	45786
      1	45821
      4	45834
      1	45835
      1	45906
      1	45940
      1	45942
      5	45986
      1	45990
      1	46030
      1	46100
      1	46125
      1	46149
      3	46157
      2	46163
      1	46174
      1	46198
      1	46232
      2	46263
      1	46267
      1	46270
      2	46290
      1	46300
      1	46345
      1	46349
      1	46372
      1	46405
      2	46413
      1	46417
      1	46430
      3	46471
      1	46513
      2	46530
      5	46554
      1	46595
      1	46663
      1	46667
      1	46680
      1	46698
      1	46724
      6	46750
      1	46767
      1	46827
      3	46834
      1	46925
      1	46937
      1	46950
      1	46984
      3	46999
      1	47005
      1	47006
      2	47012
      3	47038
      1	47052
      1	47095
      1	47143
      1	47242
      1	47248
      1	47291
      1	47309
      1	47311
      1	47339
      1	47367
      1	47373
      1	47376
      1	47428
      6	47478
      1	47502
      1	47597
      1	47599
      1	47611
      1	47621
      1	47638
      1	47640
      6	47648
      1	47660
      1	47672
      1	47713
      1	47761
      1	47768
      1	47866
      1	47868
      2	47874
      1	47898
      2	47905
      1	47919
      1	47966
      1	47984
      1	48037
      1	48071
      2	48086
      3	48123
      1	48128
      2	48135
      1	48147
      1	48166
      1	48174
      1	48198
      1	48204
      1	48231
      1	48266
      1	48307
      1	48316
      1	48325
      3	48354
      1	48368
      1	48383
      1	48390
      1	48400
      1	48410
      1	48420
      1	48466
      1	48468
      1	48580
      1	48607
      1	48621
      1	48645
      1	48651
      1	48666
      1	48675
      1	48724
      2	48746
      1	48870
      1	48874
      1	48884
      1	48887
      1	48924
      1	48948
      2	48989
      2	48995
      1	49007
     11	49014
      2	49025
      1	49073
      1	49134
      5	49180
      1	49262
      1	49267
      1	49361
      1	49402
      1	49403
     10	49458
      1	49493
      2	49495
      1	49535
      2	49551
      1	49655
      1	49724
      1	49752
      1	49755
      1	49797
      1	49814
      1	49823
      1	49844
      1	49883
      1	49938
      1	49944
      1	49957
      1	49966
      1	50015
      1	50044
      1	50054
      1	50069
      1	50087
      1	50096
      1	50184
      1	50231
      1	50269
      1	50340
      1	50388
      1	50389
      1	50392
      1	50517
      1	50522
      1	50527
      1	50529
      1	50539
      2	50590
      1	50602
      1	50607
      2	50660
      1	50686
      1	50744
      1	50771
      1	50780
      9	50798
      1	50808
      1	50827
      1	50880
      8	50910
      1	50915
      2	50920
      2	50926
      1	50940
      1	50948
      1	51024
      4	51028
      4	51044
      2	51111
      3	51159
      2	51171
      1	51176
      1	51207
      1	51288
      2	51334
     12	51394
      1	51409
      1	51433
      2	51449
      1	51468
      1	51609
      1	51610
      1	51671
      1	51673
      1	51679
      1	51795
      1	51810
      1	51815
      4	51827
      2	51829
      1	51841
      4	51854
      1	51882
      1	51911
      2	51920
      9	51959
      1	51961
      1	52013
      2	52023
      1	52037
      1	52114
      3	52121
      2	52129
      1	52164
      2	52169
      1	52181
      2	52224
      1	52281
      1	52308
      2	52323
      1	52331
      1	52344
      1	52360
      5	52370
      1	52379
      4	52398
      4	52414
      1	52495
      1	52513
      1	52526
      2	52534
      2	52563
      1	52571
      1	52633
      2	52685
      1	52709
      1	52730
      1	52736
      1	52747
      1	52762
      2	52767
      1	52791
      1	52793
      1	52794
      1	52796
      1	52814
      1	52821
      1	52832
      2	52845
      3	52856
      2	52898
      1	52917
      2	52918
      2	52938
      1	52983
      1	53007
      1	53017
      1	53051
      1	53095
      1	53130
      1	53146
      1	53147
      2	53148
      1	53167
      3	53209
      1	53212
      1	53243
      1	53280
      3	53349
      1	53357
      1	53381
      6	53401
      1	53420
      1	53423
      3	53433
      1	53486
      2	53488
      1	53490
      2	53580
     11	53583
     39	53584
      1	53636
      1	53651
      1	53666
      3	53692
      6	53784
      2	53817
      2	53835
      2	53839
      4	53918
      3	53925
      1	53956
      3	53961
      1	53971
      1	53975
      1	53996
      1	54056
      1	54080
      2	54094
      1	54098
      1	54102
      1	54121
      1	54127
      1	54184
      2	54187
      1	54209
      1	54215
      1	54240
      1	54245
      1	54336
      1	54356
      1	54386
      7	54395
      1	54399
      1	54400
      7	54401
      1	54402
      1	54472
      2	54513
      1	54662
      1	54720
      1	54745
      3	54855
      1	54888
      1	54930
      2	54989
      1	55008
      1	55014
      1	55070
      2	55083
      1	55122
      1	55129
      1	55161
      1	55172
      1	55217
      1	55245
      3	55273
      1	55276
      1	55279
      1	55314
      1	55345
      2	55375
      1	55408
      2	55418
      2	55421
      1	55481
      1	55487
      2	55524
      1	55539
      1	55544
      2	55587
      1	55621
      1	55650
      1	55660
      1	55661
      2	55665
      2	55676
      2	55680
      1	55681
      2	55682
      2	55701
      2	55736
      8	55746
      1	55749
      1	55818
      1	55829
      1	55830
      1	55849
      1	55859
      2	55873
      1	55910
      1	55970
      1	55998
      1	56027
      2	56041
      1	56044
      1	56064
      4	56084
      3	56113
      2	56147
      1	56187
      1	56198
      1	56232
      1	56239
      6	56271
      2	56301
      1	56321
      1	56340
      1	56386
      5	56410
      1	56432
      4	56434
      1	56484
      1	56523
     25	56533
      1	56557
      1	56559
      1	56563
      2	56583
      3	56608
      1	56621
      1	56630
      1	56642
      1	56679
      1	56706
      1	56780
      1	56823
      1	56874
      1	56902
      1	56947
      1	57025
      1	57050
      1	57064
      1	57072
      1	57078
      1	57114
      1	57133
      1	57144
      1	57147
      1	57173
      1	57179
      1	57254
      1	57332
      2	57346
      1	57361
      1	57368
      1	57394
      1	57415
      1	57434
      1	57436
      1	57445
      1	57449
      4	57459
      1	57485
      2	57525
      1	57557
      1	57559
      1	57594
      1	57606
      1	57619
      1	57621
      1	57629
      1	57636
      4	57650
      1	57654
      2	57675
      1	57688
      1	57719
      1	57730
      8	57731
      1	57738
      1	57739
      1	57750
      1	57752
      1	57757
      1	57808
      1	57809
      1	57817
      1	57834
      1	57949
      3	57951
      1	58036
      1	58063
      1	58069
      1	58118
      5	58172
      1	58179
      2	58196
      1	58216
      2	58239
      1	58244
      1	58352
      1	58358
      1	58362
      1	58366
      1	58413
      2	58435
      1	58462
      1	58466
      2	58472
      1	58477
      1	58495
      1	58504
      2	58515
      1	58527
      1	58552
      1	58555
     17	58575
      2	58587
      1	58594
      1	58598
      1	58602
      1	58712
      1	58714
      1	58722
      4	58731
      1	58875
      1	58887
      2	58951
      1	58960
      1	58978
      1	59013
      1	59019
      7	59036
      1	59037
      1	59045
      1	59050
      1	59060
      1	59063
      1	59069
      3	59100
      6	59134
      1	59144
      2	59165
      2	59174
      2	59176
      1	59178
      1	59201
      1	59231
      2	59271
      1	59272
      1	59291
      1	59323
      3	59327
      1	59402
      7	59425
      1	59434
      1	59494
      1	59515
      3	59561
      1	59571
      1	59582
      1	59603
      1	59627
      2	59655
      1	59701
      1	59704
      1	59722
      1	59821
      1	59896
      1	59909
      2	59932
      1	59944
      1	59952
      1	60040
      1	60071
      1	60120
      1	60131
      8	60132
      1	60172
      1	60207
      1	60210
      4	60259
      1	60266
      1	60295
      3	60312
      1	60331
      1	60334
      1	60352
      1	60358
      2	60360
      1	60379
      1	60407
      1	60501
      2	60528
      1	60533
      3	60557
      1	60581
      2	60652
      1	60724
      1	60773
      3	60793
      1	60837
      1	60852
     26	60863
      1	60868
      1	60882
      3	60909
      1	60912
      1	60939
      1	60943
      1	60946
      1	60995
      2	60997
      1	61054
      1	61057
     10	61066
      1	61092
      1	61113
      1	61116
      2	61191
      1	61230
      2	61254
      2	61257
      1	61261
      1	61268
      2	61272
      1	61280
      2	61282
      1	61287
      1	61298
      1	61304
      1	61309
      1	61340
      1	61388
      1	61396
      1	61406
      1	61445
      1	61448
      1	61464
      1	61477
      2	61540
      1	61599
      1	61608
      1	61655
      3	61665
      1	61679
      1	61787
      1	61798
      1	61817
      1	61819
      2	61822
      1	61832
      1	61866
      1	61885
      1	61912
      1	61928
      2	62051
      1	62053
      4	62063
      2	62095
      1	62106
      1	62108
      1	62113
      2	62119
      1	62154
      4	62159
      3	62183
      2	62189
      3	62214
      1	62230
      2	62442
      1	62467
      1	62492
      1	62510
      2	62532
      2	62558
      1	62564
      5	62585
      1	62600
      1	62607
      1	62650
      1	62654
      1	62703
      1	62720
      1	62761
      1	62778
      1	62780
      1	62828
      5	62846
      3	62849
      1	62868
      1	62908
      1	62926
      2	62927
      1	62948
      1	62986
      1	63031
      1	63050
      1	63093
      2	63097
      2	63126
      1	63140
      1	63177
      1	63339
      1	63363
      2	63368
      1	63372
      1	63375
      1	63381
      4	63409
      1	63414
      1	63418
      1	63421
      1	63430
      1	63432
      1	63474
      1	63484
      1	63507
      1	63511
      1	63518
      1	63525
      1	63533
      1	63543
      4	63611
      1	63651
      3	63660
      1	63711
      1	63712
      1	63743
      1	63749
      1	63766
      4	63791
      1	63792
      1	63807
      1	63811
      1	63820
      1	63834
      1	63850
      1	63867
      1	63880
      1	63889
      1	63917
      1	63918
      1	63920
      1	63949
      1	63984
      1	64024
      3	64043
      1	64104
      1	64106
      1	64129
      1	64144
      1	64149
     10	64155
      1	64163
     10	64189
      2	64196
      1	64283
      2	64325
      1	64339
      1	64380
      1	64425
      1	64469
      2	64504
      5	64530
      9	64532
      8	64556
      3	64566
      1	64600
      1	64657
      3	64680
      1	64794
      1	64838
      7	64868
      1	64883
      8	64884
     24	64908
      1	64923
      1	64942
      3	64964
      2	65008
      3	65023
      1	65039
      2	65046
      1	65058
      4	65062
      1	65075
      1	65110
      1	65116
      1	65123
      2	65133
      1	65206
      1	65231
      1	65256
      4	65271
      1	65304
      6	65314
      1	65328
      1	65334
      3	65373
      2	65414
      1	65425
      1	65427
      1	65436
      1	65452
      1	65495
