      1	11
      1	29
      2	77
      1	97
      2	242
      1	259
      1	293
      1	363
      1	478
      1	620
      1	696
      1	758
      3	767
      2	779
      1	804
      2	823
      2	865
      2	917
      1	967
      1	1092
      1	1182
      1	1190
      1	1232
      4	1261
      2	1296
      2	1361
      6	1380
      1	1497
      3	1532
      2	1616
      1	1628
      3	1681
      2	1812
      2	1906
      1	1913
      1	1937
      1	1981
      1	2020
      1	2051
      3	2057
     19	2090
      2	2093
      1	2244
      1	2503
      2	2529
      1	2550
      1	2593
      2	2613
      1	2662
      3	2720
      1	2815
      1	2844
      1	3004
      2	3018
      1	3114
      2	3153
      1	3162
      1	3198
      4	3243
      1	3253
      1	3351
      1	3382
      1	3671
      1	3737
      1	3745
      1	3792
      1	3861
      1	3962
      1	4014
      1	4060
      1	4106
      4	4109
      1	4148
      3	4195
      1	4238
      1	4244
      2	4286
      1	4327
      1	4664
      1	4780
      1	4803
      3	5277
      1	5346
      1	5487
      1	5510
      2	5819
     12	5823
      1	5874
      2	5880
      1	5924
      1	6012
      1	6041
      1	6275
      1	6293
      1	6332
      3	6363
      1	6370
      1	6396
      1	6417
      1	6468
      1	6518
      3	6523
      1	6654
      2	6805
      6	6809
      1	6843
      1	6857
      1	6887
      1	7035
      3	7185
      1	7229
      1	7299
      3	7377
      1	7403
      1	7422
      3	7426
      1	7720
      1	7935
      2	7970
      1	8077
     10	8121
      1	8190
      1	8281
      1	8478
      1	8562
      1	8708
      1	8956
      2	8983
      1	9006
      1	9058
      1	9080
      1	9110
      1	9139
      1	9214
      1	9218
      1	9284
      2	9304
      1	9327
      1	9345
      1	9411
      1	9440
      1	9452
      1	9463
      1	9486
      1	9761
      1	9793
      1	9845
      2	9878
      1	9965
      1	10026
      1	10050
      1	10216
      1	10447
      1	10487
      2	10576
      4	10610
      7	10705
      7	10724
      2	10859
     25	10904
      5	10916
      1	10974
      2	10986
      2	10998
      2	11155
      2	11230
      5	11231
      1	11321
      1	11350
      2	11391
     88	11584
      1	11696
      1	11750
      1	11759
      2	11820
      1	11875
      1	11967
      6	11986
      1	12007
      1	12024
      1	12156
      1	12383
      1	12447
      1	12505
      1	12676
      1	12684
      1	12747
      8	12801
      1	12804
      2	12891
      1	12899
      5	12945
      9	12946
     37	12967
      1	13085
      2	13166
      3	13273
      2	13345
     17	13460
      4	13489
      4	13600
      1	13698
      1	13702
      3	13806
      1	14111
      2	14127
      4	14128
      1	14166
     18	14184
      1	14256
      1	14269
      1	14319
      1	14335
      1	14384
      1	14509
      1	14540
      5	14569
      1	14606
      1	14611
      1	14793
      1	14923
      2	14956
      1	15033
      1	15050
      3	15261
      1	15334
      1	15381
      1	15386
      1	15489
      1	15511
      1	15558
      1	15839
      2	15868
      1	15958
      1	15959
      1	16153
      1	16192
      2	16306
      1	16321
      1	16368
      2	16400
      1	16479
      1	16529
      4	16554
      2	16806
      2	16887
      1	16944
      3	16968
      2	17003
      7	17048
      1	17056
      2	17105
      1	17164
     14	17220
      1	17378
      1	17419
      1	17495
     15	17879
      1	17968
      4	18003
      4	18109
      1	18207
     28	18340
      1	18394
      1	18449
      7	18538
      1	18590
      2	18613
      1	18660
      1	18720
      2	18802
      1	19018
      1	19026
      1	19039
      1	19113
      1	19268
      1	19543
      1	19549
      1	19588
      1	19785
      5	19840
     23	19869
      1	19900
      6	19976
      1	20018
      1	20030
      4	20098
      3	20162
      4	20268
      1	20288
      1	20323
      1	20401
      1	20422
      4	20506
      2	20658
      2	20748
      1	20774
      1	20800
      3	20837
      1	20926
      2	21319
      5	21400
      1	21507
     13	21605
      2	21607
      2	21650
      2	21762
      2	21764
      1	21911
      2	22003
      1	22134
      1	22186
      2	22305
     36	22336
     16	22447
      1	22646
      2	22680
      2	22713
      1	22744
      1	22812
      1	22910
      1	22912
      1	22915
      1	22935
      1	22970
      1	23015
      1	23033
      2	23068
      1	23092
      2	23114
      2	23138
      1	23147
      1	23179
     16	23267
      1	23320
      1	23321
      1	23449
      1	23486
      1	23536
      2	23577
      2	23611
      1	23683
      1	23801
      6	23808
      3	24058
      1	24097
      1	24123
      7	24149
      1	24164
      1	24208
     22	24345
      1	24380
      1	24390
      2	24432
      2	24450
      3	24458
      1	24473
      1	24613
      3	24685
      1	24750
     94	24794
      1	24818
      1	24837
      5	24911
      1	24933
      1	25129
      1	25163
      2	25338
      3	25366
      1	25439
      1	25507
      1	25512
      2	25535
      2	25689
      1	25736
      4	26111
      1	26147
     20	26202
      1	26260
      1	26456
      5	26458
      3	26533
      1	26633
      4	26658
      1	26777
      2	26857
      1	26940
      1	27024
      2	27191
      1	27257
      1	27324
      4	27349
      1	27382
      1	27411
      1	27429
      1	27495
      1	27535
      1	27606
      2	27773
      3	27862
      1	27867
      1	27944
      1	27991
      1	28012
      1	28017
      1	28140
      1	28343
      1	28365
      1	28376
      1	28463
      4	28517
      1	28523
      1	28615
      2	28784
      1	28802
      1	28809
      1	28858
      2	28879
      5	29002
      1	29097
      1	29188
      2	29311
      1	29324
      1	29347
      3	29499
      1	29564
      1	29760
      3	29994
      1	30024
      1	30094
      4	30284
      1	30291
      2	30314
      4	30390
      2	30565
      1	30601
      3	30611
     11	30672
      3	30682
      3	30819
      1	30854
      1	30957
      4	31025
      1	31276
      1	31387
      2	31395
      3	31397
     17	31557
      1	31608
      1	31778
      1	31842
      1	31885
      1	31937
      1	32038
      1	32072
     11	32181
      1	32206
      1	32224
      9	32309
      2	32345
      2	32456
     10	32483
      1	32639
      1	32866
      2	32983
     20	33194
      1	33260
      2	33306
      2	33337
      1	33354
      1	33385
      5	33400
      1	33586
      3	33640
      1	33656
      1	33682
      1	33957
      1	34002
      1	34133
      1	34205
      2	34218
      1	34374
      1	34380
      2	34402
      1	34608
      1	34708
      1	34836
      1	34865
      1	34925
      7	34990
      1	35086
      1	35166
      1	35192
      2	35528
      1	35739
      1	35750
      1	35831
      1	35878
      2	35916
      3	36044
      1	36113
      1	36438
      2	36471
      1	36548
      2	36559
      2	36625
      2	36658
      1	36659
      1	36674
      1	36823
      1	36838
      1	36883
      1	36964
      4	36970
      1	37063
      2	37198
      3	37213
      1	37308
      1	37321
      1	37550
      1	37598
      1	37709
      2	37795
      2	37808
      1	37869
     10	37916
      1	37976
      1	37980
      1	38181
      1	38335
      1	38389
      1	38411
      1	38479
      1	38520
      1	38553
      1	38559
      1	38611
      3	38625
      1	38671
      1	38742
      1	38802
      3	38909
      2	39049
      1	39159
      1	39176
      2	39186
      2	39216
      1	39325
      1	39440
      1	39458
      1	39856
      2	40063
      1	40067
      1	40100
      1	40284
      1	40367
      2	40397
      1	40502
      2	40531
      2	40592
      3	40661
      2	40730
      1	40733
      1	40735
      3	40748
      1	40779
      1	40789
      1	40935
      1	41065
      1	41119
      1	41216
      1	41361
      8	41478
      1	41554
      1	41632
      1	41760
      1	41782
      3	41801
      1	41827
      1	41848
      1	41909
      1	42027
      1	42346
      2	42408
      1	42433
      1	42441
      3	42689
      1	42699
      1	42723
      1	42862
      6	42868
      1	42872
      1	43052
      1	43058
      1	43230
      1	43272
      1	43361
      1	43441
      2	43585
      1	43632
      1	43953
      9	43957
      1	43977
      1	44115
      2	44141
      2	44252
      3	44272
      3	44329
      5	44378
      5	44443
      2	44568
      1	44582
      1	44617
      1	44648
      3	44666
      1	44722
      4	44833
      1	44907
      1	45298
      2	45314
      1	45333
      3	45362
      1	45439
      1	45457
      1	45466
      2	45503
      1	45552
      1	45622
      1	45665
      1	45818
      1	45864
      1	45935
      4	46258
      1	46267
      1	46295
      1	46340
      1	46383
      1	46402
      3	46417
      1	46428
      2	46488
      1	46517
      1	46853
      2	46887
      1	46932
      6	46950
      1	47025
      3	47104
      6	47181
      1	47193
      1	47294
      2	47311
      3	47412
      1	47690
      2	47692
      1	47781
      3	47883
      1	47893
      3	47903
      1	48064
      1	48216
      1	48259
      1	48428
      7	48481
      1	48678
      1	48798
      1	48832
      2	48950
      1	49053
      1	49112
      1	49179
      1	49180
      3	49185
      1	49382
      1	49458
      1	49474
      2	49498
      1	49607
      1	49644
      2	49713
      2	49781
      6	49922
      1	49956
      1	49966
      1	50075
      1	50190
      2	50209
      1	50216
      1	50262
      2	50306
      1	50648
      1	50692
      1	50738
      4	50777
      1	50926
      9	50940
      2	50951
      1	50997
      2	51111
      2	51314
      1	51511
      2	51645
      3	51920
      5	52044
      1	52121
      1	52181
      1	52232
      3	52370
      1	52382
      1	52414
      1	52730
      1	52819
      1	52959
      1	53324
      1	53357
      5	53441
      1	53479
      1	53550
      1	53632
      1	53759
      1	53918
      1	54055
      1	54169
      1	54179
      1	54249
      6	54509
      1	54525
      1	54654
      6	54681
      2	54752
      1	54877
      1	54948
      2	54989
      2	54995
      1	55199
      2	55345
      1	55396
     21	55460
      2	55501
     41	55534
      1	55565
     14	55571
      2	55587
      1	55619
      1	55663
      1	55681
      1	55751
      1	56133
      1	56165
      2	56187
      4	56300
      1	56339
      2	56371
      2	56385
      1	56397
      1	56533
      1	56564
      2	56569
      1	56614
      1	56751
      3	56762
      2	56804
      1	56911
      1	56981
      1	57144
      2	57218
      1	57370
      3	57420
      1	57528
      1	57564
      1	57608
      1	57612
      1	57675
      2	57764
      9	57843
      1	57897
      3	57906
      1	57951
      1	58002
      2	58120
      1	58124
      1	58155
      1	58299
      1	58339
      1	58471
      1	58527
      1	58563
      1	58647
      1	58658
      1	58697
      1	58766
      1	58768
      1	58800
      5	58805
      3	58876
     19	58887
      1	58901
      1	58966
      1	59064
      1	59107
      1	59571
      1	59625
      1	59659
      1	59720
      1	59728
      1	59739
      1	59758
      1	59864
      1	60043
      7	60521
      2	60584
      1	60687
     18	60693
      1	60716
      1	60733
      1	60847
      1	60882
      1	60915
      2	61063
      1	61064
      1	61113
      1	61191
      1	61230
      1	61234
      3	61298
     11	61367
      1	61406
      1	61460
      1	61665
      4	61727
      1	61813
      1	61928
      1	62024
     15	62095
      1	62217
      1	62311
      1	62543
      1	62653
      1	62664
      4	62761
      1	62808
      1	62849
      1	62879
      2	62890
      1	62936
      3	63060
     26	63097
      1	63107
      1	63262
      1	63264
      1	63282
      8	63363
      1	63409
      1	63432
      4	63483
      1	63484
     10	63554
      1	63676
      3	63696
      9	63702
      2	63812
      1	63830
      1	63881
      1	64056
      1	64234
      1	64261
      7	64316
     18	64398
      3	64470
      1	64500
      1	64528
      1	64582
      3	64637
      1	64821
      1	64904
      1	65046
      1	65121
      5	65145
      1	65149
      1	65249
      3	65263
      1	65372
      3	65373
      4	65401
      1	65414
      1	65518
