      1	221
      2	234
      1	283
      1	492
      1	613
      1	787
      1	887
      1	1104
      2	1402
      1	1422
      1	1553
      2	1606
      1	1688
      1	1692
      1	1830
      1	1986
      1	2016
      2	2124
      1	2149
      2	2164
      1	2302
      1	2492
      7	2522
      1	2652
      1	2763
      1	2900
      5	2937
      1	3013
      1	3552
      2	3558
      1	3646
      2	3881
      2	3902
      1	3929
      1	3943
      1	4114
      7	4121
      2	4606
      1	4617
      2	4810
      1	4830
      1	4904
      1	4946
      1	5010
      1	5015
      1	5039
      1	5187
      1	5214
      1	5258
      1	5461
      1	5472
      1	5747
      1	5785
      1	6089
      1	6175
     28	6394
      1	6497
      1	6677
      1	6803
      3	6861
      1	6980
      1	7052
      2	7061
      1	7222
      1	7599
      1	7623
      1	7638
      1	7724
      1	8030
      1	8216
      1	8284
      1	8310
      2	8675
      1	8702
      1	8715
      1	8784
      1	8888
      3	8930
      1	9024
      1	9186
      1	9325
      1	9347
      1	9474
      1	9750
     15	9797
      1	9896
      1	9900
      1	10053
      1	10353
      2	10389
      1	10776
      1	10842
      1	10880
      1	10918
      1	11213
      1	11754
      1	11821
      1	11944
      1	11951
      1	12066
      1	12105
      1	12369
      1	12758
      1	13089
      1	13096
      1	13388
      1	13972
      1	14392
      1	15121
      1	15260
      1	15534
      1	15767
      1	15784
      1	15958
      1	16234
      1	16261
      1	16322
      1	16437
      1	16758
      1	17056
      2	17096
      1	17139
      6	17324
      1	17352
      1	17408
      1	17536
      1	17553
      1	17592
      1	17746
      1	17809
      1	17838
      1	17923
      3	18309
      1	18448
      1	18795
      1	19198
      1	19228
      1	19326
      1	19339
      1	19634
      1	19773
      1	19825
      1	19904
      1	19917
      2	19957
      2	20183
      1	20369
      1	20487
      1	20739
      2	20784
      1	20883
      1	20925
      4	20965
      2	21059
      3	21195
      1	21375
      1	21448
      1	21591
      4	21673
      1	21900
      2	22026
      2	22515
      2	22525
      2	22696
      1	22721
      2	23080
      1	23094
      2	23178
      3	23381
      3	23577
      2	23653
      1	23720
      1	23751
      1	23798
     12	23811
      1	23869
      1	24000
      1	24079
      1	24152
      1	24166
      1	24203
      1	24253
      1	24510
      1	24624
      1	24641
      1	24698
      1	24943
      5	24958
      1	25281
      1	25311
      2	25338
      1	25369
      6	25530
      3	25640
      1	25641
      1	25648
      1	25737
      1	25805
      1	25983
      1	25996
      2	26101
      1	26190
      4	26231
      1	26290
     15	26563
      2	26564
      7	26587
      2	26658
      1	26688
      1	26903
      1	26933
      1	27008
      2	27276
      1	27653
      2	27686
      2	27765
      2	27939
      2	28297
      8	28358
      5	28592
      1	28617
      1	28705
      1	28962
      1	28988
      1	29632
      1	29638
      1	29759
      1	29925
      1	29962
      1	30119
      1	30263
      1	30319
      9	30360
      1	30446
      1	30471
      2	30827
      1	30923
      1	30933
      2	31280
      2	31642
      1	31800
      4	31830
      1	31853
      1	32111
      1	32113
      1	32233
      1	32308
      4	32429
      2	32431
      2	32574
      1	32684
      1	33134
      4	33316
      3	33476
      1	33500
      1	33762
      3	33767
      1	34063
      1	34189
      1	34356
      1	34414
      5	34428
      1	34590
      1	34680
      1	34778
      1	34961
      1	35070
      1	35120
      1	35496
      1	35617
      1	35659
      1	35666
      1	35693
     16	35708
      2	35731
      1	35776
      1	35847
      1	35861
      1	35989
      6	36028
      3	36165
      2	36371
      1	36706
      1	36794
      1	36846
      1	36987
      2	37080
      1	37305
      2	37308
      1	37316
      1	37367
      1	37454
      2	37511
      1	37623
      1	37632
      2	38238
      2	38480
      1	38596
      1	38730
      1	38884
      1	38905
      1	39189
      1	39524
      1	39738
      2	39790
      7	40149
      1	40540
      1	40785
      1	40851
      1	40931
      1	41015
      1	41176
      1	41224
      1	41582
      4	41701
      1	41977
     10	42011
      1	42015
      1	42159
      1	42204
      1	42585
      1	42651
      4	42675
      1	42719
      1	42723
      1	42913
      1	42926
      1	43005
      1	43145
      1	43240
      1	43503
      2	43601
      1	43650
      1	44194
      1	44487
      1	44617
      1	44669
      1	44809
      1	44896
      1	45160
      1	45325
      1	45376
      1	45393
      1	45517
     14	45645
      1	45660
      1	45783
      1	45854
      1	45921
      1	45975
      1	46154
      1	46173
      1	46353
      1	46513
      1	46595
      1	46703
      1	46744
      1	46975
      2	47091
      1	47107
      2	47124
      1	47226
      1	47254
      3	47497
      2	47540
      3	47634
      1	47985
      1	48190
      2	48247
      1	48476
      1	48490
      1	48710
      1	48746
      1	48764
      1	48771
      1	48856
      1	49041
      1	49312
      1	49332
      8	49361
     11	49481
      1	49642
      1	49667
      1	49820
      1	49947
      1	50111
      1	50481
      1	50564
      1	50678
      3	50855
      1	51004
      1	51358
      1	51391
      1	51445
      1	51513
      1	51562
      1	51614
      1	51624
      1	51700
      1	52056
      1	52108
      1	52512
      3	52522
      1	52567
      1	52707
      2	52733
      1	52734
      2	52797
      1	52874
      2	52888
      1	52927
      1	52991
      1	53033
      4	53053
      1	53266
      1	53537
      1	53542
      1	54245
      8	54791
      1	54801
      1	54865
      1	54912
      1	55079
      3	55299
      1	55329
      1	55362
      1	55456
      2	55672
      1	55910
      5	56011
      1	56125
      1	56261
      1	56702
      1	56855
      1	57007
      1	57133
      2	57137
      1	57506
      1	57510
      1	57595
      2	57622
      1	57815
      1	58111
      1	58210
      1	58244
      1	58299
      1	58314
      1	58346
      2	58656
      1	58680
      4	58746
      1	58808
      2	58886
      2	59140
      1	59316
      1	59603
      1	59787
      1	59811
      2	59896
      1	60139
      1	60256
      7	60312
      1	60421
      1	60670
      1	60898
      3	60909
      1	61150
      1	61207
      1	61298
      1	61531
      1	61668
      1	61879
      1	62014
      1	62123
      1	62189
      1	62251
      1	62534
      1	62791
      3	62867
      2	62980
      2	63132
      1	63142
      1	63364
      1	63480
      1	63582
      3	63598
      1	63695
      1	63997
      1	64054
      1	64271
      1	64530
      1	64829
      1	64981
      1	64982
      1	65339
      1	65469
