      3	11
      1	260
      1	306
      4	325
      2	366
      2	470
      1	513
      1	538
     11	572
      2	601
     13	614
     15	618
      1	624
      1	630
      2	638
      3	729
      3	827
     11	848
      2	874
      3	893
      8	904
      7	942
      1	973
      6	1045
      4	1091
      9	1116
      5	1124
      1	1187
      2	1195
      9	1205
      4	1335
      2	1340
      3	1385
      1	1403
      1	1408
      4	1541
     16	1550
      2	1570
      1	1596
      3	1621
     24	1712
      2	1727
      1	1755
      1	1936
      2	1984
      9	1992
      3	2056
      7	2060
      1	2171
      5	2475
     49	2498
      2	2531
     13	2540
      3	2583
      1	2719
      4	2939
      1	2966
      1	2974
     25	3065
      3	3094
      1	3104
      6	3133
      7	3172
     40	3200
      1	3230
      1	3310
     34	3337
      4	3501
      1	3522
      2	3561
      4	3568
      2	3605
      4	3662
     75	3709
     10	3739
      7	3786
      5	3791
      1	3887
     12	3915
      4	4002
      1	4059
      2	4083
      1	4144
      1	4298
     66	4354
      5	4369
      1	4442
      4	4485
      9	4512
      3	4539
     28	4577
      9	4623
      6	4698
      5	4708
      4	4750
      2	4833
      7	4892
     16	4963
      5	4988
      1	5047
     21	5182
      1	5205
      1	5218
      1	5251
      8	5295
      2	5364
      1	5381
      3	5534
     18	5581
      1	5592
     11	5618
      1	5668
      5	5715
      3	5721
      4	5773
      5	5788
      1	5878
     10	5914
     11	5936
      7	5985
      3	6011
      3	6042
     21	6049
     14	6078
      6	6092
      7	6256
     13	6310
     10	6383
      1	6391
     10	6392
      1	6433
      1	6466
     11	6469
      9	6480
      1	6497
     20	6498
      2	6613
      9	6716
     43	6738
      5	6756
      2	6780
     15	6798
      4	6802
      4	6848
      7	6862
      7	6923
      6	6990
     14	6991
      3	7020
      2	7035
      1	7202
      9	7354
      1	7382
      6	7388
      8	7480
     10	7514
      5	7540
     14	7546
      3	7643
      1	7654
      4	7659
      1	7722
      8	7814
      5	7848
      3	7897
     13	7902
      1	7945
      5	7968
      4	7972
     18	7995
      1	8146
      3	8164
      1	8211
      1	8243
      1	8285
      8	8291
     17	8325
      1	8428
      2	8484
      2	8505
      1	8551
     59	8557
      2	8599
      4	8601
     21	8625
      1	8646
      4	8678
      1	8744
      2	8813
     26	8824
      2	8869
     48	8885
      4	8909
      2	8942
      2	8960
      4	8994
     14	9129
      5	9341
      1	9395
      2	9473
      1	9496
      2	9535
     22	9665
      9	9748
      3	9782
      2	9822
      9	9983
      2	10026
      3	10049
      1	10129
      5	10141
      1	10186
      1	10209
      3	10220
      3	10254
      1	10322
      1	10336
      1	10342
      8	10414
      5	10460
      3	10471
      1	10486
      8	10499
      5	10562
      1	10595
      2	10604
      6	10634
      1	10639
      8	10641
      1	10690
     41	10698
      5	10728
      1	10732
      2	10783
      2	10828
      1	10901
      5	10917
      2	10925
      8	10966
     18	11042
      6	11043
      2	11104
      1	11150
      3	11357
      4	11459
      3	11486
      7	11643
     12	11691
      1	11822
      1	11909
      1	11969
      3	12086
      1	12141
      2	12165
      6	12292
      1	12595
      4	12606
      2	12643
      9	12696
      1	12748
     15	12839
      2	12850
     36	12928
      2	12929
      1	12944
      1	12945
      3	13043
      2	13313
      6	13455
      9	13458
     19	13482
      1	13539
      3	13546
      2	13612
      1	13660
      4	13847
     61	13869
      3	13923
      1	14108
      1	14122
      4	14308
      1	14314
      1	14363
     12	14590
      3	14686
      3	14752
      1	14778
      2	14792
      1	14810
     11	14815
      1	14816
      1	14821
     10	14862
      4	14868
      6	14930
      4	14964
     55	15085
     17	15102
      1	15120
     56	15136
      7	15157
     44	15227
      2	15262
      1	15268
      3	15293
      1	15348
      3	15418
      4	15474
      1	15817
      1	15850
      4	15944
      1	15986
      2	16048
      1	16145
      1	16220
     12	16250
      2	16258
      2	16358
      2	16399
      1	16423
      1	16446
      3	16496
      2	16524
      3	16658
     18	16665
      1	16681
     20	16748
      1	16793
     16	16836
      3	16867
      1	16908
      1	16941
     13	17091
      1	17097
      9	17120
      1	17215
     71	17238
      4	17272
      5	17281
      1	17288
      4	17458
      3	17505
      1	17532
      2	17549
      1	17572
      2	17907
      1	17926
      4	18039
      3	18060
      2	18120
      3	18218
     25	18337
      2	18401
      1	18418
      2	18428
      5	18462
     10	18467
      1	18471
     18	18476
      2	18555
     11	18628
      2	18822
      2	18830
      2	18909
      2	18973
     22	19035
      3	19056
      9	19135
      1	19182
      6	19196
      8	19222
      2	19303
      4	19348
      1	19351
      2	19381
      2	19461
      6	19552
      2	19628
      2	19742
      2	19821
      2	19842
      2	19876
      3	19895
      1	19914
      1	19981
     15	19982
      1	19993
     26	20082
      1	20113
     13	20176
      1	20191
      2	20217
     39	20346
      2	20380
      4	20462
      2	20501
      8	20578
     26	20661
      1	20767
      1	20827
      1	20883
      4	20950
      4	21026
      6	21070
      1	21248
      4	21347
      1	21447
      5	21550
      1	21582
      3	21583
      1	21620
      7	21683
      9	21743
      7	21751
      7	21769
      5	21786
     23	21792
      1	21871
      4	21913
      6	21940
      6	21966
      2	21999
      7	22077
     13	22094
      4	22101
      5	22109
      3	22124
     12	22125
      1	22180
      8	22213
      1	22269
      1	22282
      4	22353
      7	22421
      2	22439
      1	22572
      1	22878
      3	22896
      1	22927
      2	23098
     19	23229
      3	23271
      1	23330
      2	23392
     17	23421
      5	23442
      3	23495
      4	23497
     32	23533
      1	23554
      7	23595
     10	23612
      7	23645
      6	23741
      1	23781
      3	23782
     12	23911
      1	23936
      7	23955
     31	23968
     26	23984
      3	23986
      1	24009
      2	24128
      9	24251
      5	24275
      2	24310
     12	24332
      9	24346
      2	24678
      3	24697
     18	24761
      7	24830
      5	24865
      3	24973
      7	25089
      1	25098
     31	25117
      4	25119
      1	25157
      2	25175
      4	25206
      4	25257
      2	25268
      6	25345
      7	25425
     12	25470
      2	25474
     29	25500
      1	25517
      2	25651
      1	25751
      3	25784
      1	25858
      2	25862
      5	25870
      1	25917
     22	25969
     11	25993
      1	26116
      1	26186
      2	26220
      1	26290
     40	26343
      2	26361
      2	26389
      1	26413
      2	26582
      4	26649
      1	26657
     14	26767
     21	26823
     51	26824
      4	26894
      7	26981
      2	26984
      2	27088
     15	27124
     12	27165
      3	27236
      1	27271
     11	27299
      2	27320
      5	27393
      1	27400
      2	27488
      1	27550
      7	27685
      7	27736
      4	27768
      1	27773
      3	27798
      5	27809
      5	27829
      8	27900
      8	28028
      7	28057
      8	28131
      2	28135
      2	28178
      6	28263
      3	28292
      7	28311
      1	28347
      1	28416
      1	28441
      7	28545
      9	28596
      1	28602
      4	28616
      7	28691
      1	29007
      1	29039
      1	29067
     17	29156
      2	29363
      3	29365
      5	29396
      1	29457
      3	29543
      7	29641
      6	29691
      4	29775
      1	29789
      6	29813
      1	29824
      9	29866
      1	29909
      1	30063
      2	30094
      2	30128
     11	30375
      3	30431
      3	30462
     19	30481
      2	30482
     45	30554
      1	30555
      1	30635
      8	30662
      1	30667
      5	30794
      1	30901
      1	30920
     33	30975
      4	31017
     39	31047
      6	31112
      1	31186
     77	31312
     24	31325
      2	31426
     23	31453
      1	31535
      1	31557
      1	31611
      1	31708
      1	31798
      2	31807
      2	31853
     15	31889
      2	31944
      2	31953
     12	32025
      1	32084
      3	32352
     15	32360
      5	32373
      3	32433
      1	32448
     10	32502
      2	32528
      8	32574
      6	32670
     18	32689
      6	32736
     48	32838
      1	32888
      1	32987
      1	33056
     23	33116
      1	33184
      2	33227
      5	33321
      6	33427
      1	33471
      2	33488
      7	33636
      3	33667
      2	33677
      5	33722
      5	33744
      1	33753
     15	33811
      3	33826
      6	33835
      1	33873
      1	33955
      1	34052
      1	34264
     58	34317
      2	34522
     24	34597
      2	34614
      2	34632
      3	34639
      1	34646
     20	34693
      2	34762
      6	34795
      1	34834
      2	34871
     35	34960
      5	34966
      8	35011
      7	35019
      3	35027
      2	35095
      6	35129
     20	35205
     15	35234
      9	35303
      2	35323
      9	35368
      2	35386
      6	35392
      4	35434
      3	35600
      5	35608
      1	35691
      4	35775
     24	35799
     19	35892
      1	36015
      4	36062
      1	36071
      3	36164
      8	36176
      1	36239
     11	36416
      2	36448
      2	36492
      1	36535
     10	36536
      1	36626
      1	36668
      2	36687
      1	36690
      3	36816
      1	36986
      1	37061
      1	37062
      1	37094
      5	37122
     10	37157
      1	37187
     16	37227
      1	37239
      8	37245
      2	37289
      1	37339
      7	37346
     49	37458
      8	37465
      1	37571
     27	37694
      3	37852
     11	37884
     11	38119
      2	38144
      2	38209
      6	38268
      8	38279
      7	38384
      5	38442
      2	38455
      1	38469
      2	38472
      2	38508
      5	38526
      6	38554
      2	38635
      8	38648
     12	38657
      1	38736
      1	38821
      5	38851
      1	38918
      4	38962
      1	38990
      5	39011
      5	39029
      2	39112
      1	39117
     48	39125
      1	39236
      1	39317
      1	39363
      3	39413
      1	39496
     10	39560
      2	39617
     16	39817
      1	39829
      1	39877
     18	39901
     12	39941
      5	40030
      2	40117
      3	40118
      1	40145
      3	40155
      5	40205
      3	40219
      1	40240
      3	40303
     11	40346
      1	40355
     11	40431
      4	40458
      7	40532
      1	40537
      1	40708
     12	40723
      6	41001
      1	41036
      5	41158
     13	41263
     36	41268
     50	41309
      9	41340
      1	41342
      1	41373
      4	41410
      1	41506
      3	41590
      1	41593
      2	41629
      2	41693
     25	41712
      1	41782
      3	41806
      1	41814
      1	42172
      1	42202
      1	42278
      6	42302
      1	42316
      2	42370
     16	42379
      4	42498
      8	42508
      3	42517
      2	42546
      2	42552
      1	42580
      3	42587
      2	42602
      1	42625
      1	42651
      2	42678
      3	42727
     47	42768
      1	42896
      5	42909
      5	42951
      3	42972
      1	43001
      1	43089
      1	43112
      1	43115
      3	43118
      2	43139
      1	43154
      1	43161
      1	43199
      4	43248
      9	43252
      3	43321
      3	43527
     87	43555
      1	43774
      2	43792
     58	43816
      8	43820
      1	43850
      4	44033
      1	44037
      5	44159
      3	44208
     19	44239
      3	44243
      4	44352
      1	44501
      9	44524
      2	44531
      1	44550
      3	44757
      3	44825
      2	44877
      3	44979
     42	44993
      2	45069
     66	45103
      1	45117
      4	45244
      8	45329
     18	45353
      1	45366
      1	45367
      1	45430
      1	45455
      4	45606
      2	45626
      1	45629
      2	45632
     10	45702
      1	45715
     26	45990
      3	45996
      9	46155
      2	46177
     79	46198
      6	46316
      3	46324
      1	46331
      9	46619
     12	46655
      5	46691
      2	46760
      4	46777
      2	46823
      5	46833
     15	46950
      1	46954
      4	47007
      2	47057
      2	47084
      2	47112
      1	47218
      1	47261
      2	47267
      6	47289
      2	47331
     17	47336
      1	47377
      1	47383
      6	47701
      2	47758
      1	47905
      1	48001
     14	48253
     12	48287
      1	48323
      1	48566
      3	48585
      4	48702
      1	48711
      1	48770
      3	48788
      1	49042
      1	49058
      2	49135
      1	49144
      1	49259
      4	49269
      2	49279
     12	49283
     10	49288
      1	49291
      1	49374
      2	49419
     10	49488
    245	49547
      6	49583
      7	49616
      1	49653
     20	49672
      1	49760
      1	49800
      3	49841
     14	49883
     47	50051
      5	50066
      5	50111
     11	50161
      3	50213
     12	50241
      9	50278
      6	50297
      1	50338
      6	50361
      1	50443
      1	50444
      4	50467
      3	50480
      1	50499
      2	50579
      4	50780
      1	50789
      7	50825
      1	50910
      1	51080
      1	51096
      1	51179
      3	51265
      2	51282
      8	51302
      1	51553
      1	51706
      4	51722
      5	51762
      2	51796
      1	51974
     54	52013
      2	52035
     11	52074
      2	52209
      5	52294
      3	52302
      6	52362
      1	52373
      4	52486
      4	52592
      3	52802
      2	52830
      1	52919
      4	52997
     31	53029
      1	53069
      2	53152
      4	53183
     10	53238
     14	53267
      3	53281
      2	53390
      1	53549
      4	53672
     12	53685
      2	53704
      2	53734
     34	53737
      1	53925
     32	53949
     27	53961
      1	54082
      2	54087
      1	54162
     12	54202
      2	54206
     18	54214
     18	54458
      1	54509
      1	54626
      3	54791
      5	55041
      3	55046
      2	55243
      3	55357
      4	55405
      1	55449
     19	55479
      1	55577
     13	55626
      1	55636
      2	55722
     29	55868
     10	55968
     42	56008
      7	56016
      3	56030
      2	56115
      6	56233
      5	56247
    138	56287
      1	56302
      1	56367
      2	56464
      7	56545
     21	56551
      7	56690
      2	56725
      2	56748
      3	56754
      1	56755
      4	56855
      4	56869
      1	56914
      5	56918
      1	56920
      8	56942
      3	56968
      1	56973
      1	57017
      1	57048
      3	57051
      4	57145
      2	57159
      1	57185
      2	57190
      1	57270
      1	57336
      9	57585
      6	57636
     35	57698
      3	57731
      2	57810
      1	57955
      1	57960
      1	58084
      2	58173
      5	58207
      2	58301
      2	58307
      2	58338
      2	58353
      2	58402
      1	58525
    108	58602
      2	58608
     17	58625
      3	58714
      7	58725
      1	58743
      2	58762
      3	58834
     21	58870
      2	58886
      2	58891
     60	58901
      1	58935
      1	58948
      2	59033
     15	59052
      2	59065
      6	59155
      1	59323
      4	59587
      1	59660
      6	59784
      3	59831
      1	59855
      3	59889
      1	59903
      2	59917
     17	59932
     39	59944
      4	60051
      2	60056
      4	60093
      2	60094
      1	60124
      6	60137
      4	60339
     10	60397
      8	60449
     42	60458
      1	60499
      1	60532
      9	60735
      1	60769
      1	60787
      2	60818
     14	60895
     23	60949
      5	60985
      1	60993
      4	60997
      7	61185
      5	61256
      1	61260
      2	61325
      6	61349
      5	61443
      6	61450
      2	61499
      5	61644
      4	61672
      6	61715
      1	61783
     10	61808
      3	61906
      6	61922
      3	61944
      5	61963
      1	62117
      2	62130
      1	62134
      5	62243
     24	62272
      1	62365
      2	62443
      1	62455
      7	62573
      6	62597
     19	62653
      8	62720
      5	62764
      1	62798
      1	62911
      2	62941
      9	63059
      5	63187
      7	63199
      8	63482
      1	63508
      3	63608
      7	63612
      1	63626
      1	63638
      1	63662
      2	63875
      3	63979
      4	63992
      2	64014
      1	64079
      1	64135
     22	64162
      6	64329
      1	64333
      2	64558
      1	64628
      2	64704
      1	64716
      3	64736
      5	64847
      5	64870
      1	65058
      6	65222
      2	65228
      1	65237
      1	65239
      1	65240
      5	65295
      1	65297
      8	65379
      4	65451
