      1	777
      1	816
      1	823
      1	917
      1	967
     10	1070
      2	1092
      1	1105
      1	1173
      1	1248
      1	1288
      2	1330
      1	1556
      2	1616
      4	1676
      1	1800
     14	1802
      1	1927
      3	1981
      1	2005
      1	2020
      4	2051
      1	2090
      5	2093
      1	2131
      2	2163
      1	2503
      1	2584
      2	2720
      1	2757
      1	3014
      1	3126
      1	3204
      1	3229
      7	3279
      1	3397
      2	3526
      1	3704
      1	3745
      1	4060
      1	4106
      1	4108
      1	4501
      2	4604
      1	4652
      1	4772
      2	4926
      1	5263
      2	5271
      2	5346
      1	5387
      1	5390
      1	5457
      1	5505
      2	5540
      1	5555
      1	5809
      1	5823
      1	5874
      1	5935
      2	6031
      1	6299
      1	6405
      1	6468
      1	6612
      8	6745
      1	6980
      1	7002
      4	7377
      1	7490
      2	7513
      1	7619
      1	7764
      4	7783
      2	7799
      1	7802
      1	7875
      1	8076
      1	8101
      2	8103
      1	8198
      1	8258
      2	8281
      1	8617
      1	8659
     13	8701
      1	8763
      1	8774
      1	8782
      1	8953
      4	9158
      1	9260
      5	9456
      1	9486
      3	9531
      3	9551
      1	9805
      2	9936
      1	10447
      1	10485
      1	10598
      1	10724
      5	10904
      1	11096
      1	11155
      1	11307
      1	11391
      2	11583
      2	11870
      2	11904
      1	11967
      3	11976
      1	11986
      1	12007
      1	12022
     11	12050
      2	12389
      1	12407
      2	12549
      1	12704
      1	12771
      3	12804
      2	12825
      1	12946
      5	12948
      2	13172
      1	13310
      1	13457
      2	13460
      1	13481
      1	13543
      1	13733
      1	13750
      4	13886
      1	13986
      1	14065
      1	14104
      2	14184
     14	14287
      1	14312
      9	14556
      1	14714
      1	14815
      1	14956
      1	15120
      1	15355
      1	15367
      1	15386
      1	15407
      1	15516
      1	15522
      1	15616
      1	15674
      2	15679
      1	15704
      2	15725
      4	15754
      1	15839
      1	15952
      4	16181
      1	16188
      1	16479
      1	16532
      3	16620
      2	16698
     10	16772
      4	16852
      2	16925
      5	16976
      1	17028
      1	17055
      1	17062
      3	17089
      2	17220
      2	17310
      1	17362
      1	17613
      1	17771
      1	17968
      2	17975
      2	18051
      1	18142
      1	18228
      3	18264
      1	18406
      1	18789
      1	18827
      1	18867
      2	19101
      1	19168
      2	19418
      2	19425
      1	19527
     48	19549
      1	19659
      2	19869
      1	20098
      1	20267
      1	20513
      1	20658
      1	20660
      2	20766
      1	20837
      2	20849
      1	20850
      1	20865
      1	21018
      3	21034
      1	21201
      2	21293
      4	21425
      1	21552
      1	21650
      1	21656
      4	21822
      1	21839
      1	21867
      1	21892
      1	21915
      1	21989
      2	22010
      1	22188
      1	22192
      1	22206
      1	22292
      1	22309
      1	22336
      1	22400
      2	22984
      1	23094
      8	23219
      2	23267
      1	23360
      1	23539
      1	23547
      1	23780
      1	23801
      1	23808
      1	23900
      1	23923
      6	23933
      1	23995
      1	24149
      1	24506
      1	24685
     10	24794
      1	24951
      1	25238
      1	25491
      1	25503
      1	25517
      2	25563
      1	25566
      1	25689
      1	25806
      1	25899
      1	26166
      3	26202
      1	26266
      1	26420
      1	26630
      4	26658
      4	26772
      1	26826
      1	27009
      4	27032
      1	27052
      1	27171
      2	27191
      1	27524
      1	27538
      4	27717
      3	27720
      2	27951
      1	28124
      2	28343
      2	28365
      1	28376
      1	28615
      1	28878
      1	28911
     12	28960
      1	29043
      1	29456
      1	29511
      1	29530
      1	29994
      1	30021
      4	30284
      1	30314
      1	30315
      1	30450
      3	30580
      1	30590
      1	30711
      3	30844
      1	30854
      1	30891
      1	30899
      1	30951
      1	31397
      2	31473
      1	31499
     11	31557
      1	31560
      1	31937
      1	32032
      1	32181
      1	32455
      8	32456
      1	32479
      5	32483
      1	32621
      1	32657
      1	32684
      1	32795
      1	32899
      1	32936
      8	33194
      1	33230
      1	33387
      1	33447
      3	33484
      1	33536
      3	33630
      3	33640
     10	33682
      1	33786
      3	33912
      1	33945
      2	34218
      1	34225
      1	34303
      1	34378
      3	34393
      3	34412
      2	34599
      1	34800
      1	34981
      6	34990
      1	35054
      3	35231
      2	35528
      2	35613
      1	35735
      3	36044
      1	36080
      5	36566
      1	37033
      2	37072
      4	37649
      1	37651
      1	38058
      1	38328
      1	38361
      2	38389
      1	38411
      2	38439
      2	38447
      6	38547
      1	38625
      1	38756
      2	39050
      4	39079
      1	39325
      2	39340
      2	39414
      1	39697
      1	39702
      1	39928
      4	40387
      3	40412
      2	40502
      1	40694
      2	40730
      1	41080
      1	41086
      3	41147
      1	41185
      2	41213
      1	41352
      1	41394
      1	41396
      2	41601
      5	41791
      1	41801
      1	42070
      1	42136
      4	42372
      1	42408
      1	42419
      1	42433
      4	42689
      1	42723
      1	43025
     13	43113
      1	43162
      4	43184
      1	43326
      2	43380
      1	43830
      2	44141
      1	44252
      1	44329
      2	44378
      1	44467
      2	44624
      1	44833
      1	44896
      1	44909
      2	44927
      1	45241
      2	45292
      1	45294
      1	45531
      2	45587
      1	45733
      1	45876
      1	46402
      2	46410
      1	46418
      1	46554
      1	46932
      2	47055
      1	47135
      2	47312
      6	47698
      1	47858
      4	47903
      1	47989
      1	48064
      6	48065
      1	48192
      2	48307
      2	48316
      1	48426
      1	48529
      1	48666
      1	48695
      1	48884
      2	48924
      1	48951
      3	49022
      1	49073
      2	49122
      2	49169
      1	49170
      2	49346
      1	49434
      7	49521
      2	49768
      1	49806
      1	49807
      2	49827
      1	50070
      3	50203
      3	50216
      1	50565
      1	50580
      1	50692
      1	50776
      1	50940
      1	51020
      1	51205
      4	51314
      1	51336
     14	51392
      1	51652
      1	51740
      1	51921
      1	51948
      8	52020
      1	52091
      1	52181
      1	52376
      1	52396
     10	52485
      1	52635
      1	52801
      1	52824
      1	52917
      1	53081
      1	53401
      1	53494
      1	53666
      2	53759
      1	53846
      1	53946
      1	53965
      4	54240
      3	54295
      6	54305
      2	54363
      1	54366
     16	54370
      2	54995
      3	55085
      1	55136
      1	55150
      4	55237
      3	55460
      2	55565
      1	55600
      1	55615
      1	55848
      1	55864
      1	55910
      1	56091
      1	56103
      1	56149
      1	56170
      1	56187
      1	56321
      2	56338
      2	56629
      3	56693
      1	56885
      1	56888
      2	57001
      1	57064
      4	57133
      8	57218
      1	57419
      2	57434
      1	57593
      2	57608
      1	57675
      1	57836
      7	58104
      1	58251
      2	58385
      1	58459
     13	58502
      2	58506
      1	58521
      2	58545
      2	58750
      1	58805
      1	59017
      2	59561
      1	59723
      1	59758
      1	59764
      2	59791
      5	59851
      3	59864
      1	59967
      2	60002
      1	60150
      1	60203
      3	60232
      1	60390
      3	60428
      2	60501
      1	60653
      2	60693
      1	60847
      1	60902
      4	61045
      1	61683
      1	61891
      1	61959
     89	62084
      1	62095
      1	62108
      1	62120
      1	62156
      2	62183
      5	62233
      1	62312
      4	62727
      7	62761
      4	62808
      1	62899
      1	62948
      3	63097
      1	63173
      1	63308
      1	63337
      1	63368
      1	63483
      1	63554
      2	63807
      1	63872
      1	63949
      1	64159
      2	64234
      1	64316
      1	64542
      4	64552
      3	65133
      1	65138
      1	65149
      4	65232
      1	65249
      4	65272
     10	65334
      1	65339
      1	65372
      1	65405
      1	65414
      1	65443
      1	65462
