      1	91
      1	171
      1	380
      3	538
      5	593
      1	671
      1	758
      1	770
      3	779
      1	873
      1	937
      2	1015
      1	1023
      1	1026
      1	1038
      1	1068
      2	1182
      1	1230
      1	1405
      1	1456
      3	1508
      1	1777
      1	2051
      1	2093
      1	2182
      1	2417
      1	2461
      3	2688
      1	2740
      4	2775
      2	2836
      1	2849
      1	3033
      2	3427
      1	3456
      1	3514
      1	3583
      1	3595
      1	3648
      1	3706
      1	3715
      1	3745
      1	3761
      1	3779
      1	3830
      1	3977
      1	4034
      1	4040
      2	4109
      1	4114
      1	4406
      1	4436
      1	4506
      1	4544
      1	4581
      1	4620
      4	4732
      1	4930
      1	5011
      1	5112
      1	5161
      1	5208
      1	5260
      1	5264
      2	5319
      3	5358
      1	5476
      1	5510
      1	5595
      1	5709
      1	5731
      2	5792
      1	5834
      1	5941
      2	6045
      1	6073
      1	6074
      1	6175
      2	6226
      1	6229
      1	6246
      7	6247
      1	6394
      1	6425
      1	6534
      2	6685
      1	6691
      2	6836
      1	6937
      1	6980
      1	7041
      1	7120
      1	7145
      1	7386
      1	7403
      3	7481
      1	7616
      1	7648
      1	7688
      1	7987
      1	8154
      1	8290
      1	8560
      1	8658
      1	8736
      1	8779
      1	8920
      1	8983
      1	9088
      1	9295
      2	9319
      1	9324
      1	9486
      1	9496
      1	9498
      1	9826
      1	9861
      2	9883
      1	10026
      1	10402
      1	10453
      1	10652
      1	10654
      1	10673
      1	10743
      1	10759
      1	10842
      1	10875
      1	10991
      1	11077
      2	11189
      1	11307
      2	11337
      1	11612
      2	11652
      1	11735
      1	11751
      1	12028
      1	12043
      1	12050
      1	12113
      1	12222
      1	12472
      5	12584
      2	12627
      1	12708
      1	12798
      4	12809
      3	12819
      2	13017
      1	13300
      1	13335
      1	13481
      1	13572
      1	13678
      1	13682
      1	13823
      1	13952
      2	14127
      1	14333
      1	14335
      2	14385
      1	14392
      2	14469
      1	14506
      1	14636
      1	14912
      1	15009
      1	15082
      1	15147
      2	15183
      1	15236
      1	15256
      1	15362
      1	15397
      1	15604
      1	15650
      6	15653
      1	15699
      1	15862
      3	15902
      1	16016
      2	16047
      1	16049
      2	16110
      1	16188
      1	16195
      1	16368
      1	16465
      2	16508
      1	16530
      1	16728
      1	16772
      1	16890
      3	16935
      1	17187
      1	17214
      1	17216
      2	17220
      5	17225
      1	17352
      2	17465
      4	17613
      1	17681
      1	17864
      1	17934
      1	17993
      1	18010
      1	18252
      1	18348
      1	18420
      1	18448
      2	18455
      1	18472
      2	18590
      1	18605
      1	18643
      2	18696
      1	18912
      1	18966
      1	19041
      1	19062
      1	19356
      1	19503
      1	19665
      1	19678
      1	19897
      1	19944
      2	20028
      1	20162
      1	20221
      1	20322
      1	20335
      1	20583
      1	20609
      1	20625
      1	20644
      1	20683
      1	20721
      2	20729
      1	20772
      1	20787
      1	20814
      1	20965
      1	21163
      1	21271
      1	21364
      1	21470
      1	21499
      1	21569
      1	21573
      1	21595
      1	21607
      1	21623
      1	21628
      3	21882
      1	21911
      1	22045
      1	22134
      2	22206
      2	22365
      1	22417
      4	23030
      1	23152
      4	23180
      1	23219
      1	23266
      2	23309
      1	23385
      2	23449
      1	23456
      1	23526
      1	23544
      1	23611
      2	23761
      1	23879
      1	23972
      1	24068
      1	24135
      2	24149
      1	24334
      1	24401
      1	24685
      1	24771
      1	24992
      4	25096
      1	25247
      1	25338
      1	25563
      2	25630
      1	25666
      1	25774
      1	25830
      1	26045
      4	26126
      1	26166
      1	26249
      1	26399
      1	26417
      1	26544
      1	26583
      1	26703
      2	26748
      1	26798
      1	26806
      1	26910
      2	27039
      1	27257
      1	27286
      1	27289
      3	27350
      1	27409
      1	27443
      1	27462
      1	27491
      2	27525
      2	27661
      1	27690
      1	27771
      1	27944
      3	28231
      1	28250
      1	28383
      1	28495
      1	28762
      1	28908
      4	28960
      2	29025
      1	29101
      1	29293
      2	29311
      1	29357
      1	29370
      1	29789
      1	29917
      1	30057
      1	30143
      3	30360
      1	30427
      1	30475
      1	30527
      1	30613
      1	30776
      2	30801
      1	30819
      1	30847
      1	31260
      1	31272
      1	31310
      1	31370
      1	31470
      1	31642
      1	31767
      1	31929
      1	31936
      1	31946
      2	32079
      1	32114
      1	32148
      1	32211
      4	32439
      3	32614
      2	32648
      2	32657
      2	32662
      1	32693
      1	32702
      1	32724
      1	33069
      1	33229
      1	33292
      2	33527
      1	33571
      1	33584
      1	33662
      2	33700
      1	33713
      1	33971
      1	33992
      2	34042
      1	34241
      1	34248
      1	34288
      1	34340
      1	34369
      1	34460
      1	34475
      1	34479
      1	34550
      3	34721
      1	34728
      1	34781
      1	34975
      1	35004
      1	35087
      1	35223
      2	35325
      1	35495
      1	35518
      3	35545
      1	35644
      1	35659
      1	35748
      1	35818
      7	35904
      1	35908
      1	35981
      2	36098
      1	36186
      1	36244
      1	36520
      1	36655
      1	36658
      1	36668
      1	36688
      1	36690
      1	36719
      1	36735
      1	36736
      1	36820
      1	36896
      2	37062
      1	37247
      1	37281
      1	37321
      1	37355
      1	37446
      3	37448
      1	37528
      1	37598
      1	37763
      2	38007
      1	38134
      1	38163
      2	38171
      1	38285
      1	38339
      1	38353
      1	38544
      1	38556
      1	38642
      1	38673
      1	38836
      1	38888
      2	39079
      1	39116
      1	39176
      1	39222
      1	39237
      1	39265
      1	39410
      1	39414
      1	39471
      1	39502
      1	39515
      1	39672
      1	39736
      1	39765
      1	39807
      2	39952
      1	39978
      2	40093
      2	40170
      2	40297
      1	40298
      1	40329
      1	40382
      2	40658
      1	40659
      1	40845
      1	40891
      2	41394
      1	41760
      1	41767
      1	41880
      2	42107
      3	42627
      1	42679
      1	42776
      4	42802
      1	43036
      2	43501
      2	43632
      3	43764
      1	43827
      1	44117
      1	44252
      1	44329
      1	44489
      6	44583
      1	44617
      3	44675
      1	44763
      7	44875
      1	44959
      1	45127
      2	45141
      1	45219
      1	45352
      1	45368
      1	45373
      2	45464
      1	45965
      2	45969
      2	46070
      3	46077
      1	46087
      1	46145
      1	46147
      1	46315
      3	46402
      1	46418
      1	46471
      1	46488
      1	46499
      1	46733
      1	46889
      1	47027
      1	47189
      1	47250
      1	47293
      1	47295
      1	47303
      1	47464
      1	47634
      1	47662
      3	47769
      3	47858
      1	47872
      1	47930
      1	48064
      1	48251
      1	48265
      1	48299
      3	48317
      1	48354
      1	48360
      1	48462
      1	48515
      3	49107
      1	49163
      1	49178
      1	49200
      2	49206
      1	49684
      1	49779
      1	49815
      1	49837
      1	49842
      3	49929
      1	50040
      2	50216
      1	50343
      1	50535
      3	50537
      2	50550
      1	50574
      1	50607
      1	50828
      1	51024
      2	51065
      1	51125
      1	51216
      5	51325
      1	51334
      1	51493
      1	51771
      1	51822
      1	51841
      1	51920
      1	52121
      1	52311
      1	52344
      1	52358
      2	52434
      1	52506
      1	52660
      2	52811
      1	52835
      1	53093
      2	53169
      1	53234
      2	53243
      1	53248
      2	53349
      1	53401
      1	53414
      1	53534
      2	53696
      1	53783
      1	53796
      1	53811
      1	53887
      1	53947
      3	53996
      1	54024
      1	54097
      1	54146
      1	54245
      1	54337
      1	54357
      1	54512
      2	54513
      1	54766
      1	54832
      1	54842
      1	54870
      1	54968
      1	55237
      1	55314
      1	55500
      3	55521
      3	55587
      1	55622
      1	55660
      1	55861
      1	55879
      1	55881
      1	55894
      1	55928
      1	55944
      1	55998
      2	56133
      1	56548
      1	56657
      1	56706
      1	57132
      2	57133
      3	57332
      2	57361
      2	57380
      1	57489
      3	57566
      1	57638
      1	57675
      1	57688
      1	57808
      1	58003
      1	58128
      1	58297
      3	58496
      1	58515
      1	58678
      2	58712
      1	58899
      1	58930
      1	59043
      2	59089
      1	59463
      1	59512
      3	59571
      1	59603
      1	59630
      1	59660
      1	59688
      5	59763
      1	60043
      1	60276
      1	60287
      1	60312
      1	60334
      1	60441
      1	60457
      1	60601
      1	60643
      2	60671
      1	60738
      2	60773
      2	61021
      1	61051
      2	61152
      1	61219
      2	61230
      2	61340
      1	61374
      1	61772
      2	61817
      2	61839
      3	62024
      1	62053
      1	62106
      1	62108
      2	62119
      2	62183
      1	62374
      1	62426
      1	62431
      1	62488
      1	62534
      1	62629
      1	62780
      3	62808
      1	62847
      1	62930
      1	63054
      1	63248
      1	63318
      1	63338
      1	63363
      3	63409
      1	63413
      2	63421
      5	63509
      1	63560
      2	63696
      3	63743
      2	63807
      1	63824
      1	63975
      1	63976
      2	64126
      1	64129
      1	64170
      1	64286
      1	64339
      1	64380
      1	64446
      1	64485
      1	64496
      1	64530
      3	64637
      1	64829
      1	65048
      1	65206
      1	65223
      2	65334
      1	65518
