     13	11
      1	15
      1	21
      2	24
      1	26
      2	39
      1	47
      1	56
      1	60
      1	74
      1	76
      2	111
      3	113
      1	162
      8	171
      1	177
      1	194
      1	202
      1	207
      1	239
      2	244
      1	273
      1	285
      1	322
      1	333
      3	346
      1	348
      3	351
      1	365
      1	384
      1	412
      1	422
      4	428
      1	464
      1	468
      2	472
      1	486
      1	528
      1	531
      2	538
      1	547
      1	585
      1	593
      1	598
      1	602
      1	607
      3	646
      1	667
      1	686
      1	696
      1	716
      1	726
      1	737
      1	740
      1	762
      1	772
      1	782
      1	792
      2	809
      1	830
      1	833
      1	861
      2	865
      1	910
      1	922
      1	934
      1	945
      1	959
      2	967
      1	969
      1	1009
      2	1013
      2	1018
      2	1030
      1	1031
      1	1042
      1	1068
      4	1072
      1	1090
      2	1099
      1	1106
      2	1121
      1	1152
      1	1172
      1	1176
      1	1180
      2	1190
      1	1193
      1	1229
      1	1248
      1	1253
      1	1267
      1	1322
      1	1334
      1	1336
      2	1348
      2	1359
      2	1361
      1	1368
      1	1369
      1	1372
      2	1385
      1	1392
      2	1400
      1	1405
      1	1484
      2	1489
      1	1500
      3	1508
      2	1534
      1	1548
      1	1552
      2	1584
      2	1588
      1	1602
      2	1616
      1	1645
      1	1651
      1	1652
      2	1656
      1	1662
      3	1679
      2	1688
      1	1693
      1	1712
      1	1715
      1	1719
      3	1728
      1	1730
      1	1732
      1	1772
      1	1777
     26	1782
      2	1798
      1	1802
      1	1803
      1	1805
      1	1818
      2	1844
      2	1848
      1	1849
      1	1852
      1	1857
      2	1859
      1	1872
      1	1873
      1	1883
      3	1886
      1	1905
      2	1911
      1	1915
      2	1927
      1	1928
      2	1986
      3	1992
      1	2015
      3	2020
      1	2028
      1	2040
      1	2041
      1	2087
     13	2093
      2	2112
      2	2114
      1	2124
      2	2132
      2	2148
      1	2168
      1	2170
      1	2172
      2	2188
      1	2229
      1	2244
      5	2246
      1	2249
      1	2271
      1	2274
      1	2310
      2	2312
      1	2327
      1	2342
      1	2374
      1	2400
      1	2412
      1	2417
      1	2426
      1	2431
      1	2452
      1	2456
      3	2475
      1	2497
      2	2504
      1	2510
      1	2519
      1	2529
      6	2532
      1	2554
      1	2555
      1	2558
      2	2565
      1	2576
      1	2580
      1	2589
      3	2593
      1	2595
      2	2614
      6	2617
      2	2619
      1	2631
      2	2654
      1	2659
      1	2667
      1	2679
      2	2688
      1	2725
      2	2733
      1	2745
      1	2766
      2	2792
      2	2802
      1	2808
      3	2819
      1	2820
      1	2834
      1	2835
      2	2839
      1	2849
      1	2853
      1	2858
      1	2879
      1	2886
      1	2955
      1	2961
      1	2977
      1	2978
      1	2985
      1	2989
      1	2992
      1	2994
      1	3003
      1	3004
      2	3005
      2	3013
      1	3014
      1	3044
      2	3058
      1	3063
      3	3065
      5	3079
      1	3092
      1	3102
      1	3123
      2	3126
      1	3152
      9	3175
      2	3210
     23	3212
      1	3243
      1	3246
      1	3248
      4	3250
      1	3267
      3	3269
      1	3272
      1	3279
      1	3290
      1	3300
      1	3321
      1	3327
      1	3328
      8	3336
      1	3355
      1	3358
      3	3367
      1	3368
      1	3373
      1	3377
      1	3380
      1	3384
      2	3442
      1	3458
      1	3486
      1	3490
      1	3503
      2	3525
      1	3551
      1	3552
      1	3560
      1	3648
      8	3663
      1	3675
      1	3694
      1	3732
      2	3737
      1	3745
      1	3748
      1	3750
      1	3759
      1	3777
      1	3781
      8	3786
      1	3792
      1	3797
      1	3820
      1	3846
      1	3896
      1	3941
      8	3965
      1	3988
      1	4006
     18	4012
      1	4015
      1	4022
      1	4055
      1	4060
      1	4064
      1	4074
      1	4099
      3	4106
      1	4107
      2	4108
      9	4109
      2	4120
      4	4190
      2	4198
      3	4211
      4	4230
      4	4237
      1	4238
      1	4249
      1	4254
      2	4268
      3	4269
      1	4279
      1	4286
      1	4313
      2	4329
      1	4349
      1	4356
      1	4379
      1	4384
      1	4398
      1	4424
      1	4448
      1	4473
      1	4512
      1	4534
      1	4544
      1	4573
      1	4606
      1	4617
      2	4652
      1	4655
      1	4668
      2	4672
      1	4675
      2	4681
      2	4682
      1	4705
      1	4743
      1	4744
      1	4748
      1	4749
      1	4764
      1	4773
      2	4780
      3	4787
      1	4790
      1	4796
      1	4812
      1	4822
      1	4830
      2	4845
      3	4848
      1	4873
      1	4889
      1	4917
      1	4921
      2	4926
      1	4928
      1	4942
      5	4969
      2	4976
      1	4992
      1	4995
      1	5011
      1	5019
      1	5026
      1	5033
      1	5046
      2	5062
      1	5073
      3	5075
      1	5116
      1	5122
      2	5133
      1	5157
      1	5202
      1	5205
      1	5208
      1	5230
      1	5267
      2	5282
      1	5287
      3	5300
      9	5335
      3	5348
      1	5375
      1	5408
      1	5420
      3	5423
      2	5424
      1	5430
      1	5475
      1	5476
      3	5483
      1	5487
      8	5492
      1	5499
      1	5519
      1	5532
      2	5542
      1	5564
      1	5572
      1	5589
      1	5612
      1	5613
      1	5640
      1	5652
      2	5660
      1	5676
      1	5685
      1	5691
      9	5696
      2	5705
      2	5717
      1	5728
      2	5731
      2	5766
      1	5768
      2	5773
      1	5774
      1	5776
      1	5788
     15	5794
      1	5816
      1	5823
      1	5874
      3	5888
      2	5893
      1	5909
      1	5914
      2	5916
      2	5921
      1	5923
      3	5927
      3	5931
      1	5938
      2	5949
      1	5963
      1	5976
      1	5977
      1	6005
      1	6013
      2	6016
      2	6031
      1	6035
      1	6037
      1	6049
      2	6070
      1	6073
      1	6095
      2	6099
      1	6128
      2	6149
      3	6152
     12	6156
      2	6166
      2	6174
      1	6179
      1	6184
      1	6189
      1	6194
      1	6226
      2	6229
      1	6271
      8	6275
      1	6285
      1	6299
      2	6325
      4	6334
      2	6377
      2	6391
      1	6404
      3	6486
      1	6488
      1	6493
      1	6494
     28	6497
      1	6513
      1	6518
      2	6523
      1	6543
      1	6551
      1	6566
      2	6571
      1	6583
      2	6591
      1	6592
      1	6601
      1	6603
      1	6621
      5	6622
      1	6647
      1	6666
      1	6669
      1	6691
      1	6699
      3	6711
      1	6754
      2	6755
      1	6767
      1	6772
      1	6780
      1	6787
      1	6805
      2	6868
      1	6878
      1	6894
      1	6902
      1	6914
      2	6964
      2	6980
      1	6988
      2	6989
      1	7011
      1	7013
      2	7015
      1	7032
      1	7034
      2	7041
      1	7069
      1	7071
      1	7080
      1	7081
      1	7083
      1	7101
      1	7107
      1	7162
      3	7170
      1	7192
      1	7199
      1	7214
      1	7220
      5	7223
      1	7300
      1	7302
      1	7309
      1	7313
      2	7332
      1	7339
      2	7376
      2	7378
      2	7384
      1	7386
      1	7403
      1	7405
      1	7414
      1	7424
      1	7457
      1	7480
      2	7497
      1	7512
      2	7518
      1	7549
      1	7558
      1	7572
      1	7612
      1	7616
      1	7631
      1	7641
      1	7643
      1	7648
      2	7651
      4	7654
      1	7660
      1	7668
      1	7671
      2	7680
      6	7689
      1	7735
      1	7762
      1	7764
      1	7772
      3	7781
      1	7796
      1	7802
      1	7805
      2	7825
      1	7871
      1	7872
      1	7887
      1	7892
      3	7898
      1	7907
      1	7911
      1	7935
      1	7955
      2	7970
      1	7990
      2	7995
      1	8007
      1	8011
      2	8014
      1	8023
      2	8031
      1	8037
      1	8062
      1	8077
      1	8101
      1	8103
      1	8114
      1	8121
      2	8139
      4	8141
      1	8146
      2	8150
      1	8153
      1	8178
      3	8202
      1	8222
      1	8233
      1	8237
      1	8253
      3	8281
      1	8289
      1	8293
      1	8305
      1	8310
      1	8315
      2	8323
      1	8330
      1	8332
      1	8343
      1	8359
      3	8367
      1	8374
      1	8379
      1	8450
      1	8485
      3	8487
      1	8504
      1	8513
      1	8516
      1	8519
      1	8534
      1	8581
      4	8599
      5	8631
      1	8639
      1	8658
      1	8676
      1	8678
      1	8702
      1	8707
      2	8718
      2	8731
      2	8748
      1	8754
      1	8790
      1	8799
      1	8808
      5	8824
     24	8839
      1	8840
      4	8849
      1	8866
      1	8887
      1	8900
      1	8917
      1	8936
      1	8950
      1	8956
      1	8958
      7	8962
      1	8973
      4	8983
      2	9041
      1	9056
      2	9058
      1	9080
      1	9083
      1	9095
      1	9103
      1	9104
      1	9116
      1	9118
      1	9122
      1	9152
      1	9154
      3	9155
      1	9161
      1	9167
      1	9200
      1	9211
      1	9216
      1	9229
      1	9231
      1	9259
      4	9317
      1	9324
      1	9327
      1	9332
      1	9334
      1	9336
      2	9337
      2	9344
      8	9345
      1	9354
      1	9361
      1	9380
      2	9383
      1	9393
      2	9428
      2	9434
      1	9440
      1	9447
      1	9484
      9	9496
      1	9503
      2	9509
      1	9516
      1	9539
      2	9554
      1	9555
      1	9564
      1	9568
      1	9576
      1	9604
      1	9613
      3	9653
      1	9705
      3	9726
      1	9729
      1	9738
      3	9765
      1	9773
      1	9783
      1	9802
      1	9832
      2	9835
      1	9868
      1	9873
      1	9886
      2	9898
     24	9900
      1	9906
      1	9928
      1	9936
      2	9937
      1	9947
      3	9960
      5	10026
      1	10062
      1	10094
      1	10124
      1	10129
      1	10141
      1	10150
      1	10204
      1	10205
      1	10211
      1	10233
      1	10245
      2	10260
      1	10280
      1	10282
      1	10286
      1	10293
      1	10314
      1	10315
      1	10324
      1	10346
      1	10348
      6	10357
      1	10365
      1	10366
      1	10387
      1	10389
      4	10402
      1	10410
      3	10422
      1	10446
      1	10466
      2	10471
      2	10482
      1	10483
      1	10490
      2	10504
      1	10510
      2	10516
      1	10520
      1	10558
      1	10570
      1	10577
      2	10603
      2	10614
      1	10624
      1	10667
      1	10684
      1	10685
      2	10724
      1	10732
      1	10742
      1	10743
      1	10744
      1	10752
      1	10762
      1	10777
      2	10788
      1	10791
      2	10800
      1	10810
      2	10813
      1	10815
      1	10822
      1	10847
      2	10849
      1	10858
      2	10875
      1	10878
      1	10905
      1	10919
      1	10933
      1	10934
      1	10942
      1	10950
      2	10955
      2	10961
      1	10985
      1	10989
      1	10995
      1	11012
      1	11024
      1	11042
     13	11078
      2	11082
      2	11086
      1	11097
      1	11100
      1	11101
      1	11119
      1	11124
      1	11170
      1	11189
     12	11292
      1	11297
      1	11298
      1	11301
      1	11307
      1	11330
      2	11331
      1	11336
      2	11337
      2	11340
      1	11353
      1	11430
      1	11490
      2	11491
      1	11492
      1	11520
      2	11525
      2	11530
      3	11546
      1	11547
      3	11548
      1	11552
      1	11553
      1	11557
      1	11561
      1	11567
      6	11572
      1	11597
      1	11642
      1	11664
      1	11691
      1	11696
      1	11701
      1	11707
      1	11743
      1	11749
      2	11751
      1	11767
      5	11770
      1	11794
      1	11821
      1	11829
      1	11915
      2	11921
      1	11951
      6	11964
      3	11969
      4	11995
      1	12005
      2	12007
      3	12010
      1	12028
      1	12042
      1	12049
      1	12059
      1	12147
      1	12157
      1	12188
      1	12195
      6	12234
      1	12245
      2	12253
      1	12264
      1	12280
      3	12288
      1	12301
      1	12345
      1	12346
      1	12347
      3	12378
      1	12384
      5	12407
      1	12419
      1	12420
      2	12450
      1	12455
      2	12505
      1	12538
      2	12554
      4	12597
      4	12660
      1	12686
      1	12689
      1	12695
      1	12696
      1	12731
      1	12748
      2	12755
      1	12757
      1	12767
      1	12786
      6	12792
      2	12798
      1	12799
      5	12809
      2	12818
      1	12848
      1	12860
      1	12881
      1	12884
      1	12891
      4	12919
      2	12952
      2	12960
      1	12975
      1	12989
      1	13005
      1	13016
      1	13023
      1	13042
      1	13047
      3	13053
      1	13055
      1	13064
      1	13068
      1	13074
      1	13076
      1	13107
     20	13118
      1	13140
      4	13149
      1	13194
      1	13197
      1	13199
      1	13204
      1	13221
      1	13238
     10	13274
      1	13286
      1	13291
      1	13299
      2	13300
      1	13318
      1	13335
      1	13339
      1	13343
      2	13371
      1	13390
      3	13414
      1	13419
      2	13421
      2	13444
      3	13451
      1	13464
      3	13481
      1	13486
      4	13490
      4	13499
      1	13529
      1	13532
      1	13542
      1	13549
      1	13551
      1	13572
      1	13581
      1	13589
      1	13590
      4	13593
      1	13633
      1	13642
      1	13653
      2	13654
      1	13662
      3	13673
      5	13679
      1	13681
     16	13682
      1	13695
      1	13699
      2	13712
      1	13715
      1	13718
      1	13734
      2	13735
      1	13736
      3	13738
      1	13764
      1	13788
      1	13846
      1	13858
      1	13862
      1	13863
     26	13869
      4	13871
      1	13890
      1	13891
      1	13943
      9	13970
      2	13984
      1	13989
      1	14013
      3	14033
      5	14053
      1	14058
      1	14100
      1	14112
      2	14123
      4	14127
      1	14128
      1	14134
      1	14136
      6	14163
      4	14166
      1	14169
      1	14184
      1	14239
      2	14249
      2	14287
      1	14289
      2	14290
      1	14310
      1	14335
      1	14340
      1	14343
     24	14349
      1	14364
      1	14373
      1	14381
      1	14384
      2	14392
      1	14400
      1	14416
      1	14429
      1	14436
      1	14445
      1	14464
      1	14489
      1	14519
      1	14538
      3	14540
      1	14578
      1	14589
      3	14592
      1	14594
      1	14607
      1	14613
      3	14646
      1	14655
      2	14692
      1	14693
      1	14701
      1	14708
      1	14738
      1	14768
      1	14786
      3	14790
      1	14881
      1	14938
      1	14962
      3	14969
      1	14986
      1	14996
      1	15033
      2	15039
      3	15059
      1	15100
      1	15104
      1	15120
      2	15123
      1	15168
      1	15184
      1	15188
      2	15198
      1	15200
      1	15227
      1	15236
      1	15252
      1	15271
      5	15278
      1	15282
      2	15293
      1	15302
      1	15310
      1	15322
      1	15345
      2	15355
      1	15364
      1	15371
      1	15372
     12	15397
      4	15399
      1	15423
      1	15465
      2	15483
      1	15505
      1	15516
      1	15525
      3	15530
      1	15584
      1	15593
      1	15599
      3	15601
      1	15606
      1	15609
      1	15621
      1	15650
      2	15653
      2	15663
      1	15677
      1	15678
      1	15679
      1	15681
      1	15696
      1	15699
      1	15722
      1	15736
      1	15748
      6	15756
      1	15766
      1	15776
      2	15789
      1	15818
      1	15825
      2	15839
      1	15845
      3	15847
      1	15859
      1	15861
      2	15872
      1	15887
      1	15906
      1	15911
      2	15923
      2	15928
      1	15933
      1	15934
      4	15952
      1	15955
      1	15965
      1	15974
      1	15977
      2	15985
      3	16007
      1	16020
      3	16047
      1	16109
      4	16122
      1	16136
      2	16144
      5	16148
      1	16153
      1	16171
      1	16184
      3	16195
      1	16202
      1	16209
      3	16231
      2	16239
      1	16262
      1	16276
      1	16278
      1	16280
      1	16294
      3	16345
      3	16388
      1	16408
      1	16414
      1	16426
      1	16438
      1	16445
      2	16448
      2	16465
      1	16482
      1	16503
      1	16504
      1	16508
      1	16516
     18	16526
      1	16529
      1	16530
      2	16561
      1	16616
      6	16620
      1	16637
      1	16638
      4	16684
      5	16721
      1	16734
      2	16753
      2	16765
      1	16771
      1	16796
      1	16825
      1	16835
      1	16841
      1	16862
      1	16866
      1	16875
      1	16881
      1	16886
      1	16887
      1	16908
      1	16916
      1	16940
      1	16944
      1	16952
      1	16987
      1	16997
      2	17018
      2	17023
      4	17027
      2	17048
      1	17056
      1	17062
      2	17064
      1	17087
      1	17093
      4	17115
      1	17130
      1	17138
      1	17139
      1	17141
      3	17156
      7	17164
      1	17168
      2	17212
      2	17213
      5	17214
      1	17218
      1	17230
      1	17258
      2	17267
      2	17282
      1	17293
      1	17303
      1	17314
      1	17323
      2	17338
      1	17340
      1	17342
      1	17368
      1	17439
      1	17440
      2	17452
      1	17574
      2	17594
      4	17624
      1	17638
      9	17655
      2	17699
      1	17701
      1	17717
      3	17736
      1	17740
      1	17771
      4	17773
      1	17779
      3	17780
      1	17796
      2	17807
      2	17817
      1	17831
      2	17833
      1	17840
      1	17845
      1	17867
      2	17879
      2	17883
      1	17896
      1	17929
      2	17934
      1	17968
      6	17971
     15	17975
      1	17982
      1	17984
      3	17989
      1	17990
      4	18003
      1	18009
      1	18033
      3	18076
      1	18092
      3	18102
      1	18108
      3	18109
      3	18116
      1	18141
      4	18147
      1	18175
      2	18179
      1	18182
      1	18203
      1	18204
      1	18207
      1	18213
      1	18217
      1	18234
      1	18244
      1	18257
      1	18269
      1	18329
      1	18333
      1	18341
      1	18348
      1	18352
      2	18355
      1	18356
      1	18362
      1	18367
      6	18391
      1	18403
      1	18415
      1	18427
      1	18441
      3	18449
      1	18464
      1	18487
     10	18498
      1	18505
      1	18508
      1	18511
      1	18532
      1	18548
     15	18590
      1	18594
      2	18617
      1	18624
      1	18627
      1	18633
      1	18638
      1	18643
      1	18644
      1	18669
      4	18672
      7	18677
      2	18688
      1	18704
      2	18706
      1	18719
      2	18720
      1	18723
     10	18735
      1	18737
      3	18749
      3	18768
      1	18778
      1	18781
      1	18788
      1	18800
      2	18805
      1	18864
      1	18876
      1	18890
      3	18897
      2	18899
      1	18905
      4	18919
      1	18949
      1	18951
      2	18974
      1	18985
      8	18992
      1	18994
      1	18999
      1	19008
      1	19011
      1	19016
      1	19029
      2	19040
      1	19048
      1	19068
      2	19101
      1	19110
      1	19116
      1	19121
      1	19150
      1	19228
      2	19247
      1	19248
      1	19288
      3	19305
      1	19322
      1	19342
      2	19356
      1	19389
     67	19425
      2	19432
      2	19443
      3	19445
      1	19461
      1	19462
      2	19475
      1	19510
      1	19525
      1	19539
      1	19546
      3	19549
      1	19560
      1	19568
      1	19572
      1	19579
      1	19580
      1	19608
      1	19622
      1	19696
      3	19706
      1	19708
      4	19718
      1	19744
      2	19785
      1	19788
      1	19814
      1	19816
      1	19850
      2	19854
      1	19869
      1	19895
      1	19900
      1	19903
      2	19904
      1	19911
      2	19947
      1	19948
      3	19974
      1	19990
      1	19992
      1	20010
      4	20015
      1	20018
      1	20024
      1	20029
      8	20032
      1	20108
      1	20168
      1	20170
      2	20172
      2	20188
      1	20191
      1	20210
      2	20213
      1	20226
      1	20230
      3	20238
      1	20255
      2	20268
      1	20287
      1	20289
      1	20291
      1	20297
      1	20323
      3	20330
      1	20347
      1	20354
      1	20364
      1	20377
      1	20406
      1	20419
      2	20422
      1	20426
      1	20429
      6	20458
      1	20461
      1	20472
      1	20483
      2	20487
      1	20541
      1	20546
      2	20578
      2	20587
      1	20599
      1	20606
      1	20609
      1	20612
      1	20649
      1	20658
      1	20660
      1	20665
      3	20678
      2	20684
      1	20714
      1	20735
      1	20742
      1	20756
      1	20760
      1	20761
      1	20766
      3	20780
      1	20783
      1	20787
      1	20805
      1	20808
     16	20816
      1	20818
      4	20827
      4	20830
      1	20847
      2	20865
      1	20869
      1	20872
      3	20874
      2	20882
      1	20896
      1	20906
      1	20907
      1	20917
      1	20956
      1	20994
      2	21017
      1	21026
      1	21034
      2	21042
      2	21060
      1	21079
      3	21082
      1	21091
      1	21135
      1	21137
      1	21161
      1	21173
      1	21177
      2	21180
      1	21204
      1	21205
      2	21231
      1	21247
      1	21249
     24	21251
      5	21253
      1	21268
      1	21271
      1	21293
      1	21311
      5	21325
      1	21340
      1	21348
      1	21380
      1	21400
      1	21402
      1	21425
      7	21428
      3	21463
      1	21492
      1	21497
      3	21499
      1	21516
      1	21536
      1	21537
      1	21540
      1	21553
      1	21599
      2	21602
      3	21606
      2	21607
      1	21623
      1	21628
      1	21642
      3	21644
      3	21647
      3	21652
      3	21655
      9	21664
      1	21681
      2	21686
      1	21703
      1	21717
      1	21750
      2	21764
      1	21771
      1	21775
      1	21800
      1	21814
      1	21817
      1	21821
      1	21824
      1	21839
      2	21845
      3	21866
      1	21883
      2	21897
      1	21911
      2	21929
      1	21931
      1	21970
      1	21989
      1	22010
      1	22028
      1	22055
      1	22070
      3	22071
      1	22074
      2	22077
      1	22085
      1	22087
      1	22091
      2	22098
      1	22100
      1	22118
      1	22122
      1	22126
      1	22128
      1	22143
      1	22164
      1	22194
      1	22207
      1	22213
      1	22228
      1	22253
      1	22264
      1	22287
      2	22290
      1	22306
      3	22315
      5	22330
      1	22336
      1	22364
      2	22365
      1	22374
      4	22394
      1	22417
      4	22447
      1	22486
      2	22495
      1	22532
      3	22556
      1	22563
      1	22564
      1	22568
      1	22569
      1	22573
      1	22586
      1	22590
      1	22597
      1	22607
      1	22612
      1	22645
      1	22657
      2	22664
      1	22682
      3	22689
      1	22694
      1	22708
      1	22713
      2	22715
      2	22720
      1	22721
     21	22743
      1	22759
      1	22767
      2	22775
      2	22792
      1	22798
      3	22823
      1	22841
      1	22847
      1	22861
      1	22888
      6	22902
      1	22906
      1	22907
      2	22915
      1	22922
      1	22944
      1	22949
      1	22960
      1	22970
      1	22988
      2	23013
      1	23028
      1	23029
      4	23030
      1	23032
      1	23033
      1	23074
      1	23079
      1	23084
      1	23092
      1	23097
      1	23100
      1	23103
      1	23105
      6	23114
      1	23118
      1	23138
      1	23168
      1	23173
      1	23196
      1	23204
      1	23206
      2	23216
      1	23217
     10	23234
      1	23244
      1	23254
      1	23266
      3	23272
      1	23276
      1	23298
      1	23309
      1	23313
      1	23322
      1	23326
      4	23332
      1	23354
      3	23360
      1	23379
      1	23392
      1	23435
      1	23436
      1	23452
      1	23453
      1	23456
      1	23487
      2	23501
      1	23502
      1	23522
      1	23577
     14	23594
      1	23596
      2	23599
      2	23602
      1	23611
      5	23650
      1	23653
      1	23680
      1	23720
      1	23728
      1	23736
      4	23741
      1	23743
      1	23767
      1	23774
      1	23804
      1	23805
      3	23828
      2	23833
      1	23852
      2	23870
      1	23874
      1	23876
      7	23879
      1	23891
      1	23909
      2	23911
      1	23914
      1	23916
      1	23920
      1	23926
      1	23955
      1	23966
      1	23982
      2	23984
      2	24002
      1	24009
     10	24013
      1	24015
      1	24058
      1	24092
      1	24098
      1	24114
      1	24116
      1	24176
      1	24203
      2	24222
      1	24232
      1	24234
      1	24245
      2	24265
      1	24267
      1	24279
      1	24283
      1	24288
      1	24289
      3	24290
      1	24303
      3	24324
      1	24331
      5	24333
      1	24342
      3	24345
      1	24367
      1	24376
      1	24390
      1	24412
      1	24427
      1	24458
      4	24469
      2	24472
      1	24473
      4	24506
      1	24511
      1	24523
      1	24529
      1	24625
      9	24645
      1	24650
      1	24656
      1	24663
      1	24670
      2	24672
      1	24684
      3	24697
      3	24713
      1	24722
      3	24724
      1	24728
      1	24731
      1	24738
      1	24742
      1	24744
      2	24749
     11	24801
      1	24815
      2	24817
      1	24825
      1	24829
      1	24839
      1	24862
      1	24891
      1	24893
      1	24895
      1	24896
      1	24907
      3	24917
      1	24921
      3	24931
      1	24953
      2	24963
      1	24989
      2	24990
      2	24992
      4	24999
      2	25003
      2	25004
      1	25006
      1	25022
      1	25054
      1	25068
      1	25079
      1	25087
      2	25092
      3	25129
      2	25144
      1	25151
      1	25173
      1	25177
      1	25205
      1	25237
      2	25240
      1	25262
      2	25264
      1	25275
      1	25278
      2	25296
      1	25299
      1	25302
      1	25324
      1	25326
      1	25329
      1	25331
      2	25338
      1	25357
      1	25368
      2	25376
      1	25381
      1	25382
      1	25411
      1	25445
      5	25463
      3	25481
      1	25487
      1	25491
      1	25515
      1	25531
      1	25538
      2	25551
      1	25556
      1	25566
      2	25592
      1	25595
      1	25610
      1	25626
      3	25628
      1	25635
      1	25645
      5	25647
      2	25660
      1	25663
      1	25689
      1	25706
      1	25712
      2	25714
      1	25745
      1	25751
      1	25765
      1	25774
      1	25778
      1	25785
      2	25786
      1	25813
      1	25821
      1	25822
      1	25830
      2	25838
      1	25854
      2	25869
      1	25874
      1	25875
      2	25878
      1	25891
      1	25892
      1	25897
     10	25899
      1	25905
      1	25917
      4	25941
      2	25960
      1	25979
      2	25985
      3	25993
      3	26002
      1	26040
      2	26045
      1	26055
      1	26065
      1	26070
      2	26107
      2	26108
      1	26111
      9	26135
      1	26144
      2	26179
      4	26202
      1	26217
      2	26219
      1	26259
      1	26288
      3	26290
      1	26296
      1	26307
      1	26309
      1	26327
      1	26355
      1	26359
      1	26368
      1	26391
      2	26420
      1	26433
      3	26435
      1	26437
      6	26458
      2	26468
      1	26470
      1	26472
      1	26488
      1	26496
      1	26545
      1	26556
      1	26564
      1	26594
      3	26611
      8	26625
      1	26636
      1	26642
      1	26661
      6	26666
      1	26696
      1	26708
      1	26711
      1	26718
      1	26725
      1	26733
      1	26739
      1	26756
      2	26769
     15	26777
      1	26780
      1	26803
      1	26805
      1	26829
      1	26836
      4	26860
      1	26866
      1	26882
      6	26909
      1	26910
      1	26917
      3	26972
      3	26993
      1	26996
      1	26999
      1	27004
      1	27011
      1	27015
      4	27039
      1	27044
      1	27046
      1	27047
      5	27051
      1	27052
      1	27057
      1	27105
      1	27145
      1	27150
      1	27155
      3	27171
      1	27178
      1	27181
      2	27191
      1	27231
      1	27239
      1	27245
      4	27248
      1	27257
      2	27259
      1	27263
      1	27285
      1	27286
      1	27305
      1	27310
      1	27317
      1	27329
      1	27350
      1	27357
      1	27374
      1	27393
      3	27395
      4	27399
      1	27402
      1	27409
      2	27412
      1	27420
      1	27432
      2	27440
     15	27443
      1	27459
      3	27469
      4	27495
      1	27503
     11	27519
      1	27528
      1	27532
      1	27538
      1	27544
      1	27563
      1	27565
      1	27578
      1	27585
      1	27610
      1	27618
      1	27623
      1	27645
      1	27646
      1	27660
      1	27670
      1	27690
      1	27691
      1	27695
      3	27698
      1	27727
      1	27734
      2	27741
      4	27753
      1	27756
      2	27768
      1	27773
      1	27784
      4	27797
      1	27819
      2	27825
      1	27828
      1	27834
      1	27849
      2	27864
      3	27867
      1	27901
      1	27916
      1	27938
     25	27944
      1	27959
      1	27973
      2	27975
      1	28000
      1	28002
      1	28008
      1	28041
      1	28045
      5	28070
      1	28079
      1	28089
      1	28094
      1	28123
      1	28141
      1	28169
      1	28178
      2	28179
      1	28187
      1	28196
      1	28204
      1	28210
      3	28219
      1	28231
      1	28256
      1	28258
      1	28277
      1	28291
      3	28295
      1	28300
      1	28303
      1	28305
      1	28308
      1	28320
      2	28349
      1	28365
      1	28369
      1	28396
      1	28407
      1	28408
      1	28410
      1	28417
      1	28427
      8	28435
      1	28443
      1	28485
      1	28487
      1	28495
      1	28498
      1	28505
      1	28506
      2	28515
      1	28535
      1	28551
      1	28560
      1	28578
      2	28585
      1	28592
      7	28594
      2	28605
      1	28610
      1	28614
      1	28632
      1	28639
      1	28643
      1	28651
      2	28665
      1	28718
      1	28729
      1	28752
      1	28765
      1	28781
      1	28796
      1	28809
      1	28824
      1	28842
      1	28846
      2	28848
      1	28872
     18	28894
      1	28896
      1	28900
      1	28907
      1	28913
      4	28922
      1	28929
      5	28960
      2	28974
      1	28990
      1	28995
      1	28996
      3	29002
      3	29043
     10	29067
      1	29104
      1	29114
      1	29116
      2	29118
      1	29133
      1	29137
      1	29140
      1	29164
      2	29168
      1	29197
      2	29202
      2	29203
      1	29224
      3	29226
      1	29227
      1	29235
      1	29245
      1	29246
      1	29247
      1	29255
      1	29272
      1	29276
      1	29288
      4	29311
      3	29350
      1	29367
      1	29373
      2	29377
      1	29386
      1	29437
      1	29442
      4	29456
      1	29478
      1	29484
      1	29522
      1	29524
      1	29555
      6	29596
      1	29601
      1	29628
      1	29639
      1	29644
      2	29653
      5	29677
      6	29698
      1	29701
      1	29722
      1	29739
     11	29789
      1	29791
      1	29794
      1	29799
      1	29819
      1	29826
      3	29855
      1	29857
      1	29865
      1	29866
      1	29873
      2	29875
      6	29879
      5	29880
      1	29881
      2	29892
      1	29907
      1	29922
      1	29934
      2	29945
      1	29946
      3	29948
      4	29950
      1	29951
      2	29953
      1	29989
      1	29992
      1	30003
      1	30023
      1	30027
      1	30032
      4	30040
      1	30047
      1	30048
      1	30061
      1	30065
      1	30081
      1	30097
      1	30101
      2	30131
      1	30134
      1	30139
      1	30143
      9	30144
      2	30151
      1	30167
      2	30168
      1	30175
      1	30190
      1	30193
      2	30226
      2	30248
      1	30250
      1	30260
      7	30277
     10	30280
      4	30285
      1	30313
      2	30317
      2	30362
      1	30365
      1	30397
      1	30402
      2	30427
      1	30440
      1	30446
      1	30460
      4	30462
      6	30481
      1	30482
      1	30524
      1	30549
      1	30559
      3	30563
      1	30565
      2	30578
      2	30592
      4	30613
      1	30623
      6	30627
      1	30640
      1	30655
      4	30656
      2	30659
      3	30661
      1	30711
      2	30733
      2	30737
      6	30776
      1	30778
      2	30782
      1	30816
      1	30824
      1	30843
      1	30856
      2	30858
      2	30877
      1	30888
      1	30896
      1	30919
      1	30954
      1	30981
      1	30983
      1	31032
      1	31037
      1	31045
      1	31064
      1	31105
      1	31107
      1	31138
      2	31153
      1	31164
      1	31219
      1	31221
      1	31223
      1	31256
      1	31261
      1	31268
      1	31287
      1	31330
      1	31331
      1	31354
      1	31376
      1	31384
      1	31397
      1	31403
      2	31437
      1	31447
      1	31480
      1	31490
      1	31493
      1	31499
      2	31511
      1	31530
      1	31561
     14	31562
      1	31564
      1	31566
      1	31571
      1	31597
      4	31601
      1	31606
      2	31629
      1	31644
      1	31649
      1	31658
      1	31670
      1	31676
      5	31689
      1	31697
      1	31732
      1	31743
      1	31810
      1	31815
      1	31833
      1	31858
      1	31896
      1	31909
      1	31917
      1	31931
      1	31943
      1	31945
      1	31947
      1	31949
      1	31957
      1	31972
      2	31982
      6	31983
      2	31990
      1	32014
      2	32023
      2	32037
      1	32038
      1	32045
      1	32048
      1	32055
      1	32083
      1	32087
      2	32095
      1	32100
      1	32110
      1	32111
      1	32113
      1	32114
      3	32118
      1	32126
      1	32140
      1	32176
      1	32177
      1	32200
      1	32217
      1	32221
      1	32224
      1	32230
      2	32249
      1	32267
      1	32287
      1	32288
      1	32299
      1	32326
      1	32345
      2	32372
      1	32373
      1	32385
      2	32410
      1	32451
      1	32459
      1	32487
      1	32494
      1	32496
      3	32515
      1	32522
      1	32554
      1	32574
      1	32580
      2	32603
      1	32621
      1	32623
      2	32631
      1	32638
      1	32640
      3	32646
      1	32670
      1	32671
      1	32675
      1	32688
      1	32704
      1	32761
      1	32768
      1	32770
      1	32773
      2	32778
      3	32789
      2	32794
      1	32809
      1	32832
      5	32857
      5	32863
      4	32962
      1	32991
      3	32995
      1	33002
      1	33027
      3	33039
      1	33055
      1	33061
      4	33064
     15	33069
      2	33074
      1	33093
      1	33095
      1	33102
      1	33124
      2	33143
      1	33148
      2	33170
      4	33180
      4	33194
      1	33214
      2	33224
      1	33226
      1	33230
      1	33236
      1	33244
      1	33252
      2	33259
      1	33263
      1	33270
      1	33272
      1	33284
      1	33289
      3	33292
      2	33317
      1	33318
      1	33327
      1	33338
      1	33339
      1	33347
      1	33348
      1	33369
      1	33378
      1	33388
      1	33416
      1	33439
      2	33444
      1	33454
      1	33464
     20	33484
      2	33485
      1	33494
      1	33499
      3	33520
      1	33525
      1	33538
      4	33562
      1	33587
      1	33594
      1	33595
      1	33619
      1	33621
      1	33630
      1	33639
      1	33662
      1	33666
      4	33669
      5	33674
      2	33682
      2	33685
      2	33700
      1	33705
      1	33741
      1	33758
      1	33769
      1	33803
      1	33821
      1	33823
      4	33863
      1	33866
      1	33870
      3	33886
      1	33904
      1	33917
      1	33948
      1	33963
      3	33971
      3	33991
      1	33992
      1	34018
      1	34070
      1	34073
      1	34083
      1	34109
      1	34138
      1	34142
      1	34158
      1	34159
      4	34165
      1	34166
      1	34169
      1	34170
      1	34175
      1	34193
      1	34199
      2	34241
      2	34264
      1	34275
      2	34296
      1	34323
      1	34332
      3	34333
      1	34335
      2	34341
      1	34359
      2	34369
      1	34395
      1	34405
      1	34415
      1	34428
      1	34434
      3	34443
      1	34453
      1	34479
      2	34490
      1	34504
      1	34507
      1	34516
      2	34522
      1	34531
      2	34536
      2	34543
      5	34550
      3	34566
      4	34570
      1	34574
      3	34576
      1	34592
      2	34599
      1	34605
      1	34608
      1	34647
      1	34659
      1	34672
      1	34708
      1	34714
      1	34723
      1	34740
      1	34743
      1	34750
      3	34771
      4	34772
      4	34773
      1	34780
      1	34781
      1	34806
      2	34809
      1	34816
      1	34826
      1	34833
      1	34839
      1	34847
      1	34856
      1	34859
      1	34871
      1	34884
      1	34917
      4	34925
      2	34926
      1	34931
      1	34938
      1	34962
      1	34963
      5	34975
      1	34981
      2	34984
      1	34987
      3	35002
      2	35004
      1	35009
      2	35030
      1	35035
      1	35056
      1	35057
      1	35063
      1	35075
      1	35086
      1	35094
      3	35102
      1	35104
      1	35127
      1	35149
      6	35152
      1	35162
      1	35170
      2	35183
      1	35193
      1	35195
      1	35200
      2	35202
      1	35218
     11	35223
      1	35263
      1	35264
      3	35273
      3	35292
      2	35325
      1	35341
      1	35349
      3	35352
      1	35376
      1	35381
      1	35384
      2	35425
      1	35430
      1	35434
      3	35471
      1	35476
      1	35484
      1	35496
      3	35517
      1	35518
      1	35520
      1	35523
      1	35527
     12	35545
      1	35551
      1	35591
      1	35622
      2	35625
      2	35644
      1	35659
      2	35669
      1	35670
      1	35710
      1	35717
      1	35722
      1	35737
      2	35744
      4	35748
      1	35764
      1	35775
      1	35782
      2	35797
      2	35818
      4	35820
      1	35894
      1	35908
      1	35928
      1	35940
      2	35947
      1	35953
      1	35961
      1	35964
      1	35968
      1	35982
      1	35996
      2	36005
      1	36012
      1	36028
      2	36030
      1	36044
      1	36077
      2	36082
      1	36090
      2	36105
      1	36112
      1	36129
      1	36135
      1	36151
      1	36174
      1	36188
      2	36240
      1	36246
      1	36265
      1	36329
      5	36334
      2	36405
      1	36430
      1	36470
      1	36483
      1	36490
      1	36493
      1	36495
      1	36499
      1	36517
      1	36524
      1	36543
      1	36554
      5	36559
      1	36589
      1	36619
      1	36655
      1	36658
      1	36659
      1	36666
      1	36668
      1	36671
      1	36672
      2	36674
      1	36690
      1	36701
      1	36702
      1	36708
      1	36713
      1	36717
      3	36727
      1	36731
      1	36734
      2	36770
      1	36775
      1	36778
      1	36784
      6	36810
      1	36824
      1	36838
      1	36850
      1	36851
      1	36860
      1	36870
      1	36875
      1	36899
      2	36901
      1	36951
      1	36974
      1	36976
      1	36989
      2	37016
      1	37033
      2	37051
      1	37062
      1	37063
      2	37074
      1	37124
      2	37126
      1	37127
      2	37136
      1	37140
      1	37142
      1	37149
      1	37158
     11	37161
      1	37162
      1	37173
      1	37188
      8	37213
      1	37229
      1	37233
      1	37235
      1	37247
      1	37263
      1	37316
      1	37331
      5	37346
      1	37372
      1	37384
      1	37385
      1	37388
      1	37403
      1	37419
      1	37422
      2	37425
      1	37442
      3	37445
      1	37466
      1	37474
      2	37485
      1	37497
      3	37536
      3	37545
      1	37551
      1	37553
      1	37588
      1	37593
      1	37595
      1	37598
      1	37600
      1	37601
      1	37608
      1	37628
      2	37633
      4	37640
      3	37649
      1	37680
      1	37709
      1	37715
      2	37716
      6	37724
      1	37725
      1	37758
      1	37765
      1	37782
      1	37812
      1	37816
      1	37827
      2	37828
      3	37836
      1	37846
      1	37847
      1	37849
      1	37871
      7	37885
      2	37896
      1	37924
      1	37927
      1	37933
      1	37966
      1	37970
      1	38007
      2	38044
      1	38054
      1	38094
      1	38099
      1	38122
      2	38139
      1	38160
      1	38163
      1	38188
      1	38199
      1	38206
      2	38237
      1	38239
      3	38243
      1	38244
      1	38249
      3	38253
      1	38269
      1	38276
      1	38289
      1	38305
      2	38311
      1	38315
      1	38319
      1	38329
      1	38363
      1	38380
      3	38395
      1	38398
      1	38403
      3	38422
     13	38439
      1	38463
      1	38464
      3	38466
      2	38480
      1	38496
      2	38510
      1	38518
      2	38520
      1	38547
      1	38559
      4	38589
      1	38592
      1	38595
      1	38596
      2	38599
      1	38611
      1	38640
      1	38642
      2	38652
      1	38656
      1	38665
      1	38676
      1	38677
      1	38681
      1	38737
      1	38747
      1	38756
      1	38764
      3	38780
     12	38787
      2	38793
      1	38812
      1	38821
     18	38839
      1	38855
      2	38860
      1	38886
      1	38888
      2	38893
      2	38909
      1	38932
      1	38959
      3	39018
      1	39024
      1	39035
      1	39043
      1	39052
      1	39075
      2	39086
      2	39116
      1	39119
      3	39124
      1	39130
      1	39213
      1	39217
      3	39218
      6	39234
      1	39245
      1	39257
     32	39265
      3	39305
      5	39325
      1	39327
      1	39330
      2	39352
      1	39364
      1	39372
      1	39377
      1	39379
      1	39384
      1	39392
      1	39410
      2	39413
      1	39414
      2	39419
      1	39441
      1	39521
      1	39530
      1	39533
      1	39569
      1	39578
      1	39619
      1	39621
      1	39636
      1	39638
      1	39641
      1	39672
     27	39674
      1	39696
      1	39752
      1	39765
      1	39779
      1	39780
      3	39795
      1	39796
      2	39804
      1	39868
      2	39886
      1	39905
      1	39915
      1	39928
      1	39931
      2	39950
      1	39953
      5	39978
      1	40018
      1	40025
      1	40063
      1	40078
      1	40085
      2	40093
      2	40119
      1	40121
      1	40138
      1	40150
      1	40155
      1	40169
      1	40178
      1	40194
      1	40197
      1	40209
      2	40212
      1	40238
      1	40246
      1	40252
     18	40269
      1	40294
      1	40305
      1	40324
      9	40329
      1	40346
      1	40358
      1	40370
      2	40371
      1	40384
      1	40387
      1	40412
      1	40424
      1	40432
      8	40437
      3	40439
      1	40484
      1	40501
      1	40518
      1	40531
      2	40574
      1	40588
      2	40594
      1	40605
      3	40635
      1	40639
      1	40648
      1	40651
      1	40659
      4	40661
      2	40693
      3	40711
      5	40718
      1	40727
      1	40752
      1	40781
      1	40802
      1	40817
      2	40845
      1	40849
      1	40858
      4	40861
      1	40862
      1	40863
      1	40871
      1	40891
      1	40942
      3	40957
      6	41001
      1	41009
      1	41015
      1	41034
      1	41069
      1	41077
      1	41080
      1	41121
      1	41142
      1	41147
      1	41152
      3	41159
      1	41185
      8	41189
      1	41202
      1	41213
      3	41216
      1	41245
      1	41273
      1	41288
      1	41313
      2	41315
      1	41333
      1	41347
      2	41350
      3	41361
      1	41363
      1	41392
      1	41400
      1	41414
     10	41443
      1	41457
      5	41461
      1	41472
      2	41485
      1	41486
      1	41496
      1	41498
      4	41500
      1	41504
      2	41526
      1	41563
      1	41565
      2	41618
      1	41620
      1	41629
      1	41646
      1	41650
      3	41653
      1	41655
      1	41663
      1	41664
      1	41669
      1	41682
      1	41690
      1	41697
      2	41707
      1	41718
      1	41733
      9	41738
      1	41749
      2	41760
      1	41771
      2	41774
      1	41782
      1	41789
      4	41853
      1	41867
      1	41892
      1	41900
      1	41916
      2	41931
      2	41952
      1	41954
      1	41974
      1	41988
      1	42011
      1	42027
      1	42039
      1	42043
      2	42063
      1	42080
      1	42144
      1	42149
      1	42152
      1	42155
      1	42156
      2	42207
      1	42210
      1	42211
      1	42231
      1	42237
      2	42248
      1	42249
      1	42252
      5	42257
      1	42262
      1	42279
      1	42282
      2	42287
      1	42322
      2	42332
      1	42349
      1	42364
      1	42369
      1	42377
      1	42398
      1	42407
      1	42408
      1	42414
      2	42433
      1	42444
      1	42454
      1	42461
      1	42501
      1	42517
      1	42527
      1	42534
      1	42536
      1	42538
      1	42539
      1	42555
      1	42562
      1	42575
      1	42579
      1	42580
      1	42582
      1	42587
      2	42601
      1	42634
      1	42644
      4	42687
      1	42689
      2	42723
      1	42747
      2	42764
      1	42772
      1	42789
      2	42795
      1	42797
      2	42816
      1	42820
      1	42831
      1	42860
      1	42862
      3	42910
      2	42914
      2	42974
      1	43047
      1	43055
      2	43065
      1	43095
      2	43102
      1	43146
      1	43148
      1	43149
      5	43169
      1	43204
      2	43205
      1	43215
      1	43226
      1	43240
      1	43256
      1	43267
      4	43272
      2	43288
      3	43294
      1	43389
      1	43395
      1	43417
      1	43439
      2	43445
      1	43449
      2	43455
      1	43456
      1	43462
      2	43468
      2	43493
      1	43528
      2	43541
      1	43580
      1	43613
      1	43616
      1	43620
      1	43626
      1	43662
      1	43668
      1	43669
      1	43684
      1	43691
      1	43715
      1	43716
      1	43725
      1	43756
      1	43761
      2	43764
      1	43765
      1	43776
      5	43832
      1	43857
      1	43882
      1	43889
      1	43894
      1	43948
      1	43959
      1	43982
      1	43993
      1	43995
      1	44010
      1	44011
      1	44056
      2	44094
      3	44110
      1	44112
      1	44114
      1	44117
      1	44120
      1	44135
      8	44153
      5	44211
      1	44215
     25	44228
      1	44252
      3	44256
      1	44263
      5	44318
      5	44321
      1	44323
      5	44329
      1	44335
      5	44337
      4	44345
      1	44379
      2	44415
      1	44423
      1	44442
      1	44447
      3	44457
      8	44460
      1	44478
      2	44481
      1	44489
      1	44515
      2	44570
      1	44614
      1	44615
      2	44621
      1	44644
      1	44645
      1	44666
      3	44675
      1	44683
      2	44687
      1	44715
      3	44716
      4	44721
      1	44725
      2	44737
      1	44740
      1	44758
      2	44770
      1	44777
      1	44802
      3	44804
      1	44818
      1	44824
      6	44833
      1	44838
      1	44853
      1	44884
      1	44905
      1	44907
      3	44909
      2	44914
      1	44924
      1	44929
      2	44930
      1	44972
      1	44973
      1	44987
      1	44991
      1	45009
      1	45018
      1	45036
      1	45061
      1	45083
      1	45086
      1	45093
      1	45109
      1	45117
      4	45120
      1	45126
      1	45128
      1	45135
      1	45140
      1	45142
      1	45150
      1	45152
      3	45178
      1	45188
      1	45199
      1	45216
      3	45248
      1	45250
      2	45253
      1	45255
      1	45265
      1	45278
      3	45293
      1	45322
      1	45345
      1	45359
      1	45360
      1	45425
      1	45450
      2	45460
      1	45466
      1	45483
      1	45485
      3	45504
      2	45509
      3	45518
      1	45539
      1	45542
      2	45550
      1	45557
      1	45603
      1	45607
      1	45665
      1	45668
      4	45678
      1	45683
      1	45692
      9	45753
      1	45755
      1	45767
      1	45772
      1	45776
      1	45777
      2	45791
      1	45801
      2	45818
      1	45823
      1	45832
      1	45846
      1	45847
      1	45852
      1	45856
      2	45884
      1	45889
      1	45912
      1	45913
      2	45928
      1	45935
      5	45943
      1	45956
      1	45974
      1	46006
      1	46007
      1	46008
      1	46023
      1	46033
      2	46061
      7	46070
      1	46079
      1	46081
      1	46091
      1	46094
      1	46099
      2	46102
      1	46104
      1	46120
      6	46123
      1	46125
      4	46134
      2	46150
      1	46232
      1	46234
      1	46244
      1	46251
      1	46252
      2	46261
      1	46263
      1	46272
      1	46289
      1	46290
      3	46315
      5	46319
      1	46330
      1	46363
      1	46383
      2	46387
      3	46392
      3	46397
      1	46408
      1	46409
      2	46415
      1	46421
      1	46426
      1	46428
      1	46435
      2	46447
      1	46479
      1	46485
      1	46488
      1	46497
      2	46512
      1	46530
      1	46544
     12	46554
      1	46558
      1	46561
     88	46589
      2	46595
      1	46636
      5	46659
      3	46664
      3	46667
      2	46676
      2	46692
      1	46713
     15	46724
      1	46734
      1	46747
      3	46753
      2	46757
      3	46779
      1	46786
      1	46827
      3	46848
      2	46856
      1	46887
      1	46928
      1	46931
      1	46940
      1	46972
      1	46984
      1	47006
      1	47009
      1	47012
      1	47018
      1	47024
      1	47054
      1	47104
      2	47107
      1	47154
      2	47156
      1	47210
      1	47220
      1	47231
      1	47234
      1	47250
      3	47304
      1	47311
      1	47323
      1	47356
      1	47367
      2	47380
      1	47405
      1	47412
      1	47421
      1	47425
     12	47431
      2	47433
      1	47442
      3	47458
      2	47475
      1	47492
      1	47522
      1	47526
      1	47531
      8	47547
      2	47564
      2	47579
     13	47584
      1	47632
      1	47634
      1	47640
      1	47644
      1	47646
      2	47662
      1	47693
      8	47700
      1	47706
      3	47721
      1	47739
      1	47763
      2	47765
      2	47772
      4	47774
      1	47788
      1	47811
      1	47853
      1	47872
      1	47907
      1	47919
      1	47943
     14	47952
      1	47962
      1	48002
      2	48033
      2	48064
      1	48099
      1	48112
      1	48123
      1	48127
      4	48128
      3	48135
      1	48147
      1	48150
      1	48215
      1	48235
      3	48261
      2	48266
      1	48288
      1	48289
      3	48293
      1	48305
      1	48317
      1	48322
      1	48326
      1	48346
      1	48355
      1	48359
      2	48371
      1	48373
      1	48375
      1	48409
      1	48434
      1	48476
      1	48481
      1	48491
      1	48513
      1	48533
      2	48535
      1	48542
      1	48543
      1	48544
      3	48553
      1	48577
      1	48606
      1	48607
      1	48613
      1	48615
      1	48622
      1	48638
      1	48655
      1	48657
      1	48666
      1	48690
      1	48694
      1	48698
      1	48717
      6	48721
      1	48729
      1	48733
      2	48746
      1	48783
      1	48788
      3	48795
      1	48813
      2	48834
      2	48839
      4	48840
      2	48858
      1	48862
      5	48870
      1	48908
      1	48913
      3	48921
      1	49009
      1	49012
      2	49013
      1	49029
      1	49071
      8	49073
      1	49102
      1	49105
      1	49118
      2	49123
      1	49134
      1	49162
      1	49169
      1	49172
      1	49177
      1	49180
      1	49191
      1	49200
      1	49232
      1	49290
      1	49328
      1	49358
      2	49361
      3	49362
      1	49368
      1	49397
      1	49451
      1	49453
      3	49458
      1	49460
      1	49470
      1	49474
      1	49491
      1	49498
      1	49517
      2	49528
      1	49530
     18	49547
     13	49549
      2	49551
      1	49556
      1	49563
      1	49588
      1	49589
      1	49606
      1	49607
      1	49614
      1	49615
      1	49627
      1	49641
      1	49644
      2	49647
      1	49692
      1	49700
      1	49714
      1	49752
      1	49755
      1	49774
      1	49778
      2	49784
      1	49785
      3	49788
      7	49810
      1	49814
      2	49852
      1	49862
      1	49884
      1	49887
      1	49911
      1	49914
      1	49916
      2	49922
      1	49924
      1	49929
      7	49936
      2	49947
      1	49948
      6	49956
      1	49958
      3	49962
      2	49966
      1	49987
      1	49991
      2	49992
      1	49993
      1	49994
     14	50044
      1	50049
      1	50079
      1	50082
      2	50087
      1	50093
      1	50110
      3	50111
      1	50124
      1	50161
      1	50163
      1	50186
      2	50193
      1	50200
      1	50208
      1	50209
      1	50243
      1	50246
      1	50262
      1	50289
      1	50290
      1	50292
      1	50297
      1	50305
      1	50346
      1	50351
      1	50369
      1	50375
      2	50377
      2	50388
      2	50389
      2	50401
      1	50421
      3	50438
      2	50439
     14	50465
      1	50481
      1	50485
      1	50494
      1	50497
      1	50511
      2	50528
      3	50537
      1	50544
      1	50550
      1	50557
      1	50613
      1	50621
      1	50645
      1	50668
      1	50692
      1	50700
      1	50718
      1	50719
      1	50725
      1	50733
      2	50738
      1	50750
      1	50802
      1	50812
      1	50820
      3	50835
      1	50868
      1	50887
      1	50900
      3	50905
      1	50910
      1	50913
      2	50927
      5	50930
      1	50939
      1	50940
      1	50955
      1	50990
      1	50994
      1	51018
      2	51026
      1	51036
      1	51037
      2	51042
      1	51046
      1	51051
      1	51058
      5	51071
      1	51086
      1	51100
      1	51106
      1	51113
      1	51115
      1	51116
      1	51124
      1	51145
      2	51152
      1	51154
      1	51197
      1	51210
      1	51211
      1	51220
      1	51303
     13	51354
      1	51355
      1	51366
      1	51369
      1	51370
      1	51392
      2	51394
      1	51396
      1	51403
      2	51409
      1	51423
      1	51433
      1	51436
      1	51475
      1	51483
      1	51493
      1	51494
      1	51499
      1	51509
      3	51518
      1	51519
      1	51523
      1	51527
      1	51537
      1	51561
      2	51576
      1	51582
      1	51599
      1	51600
      1	51610
      3	51694
      1	51707
      1	51708
      8	51766
      1	51779
      1	51784
      5	51804
      1	51808
      1	51823
      1	51835
      1	51837
      1	51855
      1	51872
      1	51888
      1	51895
      2	51920
      1	51941
      1	51957
      7	51959
      2	51960
      1	51961
      5	52030
      1	52044
      1	52054
      1	52066
      4	52067
      1	52074
      1	52093
      1	52121
      1	52133
      1	52143
      1	52145
      4	52148
      1	52160
      5	52177
      3	52181
      1	52193
      1	52205
      1	52230
      1	52234
      1	52243
      1	52256
      1	52268
      2	52273
      2	52294
      2	52311
      3	52323
      1	52338
      1	52341
      1	52344
      6	52365
      3	52370
      1	52392
      1	52398
      1	52405
      2	52408
     10	52414
      2	52419
      5	52434
      2	52444
      2	52457
      1	52459
      4	52483
      1	52485
      1	52494
      1	52497
      1	52498
      1	52502
      1	52504
      2	52505
      2	52551
      1	52581
      1	52613
      1	52654
      1	52660
      1	52687
      1	52717
      1	52734
      1	52767
      1	52772
      3	52796
      2	52811
      1	52812
      1	52824
      1	52831
      1	52835
      7	52840
      1	52863
      1	52874
      2	52908
      1	52917
      1	52925
      1	52938
      2	52949
      1	52957
      4	52964
      2	52976
      2	52991
      1	52993
      1	52997
      1	53007
      1	53009
      2	53014
      1	53045
      1	53048
      1	53063
      1	53088
      1	53108
      1	53109
      1	53124
      1	53146
      4	53151
      1	53168
      1	53170
      1	53199
      1	53200
      1	53209
      1	53211
      1	53220
      1	53224
      2	53229
      2	53232
      1	53234
      1	53242
      2	53243
      1	53264
      1	53265
      2	53271
      1	53276
      1	53282
      1	53283
      1	53329
      1	53337
      7	53349
      1	53357
      1	53395
      1	53396
      1	53398
      2	53401
      1	53405
      2	53408
      1	53412
      1	53450
      1	53454
      1	53469
      3	53481
      1	53482
      1	53524
      1	53537
      1	53539
      1	53548
      2	53550
      1	53558
      1	53570
      1	53578
      1	53606
      1	53607
      1	53624
      1	53630
      1	53639
      1	53651
      2	53661
      2	53666
      3	53692
      2	53693
      3	53696
      1	53707
      1	53758
      1	53798
      1	53855
      1	53875
      1	53899
      1	53901
      1	53915
      3	53925
      1	53944
      1	53945
      1	53947
      1	53957
      1	53967
      2	53974
      1	53982
      4	53984
      1	53996
      1	54004
      2	54007
      2	54058
      3	54059
      1	54091
      3	54094
      1	54123
      1	54127
      1	54135
      1	54147
      1	54186
      1	54188
      1	54195
      1	54209
      1	54212
      1	54215
      1	54232
      1	54246
      1	54249
      2	54251
      1	54261
      1	54270
      2	54272
      1	54293
      1	54335
     10	54336
      1	54339
      1	54357
      1	54363
      3	54395
      1	54399
     11	54401
      1	54406
      1	54407
      1	54416
      2	54474
      1	54481
      1	54506
      1	54510
      1	54521
      1	54548
      1	54552
      1	54564
      1	54651
      1	54669
      2	54678
      2	54691
      2	54692
      1	54707
      1	54720
      1	54737
      4	54745
      1	54754
      2	54777
      1	54877
      3	54878
      9	54887
      1	54889
      1	54903
      1	54910
      2	54916
      1	54917
      1	54920
      2	54930
      1	54932
      3	54967
      1	54971
      1	54980
      1	54992
      1	54999
      1	55007
      1	55035
      1	55047
      1	55081
      1	55092
      2	55118
      1	55119
      1	55134
      1	55135
      1	55148
      1	55172
      1	55182
      1	55205
      2	55207
      1	55215
      3	55217
      1	55222
     16	55239
      1	55251
      1	55285
      1	55301
      1	55310
      3	55311
      1	55345
      1	55363
      1	55369
      1	55381
      1	55382
      1	55393
      1	55396
      2	55398
      1	55402
      1	55429
      1	55477
      1	55486
      1	55490
      2	55500
      2	55525
      3	55526
      1	55527
      1	55571
      5	55572
      1	55574
      6	55587
      1	55591
      1	55609
      1	55612
      2	55622
      1	55652
      2	55660
      1	55680
      2	55681
      1	55693
      1	55698
      1	55741
      1	55771
      1	55792
      2	55796
      2	55814
      1	55821
      1	55828
      1	55841
      1	55854
      1	55866
      2	55870
      1	55872
      1	55874
      1	55881
      2	55885
      1	55887
      3	55908
      7	55913
      5	55931
      1	55939
      1	55941
      1	55950
      3	56027
      1	56038
      1	56047
      1	56052
      1	56073
      1	56074
     14	56084
      1	56086
      1	56097
      1	56098
      1	56099
      1	56103
      1	56113
      1	56127
      1	56147
      1	56152
      1	56179
      3	56187
      7	56205
      2	56239
      3	56255
      1	56259
      1	56266
      1	56281
      1	56289
     12	56309
      1	56347
      3	56362
      2	56363
      2	56366
      1	56368
      1	56372
      1	56385
      1	56404
      1	56416
      6	56434
      1	56452
      1	56453
      1	56550
      1	56556
      1	56577
      1	56586
      1	56603
      3	56614
      2	56615
      2	56622
      1	56642
      1	56644
      1	56663
      2	56693
      1	56694
      1	56697
      1	56707
      2	56715
      1	56723
      1	56729
      6	56730
      2	56735
      1	56751
      2	56756
      1	56807
      5	56813
      1	56821
      4	56823
      1	56830
      1	56834
      1	56847
      1	56852
      4	56868
      1	56873
      1	56874
      1	56884
      1	56907
      1	56911
      1	56913
      1	56914
      1	56930
      3	56936
      1	56943
     37	56956
      1	56964
      2	56982
      1	57011
      1	57014
      1	57041
      1	57047
      2	57048
      1	57051
      1	57074
      1	57078
      2	57101
      1	57118
      2	57132
      1	57141
      1	57144
      1	57170
      1	57173
      2	57179
      1	57203
      6	57211
      2	57226
      1	57230
      1	57248
      1	57287
      1	57350
      2	57361
      1	57370
      1	57371
      1	57379
      1	57388
      5	57398
      1	57409
      1	57428
      1	57434
      3	57449
      1	57455
      1	57459
      1	57463
      1	57478
      2	57533
      2	57539
      1	57541
      1	57555
      1	57564
      1	57565
      2	57569
      2	57585
      2	57613
      1	57617
      2	57622
      2	57631
      1	57673
      1	57703
      1	57712
      1	57720
      2	57735
      2	57740
      1	57743
      2	57757
      3	57767
      1	57773
      7	57777
      1	57783
      2	57791
      4	57792
      3	57798
      2	57808
      1	57870
      1	57896
      1	57898
      1	57904
      1	57905
      1	57918
      1	57944
      1	57951
      1	57965
      1	57981
      1	58002
      2	58036
      1	58040
      1	58119
      1	58133
      1	58145
      2	58155
      1	58171
      1	58172
      3	58186
      3	58201
      1	58207
      1	58212
      3	58216
     12	58221
      1	58223
      1	58240
      1	58244
      2	58251
      2	58291
      1	58294
      2	58318
      1	58327
      2	58335
      1	58336
      1	58342
      1	58347
      1	58349
      3	58352
      1	58358
      1	58366
      1	58371
      1	58413
      1	58428
      1	58434
      1	58468
      1	58477
      1	58478
      1	58490
      2	58509
      1	58543
      2	58556
      4	58569
      1	58575
      5	58578
      1	58580
      3	58602
      1	58604
      1	58607
      1	58616
      8	58625
      2	58649
      1	58651
      1	58654
      1	58665
      1	58697
      2	58703
      1	58715
      1	58722
      1	58731
      1	58760
      1	58768
      1	58785
      3	58787
      2	58810
      5	58821
      1	58847
      1	58852
      1	58863
      1	58876
      1	58885
      1	58895
      2	58913
      1	58914
      1	58934
      1	58952
      1	58999
      2	59003
      1	59014
      1	59017
      1	59020
      1	59052
      1	59086
      1	59089
      1	59107
      1	59113
      1	59120
      1	59134
      1	59204
      1	59210
      1	59226
      4	59252
      1	59266
      1	59291
      1	59301
      1	59302
      1	59320
      1	59323
      4	59332
      1	59337
      1	59360
      1	59364
      1	59365
      2	59369
      1	59424
      1	59443
      1	59481
      1	59518
      1	59524
      1	59552
      4	59571
      1	59576
      2	59582
      1	59585
      9	59660
      1	59667
      1	59673
      1	59702
      5	59707
      1	59720
      1	59734
      1	59735
      1	59748
      1	59758
      1	59764
      1	59765
      1	59780
      1	59787
      3	59788
      1	59809
      1	59814
      2	59818
      1	59819
      4	59831
      1	59875
      1	59893
      1	59911
      2	59944
      6	59949
      1	59970
      2	59983
      1	60020
      2	60043
      1	60090
      1	60094
      1	60127
      1	60128
      1	60143
      2	60163
      2	60179
      2	60185
      1	60205
      1	60214
      1	60215
      1	60219
      1	60220
      1	60232
      1	60287
      1	60289
      2	60300
      1	60313
      1	60321
      1	60326
      1	60354
      1	60370
     13	60378
      1	60386
      1	60389
      1	60397
      1	60416
      4	60429
      1	60433
      1	60449
      1	60456
      2	60457
      1	60461
      1	60462
      2	60465
      9	60488
      2	60496
      1	60498
      2	60501
      3	60508
      1	60525
      3	60543
      1	60563
      1	60565
      1	60572
      3	60576
      1	60580
      1	60594
      1	60605
      1	60608
      1	60612
      3	60624
      1	60628
      2	60635
      1	60638
      2	60652
      2	60653
      1	60710
      1	60716
      1	60732
      1	60735
      1	60742
      1	60753
      1	60762
      2	60782
      1	60792
      2	60810
      2	60814
      1	60827
      1	60845
      3	60868
      1	60869
      1	60890
      1	60909
      3	60915
      1	60916
      1	60935
      1	60944
      3	60964
     10	60969
      1	60975
      1	60980
      1	60995
      1	61021
      1	61045
      1	61051
      1	61066
      1	61068
      1	61091
      2	61101
      2	61116
      2	61117
      3	61121
      1	61129
      1	61131
      3	61140
      1	61147
      1	61153
      1	61175
      1	61204
      3	61220
      1	61229
      3	61230
      1	61246
      1	61250
      1	61254
      1	61257
      1	61261
      1	61277
      6	61289
      3	61329
      1	61330
      4	61340
      1	61343
      1	61349
      1	61375
      1	61380
      1	61388
      2	61394
      1	61436
      3	61446
      1	61447
      1	61457
      4	61466
      3	61472
      1	61483
      1	61506
      1	61525
      2	61528
      1	61554
      1	61566
      1	61568
      1	61592
      1	61637
      1	61638
      1	61647
      1	61657
      1	61665
      2	61680
      4	61683
      1	61732
      1	61740
      1	61746
      1	61787
      3	61817
      1	61829
      7	61832
      1	61835
      1	61858
      1	61869
      1	61872
      4	61875
      1	61888
      1	61931
      1	61934
      1	61963
      1	61968
      1	61980
      1	61997
      2	62004
      2	62012
     26	62017
      1	62034
      1	62036
      5	62053
      1	62081
      1	62082
      1	62083
      4	62095
      1	62106
      1	62108
      2	62119
      1	62144
      1	62156
      1	62158
      1	62171
      1	62176
      6	62183
      1	62189
      6	62194
      1	62195
      1	62217
      3	62223
      1	62267
      2	62278
      1	62285
      2	62288
      3	62290
      1	62298
      3	62303
      1	62313
      1	62318
      1	62321
      1	62336
     11	62340
      1	62396
      1	62414
      1	62427
      1	62429
      2	62431
      5	62432
      2	62446
      1	62471
      2	62534
      1	62561
      3	62573
      1	62584
      2	62599
      1	62609
      3	62656
      4	62664
      4	62665
      1	62666
      1	62668
      1	62682
      1	62697
      1	62702
      1	62707
      1	62709
      1	62711
      1	62731
      1	62754
      1	62755
      1	62759
      1	62761
      1	62766
      1	62780
      1	62785
      1	62790
      1	62792
      1	62794
      1	62798
      1	62808
      1	62809
      1	62841
      7	62846
      1	62847
      1	62849
      2	62869
      2	62875
      1	62884
      1	62892
      1	62893
      3	62909
      1	62915
      1	62919
      2	62930
      2	62936
      1	62937
      3	62948
      2	62955
      1	62959
      1	62961
      1	62962
      1	62974
      2	62986
      4	63002
      1	63004
      2	63017
      1	63019
      1	63020
      1	63035
      1	63040
      1	63044
      2	63047
      1	63056
      1	63058
      1	63060
      1	63085
      4	63097
      1	63099
      1	63112
      1	63124
      2	63130
      1	63177
      1	63178
      1	63197
      1	63203
      1	63204
      1	63216
      1	63221
      1	63224
      1	63249
      1	63278
      2	63282
      1	63306
      4	63315
      1	63316
      2	63321
      2	63323
      1	63330
      1	63338
     27	63363
      3	63381
      1	63397
      1	63400
      4	63409
      6	63413
      6	63418
      2	63449
      3	63451
      2	63465
      2	63476
      1	63481
      1	63500
      4	63509
      1	63518
      1	63557
      1	63581
      1	63606
      1	63609
      1	63633
      1	63660
      2	63690
      1	63699
      1	63709
      2	63710
      1	63715
      1	63737
     14	63743
      1	63750
      1	63751
      2	63759
      1	63771
      1	63773
      2	63780
      1	63803
      1	63806
      2	63807
      1	63811
      2	63825
      1	63875
      1	63898
      3	63900
      1	63935
      1	63940
      1	63950
      2	63957
      1	63958
      1	63961
      1	63982
      3	63986
      2	63987
      1	63992
      1	64006
      1	64020
     13	64025
      1	64042
      7	64044
      1	64065
      1	64071
      1	64094
      2	64135
      2	64140
      1	64142
      2	64164
      2	64170
      1	64196
      1	64216
      1	64230
     10	64255
      1	64268
      1	64282
      2	64286
      1	64302
      1	64304
      1	64306
      1	64313
      1	64325
      2	64339
      1	64347
      1	64352
      1	64367
      1	64375
      1	64404
      1	64409
      1	64411
      1	64434
      1	64447
      1	64454
      1	64469
      2	64470
      4	64473
      2	64484
      2	64485
      1	64496
      2	64526
      1	64533
      1	64539
      1	64578
      1	64587
      2	64598
      1	64616
      1	64641
      1	64655
      1	64657
      1	64720
      1	64732
      1	64743
      1	64793
      3	64794
      1	64815
      1	64862
      1	64893
      1	64908
      1	64915
      2	64938
      2	64942
      1	64965
      1	64995
      1	65032
      1	65046
      1	65049
      1	65121
      3	65123
      8	65150
      1	65171
      7	65195
      1	65198
      2	65209
      1	65213
      1	65267
      4	65273
      1	65285
      1	65305
      2	65322
      1	65324
      2	65328
      1	65334
      1	65353
      1	65369
      1	65378
      5	65401
      1	65402
     16	65408
      1	65410
      4	65414
      2	65427
      1	65444
      1	65449
      1	65469
      1	65489
      1	65492
      3	65506
