      3	171
      1	242
      1	477
      1	537
      2	538
      1	558
      1	567
      1	645
      3	712
      1	984
      1	1190
      1	1532
      6	1782
      1	1873
      1	1886
      1	2020
      1	2051
      1	2265
      1	2299
      1	2589
      1	2595
      1	2617
      1	2648
      1	2808
      1	2958
      1	3175
      1	3210
      2	3212
      1	3255
      1	3300
      1	3449
      1	3493
      1	3552
      2	3663
      1	3708
      1	3932
      1	3965
      2	4064
      1	4106
      2	4108
      1	4134
      1	4187
      1	4286
      1	4652
      1	4664
      1	4834
      1	4926
      1	4942
      1	4969
      1	5492
      2	5697
      1	5717
      4	5731
      1	5778
      1	5792
      2	5931
      1	6002
      1	6032
      3	6045
      1	6101
      2	6143
      2	6149
      1	6275
      1	6494
      1	6534
      1	6575
      1	6583
      1	7081
      1	7109
      1	7313
      1	7359
      2	7457
      1	7579
      3	7689
      1	7772
      1	7834
      1	7862
      1	7920
      2	7942
      1	8288
      1	8293
      1	8296
      1	8332
      1	8448
      1	8476
      2	8839
      1	8950
      1	8954
      6	8983
      1	9100
      2	9143
      6	9155
      4	9211
      1	9345
      1	9653
      1	9687
      1	9736
      1	9793
      1	9797
      1	9832
      1	9900
      1	9921
      2	10026
      7	10504
      1	10576
      1	10612
      1	10721
      1	10986
      1	11535
      1	11589
      1	11688
      1	12041
      1	12271
      1	12397
      3	12505
      2	12755
      1	12792
      1	12952
      1	13231
      1	13286
      6	13371
      1	13460
      1	13481
      1	13499
      1	13523
      1	13554
      1	13594
      9	13679
      1	13702
      1	13738
      1	13814
      1	13846
      1	14127
      1	14177
      2	14349
      1	14606
      1	14648
      1	15029
      1	15248
      1	15272
      1	15322
      1	15407
      1	15479
      1	15525
      1	15530
      1	15607
      1	15619
      1	15866
      2	16007
      2	16122
      1	16146
      1	16276
      1	16345
      1	16368
      1	16388
      1	16465
      3	16503
      5	16526
      2	16620
      1	16628
      1	17214
      1	17267
      1	17282
      2	17338
      1	17352
      1	17440
      1	17624
      1	17807
      1	17861
      1	17916
      1	18003
      1	18207
      1	18217
      2	18269
      1	18522
      1	18672
      1	18685
      1	18720
      2	18768
      3	18864
      1	18885
      1	18905
      1	18919
      1	19288
      2	19513
      1	19525
      1	19549
      2	19585
      2	19588
      2	19929
      1	20047
      1	20053
      1	20191
      1	20268
      1	20287
      1	20323
      1	20487
      1	20837
      3	20955
      1	20997
      1	21033
      1	21034
      1	21060
      1	21158
      1	21170
      1	21180
     10	21253
      1	21268
      1	21393
      1	21416
      1	21463
      1	21607
      1	21669
      1	22134
      1	22241
      1	22334
      1	22365
      1	22417
      1	22423
      1	22597
      1	22625
      2	22675
      4	22823
      1	22970
      1	22980
      4	23059
      1	23092
      1	23114
      1	23176
      1	23183
      1	23219
      1	23234
      1	23311
      1	23440
      1	23526
      1	23566
      1	23585
     10	24013
      1	24245
      2	24290
      1	24466
      1	24516
      1	24690
      1	24757
      1	24839
      2	24999
      1	25054
      1	25128
      1	25234
      1	25338
      1	25658
      1	25663
      8	25899
      3	25931
      1	25967
      2	25985
      1	26045
      1	26053
      1	26108
      1	26537
      8	26625
      1	26685
      1	26777
      3	26909
      1	26993
      3	27039
      1	27292
      1	27357
     12	27395
      1	27495
      1	27707
      1	27751
      2	27773
      2	28002
      1	28034
      5	28219
      2	28531
      1	28578
      3	28594
      1	29271
      1	29288
      2	29311
      3	29357
      1	29558
      1	29596
      1	29638
      2	29670
      2	29698
      2	29879
      1	30280
      4	30360
      2	30427
      1	30541
      1	30578
      1	30613
      1	30627
      2	30661
      1	30733
      5	30858
      2	30877
      1	30983
      1	31000
      1	31022
      2	31432
      1	31562
      1	31626
      1	31670
      1	31703
      1	32099
      1	32141
      1	32176
      1	32289
      1	32464
      1	32515
      1	32683
      1	32788
      2	32857
      1	32936
      2	33064
      2	33074
      5	33092
      1	33292
      1	33364
      2	33464
      1	33484
      1	33662
      3	33674
      1	33675
      1	33821
      1	34110
      3	34241
      1	34303
     17	34333
      1	34479
      1	34550
      2	34975
      1	35152
      1	35212
      6	35471
      1	35622
      1	36062
      1	36113
      1	36437
      2	36438
      1	36529
      1	36578
      1	36692
      1	36744
      1	36810
      1	36896
      1	36981
      8	37000
      1	37009
      1	37229
      3	37308
      1	37382
      1	37536
      1	37549
      1	37553
      1	37598
      2	37608
      1	37640
      1	37700
      1	37709
      3	37724
      1	37758
      1	37939
      1	37976
      1	38018
      1	38058
      1	38139
      1	38171
      1	38398
      1	38480
      1	38512
      1	38520
      1	38578
      1	38599
      1	38642
      1	38649
      1	38654
      1	38714
      3	38787
      1	39098
      4	39159
      1	39206
      1	39234
      1	39795
      1	39952
      1	39964
      4	40119
      1	40137
      2	40204
      1	40238
      1	40527
      1	40616
      1	40661
      1	40901
      2	41242
      1	41262
      1	41333
      1	41361
      2	41738
      1	41784
      1	41853
      1	41937
      1	42011
      1	42021
      6	42210
      1	42257
      1	42456
      1	42797
      1	42878
      1	42970
      1	43247
      1	43270
      1	43339
      1	43429
      1	43461
      1	43518
      1	43626
      1	43631
      1	43644
      1	43811
      7	44064
      1	44096
      1	44329
      1	44570
      1	44716
      1	44777
      1	44907
      1	44912
      1	45070
      1	45135
      1	45142
      1	45293
      1	45464
      1	45596
      1	45716
      1	45778
      1	45808
      1	45986
      1	46005
      2	46070
      1	46134
      2	46261
      1	46329
      1	46392
      1	46402
      1	46418
      1	46554
      4	46664
      1	46692
      1	46868
      1	47104
      1	47154
      3	47425
      2	47431
      1	47531
      2	47700
     12	47943
      1	47975
      1	48513
      1	48577
      1	49073
      1	49155
      1	49267
      2	49362
      1	49493
      1	49778
      2	49966
      1	50203
      1	50216
      1	50231
      1	50366
      1	50375
      1	50536
      1	50537
      2	50550
      1	50584
      2	50798
      1	50875
      1	51028
      1	51369
      2	51392
      1	51475
      3	51483
      1	51493
      1	51494
      1	51669
      1	51795
      1	51822
      1	51823
      2	51959
      1	51992
      1	52087
      1	52181
      1	52908
      1	53249
      1	53357
      1	53479
      1	53624
      1	53639
      1	53846
      2	53925
      1	54102
      1	54154
      1	54240
      1	54305
      1	54395
      3	54401
      1	54430
      1	54507
      1	54826
      1	54834
      1	54855
      1	55143
      4	55217
      1	55282
      1	55396
      1	55410
      3	55565
      1	55587
      1	55693
      1	55814
      1	55830
      1	55837
      2	55841
      5	55908
      2	56113
      1	56185
      1	56187
      1	56434
      2	56735
      1	56751
      1	56756
      1	56846
      1	56873
      1	56950
      2	56956
      1	57086
      1	57144
      2	57170
      2	57398
      1	57464
      1	57566
      1	57574
      1	57951
      1	58036
      1	58118
      1	58155
      1	58212
      1	58221
      1	58246
      1	58473
      1	58712
      1	58810
      1	59144
      1	59304
      1	59612
      1	59613
      1	59720
      1	59949
      1	60054
      6	60312
      1	60367
     13	60378
      1	60387
      1	60501
      1	60628
      1	60724
      1	60799
      3	60909
      1	60922
      2	61066
      1	61121
      2	61131
      1	61152
      3	61261
      1	61277
      1	61752
      4	61772
      1	61897
      1	61937
      1	62024
      1	62099
      1	62119
      6	62183
      2	62189
      1	62194
      1	62223
      1	62290
      6	62340
      1	62401
      1	62427
      1	62432
      1	62593
      1	62656
      1	62664
      1	62711
      1	62892
      1	63050
      1	63058
      1	63192
      1	63248
      1	63253
      2	63381
      4	63451
      1	63677
      2	63807
      2	63825
      1	64038
      2	64043
      1	64094
      1	64339
      1	64424
      1	64469
      1	64470
      1	64473
      1	64485
      1	64539
      1	64542
      1	64657
      1	65116
      1	65121
      2	65249
      1	65278
      1	65410
      1	65467
