      1	1
      2	210
      1	515
      1	995
      3	1232
      2	1359
      1	1544
      1	1616
      2	2522
      3	3013
      1	3690
      1	3727
      1	4422
      1	4758
      2	5069
      3	5287
      6	5532
      1	5778
      6	5979
      2	6497
      1	6572
      5	6691
      1	7434
      1	7799
      1	8117
      4	8154
      1	8473
      1	8736
      1	9922
      1	11524
      1	12242
      4	12396
      1	12538
      2	12704
      1	13064
      1	13083
      1	13288
      4	13945
      2	14251
      1	14501
      1	15355
      3	15458
      1	15684
      4	15773
      1	16230
      1	17225
      1	17908
      4	18353
      2	18664
      1	19364
      5	19891
      1	19923
      1	20721
      2	22140
      1	22265
      1	22277
      1	22635
      2	22660
      1	23192
      1	24800
      1	25311
      1	25419
      7	25894
      1	26359
      1	27494
      1	28047
      1	28089
      1	30145
      6	30487
      1	30534
      1	31160
      1	31360
      1	31456
      1	31670
      1	32426
      1	32932
      1	34452
      1	35002
      2	35754
      1	36200
      1	36904
      1	37149
      1	37475
      5	37810
      4	38068
      1	38403
      2	38447
      1	38480
      1	39127
      1	39175
      2	39553
      1	39999
      1	40519
      1	40587
      1	41202
      1	41526
      5	42024
      1	42160
      2	42476
      1	43294
      2	43932
      1	44081
      1	44389
      1	44471
      1	45219
      2	45247
      2	46393
      3	47634
      1	49246
      4	49361
      2	52343
      5	52406
      1	52581
      1	53459
      1	53584
      1	53971
      4	54554
      1	55174
      1	55190
      9	55528
      1	55818
      1	56378
      2	56621
      1	57622
      1	58025
      1	58589
      6	58722
      1	58913
      1	59571
      1	60501
      6	60909
      1	61055
      3	61261
      1	61759
      5	62374
      1	64102
      1	64306
      1	64528
      1	65500
