      1	162
      1	475
      1	1016
      1	1508
      1	1588
      1	1728
      1	1911
      1	2051
      1	2093
      1	2188
      1	2388
      1	2470
      1	2471
      1	2679
      1	2687
      1	2849
      1	2898
      1	2932
      1	3014
      1	3351
      1	3459
      1	3468
      1	3526
      1	3869
      1	3872
      2	3886
      1	3925
      1	3946
      1	4072
      1	4187
      1	4211
      1	4552
      1	4586
      1	4600
      1	4780
      1	4926
      1	5023
      1	5300
      1	5520
      1	5731
      1	5766
      1	5921
      2	6012
      1	6172
      1	6336
      1	6699
      1	7129
      1	7872
      1	8089
      1	8121
      1	8296
      2	8760
      2	8859
      1	9317
      1	9831
      2	9900
      1	9984
      1	10114
      1	10345
      1	10717
      1	10771
      4	10950
      1	11402
      1	11951
      1	11967
      1	12516
      1	12684
      1	12762
      1	13001
      1	13008
      1	13153
      1	13945
      1	13952
      1	14138
      1	14332
      1	14349
      1	14401
      1	14444
      1	14692
      1	15590
      1	15599
      2	15661
      1	15667
      3	15724
      1	15950
      1	16035
      1	16049
      1	16276
      1	16491
      1	16622
      5	17150
      1	17192
      1	17341
      1	17465
      1	17485
      1	17773
      1	18464
      1	18899
      2	18988
      1	19026
      1	19503
      1	19707
      1	19991
      1	20212
      1	20268
      1	20284
      1	20344
      1	20697
      1	21042
      1	21238
      1	21253
      3	21281
      1	21285
      1	21303
      1	21650
      1	21892
      1	22392
      1	22588
      2	22713
      1	22792
      1	22847
      1	22876
      1	22903
      1	23114
      2	23321
      1	23653
      1	23936
      1	24175
      2	24645
      4	24817
      1	24839
      1	25073
      1	25096
      1	25280
      1	25656
      1	25856
      1	26093
      1	26111
      1	26207
      2	26293
      1	26341
      1	26611
      2	26777
      1	26781
      1	27275
      2	28012
      1	28031
      1	28109
      1	28784
      1	29068
      1	29938
      1	29948
      4	30224
      1	30390
      1	31493
      1	32098
      1	32390
      1	32750
      1	32857
      1	32912
      1	33028
      1	33143
      1	33527
      1	33815
      1	34226
      2	34452
      1	34763
      1	34781
      1	34917
      1	34975
      1	35083
      1	35102
      1	35638
      1	35824
      1	35867
      1	36384
      1	36627
      1	36690
      2	36820
      1	36870
      2	36973
      1	37149
      1	37464
      1	37700
      1	37709
      1	38138
      1	38184
      1	38464
      1	38681
      1	38967
      1	39182
      1	39197
      1	39529
      1	39674
      1	39785
      1	40085
      2	40119
      1	40454
      1	40538
      1	40562
      1	40641
      1	40896
      2	41333
      1	41504
      1	41582
      1	41690
      1	41751
      1	42027
      1	42210
      1	42372
      1	42562
      1	42723
      1	42810
      1	42856
      8	43714
      1	44016
      2	44252
      1	44626
      1	45510
      1	45572
      1	45706
      1	45884
      1	46019
      1	46499
      2	46724
      1	46928
      1	47009
      1	47102
      1	47248
      1	47294
      1	47488
      1	47547
      1	47597
      1	48022
      1	48349
      1	48756
      1	49103
      1	49111
      1	49131
      1	49145
      1	49177
      1	49202
      1	49444
      2	49458
      1	49599
      1	49991
      1	50282
      1	50554
      1	50714
      1	50738
      1	50952
      1	51855
      1	52181
      3	52344
      1	52386
      1	52491
      1	53301
      1	53660
      1	53943
      1	53946
      1	53947
      1	54058
      1	54393
      1	54554
      1	54741
      1	54992
      1	55182
      1	55295
      1	55498
      1	55894
      1	55934
      1	56084
      1	56432
      2	56434
      1	56806
      1	56872
      1	57091
      1	57092
      2	57767
      1	57910
      1	58119
      4	58180
      1	58211
      1	58671
      1	59123
      1	59363
      1	60071
      1	60389
      1	60457
      1	60523
      1	60631
      1	61152
      1	61589
      1	62017
      1	62790
      2	63173
      4	63363
      1	63503
      1	63987
      1	63999
      1	64105
      1	64129
      2	64189
      1	64316
      1	64424
      1	64470
      1	64474
      1	64552
      1	65080
      1	65249
      1	65334
      1	65414
