      1	45
      1	107
      2	357
      1	530
      2	648
      2	1061
      1	1288
      1	1652
      5	2119
      2	2260
      1	2819
      8	2849
      1	2915
      1	3033
      5	3602
      1	3847
      1	5021
      1	5042
      1	5475
      1	5757
      2	6209
      2	6322
      1	6899
      1	7111
      1	7359
      2	7581
      1	8090
      3	8281
      5	8515
      1	8700
      1	8901
      1	9016
      1	9681
      1	9813
      1	10026
      1	10106
      2	10321
      1	10412
      1	11016
      1	11704
      1	14190
      2	14323
      1	14392
      1	14770
      1	14801
      1	14993
      1	15265
      1	15266
      1	15345
      1	15430
      1	15965
      2	16210
      1	16277
      1	16332
      6	16534
      2	16561
      1	16789
      1	16790
      7	17003
      1	17339
      2	17534
      1	18394
      2	18411
      1	18482
      2	19011
      1	19241
      1	19339
      1	19831
      1	20077
      2	20928
      1	21411
      1	21463
      1	22012
      1	22447
      5	22689
      2	22779
      2	22871
      2	22893
      1	24613
      1	25154
      1	25168
      1	25553
      1	25689
      1	25900
      1	25946
      1	26011
      1	26108
      1	26641
      1	27443
      1	28085
      1	28116
      1	28911
      2	29265
      1	29538
      1	29855
      1	30198
      1	30394
      1	31250
      2	31948
      1	32425
      1	33187
      3	33352
      6	33665
      1	33845
      4	33971
      1	34345
      1	34398
      1	35214
      1	37213
      2	37316
      1	37640
      1	38401
      1	38486
      1	38926
      1	39265
      2	39275
      2	39281
      1	39365
      1	39659
      1	39755
      1	40116
      1	40145
      1	40845
      1	41411
      4	41487
      1	42036
      2	42078
      2	42164
      1	43989
      3	44094
      2	45631
      1	45847
      1	46045
      1	46190
      1	46499
      1	47159
      2	47169
      1	47305
      2	47481
      1	47634
      2	47941
      1	48064
      1	48099
      1	48241
      1	48251
      1	48339
      1	48462
      1	48800
     27	49339
      5	49404
      1	49590
      1	49726
      1	50245
      1	50456
      1	51188
      1	51988
      1	52137
      1	53022
      1	53049
      1	53243
      1	53539
      2	53784
      1	55305
      1	55684
      1	56113
      6	57122
      1	57165
      1	57635
      1	58038
      1	58244
      1	58352
      1	58471
      1	58815
      2	58858
      1	58913
      1	59674
      2	59940
      1	60185
      1	60366
      1	61261
      3	62252
      2	62846
      1	63298
      1	63559
      1	63994
      2	64182
      1	64637
      2	65258
      2	65432
      1	65500
