      5	5
      2	11
      1	20
      1	22
      1	36
      3	45
      3	56
      2	67
      1	80
      1	88
      3	90
      8	91
      2	102
      1	111
      2	121
      1	152
      6	162
      3	163
      1	171
      1	172
      1	196
      1	207
      1	209
      1	266
     10	268
      1	313
      1	335
      1	348
      1	351
      1	363
      1	366
      1	368
      2	377
      1	384
      1	388
      2	426
      1	436
      1	451
      1	464
      1	468
      1	505
      1	515
      1	541
      1	546
      1	567
      1	568
      1	572
      1	602
      1	608
      1	611
      1	612
      1	646
      3	653
      4	662
      3	664
      1	667
      1	680
      1	699
      1	726
      1	756
      3	767
      1	770
      1	782
      2	792
      1	809
      1	823
      1	836
      3	837
      2	853
      2	865
      1	867
      5	873
      1	880
      1	881
      7	887
      1	920
      1	926
      1	947
      1	972
      4	982
      1	984
      2	998
      1	1016
      2	1023
      1	1031
      1	1042
      2	1047
     20	1052
      1	1063
      1	1064
      1	1068
      1	1074
      2	1104
      4	1106
      1	1109
      1	1177
      3	1182
      1	1186
      2	1198
     10	1208
      2	1215
      7	1227
      9	1232
      1	1245
      1	1248
     20	1261
      1	1267
      2	1274
      1	1321
      1	1322
      1	1348
      2	1358
      3	1359
     11	1361
      1	1369
      1	1387
      1	1398
      2	1405
      1	1410
      1	1427
      1	1428
      2	1442
      1	1457
      1	1475
     14	1479
      1	1484
      1	1497
      1	1504
      6	1508
      1	1527
      1	1529
      2	1541
      1	1543
      5	1552
      1	1565
      1	1582
      1	1588
      1	1602
      6	1616
      2	1633
      3	1645
      1	1650
      3	1682
      1	1688
      1	1693
      1	1702
      2	1706
      2	1712
      2	1729
      1	1730
      1	1733
      1	1771
      1	1772
      4	1779
      1	1802
      1	1803
      1	1815
      3	1838
      2	1857
      2	1870
      2	1872
      1	1879
      6	1887
      1	1899
      1	1915
      1	1929
      1	1937
      3	1967
      3	1968
      1	1985
      1	1986
      1	2009
      1	2020
      1	2022
      1	2031
      2	2037
      1	2040
      1	2048
      1	2051
      2	2057
      1	2060
      3	2071
      3	2077
      1	2083
      1	2087
      3	2093
      1	2095
      5	2103
     11	2114
      1	2132
      2	2148
      1	2161
     20	2164
      1	2168
      1	2178
      1	2197
      1	2229
      1	2262
      2	2267
      1	2274
      1	2285
      2	2302
      1	2306
      1	2325
     11	2329
      1	2338
     10	2342
      2	2357
      2	2368
      4	2374
      1	2381
      2	2386
      2	2395
      1	2398
      1	2408
      1	2412
      1	2438
      2	2457
      2	2471
      2	2475
      1	2497
      1	2503
      1	2514
      1	2529
      1	2542
      1	2558
      2	2565
      3	2574
      2	2576
      2	2589
      1	2592
      1	2593
      1	2594
      1	2595
      1	2638
      2	2644
      1	2656
      1	2659
      4	2677
      2	2683
      1	2697
      2	2735
      2	2752
      1	2775
      1	2802
     49	2819
      1	2820
      1	2825
      1	2833
      1	2834
      1	2858
      1	2866
      1	2879
     17	2889
      1	2893
      1	2905
      1	2917
      2	2920
      1	2922
     20	2925
      1	2928
      1	2933
      1	2937
      2	2964
      1	2979
      1	2987
      7	2992
      1	2994
      1	2999
      1	3002
      1	3020
      1	3058
      1	3065
      1	3068
      1	3083
      1	3092
      1	3093
      5	3101
      4	3109
      1	3114
      1	3126
      1	3136
      1	3147
      2	3189
      3	3208
      1	3210
      1	3213
      1	3219
      3	3245
      1	3267
      1	3272
      2	3273
      1	3337
      2	3351
      1	3358
      1	3359
      1	3361
      1	3368
      1	3373
      1	3376
      1	3378
      6	3379
      1	3380
      1	3401
      2	3402
      4	3442
      1	3445
      1	3456
      5	3472
      7	3486
      1	3493
      1	3519
      5	3532
      1	3541
      1	3551
      5	3552
      1	3558
      1	3560
      3	3621
      1	3651
      1	3656
      1	3667
      1	3683
      1	3685
      5	3693
      1	3702
     12	3708
      1	3709
     13	3715
      1	3723
      1	3732
      1	3745
      5	3750
      2	3764
      2	3770
      8	3774
      1	3775
      1	3776
      1	3777
      6	3811
      2	3812
      2	3815
      2	3829
      4	3850
      2	3855
      1	3872
      1	3873
      1	3884
      4	3905
      4	3946
      1	3949
      1	3958
      7	3977
     12	3978
      2	4001
      1	4046
      1	4050
      4	4051
      1	4062
      1	4064
      1	4072
      1	4096
      3	4106
      1	4107
      1	4109
      1	4113
      1	4114
      7	4121
      3	4148
      5	4155
      1	4176
      2	4178
      1	4187
      1	4209
      3	4211
     10	4238
      1	4254
      3	4286
      1	4299
      1	4308
     18	4316
      1	4318
      1	4361
      2	4376
      1	4378
      2	4384
      1	4388
      5	4406
      1	4409
      1	4417
      1	4424
      1	4437
      1	4439
      1	4445
      1	4481
      2	4485
      1	4501
      1	4523
      1	4524
      2	4528
      1	4534
      1	4557
      1	4562
      1	4573
      1	4578
      1	4596
      2	4604
      7	4606
      1	4634
      2	4649
      1	4652
      5	4664
      1	4679
      1	4693
      1	4705
      5	4730
      1	4752
      1	4764
      1	4780
      1	4792
      1	4838
     14	4860
      1	4870
      1	4871
      1	4873
      1	4876
      1	4889
      1	4894
      1	4899
      1	4900
      2	4917
      2	4918
     16	4926
      1	4928
      2	4942
      6	4944
      1	4963
      2	4967
      1	4969
      2	4977
      1	4982
      1	4996
      4	5013
      2	5015
      1	5042
      1	5062
      2	5063
      1	5069
      1	5098
      1	5109
     31	5112
      1	5122
      3	5130
      2	5140
      1	5153
      4	5161
      1	5178
      1	5182
      1	5185
      1	5187
      5	5199
      3	5215
      1	5219
      3	5222
      1	5230
      2	5260
      1	5271
      1	5286
      3	5287
      4	5300
      1	5305
      2	5327
      2	5348
      1	5352
      1	5361
     12	5384
      2	5385
      1	5412
      1	5420
      5	5432
      1	5445
      1	5457
     25	5475
      5	5476
      1	5484
      2	5485
      1	5499
      1	5510
      1	5527
      1	5532
      1	5536
     15	5542
      1	5565
      3	5587
      1	5602
      1	5613
      1	5656
      2	5660
      1	5665
      1	5676
      2	5682
      3	5693
      1	5702
      1	5704
      4	5712
      2	5720
      2	5731
      1	5737
      2	5740
     16	5758
      1	5783
      2	5792
      1	5816
      1	5817
      1	5820
      2	5859
      1	5876
      5	5880
      1	5896
      2	5905
      4	5907
      1	5909
      1	5923
      1	5927
      1	5930
      1	5931
      1	5938
      1	5943
      1	5972
      1	5976
      1	5979
      1	5995
      2	6038
      1	6045
      1	6055
      1	6063
      6	6073
      6	6076
      1	6085
      1	6093
      1	6115
      2	6116
      1	6126
      1	6151
      3	6156
      1	6170
      1	6174
      1	6178
      1	6179
      1	6183
      3	6198
      3	6214
      5	6217
      1	6226
      1	6228
      8	6244
      1	6247
      2	6275
      2	6288
      1	6291
      4	6292
      4	6293
      1	6299
      2	6304
      1	6332
      4	6338
      2	6353
      4	6377
      1	6394
      1	6425
      2	6440
      6	6479
      1	6483
      1	6488
      2	6491
      4	6497
      1	6558
     11	6571
      1	6583
      3	6591
      1	6594
      1	6596
      1	6601
      1	6621
      4	6626
      5	6635
      1	6638
      1	6639
     31	6647
      1	6652
      2	6659
      2	6665
      4	6677
      1	6684
      1	6691
      1	6703
      2	6727
      2	6746
      1	6754
      3	6809
      1	6830
      5	6831
      1	6834
      1	6837
      1	6854
      2	6860
      1	6878
      1	6915
      3	6923
      1	6937
      4	6942
      1	6955
      1	6971
      3	6980
      1	6985
      1	6989
      1	7011
      1	7015
      2	7021
      1	7042
      5	7050
      2	7057
      1	7061
      1	7062
      2	7069
      1	7077
      2	7083
      2	7109
      1	7131
      1	7139
      1	7149
      1	7163
     29	7182
      1	7186
      2	7187
      1	7219
      1	7247
      6	7258
      1	7271
      1	7280
      1	7281
      1	7289
      1	7293
      6	7299
      1	7302
      1	7307
      1	7322
      1	7351
      1	7377
     28	7386
      3	7403
      4	7420
      1	7424
      1	7435
      1	7445
      1	7456
      1	7457
      1	7459
      1	7466
      1	7469
      1	7471
      1	7480
      1	7486
      1	7494
      1	7512
      1	7515
      2	7518
      1	7522
      2	7531
      1	7549
      1	7571
      1	7579
      3	7616
      4	7629
      2	7641
      1	7647
      1	7648
      1	7649
      4	7651
      1	7656
      1	7673
      1	7702
      1	7709
      1	7720
      1	7725
      1	7735
      2	7746
      2	7774
      2	7778
      1	7781
      2	7795
      1	7802
      2	7805
      2	7808
      2	7810
      1	7817
      2	7842
      6	7848
      3	7853
      3	7884
      1	7892
      1	7907
      1	7910
     12	7970
      1	7981
      1	8016
      1	8037
      2	8071
      1	8073
      1	8092
      2	8093
      5	8101
      2	8111
      2	8114
      2	8119
      1	8141
      1	8154
      1	8155
      1	8163
      1	8170
      1	8172
      4	8177
      2	8201
      1	8202
      1	8216
      1	8217
      1	8222
      3	8227
      2	8239
     15	8243
      3	8261
      9	8276
      1	8290
      1	8305
      1	8311
      1	8320
      1	8325
      1	8328
      2	8330
      1	8343
      1	8369
      1	8379
      2	8383
      2	8393
      2	8449
      1	8490
      1	8492
      2	8515
      1	8522
      5	8557
      3	8560
      4	8564
      2	8587
      1	8612
      2	8632
      1	8639
      1	8676
      2	8723
      1	8740
      1	8749
      4	8750
      4	8754
      1	8760
      2	8761
      2	8774
      1	8781
      1	8782
      1	8799
      1	8830
      1	8843
      2	8844
      3	8859
      1	8861
      1	8866
     12	8891
      1	8895
      1	8897
      1	8900
      1	8915
      3	8930
      1	8934
     13	8956
      1	8962
      1	8973
      2	8983
      1	9002
     18	9007
      1	9031
      5	9032
      2	9058
      1	9059
      2	9063
      1	9083
      2	9109
      1	9132
      3	9151
      8	9152
      1	9155
      1	9156
      1	9161
      1	9182
      1	9191
     19	9205
      1	9214
      1	9232
     14	9254
      1	9294
      1	9313
      1	9317
      1	9327
      9	9345
      1	9361
      1	9367
      7	9382
      1	9391
      1	9411
      1	9424
      1	9447
      1	9466
     13	9491
      2	9498
      1	9503
      1	9535
      2	9542
      1	9543
      2	9544
      1	9562
      2	9564
      1	9574
      1	9593
      1	9594
      1	9609
      1	9618
      1	9643
      1	9652
     11	9662
      1	9671
      1	9673
      1	9684
      1	9687
      2	9705
      1	9730
      1	9738
      2	9753
      1	9754
      1	9760
      1	9783
      7	9797
      1	9802
      5	9817
      1	9827
      1	9837
      2	9847
      3	9900
      1	9901
      1	9911
      1	9921
      6	9943
      2	9953
      1	9965
      1	9983
      1	9994
      1	9998
      1	10009
     17	10026
      2	10051
      2	10053
      2	10062
      2	10072
      3	10077
      1	10096
      1	10097
      1	10100
      4	10101
      1	10107
      2	10124
      1	10135
      1	10150
      1	10187
      1	10198
      2	10199
      4	10218
      1	10220
      1	10224
      1	10233
      1	10245
      1	10266
      1	10280
      3	10314
      3	10319
      3	10321
      4	10324
      3	10350
      1	10366
      1	10381
      1	10385
      1	10396
      5	10401
      1	10407
      2	10409
      1	10410
      1	10411
      1	10412
      2	10422
      6	10447
      1	10464
      5	10476
      5	10481
      1	10483
      1	10504
      1	10508
      1	10520
      1	10538
      2	10556
      3	10562
      2	10563
      1	10564
      1	10566
      1	10576
      1	10589
      1	10614
      1	10624
      1	10632
     16	10635
      1	10651
      1	10659
      6	10660
      1	10673
      1	10684
      1	10685
      2	10686
      1	10696
      1	10700
     11	10704
      4	10707
      1	10716
      1	10724
      1	10742
      1	10743
      1	10752
      2	10764
      2	10772
      1	10782
      3	10813
      1	10814
      1	10822
      1	10825
      1	10835
      3	10871
      1	10875
      1	10877
      4	10920
      1	10933
      1	10977
      3	10987
      1	11009
      2	11014
      1	11068
      2	11091
      1	11101
      1	11103
      1	11135
      2	11154
      1	11176
      2	11182
      1	11195
      1	11209
      1	11257
      3	11278
      2	11307
      1	11330
      1	11340
      1	11350
      1	11374
      2	11380
      1	11395
      3	11404
      2	11430
      5	11439
     11	11490
      1	11511
      1	11524
      3	11535
      3	11548
      1	11552
      2	11555
      2	11556
      1	11561
      1	11583
      1	11597
      3	11641
      1	11642
      1	11662
      1	11668
      1	11683
      1	11687
      1	11707
      1	11745
      3	11751
      1	11754
      6	11814
      1	11821
      1	11826
      1	11830
      2	11834
      5	11838
      1	11845
      5	11863
      1	11883
      1	11891
      1	11897
      2	11905
      1	11950
      1	11964
      2	11967
      1	11970
      1	11985
     13	11990
      1	12003
      3	12005
      1	12018
      1	12042
      1	12046
      1	12067
      1	12068
      1	12084
     16	12101
      2	12104
      2	12108
      1	12157
      2	12159
      1	12171
      1	12205
      1	12207
      1	12213
      1	12239
      9	12242
      2	12253
      2	12290
      1	12293
      3	12298
      1	12316
      1	12317
      4	12330
      1	12334
      1	12347
      2	12356
      1	12367
      1	12394
     25	12397
      2	12398
      3	12419
      1	12450
      1	12471
      1	12473
      1	12477
      2	12478
      6	12500
      1	12505
      1	12507
      1	12516
      1	12547
      1	12562
      1	12573
      1	12581
      2	12597
      1	12612
      1	12613
      2	12638
      1	12660
      1	12674
      1	12698
      1	12709
      5	12767
      1	12787
      1	12792
      1	12809
      1	12814
      1	12815
      1	12818
      1	12832
      2	12844
      1	12848
      2	12864
      1	12870
      1	12874
      1	12885
      1	12891
      1	12899
     28	12915
      2	12948
      1	12952
      4	12963
      1	12975
      2	12984
      3	12989
      1	13008
      1	13023
      1	13025
      2	13026
      1	13028
      4	13064
      1	13074
      1	13075
      1	13133
      1	13153
      5	13156
      1	13178
      1	13181
      1	13199
      1	13203
      1	13211
      3	13238
      2	13252
      1	13274
      2	13315
      1	13317
      2	13332
      1	13335
      1	13344
     31	13361
      1	13371
      1	13384
      1	13388
      1	13412
      1	13413
      3	13414
      1	13419
      1	13444
      2	13461
      1	13465
     14	13481
      2	13483
      1	13485
      1	13486
      1	13490
      9	13499
      1	13504
      1	13521
      1	13542
      1	13551
      1	13555
      3	13572
      2	13581
      1	13582
      1	13598
      1	13653
      1	13672
      3	13679
      2	13683
      1	13694
      1	13695
      2	13702
      1	13718
      1	13728
     23	13738
      1	13747
      2	13748
      2	13769
      1	13771
      1	13783
      2	13787
      1	13792
      1	13797
      1	13803
      2	13804
      1	13805
      1	13836
     13	13840
      1	13862
      2	13871
      1	13890
      2	13895
      1	13898
      1	13899
      2	13911
      1	13913
      1	13950
      4	13954
      2	13984
      2	14029
      1	14039
      2	14051
      2	14077
      1	14083
      3	14096
      1	14104
      5	14127
      1	14136
      1	14137
      1	14141
      4	14155
      1	14166
      3	14177
      1	14188
      1	14192
      1	14201
      1	14249
      4	14260
     33	14261
      2	14279
     14	14280
      1	14287
      1	14289
     12	14297
      1	14302
      2	14333
      2	14343
      1	14367
      1	14370
     16	14376
      4	14385
      4	14392
      1	14424
      3	14436
      1	14446
      1	14447
      1	14448
      1	14457
      1	14461
      1	14464
      1	14475
      1	14525
      1	14530
      4	14540
      2	14545
      1	14556
      2	14564
      1	14578
      2	14606
      1	14607
      4	14626
      1	14629
      4	14642
      1	14646
      1	14649
      1	14654
      1	14655
      1	14666
      1	14674
      1	14677
      1	14701
      1	14720
      1	14738
      1	14740
      1	14769
      2	14778
      1	14813
      1	14822
      1	14824
      1	14891
      1	14896
      3	14898
      1	14902
      2	14920
      1	14938
      1	14996
      4	15018
      1	15033
      1	15036
      1	15050
      1	15104
      1	15106
      1	15115
      2	15120
      1	15125
      2	15136
      1	15147
      2	15150
      1	15168
      2	15171
      3	15183
      1	15184
      1	15196
      2	15231
      2	15235
      1	15236
      1	15244
      2	15248
      1	15252
      1	15259
      2	15260
      4	15261
      2	15278
      1	15282
      1	15291
     16	15303
      1	15328
      4	15334
      5	15335
      1	15337
      1	15375
      1	15402
      1	15430
      2	15431
      1	15458
      1	15463
      2	15491
      3	15530
      1	15534
      1	15535
      1	15558
      1	15560
      1	15581
      1	15587
      1	15600
      6	15601
      1	15604
      1	15605
      5	15607
      1	15609
      1	15659
      4	15663
      1	15678
      1	15684
      5	15699
      1	15702
      3	15704
      1	15734
      1	15740
      1	15764
      1	15775
      2	15789
      1	15798
      9	15800
      1	15804
      3	15806
      1	15813
      1	15818
      1	15825
      1	15826
      1	15837
      1	15853
      1	15859
      1	15872
      1	15884
      2	15906
     29	15923
      1	15957
      3	15985
      1	16001
      2	16007
      1	16015
      5	16039
      1	16050
      1	16057
      1	16074
      1	16086
      1	16108
      1	16146
      8	16148
      1	16154
      2	16176
      2	16185
      1	16188
      2	16190
      1	16195
      1	16211
      1	16231
      1	16234
      1	16250
      1	16263
      2	16264
      1	16278
      1	16285
      1	16295
      2	16317
      2	16322
      2	16340
      1	16345
      1	16348
      4	16368
      9	16388
      2	16414
      9	16417
      1	16418
      1	16424
      1	16461
      2	16486
      5	16503
      1	16504
      2	16505
      1	16515
      1	16524
      2	16526
     11	16532
      3	16554
      7	16586
      1	16614
      2	16620
      2	16629
      1	16689
      1	16713
      1	16743
      1	16751
      1	16755
      1	16760
      1	16765
      1	16769
      3	16775
      1	16789
      1	16841
      2	16846
      1	16866
      5	16881
      2	16935
      3	16974
      2	16976
      1	17017
      1	17018
      3	17026
      2	17027
      1	17064
      1	17093
      1	17094
      3	17115
      1	17138
      2	17164
      1	17212
      5	17214
      3	17218
      1	17222
      1	17225
      1	17230
      1	17239
      1	17247
      2	17251
      1	17258
      1	17270
      1	17282
     22	17287
      2	17303
      1	17315
      2	17323
      4	17332
      1	17338
      1	17351
      1	17365
      1	17368
      1	17378
      1	17399
      1	17401
      1	17405
      1	17412
      1	17420
      1	17424
      2	17451
      2	17474
      6	17510
      1	17534
      2	17541
      5	17580
      1	17586
      1	17589
      1	17593
      2	17613
      1	17624
      1	17640
      1	17642
      1	17655
      1	17705
      1	17717
      6	17736
      1	17763
      9	17773
      1	17802
     13	17833
      1	17863
      1	17871
      1	17884
      1	17895
      2	17910
      1	17914
      1	17929
      5	17950
      1	17953
      2	17968
      1	17973
      1	17984
      3	17995
      1	18004
      1	18033
      1	18043
      1	18047
      3	18060
     24	18077
      1	18099
      1	18139
      1	18142
      1	18149
      1	18160
      1	18179
      2	18186
      1	18203
      1	18204
      1	18205
      1	18217
      2	18219
      1	18228
      1	18234
      1	18248
      1	18249
      1	18257
      1	18270
      4	18278
     11	18291
      1	18297
      6	18316
      1	18330
      2	18337
     30	18348
      3	18351
      1	18366
      2	18373
     12	18396
      6	18405
      1	18409
      1	18410
      1	18415
      3	18435
      1	18436
      5	18442
      3	18443
      2	18444
      2	18448
      1	18472
      1	18475
     11	18498
      1	18502
      2	18505
      1	18518
      1	18530
      1	18540
      2	18590
      1	18593
      1	18599
      2	18605
      1	18620
      1	18633
      1	18644
      1	18660
      1	18668
      3	18672
      1	18679
      7	18735
     14	18737
      1	18747
      3	18749
      2	18756
      3	18768
      2	18776
      1	18777
      2	18795
      1	18823
      1	18833
      1	18843
      1	18876
      1	18881
      1	18890
      1	18905
      1	18908
      1	18923
      1	18976
      1	18983
     12	18992
      1	18993
      1	18997
      8	19016
      2	19025
      4	19040
     22	19049
      1	19051
      6	19066
      1	19068
      1	19090
      1	19116
      3	19120
      2	19134
      2	19141
      3	19142
      1	19171
      1	19196
      2	19197
      7	19198
      2	19204
      2	19215
      1	19221
      1	19224
      1	19226
      2	19229
      1	19247
      2	19248
      2	19265
      2	19289
      2	19307
      3	19310
      1	19339
      2	19340
      1	19351
      2	19359
      5	19364
      2	19366
      1	19367
      1	19393
      1	19399
      2	19402
      1	19425
      1	19458
      2	19463
      1	19471
     27	19474
      1	19475
      1	19476
      1	19478
      1	19488
      1	19496
      1	19501
      1	19511
     16	19513
      1	19530
      9	19535
      4	19547
      1	19561
      3	19585
      9	19622
      1	19660
      3	19676
      1	19678
      2	19688
      1	19710
      1	19720
      1	19757
      1	19798
      1	19814
      1	19816
      1	19819
      1	19824
      1	19825
      3	19830
      1	19838
      1	19861
      1	19869
      1	19879
      1	19904
      1	19911
      2	19941
      1	19947
      1	19957
      1	19981
      1	19991
      1	20003
      1	20014
      1	20024
      2	20029
      4	20046
      1	20049
      1	20061
      1	20068
      3	20069
      1	20073
      3	20077
      2	20082
      9	20093
      1	20098
      1	20131
      3	20138
      1	20162
      1	20168
      1	20169
      1	20172
      1	20177
      3	20197
      1	20210
      2	20235
      3	20243
      1	20255
      2	20260
      6	20268
      1	20273
      2	20280
      1	20287
      5	20290
      2	20291
      1	20297
      1	20304
      1	20310
      5	20323
      1	20333
      1	20335
     11	20346
      1	20353
      3	20362
      1	20363
      2	20364
      1	20377
      2	20385
      1	20387
      2	20390
      1	20426
      1	20429
      1	20438
      1	20461
      1	20483
      1	20524
      1	20598
      1	20647
      5	20655
      1	20658
      1	20678
      2	20711
      2	20714
      1	20720
      1	20779
      1	20783
      6	20800
      3	20802
      1	20806
      2	20808
      2	20814
      1	20818
      1	20847
      1	20851
      7	20861
      1	20865
      1	20868
      1	20872
      3	20882
      1	20899
      1	20907
      2	20915
      2	20928
      1	20930
      4	20938
      1	20941
      1	20950
      2	20955
      1	20956
      1	20982
      1	20994
      1	21003
      2	21017
      2	21040
      7	21042
      1	21045
      1	21059
      7	21060
      1	21068
      1	21079
      2	21080
      5	21082
      1	21091
      3	21096
      1	21102
      1	21129
      1	21135
      1	21137
      1	21139
      1	21140
      1	21144
      1	21154
      1	21170
      2	21180
      1	21200
      1	21201
      1	21204
      1	21205
      5	21248
      1	21250
      3	21253
      2	21256
      1	21258
      1	21266
      2	21272
      2	21276
      1	21293
      2	21317
      1	21321
      1	21369
      1	21372
      1	21399
      2	21403
      1	21407
      2	21420
      1	21421
      2	21446
      5	21471
      1	21492
      1	21499
      1	21503
      2	21507
      2	21548
      1	21570
      1	21573
      1	21584
      4	21621
      1	21639
      3	21654
      1	21655
      1	21659
      1	21660
      1	21662
      1	21681
      1	21684
      1	21686
      1	21696
      4	21699
      1	21714
      1	21716
      1	21733
      1	21745
      1	21752
      1	21758
      1	21764
      1	21771
      1	21791
      1	21792
      1	21800
      7	21805
      1	21821
      1	21839
      1	21856
     17	21864
      1	21865
      1	21873
      1	21877
      2	21882
      1	21888
      7	21911
      4	21921
      2	21922
      7	21926
      9	21929
      1	21931
      1	21933
      2	21952
      1	21963
      3	21977
      1	21981
      1	22005
      3	22009
      1	22036
      1	22040
      1	22054
      1	22071
      1	22087
      1	22093
      2	22094
      5	22098
      2	22115
      1	22118
      1	22122
      3	22123
      1	22132
      2	22134
      1	22143
      1	22160
      4	22164
      5	22219
      2	22231
      1	22233
      1	22240
      3	22244
      2	22250
      1	22290
      2	22334
      2	22343
      3	22347
      3	22355
      1	22361
      1	22364
      1	22365
      1	22367
      2	22392
      1	22394
      1	22407
      1	22427
     10	22447
      3	22449
      1	22451
      2	22466
      1	22472
      1	22481
      1	22509
      1	22510
      3	22511
      1	22525
      2	22532
      2	22561
      2	22571
      6	22576
      1	22582
      1	22589
      2	22601
      1	22607
      1	22612
      1	22646
     13	22664
      3	22700
      1	22703
      1	22705
      1	22715
     10	22719
      1	22720
      2	22721
      4	22777
      1	22785
      1	22789
      2	22796
      1	22814
      1	22840
      3	22841
      1	22861
      1	22866
     61	22867
      1	22874
      5	22902
      2	22915
      1	22954
      2	22957
      1	22958
      1	22967
      2	22970
      2	22980
      2	22995
      1	23003
      2	23006
      1	23011
      1	23018
      3	23024
      2	23029
      1	23032
      5	23033
      2	23052
      1	23070
      1	23074
      1	23078
     13	23114
      2	23151
      1	23165
      1	23166
     19	23176
      1	23184
      1	23196
      1	23201
      2	23205
      1	23221
      1	23226
      2	23235
      1	23252
      1	23256
      1	23264
      4	23273
      1	23278
      1	23283
      1	23295
     16	23320
      1	23336
      1	23378
      4	23381
      6	23435
      1	23437
      3	23449
      1	23472
      1	23487
      1	23494
      1	23501
      1	23502
      1	23510
      1	23512
      1	23523
      1	23524
     12	23545
      1	23552
      2	23566
      2	23569
      4	23577
      6	23587
      2	23589
      4	23594
      1	23595
      1	23612
      1	23613
      2	23636
      5	23653
      1	23667
      1	23673
      1	23676
      1	23683
      1	23692
      1	23703
      1	23720
      5	23743
      1	23761
      6	23780
      4	23815
      1	23820
      1	23828
      3	23842
      1	23843
     14	23864
      4	23874
      1	23879
      1	23881
      1	23899
      1	23909
      1	23914
      1	23922
      1	23926
      1	23959
      1	23967
      4	23972
      5	23997
      2	24013
      1	24019
      1	24020
      2	24062
      2	24068
      1	24076
      1	24098
      1	24114
      3	24116
      1	24135
      3	24142
      3	24159
      1	24167
      1	24170
      2	24228
      1	24232
      1	24234
      1	24242
      1	24245
      1	24251
      1	24253
      1	24267
      2	24270
     10	24271
      1	24275
      1	24303
      8	24307
      2	24327
      1	24331
      1	24334
      1	24335
      3	24345
      5	24358
      5	24370
      2	24383
      1	24387
      2	24394
      1	24430
      2	24434
      1	24440
      2	24454
      1	24458
      2	24465
      6	24469
      1	24473
      2	24482
      3	24506
      1	24551
      1	24586
      1	24633
      1	24641
      2	24645
      7	24656
      2	24670
      2	24672
      1	24684
      3	24685
      1	24695
      2	24697
      1	24712
      1	24722
      1	24731
      1	24735
      1	24738
      2	24744
      1	24762
      1	24776
      1	24792
      2	24794
      1	24815
      4	24817
      1	24821
      1	24825
      1	24830
      1	24840
      1	24846
      1	24851
      3	24862
      1	24866
      1	24918
      1	24977
      1	24992
      3	24999
      1	25004
      4	25024
      2	25026
      1	25063
      1	25074
      1	25142
      1	25148
      9	25187
      2	25193
      1	25205
      3	25238
      1	25253
      1	25267
      1	25280
      1	25302
      2	25308
      1	25310
      1	25311
      1	25313
      2	25338
      1	25341
      1	25343
      2	25347
      2	25357
      3	25372
      1	25382
      2	25392
      1	25394
      1	25412
      1	25439
      1	25445
      1	25454
      1	25455
      5	25467
      4	25474
      1	25475
      1	25478
      2	25501
      3	25503
      1	25512
      2	25518
      1	25519
      1	25527
      3	25533
      2	25542
      3	25563
      1	25573
      1	25582
      1	25607
      1	25608
      1	25610
      3	25612
      1	25620
      1	25639
      1	25640
      1	25650
      1	25654
      1	25665
      1	25667
      1	25689
      1	25704
     29	25714
      1	25734
      1	25764
      2	25774
      1	25787
      1	25802
      6	25813
      1	25818
      2	25821
      1	25823
     12	25834
      2	25854
      1	25871
      2	25875
      1	25880
      1	25891
      1	25892
      1	25899
      1	25933
      1	25936
      1	25983
      2	25985
      1	26037
      1	26053
      2	26060
      1	26065
      1	26088
      4	26105
      3	26109
      2	26111
      2	26121
      1	26127
      1	26147
      1	26156
      1	26207
     22	26240
      1	26246
      2	26249
      1	26257
      2	26290
      3	26300
      1	26339
      1	26349
      2	26359
      3	26371
      1	26374
      1	26376
      1	26387
      2	26412
      5	26416
      1	26417
      1	26420
      1	26433
      9	26435
      1	26443
      2	26445
      1	26458
      3	26460
      1	26465
      1	26468
      1	26496
      4	26508
      1	26522
      3	26544
      1	26545
      1	26554
      1	26556
      4	26564
      1	26594
      1	26603
      2	26625
      2	26628
      2	26630
      1	26652
      1	26656
      1	26661
      1	26666
      1	26686
      2	26703
      1	26725
      3	26738
      1	26739
      2	26748
      2	26758
      2	26769
      1	26772
     32	26777
      1	26798
      1	26803
      1	26805
      2	26806
      2	26811
      3	26824
      1	26836
      1	26838
      1	26848
      1	26867
      1	26885
      1	26887
      2	26917
      3	26922
     14	26927
      2	26951
      1	26957
      2	26959
      5	26973
      1	26974
      1	26984
      5	27039
      1	27041
      1	27044
      1	27047
      3	27065
      1	27073
      3	27089
      2	27097
      2	27113
      2	27114
      1	27119
      1	27134
      1	27139
      1	27145
      2	27155
      1	27172
      1	27181
      3	27198
      1	27208
      1	27227
     24	27228
      1	27230
      3	27231
      1	27241
      1	27245
      1	27248
      1	27257
      1	27259
      1	27264
      5	27286
      1	27305
      1	27307
      3	27317
      1	27319
      1	27329
      1	27339
      2	27347
      1	27356
      2	27357
      1	27359
      2	27382
      1	27388
      1	27412
      3	27417
      1	27419
      1	27420
      1	27425
      2	27429
      1	27438
      1	27443
      1	27444
      1	27467
      2	27485
      1	27500
      2	27517
      4	27519
      3	27524
      3	27526
      1	27528
      1	27529
      7	27547
      1	27561
      1	27579
      2	27599
      1	27601
      1	27642
      1	27649
      2	27664
      1	27665
      1	27695
      4	27698
      5	27726
      1	27731
      1	27745
      1	27765
      1	27825
      1	27830
      1	27833
      1	27862
      2	27892
      1	27916
      1	27920
      1	27938
      1	27943
      4	27945
      3	27952
      2	27956
      1	27961
      2	27990
      1	27992
      1	27994
      1	28015
      1	28025
      1	28027
      2	28030
      1	28038
      1	28045
      1	28052
      1	28058
      5	28071
      3	28132
      2	28140
      1	28141
      1	28157
      1	28186
      2	28191
      1	28197
      1	28198
      1	28204
      2	28225
      2	28244
      1	28250
      1	28272
      1	28280
      1	28305
      2	28339
     24	28349
      1	28351
      5	28365
      2	28373
      2	28382
      1	28398
      2	28419
      2	28438
      1	28440
     34	28478
      2	28487
      2	28498
      3	28524
      1	28551
      3	28556
      1	28557
      1	28560
      2	28566
      1	28579
      1	28581
      1	28594
      1	28604
      1	28615
      1	28618
      2	28621
      2	28626
      1	28632
      1	28635
      2	28661
      1	28665
      6	28672
      3	28674
      2	28691
      2	28729
      5	28759
      1	28760
      1	28763
      1	28770
      5	28772
      1	28773
      1	28796
      1	28809
      2	28824
      2	28848
      1	28849
      1	28862
      1	28883
      2	28896
      1	28906
      1	28913
      1	28929
      1	28980
      1	28993
      1	28997
      1	29003
      1	29025
      1	29074
      1	29104
      1	29106
      1	29111
      1	29114
      1	29138
      1	29148
      1	29156
      1	29159
      3	29168
      1	29189
      3	29217
      1	29227
      2	29245
      3	29246
      1	29250
      2	29257
      1	29262
      4	29271
      1	29276
      3	29284
      1	29293
      2	29294
      1	29296
      1	29307
      3	29311
      1	29328
      1	29351
      1	29360
      2	29363
      1	29377
      1	29380
      1	29386
      1	29395
      1	29396
      1	29408
      1	29428
      2	29433
     16	29449
      1	29466
      1	29484
      1	29506
      1	29515
      2	29547
      1	29555
      1	29556
     26	29558
      1	29565
      2	29576
      2	29597
      1	29598
      1	29612
      4	29618
      1	29644
      2	29647
      2	29663
      2	29670
      1	29684
      1	29701
      1	29713
      1	29716
      1	29723
      1	29739
      3	29794
      1	29808
      1	29811
     11	29826
      1	29829
      2	29833
      1	29841
      1	29852
      1	29873
      1	29875
      1	29880
      1	29888
      2	29905
      1	29907
      2	29935
      1	29936
      2	29945
      1	29946
      4	29961
      1	29998
      1	30027
      1	30031
      1	30047
      1	30062
      1	30065
      1	30066
      1	30092
      1	30106
      1	30115
      2	30119
      1	30143
      2	30144
      7	30169
      1	30177
      2	30184
      1	30191
      2	30216
      1	30242
      1	30250
      1	30260
      2	30268
      1	30272
      2	30273
      1	30284
      3	30288
      1	30297
      1	30312
     23	30313
      1	30319
      1	30325
      2	30344
     19	30352
      1	30356
      4	30360
      6	30367
      2	30427
     13	30447
      6	30460
      2	30485
      2	30506
      1	30510
      4	30517
      1	30524
      1	30546
      1	30559
      1	30564
      1	30586
      2	30590
      1	30592
      1	30594
      8	30613
      2	30650
      1	30655
      6	30659
      1	30661
      1	30676
      5	30679
      1	30686
     13	30724
      2	30727
      1	30742
      1	30751
      1	30754
      1	30801
      1	30809
      1	30810
      2	30866
      2	30867
      1	30888
      2	30906
      3	30924
      1	30941
      1	30944
      1	30957
      1	30958
      4	30975
      1	30977
      1	30980
      1	30998
     18	31000
      3	31002
      4	31011
      1	31016
      1	31025
      2	31030
      1	31037
      2	31049
      2	31051
      1	31054
      2	31064
      1	31068
      1	31078
      1	31081
      2	31088
      1	31113
      1	31134
      1	31137
      1	31143
      1	31153
      1	31157
      2	31167
      1	31178
      1	31185
      3	31200
      1	31221
      1	31230
      1	31234
      7	31249
      1	31252
      1	31281
      3	31312
      1	31343
      2	31358
      2	31360
      1	31361
      1	31377
      3	31397
      1	31404
      2	31423
      1	31438
      1	31456
      2	31474
      1	31512
      3	31538
      1	31544
      1	31550
     11	31557
      1	31597
      1	31606
      1	31608
      1	31632
      4	31642
      1	31649
      4	31670
      1	31696
      1	31741
      1	31757
      1	31765
      1	31767
      1	31777
      3	31825
      1	31831
      1	31837
      2	31849
     16	31860
      1	31869
      1	31893
      1	31908
      1	31915
      1	31917
      1	31918
      1	31919
     31	31943
      1	31957
      3	32003
      3	32008
      1	32009
      1	32023
      5	32025
      1	32055
      4	32057
      1	32067
      1	32083
      1	32087
      1	32100
      2	32114
      2	32117
      1	32118
      1	32124
      1	32140
      1	32147
      2	32173
      1	32200
      3	32208
      1	32211
      1	32230
      1	32247
      4	32249
      4	32276
     18	32278
      3	32279
      2	32294
      1	32299
      1	32313
      1	32328
      3	32333
      1	32334
      1	32345
      1	32365
      1	32371
      2	32392
      7	32405
      1	32416
      2	32418
      1	32428
      1	32431
      1	32434
      1	32444
      1	32447
      1	32451
      2	32464
      2	32477
      2	32481
      1	32497
      2	32505
      1	32520
      1	32531
      1	32539
      2	32551
      1	32560
      1	32574
      1	32581
      1	32584
      2	32589
      1	32604
      1	32618
      1	32620
      1	32623
      1	32627
      1	32637
      1	32638
      1	32645
      4	32657
      1	32669
      1	32672
      1	32675
      1	32687
      1	32702
      1	32707
      2	32713
      1	32720
      1	32738
      1	32742
      1	32743
      5	32746
      1	32793
      4	32797
      1	32814
      1	32823
      2	32831
      1	32833
      3	32845
      1	32851
      2	32857
      1	32865
      1	32906
      2	32931
      1	32942
      2	32957
      3	32967
      1	32968
      2	32969
      3	32981
      4	33001
      3	33019
      1	33035
      1	33054
      2	33066
      1	33067
      1	33068
      7	33069
      1	33092
      1	33095
      1	33100
      2	33102
      5	33107
      1	33123
      1	33131
      3	33145
      1	33148
      1	33149
      3	33153
      1	33161
      1	33166
      1	33193
      1	33194
      1	33206
      5	33226
      1	33230
      1	33236
      5	33252
      1	33280
      2	33291
      2	33292
      1	33295
      1	33314
      1	33318
      1	33322
      1	33338
      1	33343
      6	33354
      1	33355
     16	33362
      2	33367
      1	33369
      1	33378
      1	33387
      1	33408
      1	33410
      1	33421
      1	33429
      2	33439
      1	33442
      1	33443
      1	33448
      1	33462
      1	33464
      1	33466
      2	33468
      3	33476
      1	33494
      1	33497
      2	33499
      1	33519
      1	33523
      1	33525
      1	33527
      1	33531
      3	33538
      1	33548
      2	33549
      1	33555
      1	33570
      1	33586
      1	33620
      2	33635
      4	33651
      2	33661
      1	33662
      2	33671
      1	33692
      1	33699
      1	33718
      1	33726
      1	33738
      1	33748
      1	33755
      1	33761
      2	33765
      4	33767
      1	33769
      1	33772
      2	33775
      2	33780
      1	33789
      1	33803
      1	33815
      1	33823
      1	33825
      1	33842
      1	33851
      1	33870
      5	33884
      4	33885
      1	33900
      1	33902
      1	33925
      1	33933
      1	33939
      1	33945
      1	33952
      1	33956
      1	33963
      2	33982
      4	33992
      2	34007
      6	34035
      1	34038
      1	34040
      1	34042
      1	34074
      1	34117
      7	34133
      1	34138
      1	34146
      1	34158
      6	34170
      2	34182
      3	34190
      1	34193
      1	34199
      1	34205
      1	34207
      2	34210
      1	34218
      1	34229
      1	34241
      1	34244
      2	34294
      1	34296
      1	34328
      1	34335
      2	34336
      1	34339
      1	34343
      1	34369
      1	34392
      2	34399
      3	34406
      3	34427
      1	34452
      1	34457
      1	34466
      4	34479
      1	34481
      2	34511
      1	34536
      1	34548
      1	34561
      1	34570
      1	34582
      1	34597
      1	34599
      1	34601
     18	34617
      2	34633
      4	34666
      1	34668
      1	34671
     16	34674
      2	34695
      1	34697
      1	34714
      1	34723
      5	34732
      1	34733
      7	34737
      2	34761
      1	34779
      3	34786
      2	34809
      5	34816
      2	34819
      5	34825
      1	34826
      1	34846
      2	34853
      1	34856
      1	34859
      1	34864
      2	34872
      1	34884
      1	34901
      1	34903
      2	34919
      1	34925
      2	34927
      1	34933
      1	34949
      1	34951
      1	34962
      1	34963
      2	34974
      1	34975
      1	35003
      1	35006
      1	35008
      3	35009
      3	35021
      1	35024
      2	35026
      1	35030
      1	35076
      6	35083
      1	35094
      1	35126
      1	35149
      1	35166
      2	35168
      1	35169
      1	35172
      3	35173
      1	35190
      1	35193
      1	35198
      1	35210
      1	35212
      2	35222
      3	35223
      1	35237
     31	35263
      1	35280
      1	35298
      2	35299
      4	35303
      1	35308
      1	35316
      1	35322
      1	35325
      1	35327
      1	35331
      1	35337
      1	35339
      1	35343
      1	35360
      2	35361
      1	35370
      1	35391
      1	35401
      2	35459
      1	35471
      1	35472
      1	35501
      2	35511
      1	35520
      1	35523
      1	35527
      1	35528
      1	35538
      2	35569
      1	35575
      2	35591
      3	35598
      1	35599
      3	35613
      1	35642
      3	35644
      1	35652
      1	35653
      1	35659
     12	35667
      1	35668
     16	35671
      1	35673
      1	35674
      3	35708
      1	35710
      1	35714
      7	35717
     18	35731
      1	35792
      1	35834
      7	35850
      1	35852
      1	35876
      2	35892
      3	35897
      1	35904
      1	35908
      1	35912
      1	35927
      1	35962
      1	35968
      1	35969
      1	35979
      1	35981
      1	35992
      2	35997
      3	36009
      1	36010
      1	36030
      1	36031
      1	36032
      1	36035
      1	36038
      1	36056
      2	36062
      2	36069
      4	36085
      1	36086
      1	36110
      1	36172
      1	36180
      2	36188
      1	36193
      1	36219
      1	36223
      1	36229
      1	36230
      1	36231
      1	36238
      1	36243
      1	36246
      2	36247
      1	36254
      1	36263
      1	36267
      1	36269
      1	36280
      1	36303
      1	36308
      2	36339
      3	36368
      1	36389
      1	36399
      3	36412
      2	36437
      1	36438
      1	36456
      1	36458
      1	36465
      1	36472
      1	36483
      1	36495
      4	36517
      1	36524
      2	36530
      2	36536
      3	36549
      1	36566
      3	36574
      1	36595
      2	36600
      1	36606
      1	36612
      1	36619
      1	36626
      1	36640
      1	36643
      2	36658
      1	36666
      1	36669
      3	36674
      1	36690
      4	36692
      1	36701
      1	36702
      1	36706
      1	36708
      1	36710
      3	36711
      1	36713
      1	36719
      1	36730
      2	36731
      2	36734
      3	36744
      1	36752
      1	36768
      1	36773
      7	36775
      1	36779
      4	36810
      1	36820
      1	36838
      1	36868
      1	36875
      1	36903
      1	36907
      1	36932
      3	36975
      1	36978
     17	36981
      1	36983
      1	36985
      1	36987
      2	36989
      1	36991
      3	37000
      3	37009
      6	37010
      1	37011
      3	37030
      1	37049
      1	37060
      2	37064
      1	37079
      4	37085
      1	37091
      1	37097
      1	37111
      1	37120
      1	37126
      2	37127
      2	37132
      1	37140
      1	37142
      1	37149
      1	37173
      2	37176
      1	37181
      1	37187
      1	37189
      1	37199
      1	37206
      1	37215
      1	37221
      1	37247
      1	37263
      1	37281
      1	37290
      3	37308
      1	37309
      1	37311
      4	37316
      1	37327
      1	37333
      1	37341
      3	37343
      1	37351
      4	37355
      2	37358
      1	37367
      1	37384
      1	37387
      1	37394
      7	37395
      2	37425
      1	37427
      1	37458
      1	37478
      1	37493
      1	37497
      1	37545
      1	37551
      1	37553
      2	37593
      1	37600
     26	37608
      4	37640
      1	37670
      1	37672
      1	37695
      1	37708
      1	37709
      2	37743
      1	37782
      1	37784
      1	37787
      6	37789
      1	37794
      1	37799
      2	37803
      1	37804
      3	37808
      1	37810
      1	37812
      1	37813
      1	37814
      2	37816
      1	37821
      1	37827
      1	37831
      1	37849
      1	37850
      1	37858
      1	37876
      4	37879
      1	37882
      4	37887
      4	37896
     16	37904
      1	37938
      1	37944
      2	37961
      1	37965
      1	37969
     14	37980
      1	38002
      1	38008
      2	38013
      1	38020
      1	38024
      1	38031
      1	38044
      1	38067
      1	38072
      1	38078
      1	38082
      1	38093
      1	38096
      1	38104
      1	38108
      1	38128
      1	38132
      1	38171
      1	38184
      1	38186
      1	38199
      1	38203
      7	38217
      1	38232
      1	38240
      2	38243
      1	38244
      1	38249
      1	38255
      1	38263
      2	38265
      5	38285
     31	38315
      1	38319
      1	38333
      3	38336
      4	38367
      2	38370
      1	38374
      1	38378
      2	38384
      1	38386
      1	38398
      1	38401
      1	38402
      1	38414
      1	38421
      3	38439
      1	38464
      1	38468
      3	38472
      6	38480
      5	38498
     13	38520
      1	38523
      1	38525
      1	38530
      1	38535
      1	38546
      2	38547
      1	38567
      1	38569
      3	38570
      1	38581
     16	38583
      1	38592
      1	38596
      2	38611
      2	38617
      1	38628
      1	38638
      1	38649
      1	38650
      1	38656
      1	38665
      4	38676
      1	38714
      2	38737
      1	38746
      2	38747
      1	38756
      1	38760
      1	38765
      1	38787
      2	38793
      1	38794
      1	38801
      1	38803
      3	38812
      1	38814
      2	38816
      1	38822
      1	38839
      2	38874
      1	38881
      2	38893
      1	38896
      1	38902
      1	38923
      3	38926
      1	38944
      1	38954
      1	38963
      1	38972
      2	38985
      3	38993
      1	39000
      1	39011
      1	39015
      1	39016
      2	39031
      1	39032
      2	39040
      1	39045
      1	39048
      1	39049
      1	39051
      1	39061
      1	39075
      1	39080
      2	39084
      1	39105
      1	39106
      1	39143
      7	39168
      1	39184
      1	39190
      2	39201
      1	39206
      1	39213
      1	39220
      2	39230
      1	39234
      5	39246
      1	39264
      1	39275
      1	39302
      1	39310
      1	39315
      1	39325
      7	39336
      1	39359
      2	39374
      1	39393
      2	39398
      1	39410
      1	39419
      1	39426
      1	39428
      1	39435
      2	39436
      1	39443
      1	39460
      1	39461
      1	39473
      1	39482
      2	39513
      1	39516
      1	39539
      1	39563
      2	39569
      1	39572
      1	39576
      1	39590
      1	39621
      2	39622
      2	39638
      1	39682
      1	39701
      1	39702
      1	39710
      1	39712
      5	39714
      1	39758
      1	39762
      1	39779
      2	39810
      3	39843
      1	39864
      1	39874
      1	39879
      3	39881
      2	39895
      1	39909
      3	39920
      1	39921
      1	39925
      1	39928
      6	39931
      1	39935
      1	39941
      1	39952
      2	39958
      3	39971
      1	39977
      1	40005
      1	40009
      2	40017
      1	40022
      1	40027
      2	40031
      1	40039
      4	40063
      3	40068
      1	40072
      1	40078
      1	40084
      8	40085
      2	40101
      1	40104
      5	40116
      1	40121
      3	40131
      1	40150
      3	40170
      4	40180
      1	40193
      1	40194
     17	40205
      1	40206
      1	40222
      1	40228
      2	40257
     18	40284
      1	40294
      1	40297
      1	40304
      1	40305
      3	40315
      1	40330
      1	40337
      3	40338
      2	40387
      6	40395
      1	40412
      2	40439
      1	40446
      1	40463
      1	40490
      1	40499
      1	40501
      1	40503
      1	40519
      1	40522
      2	40529
      1	40531
      1	40534
      1	40537
      1	40540
      1	40564
      2	40614
      1	40636
      1	40656
      1	40659
      1	40664
      2	40689
      1	40733
      1	40735
      1	40737
      2	40750
      1	40766
      1	40767
      1	40775
      3	40779
      1	40786
      1	40789
      2	40802
      2	40814
      1	40817
      1	40818
      1	40819
      1	40827
      2	40845
      1	40851
      1	40861
      1	40862
      1	40867
      1	40871
      1	40874
      2	40889
      1	40907
      1	40931
      1	40963
      1	40966
      1	40969
      1	40971
      2	40976
      1	41002
      3	41009
      1	41021
      1	41026
      3	41030
      2	41047
      1	41058
      1	41066
      1	41069
      1	41074
      2	41097
      2	41106
      1	41108
      1	41113
      2	41132
      1	41136
      1	41142
      1	41144
      1	41163
      6	41174
      6	41185
      1	41209
      1	41234
      1	41241
      7	41245
      1	41251
      1	41253
      1	41271
      1	41290
      1	41291
      1	41299
     12	41309
      1	41313
      1	41315
      1	41319
      1	41325
      3	41355
      1	41356
      4	41361
      2	41363
      2	41364
      1	41394
      1	41396
      1	41399
      1	41420
      2	41421
     66	41427
      4	41439
      2	41440
      1	41444
      1	41486
      2	41490
      2	41492
      1	41499
      1	41509
      1	41519
      1	41522
      1	41537
      1	41541
      1	41566
      1	41571
      1	41576
      1	41579
      1	41589
      1	41595
      1	41610
      1	41611
      1	41620
      4	41621
      1	41624
      1	41634
      1	41638
      1	41644
      2	41645
      1	41651
      1	41660
      1	41674
      1	41692
      1	41694
      3	41701
      5	41702
      2	41723
      1	41733
      2	41754
      2	41756
      1	41760
      2	41768
      1	41771
      1	41782
     14	41784
      1	41791
      2	41810
      1	41835
      1	41848
      6	41853
      1	41856
      1	41861
      1	41867
     15	41892
      3	41893
      1	41896
      1	41922
      1	41937
      1	41961
      2	41966
      2	41976
      2	41985
      1	41987
      1	42013
      2	42015
      1	42021
      8	42026
      1	42027
      1	42039
      2	42049
      1	42077
      2	42080
      1	42087
      1	42103
      1	42117
      1	42122
      1	42124
      1	42125
      5	42150
      1	42152
      1	42156
      2	42161
      3	42181
      1	42185
      2	42190
      1	42191
      1	42211
      2	42218
      1	42227
      1	42231
     23	42248
      5	42257
      1	42261
      1	42279
      1	42291
      2	42295
      1	42299
      2	42309
      6	42314
      1	42316
      1	42332
      1	42333
      1	42346
      1	42359
      1	42369
      1	42372
      1	42374
      1	42384
      1	42396
      1	42408
      1	42419
      2	42440
      1	42458
      1	42461
      1	42527
      1	42536
      1	42539
      1	42564
      1	42565
      3	42593
      1	42601
      1	42608
      5	42614
      1	42644
      1	42647
      1	42649
      1	42654
      2	42675
      1	42687
      1	42691
      4	42699
      1	42705
      1	42712
      1	42723
      1	42732
      2	42737
      1	42738
      2	42751
      2	42767
      2	42768
      1	42787
      1	42794
      1	42797
      1	42799
      2	42820
      1	42822
      1	42835
      3	42855
      1	42862
      1	42864
      2	42878
      1	42879
      1	42888
      1	42893
      1	42903
      1	42936
      1	42948
      2	42970
      1	42978
      1	42993
      1	43022
      1	43023
      2	43026
      4	43030
      1	43038
      1	43047
      1	43080
      1	43093
      3	43101
      3	43104
      1	43151
      1	43178
      3	43187
      1	43188
      2	43191
      1	43211
      1	43233
      1	43243
      3	43257
      3	43271
      1	43276
      8	43279
      1	43281
      1	43286
      1	43289
      2	43295
      1	43312
      5	43334
      1	43335
      1	43336
      4	43343
      1	43355
      1	43359
      1	43373
      2	43381
      2	43384
      1	43389
      7	43395
      1	43396
      1	43397
      1	43411
      1	43422
      1	43439
      1	43453
      2	43463
      1	43468
      1	43498
      2	43501
      1	43510
      1	43518
      1	43530
     35	43531
      2	43559
      2	43567
      1	43569
      1	43574
      1	43582
      1	43588
      1	43614
      1	43623
      1	43629
      1	43636
      5	43652
      8	43655
      1	43659
      1	43662
      2	43668
     27	43669
      1	43670
      1	43682
      1	43691
      2	43693
      1	43712
      1	43724
      1	43725
      2	43726
      1	43729
      2	43730
      1	43738
      1	43741
      1	43756
      1	43763
      1	43770
      1	43776
      4	43779
      1	43818
      1	43822
      1	43828
      3	43832
      1	43835
      3	43837
      1	43845
      1	43846
      3	43853
      1	43866
      1	43873
      1	43882
      2	43894
      1	43947
      1	43959
      3	43963
      1	43976
      1	43982
      1	43985
      2	43995
      1	43996
      6	44010
      1	44011
      1	44032
      1	44078
      1	44080
      1	44084
      2	44085
      7	44094
      1	44101
      1	44107
      1	44154
      1	44156
      2	44166
      1	44170
      1	44181
      1	44188
      1	44190
      1	44195
      1	44196
      1	44198
      1	44205
      1	44212
      1	44217
      2	44228
      1	44240
      1	44250
      1	44263
      1	44282
      2	44293
      1	44305
      2	44316
      1	44328
      2	44329
     31	44346
      1	44367
      1	44380
      1	44381
      2	44395
      1	44396
      1	44397
      2	44410
      1	44420
      1	44429
      2	44442
      1	44446
     27	44447
      1	44457
      1	44482
      4	44489
      1	44494
      1	44501
      1	44509
      1	44521
      1	44527
      1	44562
      1	44566
      2	44569
      1	44572
      1	44577
      1	44588
      2	44605
      1	44610
      1	44615
      1	44666
      1	44682
      6	44710
      1	44713
      4	44716
      7	44722
      3	44726
      1	44732
      1	44758
      1	44759
      2	44776
      1	44782
      1	44796
      1	44824
      1	44828
      4	44838
      1	44865
      1	44872
     16	44876
      1	44878
      1	44891
      4	44896
     14	44897
      3	44907
      1	44909
      1	44915
      1	44930
      1	44937
     26	44947
      1	44956
      1	44959
      1	44961
      1	44968
      1	44970
      3	44972
      1	44973
      1	44992
      1	44997
      1	45007
      1	45008
      1	45022
      1	45026
      1	45029
      1	45037
      2	45043
      1	45053
      7	45064
      1	45068
      1	45074
      1	45089
      1	45102
      2	45105
      1	45109
      1	45128
      1	45152
      1	45162
      1	45178
      1	45199
      1	45210
      1	45215
      2	45216
      1	45219
      1	45223
      1	45231
      3	45232
      1	45237
      1	45262
      1	45265
      2	45276
      1	45277
      1	45288
      1	45292
      1	45307
      1	45313
      1	45319
      1	45333
      1	45342
      3	45356
      1	45359
      1	45377
      1	45409
      1	45422
      1	45443
     31	45450
      4	45457
      1	45464
      1	45465
      1	45470
      7	45480
      1	45485
      1	45488
      1	45501
      1	45502
      1	45537
     22	45538
      2	45542
      1	45550
      3	45563
      2	45570
      2	45589
      2	45597
      1	45598
      1	45602
      1	45615
      1	45616
      1	45626
      2	45660
      2	45678
      1	45701
      1	45709
      1	45714
      1	45723
      1	45729
      1	45730
      1	45751
      1	45763
      4	45778
      1	45786
      1	45797
      1	45803
      1	45805
      2	45806
      1	45808
      1	45823
      1	45826
      1	45832
     11	45847
      1	45852
      2	45864
      2	45872
      1	45884
      1	45886
      1	45938
      6	45943
      2	45949
      1	45951
      1	45965
      2	45974
      2	45986
      5	46008
      1	46018
      6	46019
      1	46023
      2	46053
      1	46056
      4	46061
      1	46075
      4	46077
      1	46079
      1	46087
      4	46095
      1	46104
      2	46113
      1	46115
      1	46120
      3	46123
      1	46133
      1	46134
      6	46142
      1	46168
      1	46170
      1	46200
      1	46213
      1	46217
      1	46240
      2	46244
      1	46253
      4	46261
      1	46267
      1	46275
      1	46279
      4	46290
      1	46296
      3	46300
      1	46312
      2	46313
      7	46329
      1	46356
      1	46363
      1	46374
      1	46382
      1	46391
      2	46417
      1	46420
      1	46429
      2	46438
      2	46443
      1	46449
      1	46450
      1	46479
      1	46481
      1	46485
      1	46495
      5	46499
      1	46501
      1	46510
      2	46516
      1	46529
      1	46530
      1	46535
      3	46547
      3	46552
      2	46554
      1	46579
      1	46588
      3	46616
      1	46620
      1	46630
      1	46650
      2	46656
      4	46664
      6	46667
      1	46690
      1	46692
      1	46700
      1	46707
      1	46712
      1	46713
      1	46716
      1	46721
      1	46724
      2	46734
      1	46743
      1	46746
      1	46761
      1	46775
      4	46780
      2	46785
      1	46803
      1	46811
      1	46814
      1	46887
      2	46898
      4	46921
      1	46923
      2	46924
      1	46926
      1	46927
      1	46936
      1	46937
      2	46950
      1	46951
      1	46955
      1	46972
      1	46982
      1	46992
      1	46996
      1	47004
      1	47009
      1	47011
      1	47018
      1	47027
      1	47038
      1	47060
      2	47069
      1	47073
      1	47099
      2	47101
      1	47103
      1	47116
      1	47117
      1	47126
      1	47128
      3	47149
      1	47150
      1	47153
      2	47167
      2	47168
      6	47177
      1	47197
      1	47205
      1	47227
      9	47281
      2	47288
      1	47299
      2	47311
      1	47314
      1	47323
     12	47396
      1	47405
      1	47412
      1	47425
      1	47435
      1	47439
      1	47454
      1	47464
      1	47491
      4	47492
      1	47499
      3	47525
      3	47526
      1	47532
      1	47539
      1	47544
      1	47562
      1	47568
      1	47581
      1	47586
      1	47607
      1	47608
      1	47616
      1	47632
      2	47634
      1	47644
      1	47700
      1	47704
      6	47706
      1	47748
      2	47780
      2	47786
      2	47788
      1	47828
      1	47836
      1	47844
      1	47853
      1	47857
      3	47868
     16	47873
      1	47875
      2	47882
      2	47903
      2	47911
      1	47919
      1	47932
      2	47941
      1	47980
      1	47985
      1	47989
      1	48027
      1	48047
      2	48064
      1	48067
      3	48071
      1	48123
      5	48125
      2	48126
      2	48127
      1	48134
      2	48138
      1	48147
      1	48208
      1	48247
      4	48279
      1	48281
      1	48285
      1	48293
      1	48363
      1	48368
      1	48375
      2	48389
      2	48407
      1	48408
      1	48409
      1	48429
      8	48455
      1	48473
      1	48491
      2	48535
      1	48553
      1	48562
      1	48576
      1	48592
      1	48602
      1	48606
      1	48614
      1	48615
      2	48616
      1	48638
      1	48641
      1	48646
      1	48664
      1	48683
      1	48685
      1	48708
      1	48728
      1	48738
      1	48758
      2	48759
      1	48767
      3	48771
      1	48772
      4	48776
      1	48783
      1	48796
      1	48797
      1	48800
      1	48813
      1	48829
      1	48832
      1	48839
      4	48844
      1	48862
      2	48874
      1	48878
      2	48884
      1	48897
      2	48899
      1	48902
      2	48908
      1	48916
      5	48924
      1	48928
      1	48944
      1	48951
      1	48959
      1	48966
      4	49009
     22	49014
      1	49026
      6	49043
      1	49052
      1	49058
      1	49073
      1	49112
      1	49118
     10	49120
      1	49121
      1	49129
      2	49131
      3	49133
      2	49136
      1	49162
      1	49172
      2	49178
      2	49179
      1	49189
      1	49199
      2	49206
      1	49222
      1	49228
      1	49234
      1	49253
      1	49257
      1	49264
      1	49266
      1	49267
      1	49276
      1	49277
      1	49278
      1	49287
      2	49298
      1	49303
      1	49315
      1	49329
      1	49341
      3	49344
      1	49350
      3	49361
      4	49362
      1	49366
      1	49368
      1	49379
      1	49386
      1	49445
      1	49450
      4	49465
      1	49470
      3	49481
      2	49484
      1	49506
      2	49517
      2	49519
      1	49521
      1	49528
      1	49530
      1	49548
      1	49564
      2	49568
      1	49581
      1	49595
      1	49623
      1	49627
      3	49663
      6	49670
      3	49692
      1	49710
      1	49723
      1	49736
      1	49762
      1	49764
      1	49779
     13	49781
      1	49785
      2	49788
      1	49797
      1	49809
      1	49813
      1	49814
      1	49828
     11	49837
      2	49884
      1	49894
      2	49900
      1	49916
      1	49941
      1	49947
      1	49948
      1	49991
      6	49992
      1	50008
      1	50020
      1	50026
      1	50039
      4	50044
      1	50049
      1	50052
      1	50064
      1	50074
      1	50096
      1	50168
      1	50174
      1	50183
      1	50204
      1	50207
      6	50209
      2	50216
      1	50222
      1	50242
      3	50244
      1	50248
      1	50258
      1	50269
      4	50291
      1	50305
      1	50328
      1	50347
      2	50350
      1	50352
      1	50365
      1	50404
      1	50410
      1	50429
      2	50435
      1	50437
      4	50440
      1	50454
      1	50481
      1	50496
      3	50515
      1	50532
      3	50537
     19	50539
      2	50548
      1	50550
      1	50551
      2	50557
      1	50568
      5	50574
      1	50579
     13	50584
      1	50586
      1	50592
      1	50599
      1	50603
      1	50610
      2	50613
      1	50616
      1	50621
      1	50624
      1	50639
      1	50640
      1	50645
      4	50648
      1	50658
      2	50660
      1	50661
      2	50680
      1	50694
      1	50698
      1	50700
      1	50718
      2	50725
      1	50727
      1	50735
      1	50736
      1	50750
      1	50751
      1	50757
      1	50772
      1	50773
      1	50785
      2	50787
      1	50794
      3	50799
      1	50802
      1	50822
      4	50833
      3	50852
      2	50858
      1	50870
      5	50883
      1	50892
      1	50913
      1	50925
      1	50927
      1	50939
      1	50940
      1	50941
      1	50960
      1	50961
      1	50964
      1	50990
      1	50994
      1	51007
      1	51008
      1	51013
      1	51020
      1	51058
      1	51062
      6	51065
      2	51072
      1	51089
      2	51112
      1	51114
      1	51115
      1	51132
      1	51144
      1	51145
      1	51163
      2	51165
      1	51176
      1	51184
      1	51194
      1	51198
      2	51211
      1	51220
      1	51221
      1	51226
      1	51236
      1	51240
      1	51241
      1	51243
     20	51263
      1	51278
      3	51286
      1	51289
      1	51292
      1	51299
      1	51334
      1	51342
      1	51359
      1	51375
      2	51392
      1	51394
      1	51406
      1	51411
      1	51419
      1	51427
      6	51429
      1	51449
      1	51457
     12	51475
      1	51480
      1	51483
      2	51493
      1	51494
      1	51499
      1	51505
      1	51514
      1	51523
      1	51531
      2	51532
      1	51549
      4	51555
      1	51565
      1	51573
      2	51576
      1	51579
      1	51582
      1	51585
      1	51588
      2	51589
      9	51590
      1	51593
      1	51600
      1	51606
      1	51608
      1	51610
      1	51612
      1	51627
      1	51630
      1	51634
      3	51644
      1	51648
      1	51651
      1	51660
      4	51664
      1	51669
     12	51700
      1	51707
      1	51716
      1	51757
      1	51761
      1	51766
      1	51771
      3	51779
      1	51787
      1	51793
      1	51800
      1	51806
      2	51812
      1	51815
      4	51822
      1	51823
      1	51835
      1	51856
      1	51857
      1	51879
      2	51901
      1	51902
      2	51908
      1	51910
      1	51912
      1	51913
      1	51918
      1	51928
      1	51930
      1	51937
     16	51949
      1	51961
      2	51965
      2	51979
      1	51990
      1	51992
      1	51995
      1	52003
      1	52006
      2	52013
      1	52026
      2	52044
      1	52054
      1	52060
      2	52066
      5	52074
     11	52087
      3	52092
      1	52112
      3	52117
      1	52121
      1	52155
      5	52160
      2	52181
      1	52193
      1	52256
      1	52264
      1	52311
      2	52323
      1	52324
      1	52341
      1	52344
      4	52370
      2	52382
      1	52394
      1	52396
      1	52409
      1	52411
     16	52414
      1	52439
      5	52441
      1	52452
      1	52457
      3	52459
      1	52474
      2	52477
      2	52487
      1	52489
      1	52495
      1	52504
      1	52505
      1	52509
      1	52510
      3	52522
      1	52526
      1	52535
      4	52563
      1	52576
      4	52580
      1	52603
      2	52620
      1	52632
      2	52645
      1	52654
      1	52699
      1	52716
      4	52793
      4	52794
      1	52801
      1	52825
      1	52832
      1	52836
      1	52837
      1	52857
      3	52890
      1	52894
      4	52912
      1	52938
      1	52954
      1	52980
      1	52991
      5	53009
      1	53013
      1	53014
      1	53019
      1	53027
      1	53030
      1	53045
      1	53048
      1	53050
      3	53053
      1	53054
      1	53084
      3	53085
      2	53091
      2	53096
      1	53101
      1	53124
     52	53147
      1	53184
      1	53190
      1	53200
      1	53203
      1	53204
      1	53209
      1	53216
      1	53218
      2	53228
      3	53229
      1	53230
      1	53237
      2	53238
      1	53243
      1	53266
      1	53289
      2	53302
      1	53324
      1	53352
      3	53357
      2	53360
      1	53381
      2	53385
      1	53387
      1	53389
      3	53401
      1	53423
      1	53433
      1	53434
      2	53450
      1	53456
      1	53464
      1	53469
      2	53480
      3	53489
      1	53499
      1	53521
      1	53522
      1	53524
      1	53530
      1	53536
      1	53548
      2	53550
      1	53552
      1	53554
      1	53558
      1	53569
      1	53573
      1	53583
      1	53598
      1	53606
      1	53612
      2	53624
      1	53625
      1	53641
      1	53665
      1	53677
      6	53689
      1	53691
      1	53722
      1	53735
      1	53767
      1	53782
      1	53790
      1	53797
      1	53817
      1	53818
      3	53819
     13	53827
      1	53830
      1	53832
      1	53837
      1	53852
      1	53858
      1	53867
      1	53882
      1	53901
      1	53903
      2	53908
      1	53915
      5	53923
      1	53948
      1	53955
      1	53957
      1	54003
      1	54026
      1	54037
      5	54043
      1	54044
      1	54073
      1	54081
      4	54102
      1	54105
      1	54121
      1	54123
      2	54136
      3	54137
      5	54148
      2	54166
      3	54183
      1	54195
      1	54220
      1	54232
      1	54245
      2	54249
      1	54259
      1	54272
      6	54282
      1	54283
      1	54286
      1	54287
      4	54303
      2	54321
      4	54324
      2	54345
      1	54356
      3	54362
      1	54367
      1	54394
      1	54395
      1	54405
      1	54406
      1	54416
      1	54425
      2	54430
      2	54446
      1	54459
      2	54481
      1	54507
      3	54508
      1	54528
      3	54549
      1	54557
      3	54570
      1	54575
      1	54579
      5	54593
      1	54594
      1	54595
      1	54610
      1	54615
      1	54623
      5	54626
      1	54632
      1	54633
      1	54644
      1	54652
      1	54653
      1	54657
      1	54686
      2	54689
      1	54729
     24	54745
      1	54752
      2	54795
      1	54804
      1	54813
      1	54822
      1	54827
      1	54833
      2	54838
      1	54841
      1	54849
      1	54864
      1	54867
      1	54887
      1	54891
      1	54902
      1	54903
      5	54911
      1	54917
      4	54919
      1	54920
      1	54925
      2	54930
      1	54960
      5	54968
      1	54971
      3	54976
      1	54999
      1	55003
      1	55007
      1	55008
      1	55059
      1	55064
      2	55108
      3	55118
      1	55119
      1	55124
      2	55135
      2	55136
      1	55138
      1	55145
      1	55167
      1	55180
      1	55203
      1	55207
     12	55217
      2	55237
      4	55252
      5	55278
      2	55282
      1	55285
      1	55291
      3	55299
      3	55301
      1	55317
      2	55324
      3	55350
      1	55353
      1	55356
      1	55363
      1	55366
      1	55369
      3	55391
      2	55398
      1	55399
      1	55403
      1	55404
     50	55418
      2	55449
      1	55473
      1	55476
      5	55477
      3	55483
      3	55486
      1	55489
      2	55497
      3	55498
      3	55520
      1	55526
      1	55530
      3	55539
      1	55559
      1	55560
      1	55561
      3	55574
     12	55587
      3	55594
      1	55599
      3	55615
      1	55646
      2	55649
      2	55652
      1	55662
     16	55667
      1	55673
      2	55681
      2	55695
      2	55730
      1	55741
      1	55757
      6	55768
      1	55770
      1	55771
      1	55773
      1	55775
      2	55782
      1	55789
      1	55790
      4	55795
      1	55796
      8	55798
      1	55803
      1	55806
      4	55816
      2	55820
      1	55825
      1	55829
      1	55835
      1	55843
      1	55851
      1	55864
      1	55866
      2	55872
      1	55874
      1	55877
      1	55887
      1	55888
      1	55904
      3	55908
      1	55916
      1	55927
      1	55933
      1	55982
      2	56004
      3	56008
      1	56027
      2	56028
      1	56037
      2	56050
      1	56057
      1	56074
      1	56081
      4	56084
      1	56091
      1	56094
      1	56099
      1	56122
      1	56127
      1	56131
      3	56146
      2	56152
      1	56171
      2	56191
      1	56205
      1	56210
      1	56226
      2	56245
      1	56259
      1	56269
      1	56280
      1	56285
      1	56359
      6	56361
      1	56366
      2	56382
      1	56395
      1	56397
      1	56404
      1	56409
      1	56416
      2	56425
      1	56430
      3	56434
      1	56438
      1	56439
      1	56445
      2	56448
      1	56453
      1	56458
      1	56468
      1	56488
      1	56550
      1	56562
      1	56575
      1	56583
      1	56586
      1	56595
      1	56602
      1	56603
      1	56615
      1	56621
      1	56636
      1	56637
      1	56643
      1	56652
      1	56667
      1	56675
      1	56678
      1	56695
      2	56697
      1	56705
      3	56706
      2	56710
      1	56721
      1	56732
      1	56756
      2	56776
      4	56804
      1	56805
      5	56807
      3	56816
      1	56830
      2	56838
      8	56845
      2	56855
      1	56865
      1	56868
      1	56911
      1	56916
      1	56921
      1	56935
      4	56943
      1	56955
      2	56983
      1	57020
      1	57030
      1	57032
      2	57033
      1	57042
      1	57045
      2	57048
      1	57062
      2	57063
      1	57067
      1	57073
      1	57079
      1	57093
      2	57131
      1	57136
      1	57137
      1	57157
      1	57166
      1	57170
      1	57199
      3	57215
      1	57230
      1	57242
      1	57248
      1	57268
      1	57297
      1	57319
      1	57323
      3	57332
      1	57349
      4	57350
      1	57354
      2	57355
      2	57368
      1	57379
      7	57420
      1	57455
      4	57466
      2	57480
      3	57492
      1	57521
      1	57528
      1	57548
      1	57564
      1	57565
     10	57566
      1	57568
      2	57584
      1	57602
      1	57607
      2	57609
      1	57612
      1	57617
      1	57621
      1	57627
      1	57640
      1	57647
      1	57650
      2	57659
      1	57673
      1	57678
      1	57683
      1	57688
      4	57698
      1	57702
      1	57713
      1	57725
      1	57727
      2	57734
      1	57735
      1	57743
      1	57751
      3	57757
      1	57773
      1	57776
      1	57782
      1	57791
      1	57798
      1	57808
      1	57812
      1	57822
      1	57824
      2	57830
      1	57840
      2	57843
      1	57858
      1	57868
      2	57891
      1	57898
     16	57919
      1	57922
      1	57926
      1	57941
      1	57944
      2	57951
      1	57952
      1	57985
      2	57997
      2	57999
      2	58002
      1	58029
      6	58036
      2	58040
      1	58050
      1	58060
      2	58062
      1	58067
     12	58069
      1	58086
      1	58088
      1	58114
      8	58118
      2	58119
      1	58133
      1	58137
      1	58145
      1	58154
     29	58155
      6	58159
      2	58170
      1	58186
      1	58191
      2	58195
      2	58210
      1	58212
      1	58213
      1	58216
      1	58220
      1	58228
      1	58235
      1	58240
      1	58245
      1	58251
      1	58260
      1	58264
      1	58278
      1	58301
      2	58308
      2	58313
      1	58324
      1	58327
      1	58352
      3	58366
     19	58403
      1	58404
      3	58406
      1	58428
      1	58476
      1	58481
      1	58482
      1	58490
      1	58495
      2	58496
      2	58515
      1	58524
      4	58527
      3	58528
      1	58540
      1	58543
      1	58555
      1	58556
      1	58566
      1	58574
      1	58575
      4	58578
      1	58616
     10	58617
      4	58618
      1	58635
      2	58637
      2	58651
      1	58679
      2	58680
      1	58684
      1	58713
      1	58715
     11	58735
      1	58748
      1	58756
      3	58760
      1	58765
      1	58779
      1	58797
      1	58810
      2	58812
      1	58816
      1	58817
      2	58832
      1	58847
      1	58849
      1	58850
      1	58852
      1	58859
      3	58860
      1	58863
      1	58865
      1	58868
     38	58870
      1	58881
     14	58887
      6	58901
      1	58913
      1	58941
      1	58947
      1	58953
      1	58968
      3	58984
      1	58992
      1	59005
      1	59010
      1	59017
      2	59020
      1	59049
      1	59059
      1	59086
      2	59094
     14	59096
      1	59101
      1	59120
      1	59134
      4	59148
      1	59149
      1	59172
      3	59176
      1	59177
      2	59187
      1	59204
      1	59207
      3	59210
      2	59246
      1	59255
      1	59271
      3	59287
      2	59308
      1	59312
      1	59318
      1	59340
      1	59351
      1	59364
      1	59365
      1	59368
      1	59375
      1	59391
      1	59403
      2	59429
      1	59430
      1	59443
      1	59453
      3	59462
      1	59477
      1	59486
      1	59488
      1	59511
      2	59515
      1	59550
      1	59561
      1	59572
      1	59583
      1	59585
      1	59591
      3	59601
      1	59614
      1	59645
      1	59658
      1	59659
      1	59669
      1	59688
     30	59715
      1	59716
      1	59746
      1	59765
      1	59787
      1	59788
      1	59790
      1	59800
      1	59814
      2	59856
      1	59857
      1	59858
      1	59866
      1	59868
      1	59892
      1	59899
      8	59923
      2	59941
      1	59944
      1	59947
      3	59972
      1	59993
      1	59997
      2	59999
      2	60000
      1	60002
      1	60014
     12	60023
      1	60038
      2	60062
      1	60094
      1	60096
      1	60106
      1	60118
      6	60139
      1	60163
      3	60174
      3	60180
      1	60186
      1	60191
     14	60197
      1	60199
      1	60202
      2	60207
      7	60210
      2	60215
      1	60219
      1	60222
      1	60228
      1	60244
      1	60256
      1	60259
      1	60261
      2	60263
      1	60280
      6	60287
      1	60289
      2	60312
      1	60326
      2	60344
      5	60352
      1	60372
      1	60380
      1	60392
      1	60404
      2	60421
      1	60422
      1	60428
      1	60430
      1	60441
      5	60456
      1	60466
      1	60470
      1	60474
      2	60488
      1	60494
      1	60495
      1	60512
      1	60515
      1	60525
      1	60541
      1	60550
      1	60552
      2	60572
      2	60578
      1	60587
      1	60594
      1	60596
      2	60599
      1	60605
      1	60608
      1	60628
      1	60647
      1	60648
      4	60653
      1	60655
      1	60660
      1	60673
      6	60693
      1	60694
      1	60703
     12	60716
      1	60717
      4	60724
      2	60727
      1	60732
      4	60737
      1	60742
      1	60747
      1	60757
      1	60778
      1	60791
      5	60792
      2	60794
      1	60809
      1	60810
      2	60819
      1	60823
      1	60832
      1	60836
      2	60837
      3	60862
      1	60885
      2	60890
      2	60898
      1	60899
      1	60905
      1	60908
      9	60909
      5	60914
      2	60931
      2	60932
      1	60944
      1	60945
      2	60949
      2	60951
      1	60980
      1	61006
      1	61015
      1	61045
      3	61054
      1	61110
      2	61119
      1	61140
      2	61169
      3	61204
      2	61205
      1	61222
      1	61228
      1	61229
      1	61230
      2	61231
      3	61234
      1	61241
      4	61244
      1	61248
      1	61257
      1	61258
      1	61261
      1	61268
      1	61269
      1	61277
      1	61293
      4	61300
      1	61310
      4	61312
      2	61320
      1	61325
      1	61340
      1	61347
      6	61360
      2	61367
      1	61375
      1	61380
      2	61394
      1	61396
      1	61424
     16	61434
      1	61436
      1	61445
      1	61457
      5	61507
      2	61524
      1	61525
      1	61529
      1	61535
      1	61543
      1	61554
      1	61556
      1	61566
      1	61568
      1	61574
      1	61585
      2	61587
      1	61595
      1	61633
      1	61634
      3	61637
      3	61649
      1	61683
      1	61698
      2	61701
      1	61705
      1	61707
      1	61711
      1	61732
      1	61736
      2	61739
      1	61744
      1	61747
      1	61754
      2	61764
      2	61787
      1	61819
      1	61824
      1	61829
      1	61835
      3	61851
      1	61855
      1	61875
      4	61877
      1	61879
      2	61895
      3	61903
      1	61908
      1	61918
      1	61931
      1	61944
      1	61947
      2	61950
      2	61999
      2	62005
      1	62010
      1	62011
      1	62012
      1	62016
      2	62023
      1	62034
      1	62053
      1	62057
      2	62063
      1	62091
      1	62098
      6	62099
      2	62108
      8	62119
      1	62132
      1	62141
      1	62144
      1	62147
      1	62153
      1	62154
      1	62159
      1	62163
      1	62165
      1	62171
      1	62172
      7	62183
      3	62189
      1	62194
      1	62195
      1	62205
      1	62211
      1	62213
      1	62215
      1	62216
      2	62222
      5	62231
      2	62236
      1	62244
     11	62246
      1	62254
      1	62265
      1	62272
      4	62278
      2	62280
      1	62287
      1	62297
      1	62302
      2	62311
      1	62316
      3	62318
      1	62321
      2	62337
      2	62345
      3	62363
      2	62364
      1	62366
      1	62368
      1	62377
      1	62386
      1	62399
      2	62414
     14	62427
      1	62429
      3	62446
      1	62447
      1	62465
      2	62491
      1	62492
      1	62514
      5	62519
      1	62531
      1	62534
      1	62537
      1	62542
      1	62548
      1	62569
      1	62582
      1	62592
      1	62595
      2	62605
      1	62615
     13	62650
      2	62653
      3	62656
      2	62657
      6	62664
      2	62666
      1	62686
      1	62702
      1	62707
      1	62718
      1	62732
      1	62755
      1	62759
      2	62792
      1	62795
      1	62800
      4	62808
      1	62827
      3	62836
      3	62846
      1	62865
      3	62867
      4	62879
      1	62906
      1	62908
      2	62947
      1	62948
      2	62955
      1	62965
      1	62998
      1	63004
      1	63015
      1	63019
      1	63020
      1	63024
      2	63031
      1	63037
      1	63040
      1	63047
      2	63050
      1	63056
      1	63065
      1	63085
     15	63086
      1	63094
      1	63099
      1	63101
      7	63112
      5	63132
      2	63142
      9	63177
      2	63203
      1	63207
      2	63213
      1	63227
      2	63239
      1	63247
      1	63263
      1	63291
      3	63292
      1	63306
      1	63310
      1	63314
      1	63318
      7	63338
      2	63340
      1	63348
      1	63352
      2	63363
      1	63368
     13	63409
      1	63413
      1	63414
      1	63421
      1	63422
      3	63446
      1	63456
      2	63469
      1	63483
      2	63485
      1	63494
      1	63501
      1	63509
      1	63515
      1	63518
      3	63549
      1	63557
      1	63558
      1	63559
      1	63560
      5	63565
      3	63569
      1	63589
      5	63590
      1	63594
      1	63601
      1	63607
      1	63609
      1	63614
      1	63615
      1	63624
      1	63655
      1	63662
      1	63688
      1	63690
      1	63692
     15	63696
      1	63719
      1	63734
      1	63735
      2	63736
      8	63743
      1	63759
      1	63765
      1	63768
      1	63779
      1	63788
      1	63794
      1	63799
      1	63803
      1	63806
      2	63823
      1	63832
      2	63839
      1	63879
      1	63889
      1	63892
      1	63900
      1	63909
      1	63911
      1	63912
      1	63914
      1	63917
      1	63949
      1	63950
      1	63976
      1	63982
      1	63985
      1	63987
      3	63990
      2	63999
      2	64001
      1	64034
      1	64040
      5	64043
      2	64045
      1	64056
      1	64068
      1	64077
      1	64080
      1	64091
      2	64130
      1	64132
      1	64138
      2	64153
      2	64162
      1	64165
      1	64170
      1	64175
      1	64190
      1	64192
      2	64196
      1	64213
      1	64226
      1	64230
      1	64244
      1	64250
      1	64267
      1	64272
      2	64286
      1	64316
      1	64339
      1	64350
      1	64356
      1	64357
      1	64363
      1	64367
      1	64369
      1	64382
      1	64404
      1	64408
      1	64411
      3	64432
      1	64434
      2	64440
      1	64448
      2	64456
      1	64468
      3	64470
      7	64473
      1	64482
      1	64488
      1	64489
      1	64490
      1	64509
      4	64514
     13	64530
     32	64539
      1	64540
      2	64552
      3	64557
      1	64565
      1	64578
      1	64587
      1	64629
      2	64637
      2	64655
      1	64667
      1	64671
      2	64680
      4	64682
      1	64705
      1	64715
      1	64721
      1	64724
      8	64750
      1	64790
      1	64792
      1	64798
      1	64802
      1	64805
      1	64807
      3	64859
      1	64860
      1	64864
      1	64877
      4	64880
      1	64883
      1	64884
      1	64886
      1	64893
     22	64896
      1	64902
      3	64906
      1	64909
      1	64919
      1	64928
      1	64947
      1	64950
      2	64958
      1	64979
      1	64985
      1	64996
      1	65005
      1	65007
      1	65032
      1	65054
      1	65089
      2	65101
      1	65111
      1	65117
      1	65138
      1	65153
      1	65179
      4	65191
      2	65195
      1	65259
      1	65272
      3	65277
      3	65281
      1	65308
      1	65317
      1	65319
      1	65323
      1	65353
      2	65381
      1	65402
      3	65408
      1	65414
      1	65426
      1	65427
      1	65440
      2	65469
      1	65484
      1	65506
      1	65509
      2	65518
      1	65527
