      1	29
      1	41
      4	45
      2	242
      1	313
      1	322
      1	429
      2	524
      6	538
      1	569
      1	593
      6	599
      1	664
      1	722
      1	725
      3	758
      1	770
      1	779
      2	806
      1	809
      1	823
      1	865
     10	880
      1	925
      4	926
      1	951
      1	1009
      2	1016
      1	1142
      1	1144
      1	1230
      1	1248
      3	1261
      2	1293
      1	1317
      1	1387
      1	1511
     13	1532
      2	1552
      1	1582
      1	1616
      1	1645
      1	1656
      1	1792
      2	1831
      1	1877
      2	1886
      1	1906
      1	1990
      1	1998
      1	2020
      3	2071
      3	2087
      1	2239
      1	2402
      1	2474
      1	2475
      2	2481
      1	2516
      3	2529
      1	2567
      1	2595
      1	2644
      1	2646
      4	2774
      1	2780
      4	2795
      1	2808
      1	2916
      1	2973
      1	2987
      1	3002
      1	3004
      1	3058
      3	3065
      1	3068
      1	3083
      1	3103
      1	3109
      5	3114
      1	3124
      1	3246
      3	3382
      1	3406
      1	3431
      1	3434
      1	3479
      4	3493
      1	3583
      5	3690
      3	3737
     16	3745
      1	3806
      4	3830
      1	3842
      1	3995
      1	4064
      1	4106
      1	4109
      2	4211
      1	4240
      3	4271
      3	4274
      1	4281
      1	4293
      3	4308
      1	4318
      2	4332
      2	4334
      1	4372
      1	4417
      1	4458
      1	4469
      1	4485
      1	4601
      1	4604
      1	4620
      3	4664
      1	4732
      1	4760
      2	4780
      2	4790
      1	4812
      1	4870
      1	4961
      1	5133
      1	5187
      2	5222
      1	5256
      3	5287
      1	5430
      2	5475
      1	5482
      7	5510
      1	5541
      1	5637
      1	5731
      1	5744
      2	5792
      2	5819
      1	5820
      4	5823
      5	5874
      5	5876
      1	5905
      1	5907
      2	5967
      2	6012
      1	6032
      5	6045
      1	6057
      2	6073
      2	6085
      1	6115
      2	6117
      1	6127
      1	6162
      1	6171
      1	6175
      1	6226
     12	6275
      2	6293
      1	6299
      1	6304
      3	6366
      1	6396
     13	6494
      1	6497
      1	6541
      1	6558
      4	6596
      1	6639
      1	6685
      4	6691
      2	6727
      1	6887
      1	6896
      1	6906
      5	6980
      2	7013
      1	7015
      1	7044
      1	7113
      1	7182
      1	7211
      1	7218
      1	7271
      1	7302
      1	7303
      1	7341
      2	7356
      1	7364
      5	7403
      2	7410
      1	7480
      1	7481
      2	7510
      1	7512
      1	7533
      1	7572
      6	7579
      1	7616
      2	7644
      1	7647
      2	7665
      1	7761
      1	7774
      1	7802
      1	7834
      1	7852
      1	7905
      1	7920
      1	7935
      2	7970
      2	7981
      1	8036
      2	8073
      9	8172
      1	8201
      1	8236
      1	8264
      1	8384
      8	8393
      5	8411
      2	8515
      1	8599
      1	8617
      4	8700
      4	8760
      1	8774
     16	8782
      1	8809
      1	8983
      1	8987
      1	9080
      1	9121
      1	9139
      1	9143
      1	9152
      1	9241
      2	9304
      1	9327
      2	9331
      1	9411
      1	9424
      1	9456
      2	9498
      1	9501
      2	9564
      1	9638
      1	9793
      1	9812
      1	9872
      1	9885
      2	9927
      1	9960
      1	9965
      5	10026
      1	10045
      1	10070
      1	10112
      4	10245
      1	10280
      1	10331
      1	10346
      1	10410
      1	10447
      1	10476
      1	10570
      3	10576
      1	10610
      2	10710
      1	10743
      1	10744
      1	10750
      2	10759
      2	10762
      1	10827
      1	10842
      1	10862
      1	10864
      7	10875
      1	10901
      5	10974
      1	10977
      1	11068
      2	11086
      1	11116
      1	11125
      2	11173
      1	11231
      1	11244
      1	11321
      1	11330
      2	11336
      6	11402
      1	11490
      1	11524
      5	11535
      1	11584
      1	11633
      1	11705
      1	11741
      1	11826
      1	11830
      1	11846
     10	11964
      1	12006
      1	12059
      1	12108
      1	12159
      1	12295
      1	12317
      1	12330
      1	12361
      1	12370
      1	12394
      4	12397
      1	12408
      2	12420
      2	12447
      1	12455
      1	12500
      2	12505
      2	12545
      2	12597
      2	12603
      4	12684
      2	12703
      1	12782
      1	12818
      1	12848
      4	12915
      2	12942
      2	12952
      4	12967
      2	13008
      2	13026
      1	13064
      2	13075
      4	13118
      3	13153
      1	13183
      4	13188
      1	13238
     42	13273
      1	13288
      1	13382
      1	13399
      1	13403
      2	13414
      1	13453
      1	13534
      2	13595
      1	13602
      2	13678
      1	13699
      1	13718
      3	13724
      2	13738
      1	13787
      8	13806
      2	13895
      1	13945
      1	14023
      1	14053
      2	14177
      1	14352
      1	14375
      1	14385
      2	14392
      1	14494
      1	14506
      1	14525
      1	14538
      2	14540
      1	14565
      1	14606
      1	14611
      1	14619
      2	14626
      1	14677
      1	14738
      1	14764
      1	14793
      1	15018
      2	15029
      1	15092
      1	15104
      1	15119
      1	15135
      1	15147
      1	15180
      2	15183
      2	15291
      2	15303
      1	15328
      1	15355
      1	15356
      3	15458
      4	15461
      1	15530
      1	15535
      2	15621
      2	15679
      4	15702
      1	15704
      1	15811
      1	15836
      1	15869
      1	15884
      1	15928
      1	15951
      7	16007
      2	16015
      2	16086
      7	16188
      2	16199
      1	16295
      1	16332
      5	16368
      1	16418
      3	16442
      1	16461
      1	16479
      4	16614
      1	16647
      1	16715
      1	16718
      2	16738
      1	16790
      4	16862
      2	16887
      8	16934
      1	16950
      1	16968
      1	16994
      1	17001
      2	17017
      1	17027
      1	17164
     15	17210
      5	17214
      7	17225
      4	17267
      8	17282
      1	17293
      1	17303
      1	17331
      4	17338
      1	17454
      1	17466
      4	17474
      1	17572
      1	17678
      1	17682
      1	17686
      1	17736
      1	17770
      2	17773
      1	17861
      1	17864
      4	17883
      7	17895
      2	17990
      3	18003
      1	18050
      1	18077
      1	18145
      1	18179
      1	18353
      1	18394
      1	18442
      2	18636
      1	18644
      1	18660
      1	18677
      1	18681
      4	18688
      1	18720
      4	18796
      3	18988
      7	18992
      1	19142
      1	19165
      5	19319
      1	19339
      1	19431
      5	19513
      1	19530
      1	19539
      2	19588
      3	19616
      1	19622
      1	19633
      6	19641
      1	19735
      1	19893
      3	19904
      1	19919
      1	20268
      2	20307
      1	20322
      1	20323
      1	20347
      1	20362
      9	20390
      1	20440
      1	20515
      8	20678
      1	20837
      1	20855
      1	20926
      1	20941
      1	20955
      1	20956
      1	20994
      2	20997
      1	21034
      1	21043
      1	21079
      2	21082
      3	21180
      1	21247
      1	21248
      1	21266
      1	21272
      3	21276
      1	21378
      1	21413
      2	21482
      1	21507
      1	21532
      2	21623
      1	21627
      2	21628
      4	21650
      1	21665
      1	21693
      1	21699
      1	21752
      1	21771
      4	21829
      6	21864
      9	21911
      1	21915
      1	22065
      1	22070
      1	22087
      3	22188
      3	22241
      1	22244
      3	22290
      1	22292
      3	22305
      1	22347
      2	22365
      1	22417
      3	22447
      1	22501
      1	22532
      1	22564
      1	22579
      2	22621
      4	22631
      1	22675
      1	22682
      1	22742
      6	22841
      1	22867
      8	22882
      1	22902
      1	22910
      1	22954
      2	22970
      2	22980
      2	23029
      1	23033
      1	23052
      1	23092
      1	23256
      1	23295
      1	23311
      1	23412
      1	23435
      1	23449
      1	23473
     10	23526
      1	23547
      2	23577
      1	23611
      1	23692
      1	23713
      4	23741
      1	23764
      1	23923
      3	23961
      1	23999
      1	24014
      1	24044
      1	24054
      2	24058
      1	24062
      5	24111
      3	24116
      4	24136
      1	24142
      1	24172
      1	24303
      6	24334
      2	24384
      5	24469
      1	24497
      1	24546
      1	24555
      2	24560
      2	24570
      1	24750
      2	24817
      3	24818
      1	24839
      1	24840
      2	24906
      1	24914
     17	24931
      1	24933
      2	24981
      1	25096
      1	25100
      2	25129
      1	25142
      1	25163
      1	25207
      1	25232
      2	25240
      2	25338
      1	25357
      1	25378
      2	25439
      1	25462
      1	25469
      1	25522
      1	25563
      3	25620
      2	25661
      1	25683
      1	25700
      2	25714
      2	25774
      4	25810
      1	25953
      2	25985
      1	26002
      1	26043
      1	26111
      1	26240
      1	26279
      1	26309
      1	26359
      1	26416
      2	26435
      1	26438
      1	26444
      4	26556
      3	26583
      1	26607
      1	26633
      2	26711
      9	26777
      1	26806
      1	26959
      1	26996
      5	27039
      1	27046
      1	27169
      2	27231
      2	27248
      3	27257
      2	27263
      6	27286
      1	27293
      1	27323
      2	27382
      1	27384
      1	27399
      6	27409
      1	27419
      1	27429
      1	27438
      1	27444
      1	27510
      1	27519
      1	27590
      5	27620
      1	27652
     10	27731
      1	27810
      1	27830
      3	27880
      1	27924
      1	27954
      2	27959
      1	27966
      2	27991
      1	28015
      1	28060
      1	28096
      1	28303
      1	28304
      4	28365
      3	28463
      1	28524
      1	28551
      1	28556
      1	28581
      1	28605
      3	28615
      3	28632
      1	28655
      3	28665
      1	28675
      1	28749
      1	28779
      1	28849
      1	28879
      1	28990
      2	28995
      1	29002
      1	29025
      1	29128
      1	29168
      1	29202
      3	29227
      1	29253
      2	29272
      2	29309
     10	29311
      2	29374
      1	29431
      1	29514
      3	29538
      1	29558
      1	29597
      5	29657
      7	29670
      1	29701
      1	29819
      1	29929
      1	29934
      1	29956
      1	30066
      1	30093
      1	30268
      1	30288
      1	30313
      1	30315
      1	30352
      5	30360
      1	30414
      1	30426
      1	30427
      1	30460
      1	30494
      1	30533
      1	30541
      3	30565
      3	30613
      1	30671
      1	30679
      2	30754
      1	30910
      2	30913
      3	30980
      3	30983
      1	30996
      1	31025
      1	31185
      1	31205
      1	31212
      1	31237
      2	31360
      1	31423
      1	31456
      1	31495
      1	31520
      1	31697
      2	31699
      1	31766
      1	31823
      1	31831
      1	31943
      1	31946
      2	31982
      2	32038
      1	32060
      1	32114
      2	32147
      1	32160
      3	32224
      4	32249
      1	32279
      1	32415
      1	32451
      1	32477
      3	32515
      2	32551
      1	32674
      2	32687
      1	32714
      3	32735
      2	32747
      1	32778
      1	32788
      1	32818
      1	32899
      1	33064
      2	33074
      1	33092
      1	33102
      1	33110
      1	33259
      1	33313
      2	33383
      1	33464
      1	33514
      2	33549
      1	33554
      1	33579
      1	33584
      1	33602
      1	33611
      3	33665
      1	33675
      5	33718
      1	33738
      2	33982
      2	33992
      2	34010
      1	34032
      1	34042
      1	34103
      1	34123
      1	34158
      1	34170
      1	34190
      5	34219
      6	34241
      4	34303
      2	34326
      1	34359
      1	34460
      1	34463
      3	34479
      1	34487
      1	34495
      2	34521
      1	34545
      1	34574
      1	34608
      1	34627
      1	34671
      1	34708
      1	34723
      6	34763
      2	34790
      1	34816
      2	34822
      1	34836
      5	34974
      2	35021
      1	35029
      1	35117
      2	35122
      1	35130
      1	35210
      1	35212
      2	35298
      1	35311
      1	35605
      3	35613
      2	35667
      2	35750
      1	35754
      1	35792
      5	35836
      1	35886
      2	35992
      1	36005
      1	36056
      2	36062
      2	36090
      2	36174
      1	36359
      4	36437
      1	36438
      1	36509
      2	36515
      1	36525
      1	36578
      2	36658
      4	36719
      1	36744
      1	36773
      1	36786
      1	36810
      1	36831
      1	36836
      2	36896
      1	36905
      1	36932
      1	36933
      1	37062
      1	37079
      2	37111
      1	37161
      1	37185
      1	37247
      1	37263
      1	37275
      1	37355
      1	37363
      1	37368
      2	37381
      1	37427
      1	37490
      1	37493
      1	37528
      2	37593
      2	37598
      1	37608
      5	37640
      2	37672
      4	37743
      1	37763
      3	37795
      2	37803
      1	37869
      5	37885
      5	37904
      1	37916
      2	37980
      2	37997
      1	38018
      1	38047
      1	38119
      1	38160
      1	38164
      1	38171
      1	38444
      8	38498
      7	38520
      1	38582
      2	38662
      2	38665
      1	38669
      1	38673
      1	38682
      1	38692
      1	38709
      1	38747
      2	38750
      1	38780
      2	38804
      1	38839
      4	38874
      1	38888
      1	38916
      1	38926
      1	39002
      1	39029
      1	39049
      1	39051
      1	39075
      1	39077
      1	39138
      1	39159
      3	39176
      1	39197
      1	39234
      1	39296
      1	39297
      3	39325
      1	39377
      2	39379
      2	39436
      1	39440
      1	39450
      1	39458
      1	39460
      1	39471
      1	39594
      1	39619
      2	39827
      1	39856
      2	39881
      1	39897
      1	39917
      1	39928
      1	39991
      1	40074
      1	40101
      1	40107
      1	40127
      5	40145
      1	40170
      1	40220
      1	40252
      2	40269
      1	40382
      1	40387
      2	40527
      1	40537
      1	40544
      1	40564
      1	40659
      2	40667
      1	40733
      1	40758
      3	40779
      2	40881
      1	40937
      1	40966
      1	41002
      1	41086
      5	41185
      2	41284
      2	41290
      1	41315
      2	41333
      1	41363
      1	41377
      1	41396
      1	41471
      1	41537
      3	41620
      6	41640
      1	41760
      1	41829
      1	42021
      1	42062
      1	42224
      1	42329
      1	42335
      1	42419
      2	42458
      1	42530
      1	42628
      1	42662
      1	42699
      1	42703
      1	42723
      1	42797
      1	42842
      2	42878
      1	42899
      2	42949
      1	42959
      1	43026
      1	43110
      1	43188
      4	43204
      1	43247
      1	43267
      1	43271
      1	43468
      1	43526
      5	43531
      2	43585
      2	43599
      1	43623
      1	43653
      2	43668
      1	43757
      1	43764
      1	43811
      1	43827
      4	43832
      1	43897
      4	43953
      1	43977
      1	43995
      1	43996
      1	44049
      1	44078
      3	44094
      1	44265
     15	44329
      1	44346
      1	44380
      1	44410
      2	44415
      1	44429
      1	44432
      1	44477
      1	44489
      1	44512
      1	44570
      1	44584
      2	44666
      1	44667
      1	44682
      1	44703
      1	44716
      1	44763
      1	44787
      1	44820
      1	44833
      1	44838
      1	44872
      3	44907
      2	44912
      1	44947
      2	44959
      5	44968
      1	45018
      1	45056
      4	45135
      1	45184
      2	45199
      1	45219
      1	45333
     11	45457
      3	45464
      1	45683
      3	45808
      2	45847
      1	45875
      1	45901
      1	45943
      1	45955
      2	46008
      1	46026
      2	46075
      2	46077
      1	46100
      2	46150
      2	46221
      1	46234
      4	46261
      2	46267
      1	46274
      1	46300
      1	46372
      2	46417
      2	46479
      2	46499
      1	46509
      1	46517
      4	46554
      2	46570
      1	46595
      2	46680
      1	46765
      2	46776
      1	46809
      1	46848
      1	46917
      4	46921
      1	46924
      1	46950
      1	46980
      1	47025
      1	47038
      1	47193
      1	47203
      1	47291
      3	47311
      1	47312
      3	47396
      4	47486
      2	47672
      1	47697
      2	47879
      1	47994
      4	48064
      1	48071
      3	48135
      2	48147
      1	48354
      1	48368
      2	48473
      1	48544
      1	48553
      1	48559
      3	48570
      1	48636
      4	48651
      1	48695
      2	48707
      6	48746
      5	48776
      1	48808
      1	48884
      1	48913
      1	48992
      1	48997
      2	49073
      1	49082
      1	49107
      1	49131
      5	49180
      2	49200
      1	49266
      1	49303
      1	49359
      1	49362
      1	49387
      1	49399
      1	49493
      1	49556
      3	49560
      1	49595
      1	49640
      3	49682
      4	49799
      3	49844
      1	49926
      1	49933
      1	49956
      4	49966
      1	49967
      1	50209
      2	50216
      1	50269
      1	50308
      2	50339
     11	50537
      1	50584
      1	50648
      1	50668
      1	50717
      1	50733
      5	50771
      2	50811
      1	50927
      2	51028
      1	51037
      3	51065
      2	51144
      1	51205
      3	51206
      1	51210
      1	51237
      1	51291
      1	51325
      2	51334
      3	51394
      1	51409
      1	51434
      5	51475
      2	51478
      1	51542
      1	51567
      2	51644
      1	51720
     10	51822
      2	51823
      1	51948
      2	51949
      1	51981
      2	51988
      1	52045
      3	52112
      3	52121
      1	52166
      2	52224
      1	52236
     11	52323
      2	52370
      2	52414
      1	52459
      2	52563
      4	52603
      3	52687
      4	52954
      1	52991
      1	53009
      2	53045
      1	53090
      1	53125
      4	53147
      2	53209
      1	53222
      1	53278
      2	53324
     24	53357
      2	53368
      1	53423
      1	53441
      2	53450
      1	53502
      1	53517
      1	53583
      2	53584
      1	53596
      1	53632
      1	53651
      1	53774
      2	53778
      5	53784
      1	53833
      1	53846
     10	53925
      1	53927
      1	53951
      2	54105
      1	54136
      1	54146
      1	54249
      1	54277
      1	54323
      2	54344
      9	54345
      2	54357
      1	54380
      5	54395
      1	54401
      1	54403
      2	54414
      2	54422
      2	54430
      1	54520
      3	54608
      1	54626
      2	54703
      1	54743
      1	54751
      1	54766
      2	54770
      1	54778
      1	54837
      2	54889
      1	54916
      4	54968
      1	55048
      4	55099
      1	55118
      2	55143
      2	55217
      1	55231
      1	55301
      1	55368
      1	55410
      1	55418
      2	55421
      2	55444
      1	55521
      1	55547
      2	55567
     16	55587
      1	55592
      1	55597
      4	55674
      2	55676
      2	55818
      1	55872
      1	55873
      1	55902
      4	55908
      4	55920
      1	55944
      3	55979
     10	56027
      3	56052
      1	56094
      1	56127
      1	56137
      8	56187
      1	56264
      1	56266
      2	56339
      1	56365
      1	56366
      1	56371
      1	56395
      2	56410
      1	56418
      1	56431
      2	56555
      1	56614
      3	56621
      1	56629
      1	56706
      1	56718
      3	56734
      1	56756
      1	56762
      1	56801
      7	56807
      2	56921
      1	56927
      6	57060
      1	57187
      1	57268
      1	57380
      1	57384
      3	57396
      5	57420
      1	57449
      1	57463
      1	57464
      1	57480
      1	57507
      1	57514
      1	57525
      2	57527
      1	57597
      1	57617
      3	57749
      1	57779
      1	57836
      4	57843
      3	57899
      4	57922
      1	57951
      1	57975
      2	57994
      1	58053
      4	58109
      2	58128
      1	58133
      2	58155
      2	58177
      1	58180
      1	58208
      1	58223
      2	58244
      1	58313
      3	58403
      1	58471
      1	58473
      1	58524
      1	58674
      3	58712
      2	58723
      1	58750
      1	58768
      7	58800
      2	58814
      2	58887
      1	58895
      2	58901
      2	58908
      1	58927
      2	58968
      2	59049
      1	59105
      1	59112
      1	59134
      8	59210
      2	59231
      2	59396
      2	59435
      1	59436
      1	59515
      1	59536
      1	59570
      3	59571
      1	59590
      1	59608
      2	59659
      5	59715
      2	59720
      3	59733
      8	59758
      2	59778
      1	59780
      3	59795
      2	59858
      1	59923
      2	60002
      4	60020
      1	60023
      1	60043
      2	60115
      1	60197
      1	60202
      1	60312
      1	60344
      1	60352
      2	60389
      1	60416
      1	60433
      1	60504
      1	60565
      1	60580
      1	60628
      1	60687
      1	60712
      1	60724
      1	60786
      2	60900
      1	60932
      2	60963
      4	60983
      1	61019
      1	61034
      1	61101
      3	61138
      3	61230
      4	61234
      1	61251
      1	61254
     18	61261
      2	61277
      1	61282
      1	61293
      1	61310
      1	61311
      1	61330
      2	61367
      1	61445
      1	61592
      1	61767
      1	61772
      1	61782
      1	61787
      1	61817
      1	61897
      1	61959
      1	61993
      1	62013
      9	62017
      1	62053
      1	62084
      2	62087
      1	62092
      1	62108
      2	62114
      1	62119
      1	62179
      8	62183
     25	62189
      1	62225
      1	62276
      1	62479
      3	62534
      2	62631
      1	62640
      3	62664
      1	62846
      1	62879
      1	62947
      1	62948
      9	63050
      1	63068
      1	63077
      1	63092
      1	63121
      1	63131
      1	63155
      2	63169
      6	63177
      2	63178
      1	63203
      1	63278
      1	63382
      1	63400
     20	63409
      3	63410
      1	63430
      1	63432
      1	63457
      1	63509
      1	63543
      1	63590
      1	63594
      1	63677
      3	63693
      1	63737
      7	63807
      1	63819
      1	63884
      2	63889
      1	63902
      1	63918
      1	64001
      1	64032
      2	64038
      1	64056
      1	64126
      1	64165
      3	64286
      1	64369
      1	64396
      4	64469
      1	64504
      3	64528
      5	64530
      1	64532
      1	64539
      3	64557
      1	64637
      1	64652
      2	64859
      2	64896
      1	65014
      2	65042
      1	65046
      2	65080
      1	65176
      1	65207
      1	65249
      1	65256
      1	65322
      1	65338
      1	65353
      1	65372
      1	65398
      1	65418
      4	65452
      1	65467
      3	65518
