      1	11
      1	46
      1	67
      1	91
      1	97
      1	121
      1	198
      1	244
      1	259
      1	328
      1	367
      1	405
      1	428
      1	436
      2	437
      1	505
      1	515
      2	590
      1	633
      1	662
      2	664
      1	779
      1	792
      1	808
      1	1065
      1	1070
      1	1173
      1	1190
      2	1248
      2	1257
      1	1264
      1	1405
      1	1471
      1	1503
      1	1656
      1	1738
      2	1762
      1	1783
      1	1857
      1	1873
      1	1930
     12	1937
      1	1948
      1	1961
      1	1966
      1	1990
      1	2030
      3	2087
      1	2157
      1	2186
      1	2222
      1	2371
     30	2378
      1	2395
      1	2407
      1	2584
      1	2677
      3	2683
      2	2695
      1	2824
      1	2970
      2	3063
      1	3126
      1	3160
      1	3223
      1	3255
      4	3328
      1	3330
      1	3378
      1	3389
      1	3425
      1	3506
      1	3644
      1	3663
      1	3691
      3	3703
      1	3709
      1	3745
      1	3808
      1	3819
      2	3830
      5	3932
      1	4026
      1	4060
      1	4061
      1	4069
      4	4109
      1	4233
      1	4238
      1	4379
      1	4417
      1	4425
      1	4544
      2	4581
      1	4604
      1	4631
      2	4640
      1	4667
      1	4732
      1	4797
      1	4848
      1	4856
      1	4907
      1	4943
      1	4959
      1	4966
      1	4969
      1	5012
      2	5161
      1	5222
      1	5229
      1	5261
      1	5287
      1	5334
      1	5400
      1	5475
      1	5505
      1	5658
      2	5819
      1	5963
      3	6031
      1	6045
      1	6053
      1	6124
      4	6128
      2	6156
      2	6177
      1	6191
      1	6207
      1	6396
      6	6402
      1	6423
      1	6494
      1	6534
      5	6614
      1	6647
      1	6678
      1	6708
      2	6717
      2	6805
      1	6854
      1	6980
      1	7047
      1	7129
      1	7250
      1	7278
      1	7317
      1	7403
      1	7457
      1	7502
      1	7667
      1	7822
      2	7881
      1	7935
      1	7970
      2	8141
      1	8147
      3	8172
      2	8201
      2	8218
      1	8260
      3	8364
      1	8365
      1	8395
      1	8471
      3	8657
      1	8659
      1	8707
      1	8740
      1	8754
      1	8785
      1	8826
      1	8832
      2	8859
      1	8918
      1	8920
      1	8934
      1	9076
      1	9133
      1	9141
      1	9147
      1	9211
      3	9240
      1	9295
      2	9299
      2	9317
      1	9456
      2	9554
      1	9606
      1	9613
      2	9730
      2	9765
      1	9794
      1	9806
      1	9869
      1	9872
      2	9900
      1	10014
      4	10026
      2	10158
      1	10216
      2	10275
      1	10293
      1	10358
      2	10389
      1	10504
      1	10558
      1	10603
      1	10724
      2	10876
      1	10903
      1	10908
      1	10916
      1	10941
      1	10974
      3	11048
      1	11189
      1	11228
      1	11237
      1	11296
      1	11304
      1	11339
      1	11382
      1	11411
      1	11439
      1	11524
      3	11584
      1	11741
      1	11760
      1	11921
      1	11967
      1	11976
      1	11985
      1	12059
      2	12163
      4	12192
      1	12277
      1	12331
      1	12334
      1	12397
      1	12450
      1	12540
      1	12597
      1	12627
      3	12684
      2	12708
      1	12762
      1	12763
      1	12782
      1	12840
      3	12887
      1	12933
      1	12952
      1	13001
      1	13024
      1	13054
      1	13136
      1	13153
      1	13169
      1	13282
      2	13291
      2	13300
      1	13352
      3	13390
      2	13416
      1	13440
      1	13490
      1	13503
      2	13595
      1	13699
      1	13720
      1	13724
      1	13738
      2	13871
      1	13898
      2	13945
      1	13972
      1	14038
      1	14058
      1	14120
      3	14137
      1	14148
      1	14167
      1	14235
      2	14287
      1	14343
      1	14353
      1	14418
      1	14458
      6	14540
      1	14576
      1	14720
      2	14768
      1	14787
      1	14843
      1	14866
      1	14950
      1	14996
      1	15020
      1	15021
      1	15041
      1	15080
      1	15087
      1	15120
      1	15144
      1	15197
      1	15244
      1	15304
      1	15353
      1	15361
      1	15429
      1	15467
      7	15491
      2	15499
      1	15561
      1	15625
      1	15684
      1	15708
      2	15754
      1	15797
      1	15816
      3	15925
      1	15939
      1	15985
      1	16063
      6	16181
      1	16196
      1	16223
      2	16276
      1	16348
      1	16355
      1	16377
      1	16407
      1	16414
      1	16418
      1	16435
      1	16436
      1	16503
      2	16635
      1	16672
      3	16704
      2	16738
      1	16753
      1	16863
      1	16935
      1	16969
      1	17019
      1	17027
      1	17047
      1	17058
      1	17061
      1	17062
      1	17066
      1	17129
      1	17164
      3	17225
     14	17259
      1	17267
      1	17271
      2	17282
      1	17302
      1	17331
      5	17338
      2	17404
      1	17459
      1	17498
      1	17566
      1	17592
      1	17603
      1	17617
      1	17621
      1	17763
      2	17773
      1	17782
      1	17813
      1	17831
      1	17883
      4	17975
      1	17990
      1	18206
      1	18222
      1	18259
      3	18321
      2	18504
      1	18522
      1	18590
      1	18633
      1	18770
      2	18905
      1	19110
      1	19113
      1	19119
      1	19166
      2	19248
      3	19305
      1	19309
      1	19597
      1	19633
      2	19678
      1	19844
      1	19869
      1	19955
      1	20034
      1	20049
      1	20118
      1	20132
      1	20222
      1	20349
      1	20364
      1	20388
      1	20480
      2	20489
      1	20498
      3	20611
      1	20660
      1	20721
      1	20742
      1	20773
      1	20831
      2	20852
      1	20857
      2	20865
      1	20871
      1	20955
      1	21162
      1	21204
      1	21293
      1	21296
      1	21376
      1	21393
      1	21399
      1	21488
      1	21503
      1	21507
      1	21607
      1	21628
      1	21693
      1	21701
      1	21801
      2	21830
      1	21915
      1	21919
      2	21920
      3	22010
      2	22023
      1	22063
      1	22118
      2	22140
      1	22156
      1	22254
      1	22306
      1	22417
     11	22501
      2	22633
      2	22643
      1	22654
      1	22700
      1	22715
      1	22869
      1	22902
      2	22911
      1	23048
      1	23059
      1	23091
      1	23179
      1	23210
      3	23333
      1	23539
      6	23577
      3	23650
      1	23843
      1	23851
      1	23869
      1	24158
      1	24230
      1	24284
      1	24325
      1	24345
      1	24376
      2	24586
      1	24638
      2	24762
      4	24805
      2	24830
      1	24960
      2	24976
      5	24990
      3	25116
      1	25211
      1	25275
      1	25454
      1	25461
      1	25517
      1	25604
      1	25642
      1	25698
      2	25857
      2	25899
      1	25939
      1	25959
      1	25967
      1	25976
      2	26005
      1	26139
      2	26202
      3	26207
      3	26244
      1	26246
      1	26263
      1	26267
      3	26290
      1	26327
      1	26338
      1	26398
      8	26435
      1	26625
      1	26630
      1	26682
      1	26713
      1	26857
      1	26864
      1	26909
      1	26964
      1	27005
      1	27208
      1	27241
      2	27272
      1	27291
      3	27325
      1	27357
      1	27395
      2	27495
      2	27499
      1	27524
      2	27615
      1	27636
      1	27728
      2	27767
      1	27775
      1	27833
      1	27893
      1	27910
      2	27944
      1	28041
      1	28066
      1	28124
      1	28155
      4	28324
      1	28357
      1	28365
      1	28461
      1	28520
      2	28536
      1	28538
      1	28584
      4	28651
      1	28813
      1	28855
      3	28974
      1	28995
      1	29027
      1	29073
      1	29128
      1	29164
      1	29166
      1	29364
      1	29556
      1	29642
      1	29646
      1	29692
      1	29717
      1	29785
      1	29880
      1	29907
      1	29917
      1	30027
      1	30034
      1	30066
      2	30363
      1	30402
      1	30427
      1	30460
      1	30462
      1	30487
      3	30595
      1	30671
      1	30675
      1	30684
      2	30764
      1	30769
      1	30816
      1	30857
      1	30877
      1	30886
      1	31074
      2	31156
      1	31276
      1	31388
      3	31395
      2	31404
      1	31419
      1	31550
      1	31585
      1	31636
      1	31693
      1	31703
      3	31706
      1	31847
      1	31919
      1	32087
      2	32114
      2	32169
      1	32177
      1	32212
      1	32292
      1	32426
      1	32471
      2	32505
      1	32515
      1	32529
      1	32538
      1	32540
      2	32646
      1	32683
      3	32857
      2	32863
      1	32936
      1	32955
      2	33051
      1	33064
      1	33197
      1	33292
      3	33337
      1	33651
      3	33662
      1	33668
      1	33682
      1	33736
      1	33766
      1	33788
      1	33814
      2	33893
      1	33905
      1	33957
      1	33971
      1	33999
      1	34013
      1	34133
     22	34227
      1	34281
      1	34359
      4	34375
      2	34430
      1	34462
      1	34521
      1	34526
      1	34567
      1	34589
      2	34608
      1	34710
      1	34757
      1	34763
      2	34773
      1	34834
      1	34836
      1	35004
      1	35005
      1	35025
      1	35062
      1	35140
      1	35152
      1	35223
      1	35230
      1	35237
      1	35263
      1	35308
      1	35379
      1	35422
      1	35462
      1	35591
      3	35708
      1	35748
      1	35770
      1	35835
      1	35842
      1	35880
      1	35952
      1	36028
      1	36056
      1	36105
      1	36113
      1	36173
      1	36193
      1	36201
      2	36335
      1	36346
      1	36424
      1	36437
      1	36458
      1	36566
      1	36636
      1	36658
      1	36700
      1	36705
      3	36774
      1	36870
      1	36878
      1	36975
      1	36979
      1	37076
      1	37079
      1	37124
      1	37208
      3	37233
      5	37348
      1	37640
      1	37699
      1	37709
      1	37758
      2	37867
      1	37920
      2	38018
      1	38033
      1	38038
      2	38068
      1	38099
      1	38247
      1	38266
      1	38309
      1	38315
      1	38361
      1	38395
      7	38398
      1	38430
      1	38544
      1	38677
      1	38681
      1	38687
      2	38730
      1	38758
      1	38874
      2	38888
      1	38902
      1	38926
      4	39032
      1	39075
      1	39172
      1	39234
      1	39254
      1	39310
      1	39403
      1	39435
      1	39458
      1	39469
      1	39578
      1	39598
      1	39638
      1	39680
      1	39682
      3	39856
      1	39868
      1	39931
      2	40082
      1	40092
      1	40109
      1	40132
      1	40143
      1	40152
      1	40354
      1	40358
      1	40394
      2	40420
      1	40507
      1	40519
      1	40596
      3	40604
      1	40620
      2	40748
      1	40769
      1	40889
      1	40900
      2	41027
      1	41034
      2	41047
      1	41080
      1	41186
      1	41305
      2	41496
      2	41561
      5	41582
      4	41603
      2	41618
      1	41690
      1	41718
      1	41753
      1	41768
      1	41802
      1	41904
      1	41916
      1	41938
      1	41977
      1	41993
      1	42010
      1	42135
      1	42136
      1	42329
      2	42368
      1	42388
      1	42399
      1	42585
      1	42669
      1	42796
      1	42857
      2	43277
      1	43539
      1	43588
      3	43653
      4	43763
      1	43781
      6	43832
      4	43838
      1	43990
      1	44060
     14	44078
      1	44117
      1	44126
      1	44141
      2	44248
      1	44275
      1	44316
      1	44328
      1	44446
      1	44458
      3	44489
      1	44505
      1	44532
      1	44570
      1	44607
      3	44674
      1	44683
      1	44759
      4	44777
      1	44807
      1	44833
      1	44878
      1	44927
      1	44961
      1	45022
      1	45143
      1	45162
      1	45219
      1	45307
      1	45324
      1	45383
      1	45450
      1	45460
      1	45524
      1	45540
      1	45596
      1	45645
      1	45683
      1	45818
      1	45847
      1	45854
      1	45906
      1	46033
      2	46048
      1	46471
      1	46497
      1	46554
      3	46724
      1	46733
      1	46827
      1	46850
      1	46921
      1	46925
      1	46991
      1	47002
      1	47006
      1	47009
      1	47055
      1	47126
      1	47365
      1	47380
      4	47486
      1	47491
      2	47597
      1	47632
      2	47636
      1	47720
      1	47776
      1	47891
      1	47905
      1	47962
      1	48029
      1	48067
      1	48086
      1	48139
      1	48170
      1	48219
      4	48355
      1	48400
      1	48413
      1	48422
      1	48434
      1	48447
      1	48488
      1	48613
      1	48651
      1	48655
      2	48658
      1	48690
      1	48721
      1	48761
      1	48776
      2	48797
      1	48808
      1	48869
      2	48870
      1	48995
      1	49022
      2	49073
      2	49113
      1	49191
      1	49312
      1	49361
      1	49387
      1	49398
      2	49457
      1	49803
      1	49812
      1	49827
      1	49844
      1	49938
      1	50206
      1	50401
      1	50432
      1	50471
      2	50508
      1	50565
      1	50660
      1	50680
      2	50720
      2	50810
      1	51037
      1	51042
      1	51169
      1	51194
      1	51221
      1	51326
      1	51383
      1	51392
      1	51430
      1	51449
      1	51483
      3	51493
      1	51593
      4	51645
      1	51766
      2	51822
      1	51888
      1	51892
     20	51959
      1	51961
      1	52054
      1	52058
      1	52068
     18	52181
      1	52273
      1	52344
      1	52370
      1	52397
      1	52398
      1	52415
      1	52425
      1	52491
      2	52534
      1	52587
      1	52698
      1	52706
      1	52914
      1	52994
      1	53004
      1	53093
      1	53116
      1	53194
      1	53205
      1	53243
      1	53276
      2	53296
      4	53349
      2	53420
      1	53580
      3	53583
      8	53584
      1	53595
      1	53696
      2	53738
      2	53743
      1	53781
      1	53849
      2	53873
      3	54028
      1	54060
      3	54127
      1	54136
      1	54167
      1	54183
      1	54184
      1	54321
      1	54356
      1	54357
      1	54430
      9	54472
      1	54601
      1	54733
      1	54813
      2	54834
      1	54861
      1	55071
      1	55217
      1	55238
      1	55268
      1	55305
      4	55375
      3	55418
      2	55421
      8	55460
      1	55475
      1	55478
      1	55543
      1	55674
      1	55736
      1	55771
      1	55776
      3	55830
      2	55849
      1	55864
      2	55873
      1	56001
      1	56084
      2	56214
      1	56254
      1	56356
      1	56378
      1	56566
      1	56608
      1	56634
      1	56642
      1	56663
      1	56672
      1	56731
      2	56780
      1	56806
      1	56821
      1	56823
      1	56829
      1	56831
      1	56903
      1	57064
      1	57072
      1	57119
      1	57178
      1	57216
      2	57298
      7	57332
      1	57375
      6	57449
      1	57496
      1	57591
      1	57608
      1	57645
      1	57779
      1	57791
      1	57808
      1	57906
      1	57910
      1	57922
      1	57924
      2	57950
      3	57951
      1	58191
      1	58226
      1	58250
      1	58289
      1	58351
      1	58466
      1	58496
      4	58567
      1	58632
      1	58635
      1	58639
      1	58679
      1	58829
      1	58867
      1	58959
      1	58995
      3	59107
      2	59119
      1	59134
      2	59599
      1	59624
      1	59643
      1	59676
      2	59748
      1	59753
      1	59758
      2	59762
      2	59867
      1	59878
      1	60023
      1	60049
      1	60117
      1	60123
      9	60284
      2	60309
      1	60344
      1	60416
      2	60480
      1	60496
      1	60847
      1	60852
      1	61011
      1	61014
      1	61046
      1	61131
      2	61261
      1	61298
      1	61340
      1	61362
      3	61366
      1	61390
      1	61431
      2	61445
      1	61591
      1	61624
      1	61648
      1	61680
      1	61686
      1	61759
      1	61764
      3	61798
      1	61884
      1	61993
      4	62026
      1	62051
      3	62095
      1	62106
      3	62120
      1	62159
      1	62179
      1	62183
      1	62217
      1	62258
      1	62318
      2	62343
      1	62427
      2	62532
      1	62577
      1	62692
      1	62719
      1	62845
      1	62846
      1	63002
      1	63077
     19	63078
      2	63097
      1	63137
      1	63174
      1	63264
      1	63338
      1	63374
      1	63390
      2	63409
      1	63411
      1	63421
      1	63462
      1	63641
      2	63743
      2	63791
      1	63811
      1	63849
      1	63882
      1	63889
      1	63950
      1	63975
      2	64032
      1	64190
      2	64196
      1	64295
      2	64316
      1	64446
      1	64485
      1	64557
      1	64581
      3	64794
      1	64832
      4	64844
      1	64885
      1	64896
      3	65004
      1	65271
      1	65294
      1	65322
      1	65352
     11	65408
      3	65410
      1	65414
