      1	11
      2	36
      1	39
      1	104
      1	195
      1	200
      1	248
      3	285
      1	351
      3	370
      1	449
      2	450
      1	500
      2	575
      3	593
      1	600
      6	606
      1	669
      1	687
      1	708
      1	725
      1	774
      1	782
      1	805
      2	832
      2	998
      1	1004
      1	1054
      2	1105
      1	1106
      2	1118
      1	1157
      1	1173
      3	1202
      1	1274
      3	1291
      1	1321
      2	1456
      1	1471
      1	1511
      1	1536
      2	1570
      1	1612
      2	1616
      1	1642
      4	1645
      2	1683
      1	1704
      1	1711
      1	1813
      1	1873
      1	1929
      2	1942
      1	2065
      1	2071
      1	2148
      2	2163
      1	2173
      2	2178
      1	2262
      1	2299
      1	2329
      1	2333
      1	2334
      1	2376
      1	2380
      1	2398
      1	2442
      1	2443
      1	2523
      2	2587
      1	2678
      1	2740
      1	2762
      1	2766
      1	2799
     22	2819
      2	2833
      2	2934
      3	2942
      1	3005
      1	3014
      1	3103
      2	3165
      1	3177
      1	3208
      2	3212
      1	3256
      1	3336
      1	3356
      1	3359
      2	3397
      2	3456
      1	3486
      1	3519
      1	3569
      1	3608
      1	3621
      1	3680
      3	3694
      1	3750
      1	3781
      1	3820
      1	3847
      1	3894
      1	3977
      1	3983
      2	4058
      3	4099
      2	4109
      1	4112
      1	4146
      1	4155
      1	4178
      3	4184
      1	4237
      1	4316
      1	4332
      1	4406
      3	4494
      2	4562
      1	4601
      1	4606
      2	4652
      3	4659
      2	4703
      2	4760
      1	4780
      1	4796
      1	4838
      2	4921
      1	4934
      1	4967
      2	4969
      1	4979
      1	5075
      2	5078
      2	5102
      1	5112
      1	5140
      2	5214
      8	5215
      1	5271
      2	5300
      1	5335
      1	5368
      1	5384
      1	5385
      1	5403
      1	5475
      1	5533
      1	5542
      2	5588
      1	5632
      3	5660
      2	5662
      1	5701
      1	5744
      3	5747
      1	5758
      3	5857
      1	5907
      3	5911
      1	5927
      1	5980
      1	6001
      2	6018
      2	6045
      1	6116
      3	6124
      1	6184
      1	6198
      4	6226
      1	6244
      1	6247
      3	6281
      1	6304
      2	6351
      2	6354
      1	6394
      1	6423
      1	6440
      1	6479
      6	6497
      1	6523
      1	6571
      1	6582
      2	6583
      1	6628
      1	6635
      7	6647
      2	6666
      4	6687
      2	6715
      2	6739
      1	6794
      1	6796
      1	6821
      1	6855
      1	6914
      2	6927
      2	6942
      1	6959
      1	7050
      1	7063
      1	7074
      1	7101
      1	7135
      1	7139
      1	7146
      1	7246
      1	7258
      1	7275
      2	7322
      2	7343
      2	7419
      2	7438
     15	7457
      1	7494
      1	7570
      1	7629
      1	7635
      1	7647
      1	7669
      2	7677
      1	7708
      1	7747
      1	7756
      1	7796
      1	7799
      1	7848
      1	7884
      1	7920
      1	7936
      1	7964
      2	8163
      2	8369
      2	8375
      1	8393
      1	8410
      3	8412
      3	8508
      1	8584
      1	8639
      1	8644
      1	8705
      1	8709
      1	8748
      1	8753
      1	8803
      1	8808
      1	8830
      1	8840
      3	8859
      1	8891
      1	8900
      1	9006
      3	9012
      1	9028
      1	9121
      1	9123
      1	9151
      1	9218
      2	9229
      1	9247
      1	9254
      1	9258
      1	9267
      1	9284
      1	9309
      1	9336
      1	9345
      1	9491
      1	9503
      2	9509
      1	9535
      1	9551
      1	9618
      1	9635
      1	9643
      1	9650
      1	9681
      1	9740
      1	9753
      2	9768
      1	9793
      1	9817
      1	9835
      1	9874
      1	9888
      3	9900
      1	9949
      1	9970
      1	9976
      1	10030
      1	10045
      1	10059
      2	10072
      1	10097
      2	10100
      1	10118
      1	10122
      1	10136
      1	10245
      1	10259
      1	10274
      2	10300
      1	10307
      1	10321
      1	10350
      1	10412
      1	10418
      1	10448
      1	10624
      2	10629
      1	10704
      1	10741
      1	10759
      1	10772
      1	10796
      1	10836
      2	10848
      1	10904
      1	10913
      1	10967
      1	10972
      1	11014
      3	11036
     15	11070
      8	11090
      1	11291
      1	11297
      1	11303
      1	11371
      1	11458
      1	11534
      1	11535
      1	11555
      1	11562
      1	11661
      1	11663
      1	11685
      1	11762
      1	11794
      1	11917
      2	12018
      1	12027
      1	12101
      1	12158
      1	12159
      1	12168
      2	12213
      2	12231
      1	12288
      1	12294
      1	12302
      1	12303
      1	12317
      1	12364
      3	12380
      1	12397
      1	12398
      1	12434
      1	12443
      3	12510
      3	12554
      1	12754
      2	12777
      1	12804
      3	12862
      1	12914
      1	12915
      1	12932
      1	12984
      1	13024
      2	13025
      1	13064
      8	13118
      2	13148
      1	13180
      1	13182
      1	13195
      2	13231
      1	13273
      1	13284
      3	13292
      1	13310
      1	13344
      4	13371
      1	13410
      3	13432
      1	13539
      3	13550
      1	13722
      1	13790
      1	13797
      1	13840
      1	13843
      2	13855
      1	13861
      2	13871
      1	13914
      1	13954
      1	13955
      1	13989
      1	13992
      1	14029
      2	14076
      2	14077
      2	14083
      3	14088
      1	14127
      1	14153
      1	14155
      1	14280
      1	14290
      1	14377
      1	14439
      1	14496
      3	14585
      1	14606
      2	14725
      1	14814
      1	14834
      1	14891
      1	14915
      1	14921
      1	14984
      1	15024
      1	15047
      1	15062
      2	15094
      1	15106
      1	15132
      1	15147
      1	15150
      2	15184
      1	15231
      1	15259
      1	15303
      5	15310
      1	15423
      3	15463
      7	15491
      3	15496
      1	15501
      1	15560
      1	15590
      1	15591
      1	15600
      1	15601
      3	15610
      1	15621
      1	15653
      1	15681
      1	15689
      1	15719
      1	15749
      1	15766
      2	15773
      1	15816
      1	15845
      1	15859
      4	15889
      1	15923
      5	15985
      1	16007
      1	16172
      1	16181
      1	16185
      1	16225
      1	16248
      5	16254
      3	16317
      1	16322
      3	16338
      1	16365
      1	16388
      6	16398
      1	16461
      1	16513
      2	16526
      1	16532
      1	16682
      1	16689
      7	16703
      2	16743
      1	16749
      1	16780
      1	17009
      1	17024
      2	17094
      1	17136
      1	17141
      1	17168
      1	17180
      1	17216
      1	17258
      2	17267
      1	17334
      1	17342
      1	17346
      1	17442
      1	17451
      1	17580
      2	17596
      1	17613
      2	17617
      1	17672
      1	17682
      1	17771
      1	17787
      1	17802
      1	17838
      6	17971
      1	17989
      5	18076
      1	18099
      1	18106
      1	18160
      1	18177
      1	18186
      1	18228
      1	18239
      1	18291
      2	18301
      1	18303
      2	18304
      1	18361
      2	18377
      1	18396
      1	18404
      2	18447
      1	18450
      1	18462
      2	18506
      1	18521
      2	18567
      1	18572
      1	18589
      1	18594
      3	18614
      1	18665
      1	18735
      1	18738
      3	18761
      2	18780
      1	18888
      1	18916
      1	18932
      1	18986
      1	18994
      1	19030
      1	19049
      2	19061
      1	19119
      2	19184
      3	19305
      1	19307
      1	19313
      1	19338
      2	19339
      1	19364
      2	19367
      1	19402
      1	19420
      1	19471
      2	19483
      1	19512
      1	19513
      1	19518
      3	19532
      1	19535
      1	19571
      1	19759
      1	19796
      1	19848
      1	19850
      1	19957
      1	19967
      1	19978
      1	20003
      1	20015
      1	20073
      1	20077
      1	20093
      1	20180
      1	20205
      1	20235
      1	20238
      2	20244
     11	20307
      1	20330
      1	20338
      1	20515
      2	20560
      4	20587
      1	20594
      1	20655
      1	20704
      2	20842
      1	20850
      2	20860
      1	20924
      1	21015
      1	21034
      1	21059
      1	21156
      1	21249
      1	21266
      1	21267
      2	21268
      1	21281
      1	21289
      1	21317
      1	21403
      1	21421
      1	21471
      1	21499
      2	21533
      1	21639
      2	21667
     10	21699
      1	21718
      1	21750
      1	21791
      1	21817
      3	21895
      1	21911
      1	21925
      2	21983
      1	22026
      1	22027
      1	22039
      3	22040
      1	22097
      1	22118
      1	22201
      3	22217
      1	22234
      1	22244
      1	22352
      3	22361
      1	22428
      1	22446
      1	22562
      1	22588
      1	22649
      3	22661
      1	22679
      1	22686
      1	22739
      1	22767
      2	22795
      1	22796
      2	22798
      1	22827
      1	22838
      1	22906
      1	22930
      1	22948
      1	22970
      1	22996
      4	23006
      1	23013
      2	23023
      1	23024
      4	23033
      1	23048
      1	23052
      1	23095
      1	23100
      1	23118
      1	23129
      1	23134
      1	23165
      2	23226
      2	23264
      1	23307
      1	23311
      2	23394
      1	23472
      2	23483
      1	23526
      3	23555
      2	23577
      1	23603
      1	23613
      1	23622
      1	23653
      1	23664
      1	23729
      1	23784
      1	23792
      2	23814
      1	23874
      1	23946
      6	23972
      1	24010
      3	24013
      1	24039
      1	24096
      1	24159
      1	24175
      3	24255
      1	24271
      1	24284
      1	24358
      1	24370
      1	24385
      1	24412
      1	24513
      1	24522
      2	24525
      1	24539
      1	24553
      1	24645
      1	24672
      1	24713
      1	24744
      1	24818
      1	24830
      1	24912
      3	24923
      1	24933
      4	24958
      1	24966
      3	25024
      1	25029
      1	25049
      1	25078
      1	25129
      5	25133
      1	25235
      1	25250
      2	25261
      1	25276
      2	25326
      1	25374
      1	25380
      1	25392
      1	25482
      1	25517
      1	25566
      1	25595
      1	25633
      1	25647
      1	25707
      1	25714
      2	25781
      1	25887
      1	25893
      1	25895
      3	25920
      2	25938
      1	25990
      2	26109
      1	26111
      1	26157
      2	26230
      1	26240
      1	26275
      1	26285
      1	26310
      2	26318
      1	26397
      1	26416
      1	26437
      2	26443
      1	26468
      1	26489
      1	26499
      3	26557
      3	26611
      3	26625
      1	26656
      1	26662
      1	26711
      2	26739
      1	26838
      1	26848
      1	26873
      1	26899
      2	26922
      1	26947
      1	26951
      1	27028
      4	27033
      1	27039
      1	27047
      1	27065
      1	27067
      1	27105
      1	27114
      1	27198
      1	27228
      1	27272
      1	27359
      1	27388
      2	27417
      1	27517
      3	27533
      1	27535
      1	27578
      1	27599
      1	27712
      1	27756
      1	27758
      2	27833
      1	27880
      1	27945
      1	27947
      1	27995
      3	28036
      1	28070
     14	28196
      1	28245
      1	28249
      1	28284
      2	28291
      1	28302
      1	28329
      1	28349
      1	28419
      3	28537
      1	28626
      1	28674
      2	28760
      1	28765
      1	28772
      1	28809
      1	28824
      1	28840
      2	28872
      1	28893
      2	28894
      1	28896
      1	28903
      1	28906
      1	28929
      1	28981
      1	29044
      3	29060
      1	29086
      1	29128
      1	29166
      1	29179
      2	29195
      1	29198
     11	29261
      1	29306
      2	29359
      1	29374
      1	29453
      1	29456
      1	29527
      1	29558
      1	29592
      1	29593
      1	29597
      1	29618
      1	29643
      3	29731
      1	29807
      2	29888
      3	29910
      3	29945
      1	29954
      1	30090
      1	30106
      3	30168
      1	30246
      1	30313
      2	30341
      1	30422
      1	30464
      2	30488
      1	30517
      2	30580
      1	30613
      1	30656
      4	30687
      1	30703
      1	30724
      1	30818
      1	30861
      1	30869
      1	30907
      1	30923
      2	30933
      1	30951
      1	31000
      1	31004
      1	31029
      1	31069
      2	31081
      1	31118
      1	31126
      1	31137
      1	31166
      1	31176
      1	31249
      1	31273
      2	31407
      2	31451
      1	31473
      3	31538
      1	31577
      1	31583
      2	31630
      1	31644
      2	31696
      2	31705
      1	31728
      1	31732
      1	31748
      1	31758
      2	31765
      2	31767
      2	31780
      1	31810
      1	31849
      1	31860
      1	31918
      2	31943
      1	32057
      1	32067
      1	32085
      1	32114
      1	32117
      1	32124
      4	32233
      1	32245
      2	32266
      3	32273
      1	32277
      1	32337
      1	32361
      1	32365
      1	32389
      1	32416
      1	32418
      1	32428
      1	32429
      1	32434
      1	32447
      1	32464
      1	32465
      3	32481
      1	32508
      1	32513
      3	32515
      3	32520
      6	32531
      1	32539
      1	32574
      1	32581
      1	32589
      1	32604
      1	32627
      1	32637
      1	32645
      1	32657
      1	32669
      1	32716
      6	32738
      1	32742
      1	32823
      1	32833
      6	32942
      2	32950
      1	32957
      1	32962
      1	33001
      1	33054
      1	33067
      1	33068
      1	33100
      2	33131
      3	33139
      1	33145
      6	33149
      1	33161
      3	33165
      1	33166
      1	33176
      1	33180
      1	33193
      1	33244
      1	33295
      1	33296
      1	33322
      1	33338
      1	33343
      1	33347
      1	33362
      1	33376
      6	33408
      1	33421
      1	33429
      1	33443
      1	33466
      1	33497
      2	33499
      1	33517
      6	33531
      1	33536
      1	33548
      1	33551
      2	33644
      1	33661
      1	33726
      3	33732
      1	33759
      1	33761
      1	33772
      1	33816
      1	33818
      1	33842
      1	33851
      1	33885
      1	33886
      6	33900
      1	33904
      1	33933
      1	33939
      1	33991
      1	34010
      1	34014
      5	34037
      3	34087
      1	34109
      1	34133
      1	34150
      1	34196
      3	34261
      2	34364
      1	34392
      1	34393
      4	34444
      2	34457
      1	34459
      1	34510
      2	34517
      1	34548
      1	34555
      1	34591
      1	34599
      1	34651
      1	34666
      1	34720
      1	34723
      1	34727
      1	34731
      1	34732
      1	34773
      1	34776
      2	34778
      1	34822
      1	34825
      2	34864
      1	34905
      2	35009
      1	35030
      1	35087
      1	35152
      1	35162
      1	35168
      1	35173
      1	35177
      1	35208
      3	35219
      1	35224
      6	35263
      1	35328
      1	35331
      1	35339
      1	35358
      1	35375
      1	35385
      1	35391
      1	35459
      1	35538
      2	35575
      2	35598
      1	35613
      1	35642
      1	35653
      1	35668
      1	35671
      1	35673
      1	35684
      1	35705
      6	35708
      3	35711
      1	35792
      1	35814
      1	35835
      1	35850
      1	35904
      1	35927
      1	35955
      2	35996
      1	36000
      1	36010
      1	36082
      1	36085
      1	36086
      2	36107
      2	36110
      1	36112
      1	36146
      3	36157
      3	36177
      1	36186
      6	36223
      1	36238
      1	36239
      1	36254
      1	36263
      1	36269
      1	36303
      1	36308
      1	36321
      1	36339
      1	36389
      1	36399
      2	36496
      1	36580
      1	36606
      1	36629
      1	36640
      1	36642
      2	36665
      1	36676
      1	36692
      1	36706
      1	36727
      1	36749
      1	36754
      1	36771
      3	36777
      3	36885
      1	36901
      1	36919
      1	36957
      1	36978
      1	36981
      1	36983
      3	37011
      1	37034
      2	37061
      1	37075
      1	37081
      1	37086
      6	37091
      1	37097
      1	37127
      2	37135
      6	37181
      1	37187
      1	37189
      1	37196
      1	37199
      1	37206
      1	37221
      2	37229
      1	37309
     14	37322
      1	37327
      1	37332
      1	37358
      1	37454
      1	37526
      1	37617
      1	37699
      6	37708
      1	37775
      1	37787
      1	37789
      1	37794
      1	37799
      1	37813
      1	37814
      2	37816
      1	37821
      1	37822
      2	37824
      1	37831
      1	37839
      1	37858
      1	37860
      1	37876
      1	37882
      2	37885
      1	37887
      3	37896
      1	37904
      6	37938
      1	37944
      1	37966
      1	37969
      1	38002
      1	38018
      1	38020
      1	38024
      1	38031
      3	38033
      1	38067
      1	38068
      1	38072
      1	38078
      1	38084
      1	38093
      1	38096
      1	38102
      1	38104
      1	38108
      1	38110
      3	38184
      1	38186
      1	38203
      1	38217
      1	38245
      1	38252
      1	38253
      6	38255
      6	38287
      1	38289
      1	38291
      7	38315
      1	38339
      3	38341
      1	38343
      1	38367
      1	38372
      1	38374
      1	38378
      1	38386
      2	38398
      1	38414
      2	38419
      1	38422
      1	38439
      1	38442
      1	38498
      1	38523
      1	38535
      1	38546
      1	38549
      1	38563
      1	38567
      3	38611
      1	38627
      6	38628
      1	38676
      1	38703
      1	38714
      1	38746
      6	38803
      2	38841
      1	38893
      6	38896
      2	38903
      1	38923
      2	38926
      1	38954
      1	38963
      1	38972
      1	38973
      1	39011
      2	39032
      1	39049
      1	39071
      1	39075
      1	39087
      1	39190
      2	39230
      6	39315
      1	39333
      1	39336
      1	39359
      1	39391
      2	39447
      1	39461
      1	39473
      1	39482
      1	39494
      1	39516
      1	39539
      1	39563
      1	39572
      1	39638
      1	39674
      1	39675
      1	39712
      6	39762
      1	39785
      1	39864
      1	39868
      1	39874
      1	39879
      1	39909
      1	39920
      1	39921
      1	39925
      1	39935
      1	39958
      1	40027
      1	40039
      1	40051
      1	40063
      1	40084
      1	40119
      1	40149
      1	40156
      3	40184
     41	40193
      1	40194
      1	40205
      1	40206
      1	40222
      1	40228
      1	40231
      3	40235
      1	40257
      1	40318
      1	40337
      2	40379
      1	40423
      1	40432
      1	40446
      6	40499
      1	40503
      1	40531
      1	40534
      1	40603
      1	40639
      1	40651
      1	40653
      1	40687
      1	40692
      1	40725
      6	40737
      1	40750
      1	40786
      2	40816
      1	40818
      1	40827
      1	40857
      1	40859
      2	40963
      1	40995
      2	41003
      3	41034
      1	41053
      1	41058
      1	41066
      1	41074
      3	41083
      1	41113
      1	41136
      1	41144
      1	41174
      1	41185
      1	41202
      1	41209
      2	41245
      6	41251
      2	41256
      1	41271
      1	41291
      2	41297
      2	41299
      1	41309
      1	41333
      1	41411
     14	41427
      1	41461
      1	41479
      1	41500
      6	41509
      1	41533
      1	41541
      1	41589
      1	41595
      1	41610
      1	41621
      2	41622
      1	41634
      1	41638
      1	41644
      1	41651
      1	41660
      1	41662
      1	41674
      1	41714
      2	41738
      1	41754
      1	41782
      1	41784
      1	41798
      1	41810
      2	41832
      6	41853
      1	41864
      1	41928
      1	41936
      1	41961
      1	41976
      1	42006
      1	42013
      1	42039
      1	42040
      1	42086
      6	42087
      1	42103
      1	42107
      1	42117
      1	42125
      2	42155
      1	42200
      1	42204
      1	42221
      1	42227
      1	42236
      1	42248
      4	42257
      2	42277
      6	42359
      1	42374
      1	42384
      1	42396
      2	42418
      1	42440
      1	42506
      6	42564
      2	42581
      1	42599
      3	42606
      1	42614
      6	42647
      1	42654
      2	42655
      1	42670
      1	42705
      1	42708
      1	42712
      1	42741
      1	42745
      1	42787
      1	42794
      1	42799
      2	42835
      1	42855
      1	42874
      6	42879
      1	42893
      1	42903
      1	42948
      3	42969
      1	42978
      6	43022
      1	43038
      1	43151
      1	43178
      1	43204
      2	43212
      2	43244
      2	43276
      6	43281
      1	43334
      1	43354
      1	43395
      6	43396
      2	43405
      1	43422
      2	43429
      1	43453
      1	43496
      1	43513
      1	43529
      5	43541
      1	43557
      2	43603
      1	43623
      6	43659
      1	43670
      1	43682
      1	43684
      1	43712
      1	43724
      1	43726
      1	43738
      5	43763
      2	43770
      4	43822
      1	43827
      1	43838
      1	43845
      1	43846
      1	43852
      2	43880
      6	43947
      1	43950
     41	44084
      1	44101
      1	44153
      6	44170
      6	44181
      1	44196
      1	44205
      1	44212
      1	44240
      1	44250
      1	44282
      1	44302
      1	44329
      2	44333
      1	44337
      1	44346
      6	44367
      1	44395
      1	44442
      1	44483
      1	44494
      1	44501
      1	44506
      1	44570
      1	44572
      1	44577
      1	44580
      1	44583
      1	44588
      1	44610
      2	44620
      1	44628
      2	44672
      1	44687
      2	44697
      6	44713
      1	44732
      1	44777
      1	44782
      1	44787
      1	44792
      2	44832
      2	44852
      1	44893
      1	44927
      1	44947
      1	44956
      1	44970
      1	44992
      2	44996
      1	44997
      1	45007
      1	45026
      1	45028
      1	45029
      1	45037
      1	45053
      1	45068
      1	45074
      2	45098
      1	45142
      1	45145
      1	45162
      1	45216
      6	45223
      1	45231
      1	45237
      2	45245
      1	45262
      1	45276
      1	45277
      1	45288
      1	45313
      1	45319
      1	45331
      1	45342
      1	45356
      1	45377
      1	45424
      7	45450
      1	45454
      1	45464
      1	45480
      6	45488
      1	45502
      1	45587
      1	45589
      1	45590
      1	45618
      3	45678
      1	45700
      1	45701
      1	45709
      1	45714
      1	45723
      1	45730
      1	45763
      1	45777
      1	45801
      1	45815
      2	45872
      1	45886
      5	45943
      1	46042
      5	46057
      2	46070
      1	46075
      1	46077
      1	46113
      3	46124
      1	46142
      1	46170
      1	46184
      1	46185
      1	46199
      2	46253
      1	46268
      1	46279
      1	46284
      1	46285
      1	46296
      1	46334
      6	46374
      1	46382
      1	46391
      1	46443
      1	46495
      1	46499
      1	46510
      3	46511
      1	46516
      1	46535
      1	46544
      1	46570
      1	46574
      6	46588
      3	46628
      1	46652
      6	46690
      1	46700
      1	46705
      1	46707
      1	46712
      1	46746
      2	46774
      1	46793
      1	46811
      2	46873
      1	46898
      1	46926
      1	46936
      1	46951
     10	46981
      1	46982
      1	47004
      6	47103
      1	47117
      1	47128
      1	47165
      2	47167
      1	47168
      2	47191
      6	47205
      1	47227
      1	47281
      2	47295
      6	47299
      1	47309
      1	47380
      6	47435
      1	47439
      1	47454
      3	47492
      4	47526
      1	47532
      1	47539
      1	47544
      1	47562
      1	47568
      1	47581
      4	47584
      1	47607
      1	47616
      1	47729
      1	47746
      1	47763
      1	47772
      1	47780
      2	47830
      1	47836
      1	47867
      1	47952
      6	47980
      2	47992
      1	48109
      1	48132
      1	48149
      1	48156
      1	48169
      3	48204
      1	48230
      1	48292
      1	48293
      1	48363
      1	48366
      1	48368
      1	48412
      1	48507
      1	48539
      1	48553
      1	48562
      2	48568
      1	48593
      6	48614
      1	48641
      1	48646
      1	48651
      1	48664
      3	48678
      1	48681
      1	48708
      1	48728
      2	48738
      2	48740
      5	48752
      1	48758
      1	48767
      1	48772
      1	48787
      1	48796
      1	48807
      1	48902
      1	48950
      1	48959
      1	48966
      1	48984
      3	49009
      1	49014
      1	49026
      1	49058
      1	49114
      1	49129
      1	49189
      1	49199
      5	49216
      1	49221
      1	49228
      1	49253
      1	49257
      1	49261
      1	49264
      7	49315
      1	49327
      1	49332
      1	49341
      1	49346
      1	49350
      2	49364
      1	49366
      1	49379
      1	49386
      1	49424
      7	49445
      4	49458
      1	49506
      1	49536
      6	49548
      1	49581
      5	49698
      2	49710
      1	49725
      6	49736
      2	49757
      1	49762
      3	49774
      1	49806
      1	49809
      1	49813
      1	49844
      2	49852
      1	49866
      1	49934
      1	49936
      2	49943
      1	49966
      1	50008
      1	50020
      1	50064
      1	50086
     41	50168
      1	50174
      1	50183
      1	50204
      1	50222
      1	50242
      1	50248
      1	50258
      2	50275
      1	50328
      3	50339
      1	50347
      1	50350
      1	50365
      1	50378
      1	50394
      1	50404
      1	50437
      1	50440
      1	50454
      1	50471
      2	50495
      6	50496
      1	50517
      1	50539
      1	50548
      1	50550
      1	50551
      1	50586
      1	50592
      1	50596
      1	50599
      1	50603
      1	50610
      1	50616
      1	50624
      1	50658
      1	50680
      1	50697
      1	50698
      2	50735
      1	50751
      1	50806
      1	50850
      1	50852
      1	50868
      1	50883
      6	50892
      1	50913
      1	50926
      1	50941
      1	50961
      1	50964
      5	50975
      1	51007
      1	51008
      1	51013
      1	51020
      1	51051
      1	51074
      1	51079
      2	51105
     41	51112
      6	51163
      2	51179
      2	51196
      4	51210
      1	51226
      1	51234
      1	51241
      1	51263
      1	51278
      1	51286
      1	51292
      1	51299
      2	51306
      6	51359
      1	51375
      2	51385
      1	51411
      1	51416
      1	51423
      1	51436
      1	51480
      1	51505
      1	51507
      1	51514
      1	51549
      1	51565
      1	51573
      1	51579
      1	51585
      1	51589
      1	51605
      1	51627
      1	51630
      1	51631
      1	51634
      1	51648
      1	51651
      1	51660
      1	51680
      1	51731
      3	51736
      1	51740
      6	51910
      1	51918
      1	51949
      8	51950
      1	51973
      6	51990
      1	52003
      1	52007
      1	52026
      2	52029
      1	52060
      1	52070
      1	52074
      1	52128
      4	52143
      6	52155
      1	52240
      1	52291
      1	52314
      6	52324
      2	52328
      1	52370
      3	52371
      1	52379
      1	52382
      2	52410
      1	52411
      2	52414
      1	52439
      1	52474
      2	52477
      1	52496
      2	52509
      1	52510
      1	52526
      1	52527
      1	52535
      4	52541
      1	52563
      1	52576
      1	52594
      1	52616
      1	52632
      2	52667
      1	52699
      1	52712
      1	52739
      5	52845
      4	52863
      1	52927
      1	52996
      6	53019
      1	53023
      1	53030
      1	53044
      1	53050
      1	53083
      1	53084
      1	53154
      2	53162
      1	53165
      1	53184
      1	53190
      1	53203
      1	53205
      1	53228
      1	53230
      1	53232
      1	53325
      1	53349
      1	53401
      1	53436
      1	53456
      1	53464
      1	53483
      1	53494
      1	53497
      1	53499
      2	53521
      1	53522
      1	53530
      1	53581
      1	53596
     91	53624
      1	53625
      1	53631
      1	53641
      1	53665
      1	53677
      2	53702
      1	53711
      1	53722
      1	53762
      1	53797
      1	53818
      1	53820
      1	53830
      1	53858
      1	53867
      1	53868
      1	53908
      1	53925
      1	53938
      6	53948
      1	54001
      6	54003
      1	54081
      3	54133
      1	54137
      1	54148
      7	54154
      1	54220
      1	54232
      1	54252
      1	54324
      1	54345
      1	54351
      1	54357
      1	54362
      6	54367
      1	54368
      6	54405
      1	54416
      3	54450
      1	54474
      1	54505
      1	54523
      1	54575
      1	54578
      1	54593
      1	54602
      1	54608
      1	54610
      1	54623
      1	54633
      1	54644
      1	54652
      1	54657
      1	54686
      3	54722
      2	54745
      1	54773
      1	54822
      1	54827
      1	54833
      1	54849
      1	54906
      1	54910
      1	54916
      1	55003
      1	55043
      1	55059
      1	55114
      1	55134
      3	55167
     12	55198
      1	55207
      1	55215
      1	55233
      1	55252
      1	55267
      2	55291
      1	55317
      3	55364
      1	55384
      1	55391
      1	55399
      1	55401
      1	55403
      1	55404
      1	55418
      1	55466
      1	55473
      1	55476
      1	55489
      1	55560
      1	55576
      3	55587
      1	55599
      2	55604
      1	55665
      6	55673
      1	55674
      1	55676
      1	55681
      1	55757
      1	55773
      1	55790
      1	55803
      1	55806
      1	55816
      1	55825
      4	55857
      1	55872
      1	55881
      6	55888
      1	55904
      1	55927
      1	55933
      3	55950
      1	55982
      6	56037
      1	56057
     10	56074
      1	56081
      3	56084
      1	56133
      6	56210
      2	56226
      1	56232
      1	56261
      1	56280
      1	56285
      1	56368
     19	56382
      1	56403
      1	56409
      1	56439
      1	56445
      1	56452
      1	56458
      1	56460
      1	56468
      1	56469
      1	56480
      1	56526
      1	56542
      6	56562
      1	56583
      1	56595
      1	56602
      1	56636
      1	56643
      1	56652
      1	56686
      1	56694
      1	56695
      1	56718
      1	56721
      1	56724
      1	56732
      1	56735
      1	56764
      1	56771
      1	56804
      2	56903
      1	56914
      6	56916
      1	56955
      6	56956
      6	57020
      1	57032
      1	57042
      1	57045
      1	57062
      1	57067
      1	57073
      1	57079
      1	57103
      1	57132
      1	57166
      1	57199
      1	57200
      1	57215
      1	57258
      1	57296
      1	57328
      1	57334
      1	57375
      1	57439
      2	57466
      2	57471
      1	57493
      1	57548
      1	57566
      6	57607
      2	57611
      2	57622
      2	57647
      1	57649
      1	57671
      1	57725
      1	57776
      1	57782
      1	57804
      6	57840
      2	57909
      1	57926
      3	57939
      1	57952
      1	57995
      1	57997
      6	58029
      1	58048
      1	58050
      1	58060
      1	58067
      2	58068
      1	58086
      1	58114
      1	58120
      1	58145
      1	58170
      1	58175
      1	58184
      2	58208
      1	58213
      1	58215
      1	58216
      1	58220
      1	58228
      1	58245
      1	58264
      1	58278
      1	58301
      1	58308
      2	58329
      1	58360
      2	58385
      1	58403
      3	58406
      1	58481
      1	58509
      1	58574
      1	58671
      6	58684
      1	58704
      6	58748
      1	58765
      1	58779
      1	58817
      1	58832
      1	58849
      1	58859
      1	58868
      1	58881
      1	58887
      1	58937
      1	58980
      6	59005
      1	59016
      4	59030
      1	59048
      1	59080
      1	59096
      1	59099
      3	59156
      1	59165
      6	59172
      2	59182
      1	59207
      2	59255
      2	59302
      1	59304
      1	59312
      1	59351
      1	59375
      1	59391
      1	59403
      3	59411
      1	59430
      2	59437
      1	59442
      2	59443
      1	59453
      1	59462
      1	59477
      1	59485
      1	59486
      1	59511
      1	59550
      1	59571
      2	59572
      1	59583
      1	59614
      1	59658
      2	59673
      1	59716
      1	59764
      1	59788
      1	59790
      1	59828
      1	59856
      6	59866
      1	59892
      1	59923
      1	59967
      1	59999
      1	60096
      1	60106
      2	60185
      6	60186
      2	60197
      1	60198
      1	60222
      2	60224
      1	60228
      2	60255
      1	60261
      1	60280
      1	60307
      1	60333
      4	60378
      6	60392
      1	60404
      1	60421
      1	60430
      2	60456
      1	60459
      1	60465
      1	60471
      1	60472
      1	60481
      6	60541
      1	60550
      1	60552
      1	60565
      1	60568
      1	60578
      1	60587
      1	60601
      2	60633
      2	60646
      1	60648
      3	60653
      1	60655
      1	60673
      1	60694
      1	60703
      1	60717
      1	60724
      3	60757
      1	60767
      6	60791
      1	60792
      1	60801
      1	60809
      1	60823
      1	60836
      1	60864
      1	60891
      1	60899
      1	60909
      1	60945
      2	60952
      1	60961
      6	61006
      1	61015
      2	61033
      1	61066
      1	61075
      1	61141
      1	61168
      1	61205
      6	61228
      1	61234
      1	61241
      1	61248
      1	61313
      1	61326
      1	61347
      1	61375
      3	61394
      1	61520
      1	61535
      1	61543
      2	61554
      1	61556
      1	61585
      1	61587
      2	61633
      1	61634
      4	61652
      1	61832
      6	61908
      1	61947
      1	62005
      2	62016
      1	62026
      1	62051
      2	62053
      1	62091
      1	62131
      1	62132
      1	62141
      1	62147
      1	62153
      1	62172
      2	62207
      6	62211
      1	62216
      1	62222
     14	62225
      1	62244
      1	62254
      1	62260
      1	62265
      1	62268
      1	62280
      1	62287
      1	62297
      1	62302
      1	62303
      1	62313
      1	62316
      1	62318
      2	62331
      1	62371
      2	62380
      1	62386
      1	62402
      1	62427
      1	62461
      1	62485
      6	62531
      1	62542
      1	62548
      3	62565
      1	62569
      1	62660
      1	62663
      6	62718
      1	62732
      1	62771
      2	62791
      1	62827
      1	62865
      1	62895
      1	62906
      1	62930
      1	62970
      2	62996
      1	62998
      1	63020
      2	63048
      3	63091
      1	63177
      2	63185
      1	63227
      1	63263
      1	63338
      1	63357
      1	63409
      1	63410
      1	63421
      1	63432
      1	63440
      1	63451
      2	63469
      1	63484
      1	63494
      1	63501
      3	63503
      1	63530
      1	63549
      1	63552
      1	63569
      6	63601
      6	63655
      1	63662
      1	63665
      1	63673
      1	63688
      1	63692
      1	63701
      1	63719
      6	63735
      1	63765
      1	63768
      1	63773
      1	63779
      1	63788
      1	63794
      1	63799
      1	63809
      4	63837
      1	63854
      3	63884
      1	63893
      1	63909
      2	64004
     10	64025
      1	64034
      1	64040
      1	64074
      1	64077
      6	64132
      1	64138
      1	64140
      1	64149
      1	64166
      1	64171
      1	64175
      2	64192
      1	64213
      1	64226
      1	64244
      1	64250
      1	64272
      1	64350
      1	64356
      2	64438
      1	64459
      1	64466
      1	64475
      1	64485
      6	64488
      1	64509
      1	64539
      6	64540
      2	64544
      3	64549
      4	64598
      6	64629
      2	64641
      1	64671
      6	64679
      1	64682
      1	64690
      1	64715
      1	64724
      1	64747
      1	64750
      1	64757
      1	64792
      1	64802
      1	64805
      2	64856
      1	64877
      1	64880
      1	64886
      1	64888
      1	64902
      1	64909
      1	64915
      1	64919
      1	64928
      1	64979
      1	64985
      1	65007
      1	65013
      4	65053
      1	65054
      1	65089
      1	65111
      1	65120
      1	65126
      6	65153
      1	65191
      1	65198
      1	65206
      1	65235
      1	65236
      1	65238
      1	65300
      6	65317
      1	65323
      1	65410
      1	65426
      6	65509
      2	65530
