      5	11
      2	67
      6	505
      1	598
      1	1070
      1	1136
      1	1544
      1	1670
      1	1738
      1	2020
      5	2206
      2	2280
      2	2688
     33	2976
      1	3005
      1	3235
      1	3290
      1	3448
      1	3518
      1	3732
      1	3914
      2	3946
      1	4113
      2	4584
      7	4848
      1	5020
      2	5549
      1	5562
      1	5605
      1	5613
      1	5705
      1	5931
      1	5981
      1	6045
      1	6126
      1	6366
      1	6400
      1	6497
      1	6586
      1	6651
      1	6918
      1	7084
      1	7166
      1	7223
      1	7315
      1	7330
      1	7403
      7	7457
      8	7829
      1	8365
      1	8472
      1	8510
      1	9300
      1	9625
      2	10357
      1	10359
      2	10504
      2	10874
      1	11106
      1	11296
      1	11557
      1	11602
      1	11823
      1	11831
      1	12189
      2	12249
      1	12334
      4	12543
      1	12627
      1	12767
      2	13257
      3	13300
      1	13333
      6	13371
      1	13457
      1	13499
      2	13595
      1	13654
     10	13992
      1	14030
      1	14081
      9	14398
      1	14436
      2	14619
      1	14897
      1	14908
      4	15639
      1	15661
      1	15747
      1	15757
      1	15939
      2	16188
      2	16287
      1	16503
      3	16526
      1	16679
      1	16684
      1	16905
      3	16935
      1	16972
      2	17229
      1	17267
      1	17343
      1	17608
      1	18148
      1	18403
      1	18538
      1	18756
      1	18792
      2	18824
      1	18842
      1	19498
      1	19777
      1	19841
      1	20270
      2	20398
      1	20599
      1	20620
      1	20698
      1	20742
      1	20865
      1	21082
      1	21393
      1	21411
     47	21599
      3	21606
      1	21850
      1	21859
      1	22027
      1	22134
      1	22180
      1	22249
      1	22545
      1	22644
      1	22807
      1	22915
      1	22978
      1	23426
      1	23473
      1	24013
      1	24225
      1	24413
      1	24506
      1	24546
      1	24641
      1	24719
      1	24728
      1	24801
      2	25061
      2	25129
      1	25144
      1	25618
      4	26045
      1	26139
      1	26219
      1	26646
      1	27076
      1	27171
      1	27418
     15	27519
      1	27597
      1	28008
      2	28034
      1	28104
      2	28214
      1	28252
      1	28815
      1	28939
      1	28974
      3	29398
      1	29662
      1	29791
      1	29879
      1	30023
      1	30040
      1	30374
      1	30535
      2	30783
      3	30858
      1	32193
      1	32194
      1	32540
      1	32653
      1	33510
      1	33672
      1	33674
      5	33758
      1	34035
      5	34333
      1	34773
      1	35056
      1	35319
      1	35376
      2	35471
      1	35504
      1	35581
      1	35692
      1	35980
      1	36096
      1	36253
      1	36336
      1	36337
      1	36465
      1	36556
      1	36693
      2	37000
      1	37128
      1	37246
      1	37292
      1	37329
      4	37372
      1	37752
      1	37760
      3	37870
      1	37917
      1	38171
      1	38571
      1	39337
      2	39420
      1	39432
      1	39458
      1	40546
      1	40882
      1	40985
      1	41242
      2	41478
      1	41600
      1	41853
      1	42049
      1	42178
      2	42297
      1	42517
      1	42666
      2	42669
      1	43347
      4	43458
      1	43832
      1	43972
      1	44016
      4	44228
      1	44495
      2	44532
      1	44644
      2	44716
      2	45059
      1	45308
      1	45391
      1	45460
      1	45509
      2	45683
      1	45884
      1	45906
      1	45913
      1	45998
      1	46061
      1	46123
      1	46263
      1	46302
      1	46503
      2	46538
      2	46627
      1	46664
      1	46992
      1	47185
      1	47488
      1	47700
      1	47965
     15	48337
      9	48666
      8	48742
      1	48935
      5	49046
      2	49073
      1	49236
      1	49263
      1	49441
      3	49501
      1	49779
      1	49855
      1	49998
      1	50049
      1	50544
      1	50590
      2	50738
      1	50829
      1	50847
      1	50859
      1	51156
      5	51578
      1	51644
      1	51804
      2	51998
      1	52181
      1	52821
      1	52906
      2	52908
      1	52913
      1	53093
     37	53692
      2	53748
      4	53755
      6	53800
      1	54150
      1	54733
      1	54777
      3	54887
      1	55130
      1	55598
      2	55782
      2	55828
      1	55861
      1	55931
      1	56404
      1	56730
      4	56806
      1	56831
      1	56852
      3	56956
      1	57349
      1	57391
      1	57480
      2	57685
      1	58087
      1	58216
      1	58235
      1	58286
      1	58735
      2	58845
      2	59158
      1	59973
      1	60256
      3	60378
      1	60410
      1	60416
      1	60521
      1	60570
      1	60635
      1	60866
      2	60919
      2	61117
      1	61207
      1	61277
      1	61320
      4	61472
      1	61746
      1	61866
      1	62051
      1	62631
      1	62680
      1	62908
      8	63139
      1	63140
      1	63221
      1	63381
      1	63409
      1	63697
      1	63743
      1	63777
      2	63825
      1	63889
      2	63999
      1	64349
      1	64395
      1	64515
     15	65179
      1	65328
      1	65329
      3	65467
      1	65499
