      2	22
      3	29
      1	56
      1	94
      1	99
     25	175
      2	197
      1	294
      2	322
      1	363
      4	367
      1	428
      3	436
      2	509
      7	538
      1	558
      1	567
      1	653
      1	664
     11	708
      1	752
      2	758
      2	767
      1	779
      1	823
      4	851
      1	865
      1	876
      2	926
      3	965
      1	974
      1	977
      1	984
      1	1091
      1	1109
      1	1136
      1	1142
      4	1153
      1	1232
      1	1273
      3	1285
      1	1357
      2	1405
      1	1497
      1	1544
      1	1556
      1	1558
      1	1567
      4	1616
      1	1632
      2	1645
      2	1656
      1	1681
      1	1685
      2	1802
      1	1813
      4	1818
      3	1837
      1	1857
      5	1872
      1	1886
      1	1908
      1	2051
      5	2057
      2	2069
      3	2077
      4	2087
      4	2093
      3	2102
      1	2110
      1	2188
      1	2209
      1	2267
      1	2375
      1	2400
      1	2431
      8	2461
      1	2474
      5	2475
     30	2506
      1	2532
      5	2558
      1	2565
      7	2566
      1	2593
      1	2611
      2	2614
      4	2633
      1	2683
      2	2688
      1	2695
      2	2724
      1	2733
      1	2780
      1	2795
      2	2819
      3	2849
      1	2992
      1	3003
      2	3004
      2	3005
      1	3008
      1	3028
      1	3048
      2	3055
      1	3058
      1	3089
      1	3126
      1	3204
      1	3210
      1	3212
      2	3236
      1	3256
      1	3271
      1	3337
      5	3351
      1	3360
      1	3378
      1	3409
      3	3425
      2	3452
      8	3486
      1	3499
      1	3506
      3	3552
      1	3577
      1	3595
      2	3636
      1	3671
      1	3672
      1	3685
      3	3690
      1	3693
      1	3699
      1	3709
      1	3720
      4	3849
      1	3932
      1	4001
      1	4032
      4	4064
      1	4099
      2	4109
      1	4187
      1	4206
      1	4235
      1	4238
      3	4273
      2	4286
      3	4327
      1	4353
      1	4373
      1	4383
      1	4388
      1	4417
      4	4424
      4	4442
      1	4443
      1	4581
      1	4603
      1	4621
      1	4652
      2	4664
      3	4713
      4	4730
      1	4748
      4	4780
      1	4849
      1	4888
      1	4913
      7	4926
      3	4930
      1	4944
      1	4967
      1	4969
      1	4976
      6	4982
      1	5013
      2	5023
      1	5097
      1	5099
      1	5112
      2	5140
      9	5161
      1	5165
      1	5208
      1	5219
      1	5222
      1	5253
      1	5271
      2	5287
      3	5307
      4	5327
      1	5337
      1	5348
      1	5409
      1	5447
      2	5475
      1	5541
      2	5587
      1	5637
      1	5661
      4	5731
      2	5736
      1	5744
      1	5776
      1	5792
      1	5819
      1	5823
      1	5863
      1	5870
      1	5874
      2	5880
      1	5893
      2	5896
      1	5905
      1	5923
      2	6031
      7	6045
      1	6050
      1	6051
      2	6070
      1	6072
      3	6073
      1	6101
      1	6116
      1	6126
      1	6128
      2	6181
      2	6184
      1	6215
      1	6226
      1	6229
      3	6244
      2	6338
      1	6349
      1	6362
      6	6366
      6	6375
      1	6405
      1	6422
      1	6439
      2	6452
      1	6468
     23	6494
      1	6497
      1	6558
      2	6575
      1	6591
      2	6629
      1	6647
      1	6691
      1	6746
      2	6776
      1	6845
      1	6959
      4	6980
      1	6985
      1	7011
      7	7013
      1	7015
      1	7040
      3	7042
      1	7056
      7	7083
      1	7109
      1	7113
      1	7182
      1	7199
      1	7246
      1	7302
      3	7356
      2	7359
      2	7386
      5	7403
      2	7457
      1	7466
      1	7497
      1	7500
      2	7572
      1	7579
      1	7601
      2	7626
      1	7660
      1	7688
      1	7707
      1	7740
      1	7746
      1	7770
      1	7778
      1	7804
      2	7825
      1	7862
      1	7891
      3	7907
      1	7942
      1	7970
      1	7993
      7	8011
      1	8014
      1	8061
      1	8109
      5	8172
      1	8202
      2	8281
      1	8336
      1	8339
      1	8376
      3	8432
      1	8463
      1	8473
      1	8547
      1	8551
      1	8557
      4	8599
      1	8667
      1	8681
      1	8731
      3	8736
      1	8754
      7	8760
      1	8782
      3	8924
      2	8934
      2	8940
      1	8946
      1	8954
      1	8955
      5	8956
      1	8967
      1	8979
      1	8983
      1	9006
      1	9020
      1	9041
      1	9101
      1	9104
      1	9143
      3	9152
      1	9182
      1	9204
      1	9211
      1	9226
      1	9234
      1	9237
      2	9249
      1	9254
      3	9276
      1	9307
      3	9317
      6	9345
      2	9347
      1	9406
      1	9440
      2	9498
      5	9545
      1	9562
      1	9667
      1	9678
      1	9716
      1	9726
      2	9797
      1	9855
      3	9869
      2	9872
      3	9886
      4	9900
      1	9967
     12	10026
      1	10047
      1	10050
      1	10059
      1	10093
      1	10216
      1	10217
      1	10241
      2	10245
      4	10319
      1	10381
      1	10389
      2	10401
      1	10432
      1	10447
      1	10563
      1	10586
      1	10601
      1	10605
      2	10610
      1	10635
      4	10645
      1	10649
      1	10667
      1	10673
      1	10710
     17	10724
      2	10744
      2	10757
      2	10765
      1	10798
      3	10800
      1	10818
      2	10844
      1	10859
      4	11049
      1	11052
      4	11059
      2	11071
     14	11090
      2	11125
      1	11154
      1	11226
      2	11230
      1	11261
      1	11307
      3	11326
      2	11337
      1	11364
      3	11378
      1	11404
      1	11490
      7	11524
      1	11525
      1	11546
      1	11593
      1	11606
      1	11621
      1	11623
      2	11697
      3	11702
      2	11704
      1	11759
      1	11793
      1	11826
      2	11837
      3	11838
      1	11891
      1	11951
      1	11961
     16	11964
      2	11967
      2	11968
      2	11969
      1	11985
      1	12005
      1	12114
      1	12201
      1	12344
     22	12397
      1	12408
      1	12435
      2	12472
      1	12500
      1	12505
      1	12577
      1	12583
      4	12597
      2	12603
      2	12708
      1	12787
      8	12804
      1	12814
      1	12862
      1	12885
      1	12919
      1	12933
      1	13008
     13	13016
      2	13024
      1	13049
      1	13074
      1	13076
      1	13118
      1	13120
      1	13147
      1	13172
      2	13238
      1	13249
      1	13273
      1	13312
      1	13382
      1	13390
      1	13403
      2	13416
      1	13431
      3	13460
      1	13504
      1	13567
      1	13639
      2	13653
      3	13699
      1	13702
      2	13712
      1	13720
      2	13735
      9	13738
      1	13747
      1	13753
      1	13767
      2	13806
      1	13823
      2	13840
      2	13906
      2	13914
      3	13954
      1	13995
      1	14003
      1	14053
      1	14111
      1	14128
      1	14137
      1	14141
      2	14166
      2	14177
      1	14256
      3	14287
      1	14332
      1	14352
      3	14385
      3	14392
      1	14395
      1	14442
      4	14446
      1	14463
      3	14472
      1	14473
      1	14475
      1	14540
      1	14565
      3	14606
      1	14674
      1	14749
      1	14876
      1	14878
      2	14917
      1	14923
      1	14939
      1	14943
      1	14984
      1	15021
      1	15029
      1	15033
      2	15038
      1	15050
      1	15063
      1	15088
      1	15141
      3	15147
      2	15150
      1	15159
      2	15183
     15	15188
      1	15244
      1	15247
      1	15287
      1	15293
      1	15314
      1	15399
      3	15461
      1	15510
      1	15516
      2	15557
      4	15561
      2	15599
      1	15601
      1	15619
      1	15621
      1	15650
      1	15708
      1	15734
      1	15772
      1	15856
      1	15869
      1	15923
      1	15958
      6	15985
      2	15995
      2	16006
     28	16007
      1	16112
      1	16126
      8	16148
      1	16153
      1	16171
      1	16184
      1	16188
      1	16199
      1	16211
      6	16255
      1	16264
      1	16290
      1	16294
      1	16345
      1	16355
      2	16368
      1	16425
     11	16503
      1	16530
      1	16554
      1	16586
      6	16620
      1	16628
      1	16638
      1	16646
      2	16704
      1	16728
      2	16738
      3	16757
      1	16805
      1	16862
      2	16916
      1	16976
      1	17008
      1	17055
      1	17074
      1	17077
      1	17105
      1	17164
      1	17168
      1	17210
      1	17220
      1	17258
      1	17265
      5	17267
      1	17286
     11	17338
      1	17352
      1	17356
      1	17451
      1	17454
      1	17489
      1	17495
      2	17498
      2	17540
      2	17566
      1	17591
      1	17599
      1	17613
      1	17616
     10	17624
      2	17736
      1	17773
      1	17824
      1	17848
      1	17912
      1	17916
      1	17918
     17	17975
      2	17989
      5	17990
      1	18010
      1	18047
      2	18077
      3	18108
      2	18109
      1	18142
      1	18210
      1	18304
      1	18316
      1	18321
      1	18333
      1	18348
      2	18405
      1	18413
      1	18504
      1	18585
      1	18590
      1	18636
      1	18662
      1	18664
      1	18677
      4	18686
      1	18696
      1	18723
      1	18778
      1	18867
      1	18876
      1	18992
      1	18997
      1	19066
      1	19145
      1	19212
      1	19221
      1	19301
      2	19321
      1	19399
      1	19402
      2	19443
      3	19471
      1	19472
      1	19483
      1	19510
      1	19535
      8	19580
      1	19616
      3	19617
      1	19622
      3	19641
      2	19664
      2	19678
      1	19696
      1	19707
      1	19862
      1	19900
      4	19904
      1	19912
      1	19978
      1	19991
      1	20023
      1	20034
      1	20081
      2	20084
      2	20098
      2	20162
      1	20221
      1	20226
      9	20267
      6	20268
      1	20273
      1	20307
      1	20308
      2	20323
      1	20368
      1	20422
      2	20483
      1	20528
      1	20567
      1	20593
      1	20686
      1	20713
      2	20721
      1	20729
      2	20730
      2	20800
      1	20802
      1	20808
      5	20827
      1	20837
      1	20882
      1	20932
      2	20989
      2	20994
      4	20997
      1	21018
      1	21098
      1	21100
      1	21102
      2	21180
      1	21213
      1	21271
      3	21293
      1	21303
      1	21380
      1	21398
      1	21435
      2	21471
      1	21492
      1	21548
      3	21607
      1	21623
      3	21625
      2	21654
      1	21693
      1	21748
      1	21766
      1	21822
      1	21842
      5	21892
      1	21902
      2	21939
      1	21981
      1	22003
      2	22005
      6	22010
      1	22027
      1	22065
      1	22077
      2	22098
      1	22134
      1	22164
      4	22179
      1	22206
      1	22229
      1	22293
      1	22305
      1	22306
      1	22334
     12	22365
      1	22367
      3	22392
      2	22447
      1	22479
      1	22481
      2	22511
      2	22516
      1	22532
      1	22545
      1	22550
      1	22563
      2	22573
      4	22625
      1	22675
      2	22682
      1	22693
      2	22713
     16	22719
      1	22720
      1	22738
      2	22744
      1	22812
      1	22841
      1	22905
      1	22958
      1	23013
      4	23029
      1	23033
      2	23050
      2	23052
      1	23114
      1	23123
      1	23166
      1	23184
      3	23219
      1	23234
      1	23246
      2	23266
      1	23330
      2	23395
      3	23412
      1	23446
      1	23449
      1	23455
      1	23461
      2	23469
      1	23572
      1	23577
      1	23578
     18	23594
      1	23613
      1	23622
      2	23638
      3	23653
      2	23720
      1	23827
      5	23828
      2	23851
      1	23950
      1	23961
      1	23997
      1	24014
      1	24054
      4	24058
      1	24092
      1	24114
      1	24149
      1	24183
      1	24271
      1	24325
      1	24334
      1	24345
      1	24372
      3	24376
      2	24394
      3	24412
      1	24465
      3	24469
      3	24506
      1	24570
      1	24615
      1	24622
      1	24660
      1	24672
      1	24685
      2	24708
      1	24712
      1	24800
      3	24817
      1	24823
      2	24839
     22	24931
      6	24967
      1	24985
      1	24989
      2	24990
      1	25007
      2	25019
      1	25024
      1	25046
      1	25085
      3	25096
      4	25129
      1	25144
      1	25163
      1	25168
      1	25193
      2	25233
      2	25394
      1	25445
      1	25455
      1	25468
      2	25516
      2	25521
      3	25563
      1	25585
      1	25620
      1	25637
      2	25663
      2	25689
      1	25692
      1	25777
      1	25854
      2	25857
      2	25871
      2	25899
      2	25900
      1	25933
      3	25959
      1	25967
      1	25975
      1	25976
      1	25981
      1	25985
      1	26043
      6	26111
      1	26166
      2	26171
      1	26207
      1	26240
      1	26359
      2	26398
      3	26435
      1	26454
      1	26544
      1	26549
      1	26556
      1	26559
      1	26613
      2	26666
      1	26748
      1	26772
      9	26777
      1	26821
      1	26828
      1	26873
      1	26959
      5	27039
      1	27074
      1	27125
      3	27173
      2	27191
      2	27230
      2	27263
      1	27280
      3	27286
      1	27292
      5	27357
      1	27361
      1	27395
      1	27399
      1	27425
      2	27429
      1	27495
      2	27563
      1	27572
      3	27620
      1	27631
      1	27642
      4	27711
      1	27751
      1	27753
      1	27775
      1	27825
      1	27891
      1	27920
      1	27944
      1	27966
     14	28012
      1	28034
      1	28071
      1	28197
      1	28242
      1	28301
      1	28328
      1	28364
      1	28365
      1	28438
      1	28520
      1	28531
      1	28594
      2	28615
      1	28621
      1	28733
      1	28779
      2	28824
      1	28867
      2	28879
      1	28906
      5	28960
      1	28979
      3	29002
      3	29085
      1	29146
      1	29159
      1	29188
      1	29198
      2	29207
      1	29228
      1	29244
      1	29320
      5	29351
      1	29357
      1	29364
      1	29433
     19	29446
      3	29449
      1	29511
      1	29564
      1	29584
      1	29588
      2	29596
      1	29667
      1	29738
      1	29746
      2	29829
      1	29879
      1	29880
      1	29892
      1	29907
      1	29933
      1	29945
      1	29970
      1	29988
      1	30038
      1	30139
      1	30184
      1	30246
      2	30285
      1	30293
      1	30352
      8	30360
      1	30363
      5	30367
      3	30427
      1	30460
      4	30509
      1	30515
      4	30555
      1	30558
      2	30578
      7	30613
      2	30659
      2	30668
      1	30707
      1	30719
      2	30727
      2	30733
      1	30742
      2	30754
      1	30801
      1	30836
      1	30867
      3	30877
      1	30880
      1	30883
      3	30888
      1	30941
      1	30983
      1	30987
      1	31011
      1	31032
      1	31098
      2	31121
      1	31205
      1	31277
      1	31345
      7	31360
      2	31407
      1	31452
      1	31550
      4	31573
      1	31586
      1	31597
      1	31603
      1	31613
      3	31626
      1	31630
      2	31635
      1	31667
      2	31670
      1	31687
      1	31774
      1	31804
      1	31823
      3	31858
      1	31860
      1	31896
      1	31903
      1	31915
      1	31919
      8	31943
      6	31962
      1	31979
      1	31981
      1	31982
      1	32032
      1	32038
      1	32111
      1	32114
      1	32129
      1	32136
      1	32161
      2	32176
      1	32235
      4	32249
      1	32319
      1	32405
      1	32431
      1	32497
      1	32520
      1	32541
      2	32554
      4	32567
      1	32574
     56	32589
      2	32597
      1	32601
      6	32621
      1	32647
      1	32648
      1	32657
      6	32671
      1	32687
      1	32694
      1	32704
      1	32712
      1	32740
      1	32747
      1	32768
      1	32794
      3	32863
      1	32890
      2	32970
      1	32985
      3	33035
      1	33039
      2	33044
      2	33069
     15	33074
      1	33135
      1	33143
      1	33198
      5	33211
      1	33272
      6	33292
      1	33313
      1	33314
      2	33337
      1	33354
      1	33356
      1	33358
      1	33360
      2	33450
      1	33503
      2	33518
      2	33523
      3	33538
      1	33562
      2	33565
      1	33584
      1	33627
      1	33651
      1	33676
      1	33704
      1	33763
      1	33831
      3	33971
      1	33972
      3	33992
      1	34010
      1	34023
      1	34063
      1	34110
      1	34117
      2	34133
      1	34169
      1	34207
      2	34241
      1	34332
      1	34426
      1	34434
      1	34463
      8	34475
      4	34479
      1	34496
      2	34521
      1	34531
      1	34601
      1	34617
      1	34640
      1	34672
      1	34674
      1	34679
      1	34697
      3	34708
      1	34723
      1	34728
      1	34750
      5	34773
      1	34786
      1	34809
      3	34888
      1	34975
      1	34984
      4	35003
      2	35004
      3	35021
      1	35063
      2	35155
      1	35183
      1	35205
      1	35212
      2	35223
      1	35263
      3	35280
      1	35337
      3	35391
      1	35415
      3	35420
      1	35479
      4	35508
      1	35513
      3	35518
      4	35545
      1	35577
      2	35591
      3	35717
      1	35770
      1	35829
     14	35846
      1	35852
      1	35900
      3	35961
      1	36056
      1	36113
      1	36188
      1	36193
      1	36221
      1	36230
      2	36231
      1	36246
      1	36280
      1	36378
      1	36395
      2	36402
      1	36405
      1	36437
      2	36438
      1	36471
      1	36534
      1	36559
      2	36566
      1	36572
      1	36627
      1	36656
     10	36690
      1	36757
      1	36810
      1	36863
      2	36870
      2	37030
      1	37033
      2	37056
      1	37124
     10	37127
      1	37149
      1	37179
      1	37223
      1	37246
      1	37247
      1	37308
      2	37324
      1	37333
     14	37355
      1	37381
      1	37382
      1	37387
      2	37393
      5	37414
      1	37425
      1	37448
      2	37506
      1	37542
      4	37608
      7	37617
      1	37640
      1	37667
      3	37709
      2	37743
      1	37750
      2	37775
      3	37795
      1	37850
      1	37869
      3	37904
      1	37906
      1	37920
      1	37958
      1	38013
      1	38015
      2	38044
      1	38047
      2	38099
      1	38120
      1	38171
      1	38181
      5	38224
      1	38238
      2	38269
      1	38302
      1	38315
      1	38319
      1	38332
      1	38370
      1	38376
      1	38395
      2	38430
      2	38467
      2	38468
      3	38480
      1	38498
      4	38520
      1	38531
      1	38557
      1	38578
      2	38642
      1	38652
      1	38653
      2	38665
      1	38673
     27	38681
      1	38687
      1	38712
      1	38757
      1	38793
      3	38839
      1	38884
      1	38996
      1	39002
     28	39032
      1	39033
      2	39043
      1	39072
      6	39213
      1	39234
      1	39246
      1	39265
      2	39325
      1	39330
      4	39340
      2	39389
      1	39469
      1	39512
      2	39537
      1	39553
      2	39569
      2	39585
      1	39629
      1	39751
      1	39843
      1	39869
      1	39875
      1	39897
      1	39932
      2	39943
      1	40018
      5	40063
      1	40067
      3	40082
      4	40112
      1	40212
      2	40220
      4	40284
      1	40286
      1	40313
      1	40340
      3	40347
      1	40351
      5	40394
      1	40412
      2	40425
      1	40426
      1	40460
      1	40512
      1	40546
      3	40583
      3	40661
      2	40712
      3	40722
      1	40750
      2	40779
      1	40783
      1	40802
      4	40817
      2	40839
      1	40845
      1	40876
      1	40914
      1	40990
      1	41009
      1	41054
      1	41119
      1	41185
      3	41262
      1	41280
      1	41298
      1	41315
      1	41333
      1	41361
      1	41363
      4	41427
      1	41451
      1	41539
     13	41582
      1	41588
      2	41669
      1	41696
      1	41697
      1	41700
      1	41720
      3	41723
     12	41753
      1	41760
      2	41791
      1	41922
      1	41928
      1	41932
      1	41983
      1	41985
      1	42006
      1	42013
      2	42016
      1	42021
      1	42117
      2	42144
      1	42145
      1	42215
      1	42248
      1	42297
      1	42315
      1	42323
      1	42369
      1	42372
      1	42404
      2	42426
      1	42438
      2	42459
      1	42476
      1	42511
      2	42517
      1	42523
      1	42525
      1	42530
      1	42536
      5	42597
      1	42614
      1	42656
      1	42677
      2	42699
      1	42797
      1	42816
      1	42820
      5	42842
      1	42848
      1	42862
      1	42936
      1	42959
      2	42966
      1	43024
      3	43080
      9	43169
      1	43215
      1	43227
      1	43256
      8	43277
      1	43373
      2	43417
      2	43440
      1	43441
      2	43462
      1	43478
      1	43510
      1	43518
      2	43531
      2	43584
      2	43669
      1	43722
      1	43734
      1	43757
      1	43811
      5	43832
      1	43853
      1	43905
      1	43918
      1	43957
      1	43976
      1	44005
      2	44064
      3	44078
      2	44112
      1	44117
      1	44139
      1	44252
      2	44315
      1	44318
     19	44329
      1	44346
      2	44380
      1	44441
      1	44446
      1	44447
      1	44453
      3	44499
      1	44691
      2	44716
      1	44721
      1	44740
      1	44746
      1	44752
      9	44833
      1	44866
      2	44879
      3	44896
      1	44907
      6	44912
      1	44959
      7	44961
      1	44968
      1	44973
      1	45012
      3	45018
      1	45036
      1	45059
      2	45098
      2	45111
      1	45219
      1	45261
      1	45292
      1	45368
      1	45438
      1	45450
      5	45457
      1	45459
      5	45464
      1	45466
      2	45485
      1	45576
      1	45645
      1	45701
      1	45708
      1	45775
      1	45808
      7	45847
      1	45938
      8	45977
      2	45986
      2	46008
      2	46028
      1	46077
      2	46080
      2	46091
      1	46118
      1	46124
      3	46156
      1	46200
      1	46233
      3	46234
      2	46252
      2	46261
     48	46417
      1	46420
      1	46440
      1	46479
      1	46486
      1	46498
      2	46509
      1	46511
      1	46558
      1	46573
      2	46595
      1	46667
      2	46680
      3	46695
      3	46734
      1	46736
      1	46746
      2	46773
      1	46793
      1	46859
      1	46910
      1	46919
      1	46921
      4	46925
      2	46973
      1	47012
      1	47060
      1	47111
      1	47181
      1	47227
      5	47250
      1	47256
      1	47291
      1	47294
     13	47311
      2	47351
      1	47357
      2	47384
      1	47445
      3	47448
      3	47454
      1	47486
      1	47526
      1	47547
      1	47603
      1	47621
      1	47634
      2	47662
      1	47753
      1	47776
      1	47781
      1	47855
      3	47872
      1	47883
      1	47930
      1	47985
      2	47988
      1	47996
      1	48064
      2	48125
      1	48127
     12	48128
      1	48198
      1	48235
      1	48331
      1	48359
      2	48367
      1	48368
      1	48390
      1	48410
      1	48484
      1	48535
      2	48544
      1	48560
      1	48577
      1	48583
      1	48640
      3	48649
      1	48705
      1	48746
      1	48749
      1	48794
      3	48808
      1	48834
      1	48870
      2	48940
      3	48945
      1	49014
      1	49031
      9	49073
      1	49321
      2	49361
      3	49362
      1	49382
      1	49387
      1	49398
      1	49433
     17	49458
      1	49484
      1	49538
      1	49582
      1	49643
      1	49672
      1	49693
      1	49783
      2	49831
      4	49844
      1	49870
      3	49884
      6	49897
      3	49907
      1	49913
      4	49922
      1	49933
      1	49938
      4	49966
      1	50023
      1	50079
      1	50157
      1	50168
      1	50184
      1	50227
      1	50378
      1	50401
      5	50419
      1	50438
      1	50466
      2	50468
      1	50490
      1	50499
      1	50511
      1	50535
      5	50537
      1	50550
      1	50585
      1	50597
      1	50660
      1	50686
      1	50737
      1	50771
      1	50778
      3	50798
      1	50804
      1	50814
      1	50828
      1	50872
      1	50883
      1	50900
      1	50911
      1	50924
      2	50940
      1	51025
      2	51028
      5	51044
      1	51065
      2	51099
      2	51112
      1	51113
      1	51184
      2	51306
      3	51354
      1	51387
      7	51392
      1	51442
      2	51475
      2	51483
      2	51493
      1	51549
      2	51587
      2	51607
      2	51676
      1	51757
      1	51770
      1	51835
      1	51837
      1	51841
      1	51855
      2	51872
      1	51890
      5	51920
      1	51957
     10	51959
      1	52092
      4	52093
      1	52121
      1	52167
      3	52181
      1	52365
     14	52370
      2	52396
      2	52398
      1	52400
      1	52434
      1	52457
      1	52477
      1	52485
      1	52602
      1	52603
      1	52616
      1	52635
      3	52645
      1	52735
      1	52780
      2	52794
      3	52796
      1	52814
      1	52848
      1	52898
      1	52954
      1	53000
      1	53068
      2	53147
      1	53169
      1	53205
      1	53234
      7	53349
      5	53401
      8	53436
      3	53479
      4	53494
      1	53517
     23	53521
      1	53523
      1	53539
      4	53569
      1	53583
      1	53632
      1	53639
      1	53642
      1	53693
      3	53701
      1	53707
      1	53718
      1	53743
      2	53767
      1	53837
      1	53863
      3	53893
      2	53903
      1	53912
      2	53925
      5	53947
      1	53965
      1	54015
      1	54086
      1	54105
      1	54135
      1	54136
      1	54180
      1	54209
      2	54234
      9	54245
      1	54249
      1	54272
      2	54282
      1	54331
      1	54334
      1	54356
      1	54357
      1	54370
      1	54395
      3	54401
      1	54425
      1	54507
      4	54508
      1	54517
      1	54595
      2	54675
      1	54690
      1	54704
      9	54745
      1	54813
      4	54834
      4	54889
      1	54906
      2	54974
      4	54989
      1	54992
      2	55031
      1	55143
      1	55217
      1	55231
      1	55239
      1	55245
      2	55246
      1	55261
      4	55278
      1	55287
      1	55398
      1	55399
      2	55401
      3	55421
      1	55438
      1	55444
      6	55466
      2	55565
      9	55587
      4	55728
      1	55741
      2	55768
      2	55814
      1	55829
      1	55861
      1	55908
      9	56028
      1	56052
      2	56063
      1	56084
      1	56091
      1	56105
      7	56187
      1	56237
      1	56266
      1	56350
      1	56410
      1	56434
      6	56452
      1	56559
      2	56583
      1	56604
      2	56663
      1	56694
      1	56736
      1	56771
      1	56802
      2	56806
      2	56807
      2	56810
      1	56846
      1	56902
      1	56914
      1	56943
      1	57012
      2	57056
      1	57062
      2	57092
      1	57131
      2	57144
      1	57170
      2	57211
      3	57226
      1	57235
      1	57246
      1	57310
      1	57332
      3	57374
      1	57394
      1	57419
      4	57420
      1	57462
      1	57514
      1	57524
      1	57525
      1	57533
      4	57566
      1	57584
      1	57600
      1	57631
      1	57638
      1	57678
      1	57679
      1	57688
      1	57743
      1	57767
      6	57782
      1	57922
      1	57941
      3	57951
      1	57975
      1	57989
      1	58069
      1	58102
      2	58104
      1	58118
      1	58120
      1	58124
      1	58140
      1	58155
      2	58159
      1	58168
      1	58177
      1	58179
      1	58180
      1	58192
      1	58197
      7	58216
      3	58219
      1	58223
      1	58236
      1	58240
      1	58303
      1	58316
      2	58326
      1	58351
      1	58358
      1	58370
      1	58375
      2	58468
      1	58471
      1	58478
      1	58488
      1	58496
      5	58527
      1	58544
      1	58578
      1	58587
      1	58594
      1	58634
      1	58637
      1	58670
      3	58735
      1	58766
      2	58768
      2	58773
      1	58804
      1	58805
      1	58815
      1	58876
      3	58909
      1	58966
      1	59001
      1	59043
      2	59064
      1	59094
      1	59101
      1	59112
      5	59134
      1	59174
      2	59178
      1	59180
      3	59208
      1	59216
      1	59231
      2	59304
      1	59320
      2	59327
      1	59395
      4	59517
      1	59520
      1	59552
      3	59571
      1	59580
      1	59590
      1	59681
      1	59715
      2	59720
      1	59726
      1	59780
      1	59905
      1	59938
      1	59989
      1	60023
      1	60045
      2	60091
      2	60120
      2	60131
      4	60210
      1	60232
      2	60249
      1	60283
      1	60284
      4	60287
      1	60312
      9	60354
      1	60409
      1	60477
      1	60495
      1	60557
      1	60585
      1	60615
      1	60631
      1	60669
      1	60691
      1	60695
      3	60714
      1	60716
      1	60740
      1	60792
      4	60821
      1	60862
      2	60883
      2	60909
      6	60983
      1	61011
      1	61045
      1	61064
      5	61066
      1	61113
      1	61121
     12	61152
      1	61156
      2	61191
      1	61196
      2	61230
      1	61234
      1	61238
      3	61249
      1	61254
      3	61261
      1	61298
      1	61335
      1	61524
      1	61528
      1	61602
      2	61680
      1	61702
      1	61759
      2	61772
      1	61787
      2	61829
      8	61832
      4	61869
      1	61891
      1	61897
      1	62004
      1	62005
      1	62014
      1	62021
      1	62108
      2	62119
      2	62180
     13	62183
      1	62189
      1	62195
      1	62279
      1	62296
      1	62446
      1	62461
      4	62490
      1	62491
      1	62492
      1	62527
      2	62534
      1	62536
      2	62564
      1	62575
      1	62576
      1	62615
      4	62624
     11	62664
      3	62666
      3	62667
      1	62699
      1	62753
      6	62761
      1	62762
      2	62794
      1	62799
      1	62801
      7	62846
      2	62868
      1	62877
      1	62955
      1	62994
      1	63027
      1	63036
      1	63047
      5	63072
      1	63130
      1	63132
      1	63177
      4	63181
      2	63200
      1	63210
      1	63291
      2	63299
      2	63323
      2	63338
     17	63363
      4	63409
      3	63433
      1	63481
      2	63635
      1	63651
      3	63696
      1	63743
      1	63753
      1	63802
      1	63807
      1	63864
      1	63872
      1	63873
      2	63889
      1	63898
      1	63918
      1	63935
      1	63950
      1	63976
      1	63987
      1	64001
      1	64074
      1	64129
      1	64153
      5	64231
      1	64262
      1	64269
      1	64286
      1	64298
      1	64304
      1	64307
      2	64339
      1	64402
      3	64411
      1	64424
      2	64469
      2	64470
      3	64485
      1	64504
      1	64528
      1	64533
      2	64539
      1	64557
      1	64657
      1	64679
      1	64750
      8	64794
      1	64864
      2	64873
      1	64896
      2	64995
      1	65005
      1	65008
      1	65054
      2	65066
      1	65069
      1	65138
      1	65171
      3	65184
      9	65206
      3	65277
      2	65334
      6	65353
      1	65376
      2	65381
      3	65408
      1	65414
      4	65418
      2	65516
      1	65528
