      1	41
      4	303
      1	366
      1	405
      1	426
      1	590
      1	786
      1	792
      1	880
      1	926
      1	1153
      1	1248
      3	1277
      1	1449
      1	1557
      1	1673
      1	1728
      2	1836
     15	1937
      1	2087
      1	2138
      1	2515
      2	2677
     10	2689
      1	2761
     12	2836
      1	2989
      1	3102
      1	3114
      1	3328
      1	3340
      2	3454
      1	3486
      1	3551
      1	3644
      1	3690
      1	3745
      2	3830
      1	3916
      1	4072
      1	4191
      2	4221
     30	4291
      5	4581
      1	4609
      2	4617
      1	4667
      1	4720
      4	4926
      1	5443
      1	5770
      1	5853
      1	5888
      3	5941
      1	5977
      1	6101
      1	6124
      2	6155
      2	6275
      2	6558
      5	6575
      1	6614
      2	6622
      1	6754
      1	6898
      1	7037
      1	7113
      1	7181
      1	7301
      1	7369
      1	7403
      5	7651
      1	7672
      2	7817
      3	7822
      1	8014
      1	8185
      5	8201
      1	8281
      1	8345
      2	8376
      1	8519
      1	8731
      1	8993
      1	9114
      1	9121
      1	9152
      1	9174
      1	9304
      1	9498
      1	9687
      1	9726
      1	9884
      1	10050
      1	10098
      1	10123
      1	10306
      5	10759
      1	10762
      1	10822
      1	10860
      1	10908
      1	10950
      2	10974
      1	10987
      1	11124
      1	11292
      1	11606
      1	11688
      1	11750
      1	12044
      1	12227
      1	12334
      1	12356
      2	12495
      1	12540
      1	12547
      1	12597
      1	12703
      1	12804
      1	12809
      1	12824
      2	12886
      1	13008
      2	13031
      1	13192
      1	13390
      1	13481
      1	13523
      1	13594
      2	13695
      1	13723
      1	13953
      2	14083
      1	14179
      1	14373
      1	14443
      1	14565
      1	14819
      1	14876
      1	14996
      1	15075
      3	15282
      1	15287
      1	15291
      1	15374
      1	15414
      2	15458
      1	15604
      4	15639
      1	15748
      1	15831
      1	15984
      1	16004
     51	16007
      1	16153
      1	16181
      1	16355
      1	16383
      1	16388
      1	16614
      1	16635
      1	16668
      1	17062
      3	17206
      1	17267
      1	17286
      1	17368
      1	17389
      1	17495
      1	17509
      1	17534
      1	17672
      2	17835
      1	18206
      2	18221
      8	18259
      3	18305
      1	18507
      1	18627
      1	18641
      1	18660
      1	18842
      1	18905
      2	19138
      1	19215
      1	19305
      1	19472
      1	19582
      1	19638
      1	19678
      1	19880
      1	20003
      1	20023
      1	20064
      1	20089
      1	20191
      1	20280
      2	20375
      1	20635
      1	20649
      1	20691
      1	20760
      1	20783
      1	20800
      1	20878
      1	21466
      1	21476
      1	21483
      1	21503
      1	21507
      1	21563
      9	21756
      1	21911
      1	21930
      1	21961
      1	22023
      1	22140
      7	22179
      4	22273
      1	22330
      1	22374
      1	22389
      2	22556
      1	22911
      1	22926
      2	22958
      1	23050
      3	23114
      1	23353
      2	23360
      1	23395
      1	23463
      1	23680
      1	23833
      3	23839
      3	24062
      1	24067
      2	24227
      1	24236
     12	24345
      1	24367
      2	24376
      1	24469
      2	24586
      1	24680
      1	24713
      1	24804
      1	24807
      1	25129
      2	25465
      1	25566
      2	25595
      1	25815
      1	25856
      1	26121
      1	26135
      1	26250
      1	26327
      1	26344
      2	26345
      1	26416
      1	26435
      2	26470
      1	26610
      1	26656
      8	26777
      1	26895
      1	26908
      1	26909
      1	26922
      1	27326
      1	27395
     24	27580
      1	27596
      3	27615
      1	27797
      1	27893
      1	27920
      1	28349
      2	28609
      1	28664
      2	28727
      7	28960
      1	28967
      2	28974
      1	28995
      1	29085
      1	29166
      9	29298
      2	29692
      1	29945
      2	30303
      2	30600
      1	30605
      1	30711
      2	30790
      1	30867
      1	31156
      1	31250
      1	31356
      1	31562
      1	31703
      1	31812
      1	32139
      1	32249
      2	32345
      2	32405
      3	32515
      2	32693
      1	32709
      5	32857
      1	32866
      1	32923
      2	33035
      1	33356
      1	33449
      1	33662
      1	33682
      1	33724
      1	33991
      2	33992
      1	34035
      1	34083
      1	34119
      1	34301
      1	34331
      1	34556
      1	34599
      1	34613
      2	34697
      2	34974
      3	35181
      1	35223
      1	35267
      1	35291
      1	35353
      1	35591
      2	35708
      2	35815
      1	35925
     12	35952
      1	35976
      2	36062
      1	36296
      1	36658
      1	36754
      1	36810
      1	36834
      1	36970
      1	37023
      2	37052
      1	37111
      1	37142
      1	37217
      1	37382
      1	37566
      1	37640
      4	37672
      1	37709
      1	37743
      1	37758
      1	37828
      1	37868
      1	37908
      1	37966
      2	38395
      1	38480
      1	38652
      1	38676
      1	38677
      4	38687
      1	38787
      1	38876
      1	38902
      1	38926
      1	39047
      6	39075
      2	39122
      1	39265
      1	39310
      3	39377
      2	39612
      1	39624
      1	39638
      1	39875
      1	39978
      2	40091
      8	40160
      1	40215
      1	40551
      1	40889
      1	40995
      1	41142
      1	41222
      1	41355
      4	41768
      1	41861
      1	41986
      1	42027
      1	42144
      2	42368
      1	42369
      1	42622
      1	42650
      1	42691
      1	42746
      1	42752
      1	42788
      1	42863
      2	42966
      2	43214
      1	43237
      2	43411
      1	43422
      1	43518
      1	43538
      1	43554
      1	43644
      2	43832
      1	43933
      1	43978
      1	44063
      3	44078
      1	44446
      1	44575
      9	44622
      1	44709
      1	44764
      1	45022
      1	45219
      1	45247
      1	45259
      2	45308
      1	45518
      5	45547
      1	45570
      1	46075
      1	46174
      2	46210
      3	46274
      1	46282
      1	46349
      1	46353
      1	46375
      1	46389
      1	46489
      1	46499
      1	46509
      1	46656
      1	46724
      1	46827
      1	47012
      1	47038
      1	47168
      1	47382
      4	47491
      3	47497
      1	47597
      1	47648
      2	47848
      2	47905
      1	47992
      3	48037
      1	48258
      1	48413
      1	48434
      1	48553
      1	48640
      1	48692
      1	48808
      1	48884
      1	48902
      3	48995
      1	49007
     11	49073
      1	49123
     12	49180
      1	49218
      1	49362
      1	49556
      1	49664
      1	49804
      1	49957
      1	50508
      1	50517
      1	50519
      1	50537
      1	50728
      1	50905
      3	50910
      5	50926
      1	51334
      4	51483
      1	51548
      1	51549
      2	51888
      8	51959
      1	52281
      1	52338
      1	52485
      2	52801
      1	52906
      1	53004
      1	53349
      6	53420
      1	53517
      1	53577
      1	53583
      6	53584
      1	53596
      1	53651
      1	53821
      1	53846
      1	53873
      5	53918
      1	53925
      2	54028
      1	54136
      2	54331
      3	54395
      1	54446
      1	54525
      1	54877
      1	54894
      1	55053
      9	55238
      1	55245
      1	55356
      1	55421
      1	55584
      1	55692
      1	55814
      1	56009
      1	56028
      1	56271
      6	56348
      1	56363
      1	56366
      1	56410
      2	56514
      1	56608
      1	56697
      1	56940
      1	56952
      1	57056
      1	57074
      2	57091
      7	57133
      1	57375
      1	57383
      1	57393
      4	57449
      6	57525
      1	57566
      6	57779
      1	57784
      1	57791
      1	58183
      1	58462
      2	58521
      6	58582
      3	58953
      1	59180
      1	59255
      1	59374
      1	59529
      1	59715
      1	60131
      2	60284
      1	60307
      1	60456
      1	60557
      1	60581
      1	60630
      1	60652
      1	60653
      5	60847
      1	60852
      1	60909
      1	60931
      1	61261
      3	61298
      2	61304
      1	61332
      1	61445
      3	61521
      2	61721
      1	61832
      1	62179
      3	62349
      1	62664
      1	63323
      1	63338
      1	63398
      1	63665
      1	63982
      1	64032
      1	64129
      1	64196
      1	64306
      1	64504
      1	64581
      1	64756
      2	64794
      2	65004
      1	65023
      2	65381
