      1	47
      2	91
      1	322
      1	368
      2	377
      1	432
      1	568
      1	664
      1	753
      1	795
      1	901
      1	1330
      2	1497
      1	1505
      1	1556
      2	1813
      1	1857
      1	1872
      1	1911
      1	2046
      3	2087
      1	2325
      1	2475
      1	2502
      1	2566
      2	2589
      1	2743
      1	2801
      1	3219
      1	3332
      1	3344
      1	3351
      1	3358
      3	3375
      1	3486
      1	3493
      1	3552
      1	3793
      1	3830
      1	3850
      1	4106
      1	4245
      1	4327
      1	4557
      1	4581
      1	4645
      1	4812
      2	4848
      1	4876
      2	4969
      1	5083
      1	5239
      1	5276
      1	5418
      1	5726
      3	5894
      1	6045
      1	6055
      1	6060
      1	6149
      1	6183
      1	6197
      1	6244
      1	6266
      2	6393
      1	6439
      1	6753
      2	6805
      1	6810
      2	6836
      1	6917
      1	6953
      2	7027
      1	7083
      1	7113
      1	7203
      1	7313
      1	7378
      1	7384
      3	7403
      1	7497
      1	7502
      1	7706
      1	7898
      1	8472
      1	8489
      5	8599
      1	8754
      1	8839
      2	8934
      1	9080
      1	9143
      1	9240
      1	9304
      1	9324
      1	9345
      2	9900
      3	10026
      1	10216
      1	10317
      1	10507
      1	10533
      1	10724
      1	10822
      1	10950
      1	11071
      1	11143
      1	11340
      1	11378
      1	11608
      1	11743
      2	12245
      1	12284
      1	12304
      1	12397
      1	12435
      1	12472
      1	12488
      2	12728
      1	12741
      1	12936
      1	12975
      1	13054
      1	13190
      1	13249
      1	13312
      1	13390
      1	13529
      1	13562
      2	13595
      2	13699
      3	13871
      1	13945
      1	14287
      1	14337
      1	14404
      1	14497
      1	14540
      1	14747
      2	14793
      1	14821
      1	14980
      1	15282
      1	15410
      1	15414
      1	15461
      1	15561
      2	15585
      1	15702
      1	15719
      1	15951
      1	15985
      1	16017
      1	16049
      1	16124
      1	16152
      1	16211
      2	16383
      1	16479
      2	16620
      1	16648
      1	16796
      1	16835
      1	16909
      1	16960
      1	16972
      1	17019
      1	17156
      1	17164
      3	17267
      2	17338
      1	17341
      1	17655
      1	17880
     11	17975
      1	18271
      1	18348
      1	18434
      2	18515
      1	18590
      1	18636
      1	18672
      1	18677
      4	18696
      1	18843
      1	19150
      1	19603
      1	19645
      1	19851
      1	19991
      1	20162
      1	20428
      1	20611
      1	20658
      1	20687
      1	20991
      1	21022
      1	21125
      1	21149
      1	21162
      1	21268
      1	21276
      1	21337
      1	21471
      1	21519
      1	21717
      1	21830
      1	21856
      1	21911
      1	22010
      1	22386
      1	22511
      1	22675
      1	22812
      1	22841
      1	22931
      1	23243
      1	23266
      1	23337
      1	23374
      1	23526
      2	23577
      1	23601
      1	23709
      2	24058
      1	24138
      1	24345
      1	24469
      1	24800
      1	24825
      1	25129
      1	25154
      1	25173
      1	25338
      1	25358
      1	25365
      1	25488
      2	25538
      1	25653
      1	25663
      1	26146
      1	26219
      1	26246
      1	26289
      1	26470
      1	26471
      2	26806
      1	26874
      1	26947
      1	27039
      1	27208
      1	27263
      1	27350
      1	27444
      1	27509
      1	27731
      1	27752
      1	27867
      1	27893
      1	28012
      4	28025
      1	28218
      1	28584
      2	28960
      1	29002
      1	29061
      1	29253
      1	29578
      1	29596
      1	29629
      1	29722
      2	29880
      1	29892
      1	29936
      3	29948
      1	30021
      2	30224
      1	30352
      1	30430
      1	30544
      1	30611
      1	30843
      1	31355
      1	31395
      1	31571
      1	31634
      1	31731
      1	31833
      1	31947
      2	31983
      1	31990
      1	32266
      1	32389
      1	32481
      1	32483
      2	32863
      1	32995
      3	33069
      1	33348
      1	33417
      1	33464
      1	33484
      1	33587
      1	33651
      1	33844
      1	34076
      1	34264
      1	34281
      1	34351
      1	34427
      1	34576
      1	34627
      1	34775
      1	34795
      1	34945
      1	35000
      1	35391
      1	35717
      1	35754
      1	35880
      1	35978
      1	36056
      1	36090
      1	36147
      2	36295
      1	36368
      1	36428
      1	36710
      1	36838
      1	36950
      1	37052
      1	37090
      1	37111
      2	37285
      1	37350
      1	37358
      1	37414
      1	37640
      1	37716
      1	37744
      1	37939
      2	37997
      1	38366
      1	38395
      2	38447
      1	38520
      1	38601
      1	38631
      1	38774
      2	38839
      1	38925
      1	38926
      1	39043
      1	39184
      1	39330
      1	39357
      1	39541
      1	39624
      1	39734
      1	39807
      1	39885
      1	39978
      1	40085
      1	40170
      1	40252
      1	40263
      1	40314
      1	40358
      1	40392
      1	40394
      2	40574
      1	40648
      1	40661
      1	40855
      1	41009
      1	41034
      1	41047
      1	41582
      1	41791
      1	41800
      1	41823
      1	41848
      2	41985
      1	42010
      1	42155
      1	42168
      1	42389
      1	42404
      1	42408
      1	42501
      1	42517
      1	42525
      1	42888
      2	42970
      1	43267
      1	43498
      1	43514
      2	43705
      1	43832
      1	43849
      1	43977
      1	44061
      6	44078
      1	44139
      1	44211
      1	44329
      1	44355
      1	44457
      2	44617
      1	44630
      1	44725
      1	44929
      1	44961
      1	45142
      1	45247
      1	45443
      1	45464
      1	45506
      1	45808
      1	46028
      1	46352
      1	46450
      2	46451
      1	46595
      1	46928
      1	47009
      1	47226
      1	47250
      1	47384
      1	47447
      1	47499
      1	47526
      1	47579
      1	47660
      1	47883
      2	47952
      2	47992
      1	48005
      1	48086
      1	48235
      1	48513
      1	48834
      1	48847
      1	48870
      1	48924
      2	49014
      1	49236
     10	49458
      2	49541
      1	49804
      2	49966
      1	50079
      1	50166
      1	50388
      1	50474
      1	50485
      1	50785
      1	50821
      1	50899
      1	50905
      1	50911
      2	50952
      1	51069
      1	51354
      1	51394
      1	51449
      1	51483
      1	51614
      1	51644
      1	51766
      1	51787
      1	51851
      1	51868
      1	51920
      2	52121
      2	52344
      1	52376
      1	52414
      1	52541
      1	52769
      1	52796
      1	52851
      2	52918
      1	53156
      1	53181
      1	53228
      1	53339
      2	53349
      1	53531
      1	53552
      1	53596
      1	53707
      1	54102
      1	54103
      2	54245
      1	54356
      1	54530
      1	54712
      1	54756
      1	54784
      2	54989
      1	55215
      1	55222
      1	55502
      2	55587
      1	55676
      1	55919
      1	55944
      1	56084
      1	56113
      1	56232
      1	56578
      1	56642
      1	56706
      1	56939
      1	57056
      1	57144
      1	57177
      1	57214
      1	57261
      1	57349
      1	57527
      1	57528
      1	57719
      1	57767
      1	57923
      1	58036
      2	58155
      1	58212
      1	58297
      1	58351
      1	58466
      1	58477
      1	58587
      1	58895
      1	59026
      1	59134
      1	59178
      1	59231
      3	59271
      1	59274
      1	59281
      1	59369
      1	59407
      1	59474
      1	59636
      1	59720
      1	59947
      1	60306
      3	60331
      1	60496
      1	60626
      2	60852
      1	60909
      1	61116
      1	61121
      4	61152
      2	61231
      1	61261
      1	61832
      1	61869
      1	62012
      1	62035
      1	62193
      2	62318
      1	62340
      2	62349
      1	62377
      3	62577
      1	62615
      1	62664
      1	62808
      2	62811
      1	63160
      1	63222
      1	63338
      1	63381
      1	63402
      1	63409
      1	63743
      1	63791
      1	63879
      1	63882
      1	63918
      2	64032
      1	64071
      1	64283
      2	64657
      1	64958
      1	65048
      2	65049
      1	65110
      1	65328
      2	65408
      1	65461
      1	65516
