     10	91
      1	113
      1	175
      2	283
      1	302
      1	505
      1	577
      1	580
      1	598
      2	713
      1	722
      2	813
      1	1016
      1	1232
      1	1251
      1	1285
      1	1393
      1	1405
      1	1441
      1	1552
      3	1733
      2	1738
      1	1830
      2	1857
      2	2093
      1	2388
      1	2414
      1	2435
      1	2460
      1	2475
      1	2674
      6	2688
      4	2849
      8	2872
      1	2984
      1	3013
      1	3079
      2	3128
      1	3212
      1	3245
      2	3402
      1	3409
      1	3486
      1	3540
      2	3578
      2	3644
      1	3648
      1	3650
      1	3690
      1	3727
      1	3891
      1	3967
      2	4113
      1	4184
      3	4249
      1	4299
      1	4315
      2	4349
      2	4442
      1	4749
      1	4810
      1	4848
      1	4935
      1	4985
      1	5475
      2	5810
      1	5870
      7	6156
      2	6239
      1	6285
      1	6345
      1	6405
      1	6497
      1	6503
      2	6622
      1	6772
      1	6803
      2	6861
      2	6945
      2	6980
      1	7101
      2	7221
      1	7356
      1	7466
      1	7518
      1	7692
      1	7713
      1	7955
      1	8175
      1	8279
      1	8281
      1	8339
      1	8362
      1	8427
      1	8432
      3	8677
      1	8703
      1	8736
      1	8754
      1	9182
      1	9317
      1	9409
      1	9498
      1	9545
      1	9604
      1	9610
      2	9773
      2	9797
      1	9839
      1	9868
      1	9888
      5	9900
      2	10194
      2	10346
      1	10409
      1	10451
      1	10533
      1	10725
      1	10732
      1	10908
      1	11032
      1	11290
      1	11321
      1	11461
      1	11601
      2	11608
      1	11650
      1	12407
      2	12708
      1	12762
      1	12826
      1	12860
      2	13067
      1	13441
      1	13653
      1	13720
      1	13734
      1	13745
      1	13871
      1	14111
      4	14429
      1	14435
      1	14478
      1	14720
      1	14747
      1	14986
      1	15012
      1	15064
      1	15181
      1	15257
      1	15403
      6	15429
      1	15590
      2	15599
      2	15756
      1	15772
      1	15995
      1	16019
      2	16148
      1	16241
      2	16276
      1	16503
      3	16555
      1	16715
      1	16771
      1	16830
      1	16935
      1	17021
      1	17023
      1	17115
      1	17164
      1	17225
      1	17352
      1	17439
      1	17507
      1	17934
      1	17989
      1	18003
      1	18010
      1	18092
      1	18270
      2	18504
      3	18590
      2	18672
      1	18757
      1	18768
      1	19371
      1	19462
      1	19696
      1	19799
      1	19918
      2	20012
      1	20047
      5	20191
      1	20324
      2	20441
      1	20772
      1	20965
      1	21015
      2	21040
      1	21096
      1	21215
      1	21237
      1	21258
      3	21285
      1	21340
      1	21382
      2	21464
      2	21591
      1	21778
      1	21823
      1	21844
      1	22032
      2	22330
      3	22365
      2	22417
      1	22467
      1	22484
      1	22515
      1	22625
      1	22784
      1	22806
      1	22847
      1	22995
      1	23138
      1	23313
      1	23577
      1	23815
      1	23953
      1	23973
      1	23976
      1	24118
      1	24123
      1	24166
      1	24376
      1	24451
      2	24472
      1	24485
      2	24626
      1	24742
      2	24747
      1	24822
      1	24849
      2	24941
      1	25263
      1	25358
      1	25495
      1	25511
      1	25527
      1	25628
      1	25899
      2	25921
      2	26139
      1	26420
      1	26628
      1	26635
      1	26666
      1	26947
      3	27039
      1	27155
      1	27476
      2	27691
      1	27693
      5	27701
      1	27740
      1	27873
      1	28250
      1	28571
      1	28769
      1	28994
      1	29124
      1	29184
      2	29364
      1	29367
      1	29514
      1	29638
      1	29879
      1	29948
      2	29980
      1	30055
      1	30056
      1	30167
      1	30527
      1	30626
      1	30631
      1	30661
      1	30791
      1	30824
      1	30877
      1	30941
      1	30986
      1	31028
      1	31088
      1	31105
      1	31397
      2	31424
      1	31526
      1	31728
      1	32180
      2	32194
      2	32206
      2	32259
      1	32707
      1	32995
      1	33145
      1	33188
      2	33211
      1	33272
      1	33311
      1	33474
      2	33495
      2	33500
      2	33971
      1	34110
      1	34158
      1	34168
      1	34190
      1	34399
      1	34405
      2	34723
      1	34761
      1	34795
      1	34797
      1	34827
      2	34902
      1	34925
      1	34962
      1	35419
      1	35420
      2	35572
      1	35717
      1	35724
      1	35813
      1	35851
      2	35869
      1	36028
      2	36111
      1	36230
      1	36566
      1	36638
      1	36642
      1	36672
      1	36690
      2	36734
      1	36787
      1	36812
      1	36945
      1	37062
      1	37226
      1	37253
      1	37308
      2	37324
      2	37475
      1	37553
      1	37620
      1	37679
      1	37709
      1	37777
      1	37907
      2	38164
      1	38259
      5	38273
      2	38398
      1	38480
      1	38665
      1	38719
      7	38756
      1	38814
      1	38888
      1	38897
      1	39086
      1	39172
      4	39184
      1	39254
      3	39265
      1	39278
      3	39638
      1	39650
      1	40055
      2	40068
      1	40085
      4	40175
      1	40249
      1	40387
      1	40439
      1	40502
      1	40605
      3	40711
      1	40901
      3	41209
      1	41292
      1	41394
      1	41421
      1	41494
      1	41582
      1	41656
      8	41669
      1	41690
      1	41791
      1	41880
      1	42013
      2	42018
      1	42051
      1	42309
      1	42333
      1	42425
      1	42595
      1	42601
      3	43055
      1	43763
      1	43777
      1	43826
      1	43861
      1	43963
      1	44063
      1	44073
      1	44117
      1	44489
      1	44724
      1	44761
      2	44961
      1	45012
      1	45255
      6	45425
      1	45586
      5	45611
      2	45696
      1	45778
      1	46075
      1	46076
      1	46147
      1	46225
      1	46262
      1	46392
      1	46558
      2	46595
      1	46623
      1	46656
      1	46680
      4	46692
      1	46733
      1	46766
      1	47113
      2	47178
      1	47535
      1	47665
      1	47943
      1	48105
      1	48218
      1	48247
      3	48329
      1	48336
     37	48708
      1	48734
      1	48787
      2	48799
      1	48852
      4	48924
      1	48983
      1	49122
      1	49361
      1	49797
      2	49966
      1	50190
      2	50382
      1	50485
      3	50497
      1	50584
     10	50660
      1	50777
      1	51036
      1	51326
      2	51793
      1	51805
      1	51957
      2	51994
      1	52100
      1	52133
      1	52177
      1	52308
      1	52397
      1	52491
      1	52679
      1	52697
      1	52926
      1	52968
      1	53015
      1	53041
      1	53349
      1	53502
      1	53749
      1	53908
      1	53960
      1	54449
      1	54525
      1	54732
      1	54807
      2	54916
      1	55085
      1	55207
      1	55210
      1	55224
      1	55245
      2	55305
      1	55517
      1	55528
      2	55981
      2	56056
      1	56105
      1	56525
      1	56667
      1	56791
      2	56806
      1	56904
      1	56956
      1	57131
      5	57144
      1	57260
      1	57423
      1	57555
      1	57643
      5	57824
      2	57981
      1	58041
      1	58098
      1	58119
      2	58216
      1	58445
      1	58466
      1	58577
      3	58679
      1	58860
      1	59006
      1	59178
      1	59231
      1	59533
      4	59535
      1	59567
      1	59571
      1	59644
      1	59720
      2	59938
      1	60058
      1	60203
      1	60488
      1	60501
      1	60750
      1	60764
      2	60909
      2	61054
      4	61140
      1	61207
      1	61227
      1	61549
      1	61595
      1	61648
      1	61680
      1	61774
      1	61867
      1	61872
      1	62073
      1	62268
      1	62579
      1	62681
      1	62711
      1	62753
      1	62799
      1	62811
      1	62948
      2	63002
      1	63363
      1	63419
      1	63460
      2	63480
      1	64102
      1	64129
      1	64219
      2	64278
      1	64339
      1	64500
      5	64649
      1	64738
      1	64794
      1	64883
      2	64938
      1	65184
      1	65195
      1	65207
      5	65414
