      1	11
      1	18
      1	45
      1	67
      1	68
      1	85
     23	91
      1	114
      5	165
      2	179
      2	208
      2	221
      1	227
      4	237
      1	276
      1	283
      1	303
      4	319
      1	379
      1	409
      2	428
      1	475
      1	488
      8	505
      1	508
      2	546
      6	550
      1	551
      6	590
      1	645
      1	648
      1	671
      1	699
      1	701
      5	713
      2	716
      4	730
      1	731
      8	739
      1	813
      1	867
      1	921
      1	923
      1	953
      1	982
      1	995
      2	1018
      2	1023
      1	1024
      1	1038
      1	1039
      1	1058
      1	1066
      1	1072
      1	1091
      2	1099
      1	1143
      1	1190
      4	1204
      1	1232
      1	1248
      2	1285
      1	1317
      1	1330
      1	1387
      1	1405
      1	1411
      4	1412
      1	1431
      3	1448
      1	1471
      1	1493
      1	1504
      2	1508
      2	1518
      1	1536
      1	1597
      1	1599
      1	1606
      1	1611
      1	1651
      4	1683
      2	1689
      2	1714
      4	1760
      1	1765
      1	1780
      2	1782
      1	1802
      5	1857
      1	1859
      2	1873
      2	1876
      2	1882
      1	1941
      2	1948
      1	1951
      2	1961
      3	1983
      2	1995
      1	2002
      1	2038
      1	2041
      1	2046
      2	2051
      1	2072
      2	2077
      3	2093
      1	2095
      1	2108
      1	2118
      1	2124
      1	2139
      1	2173
      1	2178
      1	2179
      1	2253
      4	2258
      2	2260
      4	2277
      2	2286
      1	2327
      1	2329
      2	2343
      2	2350
      1	2471
      2	2474
      1	2475
      2	2505
      1	2519
      1	2527
      1	2558
      1	2566
      1	2600
      4	2608
      1	2609
      1	2612
      1	2648
      1	2659
      1	2665
      1	2683
      1	2687
      1	2689
      1	2740
      1	2775
      1	2814
      1	2839
     81	2849
      4	2872
      1	2908
      1	2933
      1	2979
      1	2982
      1	3029
      1	3050
      1	3058
      1	3093
      1	3103
      1	3105
      1	3121
      1	3128
      1	3170
      2	3208
      2	3209
      7	3212
      1	3213
      1	3243
      3	3255
      1	3276
      6	3311
      2	3351
      1	3358
      1	3367
      1	3388
      2	3409
      1	3425
      1	3442
      1	3456
      1	3483
      1	3493
      1	3494
      1	3496
      2	3502
      2	3514
      5	3532
      1	3543
      1	3603
      1	3606
      1	3612
      1	3621
      1	3622
      1	3637
      3	3663
      1	3672
      1	3677
      1	3690
      1	3692
      1	3727
      3	3732
      1	3764
      3	3781
      1	3794
      1	3815
      1	3840
      1	3854
      1	3881
      1	3894
      2	3918
      1	3960
      1	3977
      3	4025
      1	4063
      4	4066
      2	4079
      4	4116
      1	4121
      1	4140
      4	4141
      1	4166
      1	4211
      1	4218
      1	4220
      1	4238
      1	4254
      1	4339
      1	4340
     21	4358
      1	4427
      1	4468
      1	4485
      1	4492
      1	4524
      1	4552
      1	4592
      3	4621
      1	4641
      4	4646
      1	4695
      2	4703
      1	4715
      2	4724
      1	4766
      1	4772
      1	4773
      1	4775
      4	4776
      1	4780
      1	4784
      3	4830
      1	4841
      3	4848
      1	4849
      1	4869
      1	4879
      2	4904
      4	4908
      1	4926
      1	4938
      1	4951
      2	4960
      1	4967
      4	4980
      1	4985
      1	5030
      2	5031
      1	5043
      1	5050
      2	5109
      1	5125
      2	5128
      1	5140
      2	5154
      3	5166
      1	5171
      2	5188
      1	5224
      2	5239
      1	5253
      6	5291
      2	5301
      1	5302
      2	5303
      1	5312
      4	5318
      2	5322
      1	5338
      1	5389
      7	5424
      4	5428
      2	5441
      1	5457
      2	5476
      1	5492
      1	5541
      1	5565
      1	5589
      1	5635
      1	5636
      2	5645
      1	5647
      1	5670
      3	5741
      1	5761
      2	5810
     15	5823
      1	5833
      2	5834
      1	5844
      1	5854
      1	5868
      1	5870
      1	5888
      2	5931
      1	5964
      4	6040
      1	6060
      1	6062
      1	6099
      1	6124
      1	6128
      6	6156
      2	6183
      2	6202
      2	6208
      1	6210
      4	6235
      1	6247
      1	6257
      1	6275
      1	6327
      1	6345
      1	6358
      2	6360
      1	6399
      4	6429
     24	6497
      1	6510
      1	6522
      2	6557
      2	6558
      1	6564
      1	6573
      1	6587
      1	6603
      1	6617
      1	6622
      1	6628
      1	6636
      3	6647
      1	6649
      1	6675
      1	6684
      1	6688
      1	6707
      1	6731
      2	6739
      1	6759
      1	6770
      1	6828
      3	6836
      2	6842
      1	6899
      3	6905
      1	6936
      1	6944
      1	6946
      1	6964
      1	6965
      1	6973
      1	6996
      1	7026
      1	7032
      1	7037
      1	7041
      1	7060
      1	7067
      1	7069
      1	7090
      1	7117
      1	7118
      1	7173
      1	7182
      2	7195
      1	7203
      2	7223
      2	7234
      1	7252
      2	7270
      1	7294
      2	7359
      1	7376
      1	7392
      1	7421
      1	7435
      1	7444
      1	7456
     10	7457
      2	7467
      1	7487
      1	7511
      1	7520
      1	7607
      1	7629
      1	7648
      1	7664
      1	7672
      1	7677
      3	7689
      1	7712
      1	7725
      1	7726
      2	7793
      1	7817
      1	7829
      1	7842
      1	7850
      1	7936
      1	7970
      1	7981
      1	7993
      1	8037
      1	8039
      1	8061
      1	8118
      1	8126
      1	8139
      1	8154
      1	8173
      2	8246
      1	8279
      1	8281
      1	8289
      1	8312
      1	8316
      1	8341
      1	8351
      3	8374
      2	8381
      1	8390
      2	8427
      1	8450
      4	8458
      2	8489
      3	8495
      2	8504
      4	8518
      3	8530
      1	8570
      1	8599
      4	8607
      1	8615
      4	8627
      1	8639
      1	8640
      7	8657
      1	8666
      1	8667
      1	8671
      1	8673
      1	8675
      2	8702
      1	8728
      1	8746
      3	8760
      4	8839
      1	8849
      1	8856
      1	8897
      1	8899
      3	8944
      1	8953
      2	8956
      3	8958
      1	8974
      1	8983
      1	8999
     18	9007
      2	9011
      1	9028
      1	9029
      1	9047
      1	9056
      2	9058
      1	9059
      1	9062
      3	9067
      1	9086
      1	9124
      2	9126
      1	9155
      1	9198
      3	9200
      1	9212
      3	9234
      1	9235
      1	9295
      1	9324
      1	9325
      4	9329
      2	9384
      2	9393
      1	9406
      2	9425
      5	9433
      1	9470
      5	9503
      1	9509
      1	9510
      1	9530
      1	9546
      1	9555
      1	9604
      3	9610
      2	9776
      2	9797
      1	9826
      1	9832
      1	9842
      5	9869
      1	9878
      1	9893
      4	9900
      1	9935
      1	9963
      1	9992
      2	9999
      1	10009
      1	10011
      3	10022
      2	10026
      1	10040
      1	10043
      1	10052
      1	10053
      3	10097
      2	10113
      1	10135
      4	10151
      2	10156
      1	10211
      1	10315
      1	10327
      1	10346
      1	10363
      1	10367
      1	10391
      4	10401
      1	10432
      2	10447
      4	10456
      2	10466
      3	10481
      1	10496
      5	10504
      1	10510
      2	10541
      1	10555
      1	10556
      2	10603
      1	10610
      4	10623
      1	10628
      2	10636
      1	10654
      1	10681
      1	10687
      4	10751
      4	10769
      3	10776
      1	10777
      1	10792
      2	10798
      1	10863
      2	10871
      1	10919
      1	10931
      1	10935
      1	10943
      2	10944
      1	10980
      1	10986
      4	10992
      1	11014
      4	11071
      3	11082
      1	11173
      2	11253
      1	11298
      1	11300
      2	11302
      1	11303
      1	11349
      2	11379
      3	11382
      1	11398
      4	11442
      1	11453
      1	11472
      1	11478
      2	11509
      1	11529
      1	11548
      1	11652
      1	11670
      2	11678
      1	11727
      1	11736
      1	11751
      1	11765
      1	11784
      1	11794
      1	11829
      1	11833
      2	11848
      1	11869
      1	11891
      1	11895
      1	11912
      2	11923
      1	11945
      2	11946
      1	11964
      1	11984
      1	12007
      4	12035
      8	12058
      1	12090
      1	12151
      1	12154
      1	12162
      3	12188
      1	12199
      1	12208
      1	12218
      1	12251
      2	12253
      1	12263
      1	12280
      1	12304
      1	12340
      1	12345
      5	12356
      1	12357
      1	12381
      1	12390
      3	12397
      1	12409
      1	12477
      1	12500
      1	12523
      6	12534
      1	12575
      1	12589
      1	12620
      4	12661
      1	12669
      1	12670
      1	12678
      1	12707
      1	12717
      1	12728
      2	12741
      1	12742
      1	12753
      1	12792
      3	12814
      1	12819
      1	12824
      1	12849
      1	12854
      1	12856
      1	12874
      3	12915
      1	12918
      2	12937
      1	12946
     11	12952
      1	12981
      1	12986
      1	12993
      1	13017
      2	13118
      1	13155
      1	13194
      1	13205
      1	13234
      3	13238
      4	13240
      1	13257
      1	13285
      1	13292
     23	13298
      3	13300
      1	13321
      3	13333
      1	13335
      2	13338
      5	13371
      1	13409
      1	13414
      2	13439
      1	13442
      2	13461
      1	13463
      1	13475
      1	13489
      2	13492
      2	13499
      1	13502
      1	13503
      3	13504
      1	13617
      1	13636
      2	13658
      1	13675
      3	13679
      2	13708
      1	13715
      1	13724
      4	13731
      1	13743
      1	13773
      1	13777
      2	13843
      2	13846
      1	13865
      1	13882
      1	13883
      4	13914
      1	13921
      1	13937
      4	13951
      1	13953
      2	13961
      4	13963
      1	13996
      1	14019
      1	14033
      3	14065
      1	14100
      1	14117
      1	14138
      1	14169
      1	14179
      4	14205
      1	14214
      2	14279
      1	14287
      1	14310
      4	14327
      3	14349
      1	14358
      1	14364
      1	14380
      2	14385
      1	14389
      4	14392
      1	14401
      5	14430
      1	14443
      4	14453
      1	14472
      1	14473
      1	14509
      1	14518
      1	14519
      1	14524
      4	14537
      1	14555
      1	14589
      1	14592
      2	14649
      1	14650
      1	14659
      1	14662
      2	14663
      2	14693
      1	14705
      1	14759
      2	14787
      1	14800
      4	14817
      4	14847
      1	14849
      1	14859
      2	14867
      1	14872
      2	14902
      1	14905
      1	14912
      1	14935
      1	14936
      4	14966
      1	14999
      1	15034
      2	15046
      1	15074
      1	15075
      1	15088
      1	15117
      1	15121
      1	15123
      2	15132
      3	15141
      1	15174
      1	15199
      1	15201
      1	15203
      2	15224
      1	15251
      6	15282
      4	15307
      1	15352
     16	15458
      1	15482
      2	15515
      1	15530
      1	15549
      1	15561
      1	15593
      1	15611
      1	15626
      1	15650
      1	15671
      1	15684
      1	15687
      1	15689
      1	15699
      4	15726
      1	15733
      1	15854
      1	15856
      1	15862
      1	15881
      4	15901
      1	15902
      1	15911
      4	15913
      2	15923
      1	15931
      3	15952
      2	15982
      8	15984
      1	16004
      1	16012
      1	16029
      1	16033
      1	16038
      1	16049
      1	16065
      1	16079
      1	16099
      1	16106
      1	16107
      2	16110
      4	16122
      1	16143
      2	16148
      1	16149
      4	16205
      1	16222
      1	16256
      1	16269
      1	16285
      1	16299
      2	16345
      2	16348
      1	16355
      1	16365
      2	16379
      2	16383
      1	16396
      1	16415
      1	16418
      1	16452
      3	16526
      1	16544
      1	16554
      2	16595
      4	16601
      1	16646
      1	16668
      1	16695
      3	16753
      1	16762
      1	16780
      2	16785
      1	16817
      1	16823
      1	16825
      1	16826
      1	16831
      2	16860
      1	16862
      1	16886
      1	16890
      2	16892
      1	16969
      1	17005
      1	17010
      2	17015
      1	17019
      1	17040
      2	17070
      4	17073
      1	17115
      1	17137
      1	17149
      3	17163
      1	17184
      1	17192
      3	17216
      2	17219
      2	17224
      4	17227
      1	17242
      1	17300
      2	17305
      1	17314
      4	17338
      7	17352
      1	17375
      1	17386
      1	17394
      2	17412
      1	17448
      1	17482
      5	17489
      2	17492
      4	17496
      1	17570
      1	17587
      1	17613
      1	17624
      2	17667
      4	17687
      1	17707
      2	17739
      1	17753
      1	17754
      1	17825
      1	17835
      2	17867
      1	17890
      1	17920
      2	17923
      1	17940
      1	17972
      2	17979
      1	18019
      1	18023
      1	18024
      4	18032
      3	18064
      1	18076
      2	18077
      1	18081
      1	18116
      1	18149
      3	18180
      1	18227
      1	18312
     15	18348
      1	18357
      4	18387
      2	18400
      1	18408
      1	18416
      3	18420
      1	18442
      1	18464
      2	18466
      1	18475
      1	18492
      1	18515
      4	18537
      1	18540
      1	18590
      2	18627
      1	18649
      1	18650
      2	18656
      1	18696
      1	18735
      2	18747
      2	18750
      1	18761
      1	18774
      1	18778
      4	18823
      2	18851
      3	18939
      1	18971
     15	19083
      1	19100
      4	19136
      1	19187
      1	19212
      1	19227
      1	19247
      1	19273
      1	19282
      1	19326
      1	19347
      1	19356
      3	19362
      1	19367
      6	19425
      2	19460
      1	19480
      3	19483
      1	19498
      4	19517
      1	19520
      1	19522
      7	19549
      1	19578
      2	19580
      1	19586
      4	19604
      2	19612
      1	19638
      2	19664
      1	19665
      3	19702
      1	19713
      1	19745
      2	19783
      1	19790
      1	19824
      1	19835
      1	19875
      1	19884
      1	19919
      1	19974
      2	19978
      1	19984
      1	19989
     19	20008
      3	20015
      1	20028
      1	20029
      1	20030
      1	20037
      1	20045
      1	20047
      1	20065
      4	20087
      1	20088
      2	20097
      2	20108
      1	20137
      1	20176
      2	20187
      1	20189
      1	20208
      2	20212
      5	20226
      1	20232
      3	20249
      1	20308
      5	20315
      1	20318
      1	20326
      5	20345
      2	20375
      2	20402
      2	20408
      3	20419
      1	20459
      1	20472
      2	20484
      1	20487
      1	20502
      1	20537
      1	20541
      1	20591
      1	20642
      1	20648
      1	20655
      1	20657
      1	20680
      1	20683
      2	20724
      1	20748
      1	20750
      2	20756
      1	20775
      2	20785
      1	20786
      5	20802
      1	20806
      1	20831
      4	20832
      2	20869
      2	20879
      1	20881
      1	20893
      2	20937
      1	20960
      1	20964
      1	20967
      2	20971
      1	21025
      2	21028
      1	21089
      2	21096
      2	21125
      1	21126
      1	21144
      4	21150
      1	21180
      1	21195
      2	21212
      1	21215
      1	21219
      2	21227
      1	21239
      1	21251
      1	21253
      1	21260
      1	21271
      2	21282
      1	21322
      1	21329
      2	21330
     14	21342
      1	21373
      3	21380
      2	21410
      4	21417
      1	21421
      1	21441
      2	21464
      1	21505
      2	21516
      1	21544
      1	21595
     10	21653
      2	21664
      2	21672
      1	21686
      1	21749
      1	21799
      1	21805
      1	21808
      3	21822
      1	21866
      1	21873
      1	21874
      1	21909
      1	21939
      1	22050
      1	22067
      1	22078
      1	22131
      2	22175
      1	22190
      1	22206
      1	22211
      1	22242
      1	22257
      1	22292
      1	22308
      2	22314
      9	22330
      2	22334
      1	22342
      1	22343
      2	22350
      1	22367
      1	22406
      1	22427
      2	22437
      1	22502
      1	22503
      1	22527
      2	22533
      1	22592
      1	22599
      4	22624
      1	22625
      1	22626
      1	22647
      1	22665
      1	22696
      1	22713
      1	22724
      1	22730
      1	22732
      4	22743
      2	22823
      1	22848
      4	22855
      1	22862
      1	22867
      1	22889
      6	22893
      2	22926
      1	22957
      1	22962
      1	23017
      1	23022
      1	23023
      1	23029
      2	23033
      2	23050
      1	23080
      1	23105
      2	23117
      1	23129
      1	23135
      2	23161
      1	23182
      1	23183
      1	23185
      4	23232
      3	23237
      2	23275
      1	23282
      1	23288
      1	23291
      4	23307
      1	23323
      1	23354
      1	23374
      1	23376
      1	23400
      1	23410
      6	23413
      1	23461
      1	23490
      1	23498
      1	23513
      1	23523
      1	23543
      1	23549
      1	23552
      1	23559
      1	23578
      3	23580
     16	23594
      1	23599
      5	23609
      1	23618
      2	23620
      2	23624
      1	23631
      1	23676
      1	23683
      1	23685
      1	23711
      1	23739
      1	23754
      2	23757
      1	23767
      1	23772
      1	23814
      1	23828
      1	23844
      1	23872
      1	23874
      1	23904
      2	23940
      1	23946
      2	23963
      1	23965
      2	23973
      6	23976
      1	23977
      1	23998
      1	24011
      3	24013
      1	24052
      1	24060
      1	24062
      1	24065
      1	24075
      1	24076
      4	24116
      4	24133
      1	24160
      1	24166
      1	24212
      2	24224
      1	24260
      3	24266
      1	24271
      1	24290
      1	24339
      1	24434
      1	24440
     37	24456
      1	24482
      1	24501
      1	24546
      2	24573
      4	24589
      1	24612
      1	24623
      2	24640
      1	24641
      1	24695
      1	24696
      4	24713
      1	24716
      1	24722
      1	24743
      1	24758
      1	24800
      1	24801
      1	24803
      4	24850
      1	24853
      1	24858
      2	24881
      1	24896
      1	24978
      1	24999
      4	25004
     24	25024
      1	25034
      1	25048
      1	25112
      1	25152
      1	25164
      4	25171
      1	25177
      1	25185
      1	25292
      1	25315
      4	25328
      1	25329
      1	25338
      1	25348
      4	25352
      4	25368
      5	25381
      1	25384
      1	25394
      1	25436
      1	25437
      1	25450
      2	25454
      2	25476
      1	25484
      1	25499
      4	25593
      1	25600
      2	25641
      2	25650
      1	25658
      4	25667
      1	25678
      4	25689
      1	25732
      1	25805
      4	25833
      1	25853
      1	25891
      1	25896
      3	25899
      1	25914
      1	25926
      1	25984
      2	26009
      1	26023
      1	26036
      2	26070
      1	26073
      1	26088
      1	26112
      1	26163
      1	26199
      1	26217
      1	26234
      1	26235
      1	26236
      1	26240
      2	26263
      1	26296
      1	26318
      1	26329
      1	26341
      2	26409
      2	26420
      1	26465
      1	26470
      1	26553
      7	26556
      1	26576
      1	26617
      2	26623
      4	26630
      1	26637
      2	26642
      2	26674
      1	26748
      1	26751
      1	26759
      2	26791
      1	26850
      2	26909
      1	26927
      1	26931
      1	26947
      1	26949
      1	27007
      1	27018
      1	27039
      1	27050
      1	27069
      1	27076
      2	27079
      1	27092
      1	27094
      1	27142
      1	27151
      1	27190
      1	27230
      1	27240
      1	27258
      1	27265
      1	27279
      5	27293
      1	27298
      1	27312
      4	27348
      1	27352
      1	27390
      7	27395
      2	27403
      1	27423
      1	27439
      1	27443
      1	27469
      2	27476
      1	27519
      1	27525
      2	27550
      1	27586
      1	27599
      1	27616
      3	27677
      2	27686
      1	27707
      2	27725
      1	27756
      1	27764
      1	27765
      1	27771
      1	27773
      1	27830
      1	27858
      4	27872
      1	27927
      1	27941
      1	28013
      1	28024
      2	28025
      1	28092
      1	28112
      4	28119
      4	28176
      2	28211
      4	28219
      1	28229
      2	28244
      1	28247
      1	28274
      1	28290
      1	28295
      1	28303
      1	28331
      6	28349
      1	28415
      1	28462
      2	28487
      1	28564
      3	28578
      1	28580
      2	28615
      1	28623
      1	28626
      1	28628
      4	28714
      2	28717
      1	28781
      1	28808
      1	28821
      1	28827
      3	28894
      1	28906
      1	28908
      4	28931
      2	28960
      1	28980
      1	29011
      1	29028
      1	29043
      1	29051
      1	29082
      1	29085
      1	29087
      1	29110
      1	29133
      1	29136
      1	29138
      2	29220
      1	29224
      3	29246
      1	29354
      3	29398
      2	29402
      1	29437
      1	29453
      1	29469
      1	29471
      1	29489
      1	29506
      1	29535
      1	29548
      3	29591
      1	29596
      1	29601
      2	29604
      1	29609
      1	29638
      1	29698
      1	29746
      2	29749
      1	29753
      1	29806
      1	29811
      1	29826
      3	29852
      4	29855
      4	29858
      1	29875
      1	29877
      1	29879
      2	29887
      3	29945
      9	29948
      1	29969
      1	30003
      1	30025
      1	30031
      4	30071
      1	30086
      1	30104
      1	30110
      1	30116
      1	30153
      2	30167
      1	30188
      1	30190
     10	30193
      1	30225
      1	30230
     11	30248
      1	30280
      1	30283
      2	30298
      1	30314
      6	30322
      1	30336
      1	30345
      2	30374
      3	30394
      1	30406
      1	30423
      1	30446
      1	30451
      1	30455
      1	30458
      2	30467
      1	30511
      1	30520
      1	30527
      1	30613
      1	30659
      2	30704
      3	30708
      2	30710
      3	30716
      2	30769
      3	30776
      1	30813
      1	30833
      1	30840
      2	30858
      1	30877
      1	30882
      2	30937
      1	30947
      3	30950
      1	30979
      4	30984
      3	31019
      2	31042
      1	31060
      2	31098
      1	31107
      1	31126
      1	31153
      1	31180
      2	31216
      1	31263
      2	31271
      1	31276
      1	31280
      2	31287
      1	31320
      1	31326
      1	31331
      1	31350
      1	31364
      1	31404
      1	31419
      1	31421
      2	31465
      1	31469
      1	31470
      4	31475
      1	31499
      1	31516
      1	31573
      2	31586
      1	31591
      1	31661
      4	31686
      1	31728
      5	31751
      1	31758
      1	31776
      1	31800
      1	31858
      1	31877
      1	31902
      2	31915
      1	31975
      4	31976
      1	31988
      1	31990
      2	32005
      2	32016
      1	32049
      4	32051
      1	32066
      1	32073
      1	32079
      1	32080
      1	32111
      1	32173
      1	32191
      2	32194
      2	32257
      1	32265
      1	32271
      1	32279
      1	32285
      1	32288
      1	32331
      1	32377
      1	32386
      1	32392
      1	32401
      1	32424
      4	32425
      2	32439
      1	32441
      1	32442
      4	32482
      1	32491
      4	32511
      1	32514
      1	32541
      1	32567
      3	32568
      1	32583
      1	32604
      2	32617
      1	32636
      1	32651
      2	32654
      1	32671
      1	32692
      1	32712
      1	32718
      1	32737
      2	32759
      1	32793
     18	32802
      3	32809
      1	32821
      3	32822
      1	32847
      2	32851
      4	32857
      1	32865
      3	32878
      1	32886
      1	32913
      2	32930
      3	32934
      4	32977
      2	33001
      1	33004
      5	33064
      1	33069
      1	33097
      1	33165
      1	33175
      1	33216
      3	33292
      2	33311
      4	33324
      1	33346
      1	33367
      1	33369
      1	33388
      2	33477
      1	33518
      1	33522
      2	33523
      1	33529
      1	33541
      1	33551
      2	33567
      2	33627
      1	33669
      5	33700
      2	33704
      1	33705
      1	33762
      1	33779
      2	33805
      1	33818
     23	33830
      1	33837
      1	33846
      2	33852
      1	33903
      1	33909
      1	33941
      2	33964
      1	33972
      1	33992
      1	33995
      1	34006
      1	34010
      1	34014
      1	34024
      1	34026
      4	34049
      1	34056
      2	34062
      2	34065
      1	34089
      2	34113
      3	34133
      3	34142
      2	34169
      1	34170
      2	34211
      6	34226
      1	34284
      1	34288
      1	34308
      1	34310
      2	34316
      1	34333
      1	34342
      2	34356
      1	34364
      1	34393
      1	34447
      3	34452
      1	34465
      1	34477
      1	34517
      1	34531
      1	34541
      1	34570
      2	34650
      1	34738
      1	34773
      1	34805
      1	34827
      1	34839
      1	34863
      1	34874
      1	34905
      2	34915
      1	34943
      1	34953
      4	34972
      1	34973
      2	34975
      1	34981
      3	35004
      1	35026
      1	35035
      1	35042
      1	35055
      1	35086
      1	35087
      1	35102
      1	35111
      2	35120
      1	35124
      2	35125
      1	35134
      1	35155
      1	35162
      1	35189
      3	35254
      3	35263
      1	35269
      2	35347
      1	35348
      1	35362
      2	35376
      1	35380
      1	35506
      1	35514
     20	35545
      2	35591
      1	35598
      1	35599
      2	35613
      1	35631
      1	35652
      1	35708
      1	35711
      1	35717
      1	35734
      1	35737
      1	35748
      1	35779
      1	35782
      1	35814
      1	35821
      1	35869
      1	35894
      1	35901
      1	35904
      1	35919
      2	35924
      1	35928
      1	35935
      1	35971
      1	36028
      4	36065
      1	36087
      1	36094
      1	36098
      1	36111
      1	36133
      1	36143
      3	36186
      1	36189
      1	36208
      1	36225
      4	36245
      2	36250
      1	36253
      3	36260
      1	36264
      1	36268
      4	36273
      1	36291
      1	36300
      4	36306
      2	36354
      2	36388
      1	36404
      1	36421
      1	36479
      2	36496
      2	36499
      1	36517
      2	36520
      1	36540
      3	36556
      1	36568
      1	36628
      1	36633
      1	36700
      1	36715
      1	36718
      6	36734
      1	36743
      6	36748
      2	36778
      1	36780
      1	36806
      1	36810
      1	36841
      2	36894
      2	36931
      1	36973
      4	36977
      2	36984
      1	37000
      1	37030
      4	37036
      2	37052
      2	37101
      1	37103
      1	37127
      3	37147
      1	37196
      1	37240
      1	37243
      8	37256
      1	37271
      2	37334
      1	37356
      1	37358
      1	37367
      1	37408
      1	37423
      1	37431
      1	37466
      1	37480
      1	37496
      1	37531
      1	37565
      2	37603
      8	37608
      4	37620
      2	37626
      1	37640
      4	37649
      6	37724
      1	37734
      4	37736
      2	37785
      1	37793
      4	37826
      1	37832
      1	37842
      1	37856
      2	37870
      1	37900
      1	37946
      1	37960
      5	37961
      1	37966
      1	37980
      2	37983
      2	38007
      1	38050
      2	38071
      1	38088
      1	38122
      3	38134
      1	38152
      1	38171
      2	38188
      1	38197
      1	38232
      2	38236
      1	38238
      2	38244
      1	38274
      1	38278
      1	38285
      1	38291
      1	38298
      1	38299
      3	38315
      1	38324
      1	38353
      1	38392
      1	38398
      1	38420
      1	38447
      1	38480
      1	38524
      1	38544
      1	38547
      1	38558
      1	38562
      1	38566
      1	38577
      1	38592
      1	38598
      1	38616
      4	38629
      2	38631
      1	38636
      1	38639
      1	38665
      6	38681
      1	38696
      2	38738
      2	38743
      1	38749
     14	38756
      1	38760
      2	38761
      2	38787
      1	38801
      1	38852
      1	38911
      1	38927
      3	38928
      1	38946
      1	38949
      1	38983
      2	39044
      4	39046
      1	39050
      1	39056
      1	39072
      1	39078
      1	39079
      1	39093
      1	39116
      1	39119
      1	39124
      3	39126
      1	39127
      2	39159
      2	39164
      2	39185
      3	39186
      4	39200
      2	39202
      1	39204
      2	39249
      1	39254
      1	39287
      1	39314
      1	39320
      3	39337
      1	39377
      1	39384
      1	39390
      1	39427
      1	39447
      1	39448
      1	39494
      1	39509
      1	39527
      1	39558
      4	39607
      7	39649
      2	39650
      1	39670
      1	39718
      1	39723
      1	39730
      1	39756
      1	39759
      1	39773
      1	39804
      1	39820
      3	39868
      2	39887
      2	39890
      1	39898
      1	39912
      1	39920
      1	39952
      1	39985
      2	40000
      1	40031
      1	40063
      1	40075
      2	40088
      1	40157
      1	40169
      1	40185
      2	40194
      1	40199
      2	40224
      1	40230
      1	40238
      1	40290
      1	40292
      1	40314
      1	40330
      1	40367
      2	40378
      2	40384
      1	40387
      1	40393
      1	40394
      1	40432
      1	40480
      1	40500
      1	40517
      2	40556
      2	40597
      2	40616
      1	40629
      4	40632
      1	40635
      1	40647
      2	40660
      1	40676
      1	40679
      1	40682
      2	40693
      1	40709
      4	40718
      2	40748
      1	40749
      3	40811
      1	40853
      1	40859
      1	40884
      1	40891
      4	40899
      1	40913
      1	40943
      1	40950
      1	40951
      2	41003
      5	41026
      1	41056
      2	41087
      1	41115
      1	41141
      1	41143
      1	41176
      1	41185
      1	41201
      1	41219
      1	41224
      1	41245
      1	41266
      1	41303
      1	41333
      2	41361
      1	41415
      4	41416
      1	41430
      2	41443
      1	41456
      4	41465
      1	41472
      1	41475
      1	41485
      1	41499
      1	41569
      1	41617
      1	41663
      2	41670
      4	41685
      7	41707
      1	41753
      1	41760
      1	41768
      2	41771
      1	41916
      1	41927
      4	41985
      2	41998
      1	42011
      1	42015
      4	42018
      1	42047
      1	42058
      2	42102
      1	42112
      1	42123
      1	42127
      1	42181
      1	42210
      1	42257
      2	42277
      6	42283
      1	42289
      2	42329
      1	42381
      2	42387
      1	42388
      1	42416
      1	42419
      1	42475
      4	42514
      1	42518
     11	42585
      7	42597
      4	42613
      2	42653
      7	42674
      4	42700
      1	42707
      4	42724
      1	42735
      2	42742
      1	42752
      1	42758
      1	42764
      6	42772
      5	42789
      1	42835
      1	42855
      1	42876
      2	42888
      1	42936
      2	42953
      1	42968
      1	42991
      2	43005
      2	43006
      2	43032
      2	43163
      1	43169
      1	43191
      1	43227
      1	43250
      1	43257
      1	43274
      1	43337
      2	43342
      7	43343
      4	43352
      4	43371
      1	43379
      1	43388
      1	43409
      2	43417
      1	43449
      1	43451
      1	43455
      4	43466
      1	43469
      4	43475
      1	43493
      1	43499
      2	43501
      1	43505
      1	43509
      2	43516
      1	43581
      1	43588
      1	43625
      1	43680
      1	43681
      1	43700
      1	43715
      1	43718
      1	43735
      1	43744
      1	43751
      1	43756
      2	43763
      2	43811
      1	43828
      1	43858
      1	43900
      2	43932
      2	43961
      4	43968
      1	44021
      1	44024
      1	44063
      1	44064
      1	44065
      1	44078
      1	44088
      1	44147
      1	44181
      3	44185
      1	44190
      1	44197
      1	44203
      1	44228
      1	44254
      1	44261
      1	44271
      2	44293
      1	44322
      1	44323
      6	44324
      1	44339
      1	44358
      1	44359
      1	44389
      1	44417
      2	44419
      1	44422
      3	44467
      2	44481
      1	44489
      1	44533
      6	44583
      1	44618
      1	44619
      1	44639
      1	44666
      1	44679
      1	44687
      1	44716
      1	44738
      1	44749
      4	44751
      1	44773
      1	44875
      1	44884
      3	44896
      1	44907
      1	44928
      1	44938
      1	44945
      4	44980
      1	45044
      1	45059
      1	45076
      1	45180
      1	45183
      6	45198
      1	45238
     15	45248
      3	45251
      2	45259
      3	45266
      1	45296
      1	45373
      1	45425
      1	45433
      1	45435
      3	45450
      1	45456
      2	45457
      1	45478
      1	45504
      1	45526
      1	45537
      5	45570
      1	45635
      1	45704
      2	45767
      1	45768
      1	45780
      3	45801
      1	45815
      3	45841
      2	45884
      1	45889
      1	45899
      4	45917
      2	45928
      1	45929
      2	45969
      1	45998
      1	46008
      1	46064
      2	46069
      1	46070
      2	46071
      1	46102
      1	46125
      1	46142
      1	46154
      1	46172
      2	46177
      1	46185
      1	46202
      1	46219
      2	46272
      1	46290
      1	46315
      1	46336
      1	46352
      2	46360
      1	46361
      1	46364
      1	46398
      4	46409
      1	46443
      4	46457
      1	46486
      1	46489
      2	46490
      2	46506
      1	46546
      1	46565
      1	46589
      1	46606
      1	46609
      5	46656
      1	46664
      5	46667
      1	46679
      1	46683
      4	46698
      1	46703
      1	46720
      1	46765
      1	46774
      1	46781
      2	46783
      1	46793
      1	46812
      1	46827
      1	46881
      4	46883
      1	46890
      1	46902
      6	46919
      1	46982
      1	47011
      1	47036
      5	47048
      1	47053
      2	47062
      1	47076
      1	47104
      2	47125
      1	47130
      1	47149
    200	47159
      1	47184
      1	47193
      1	47213
      1	47216
      1	47257
      2	47258
      1	47303
      1	47356
      1	47365
      1	47372
      5	47373
      2	47384
      2	47446
      1	47480
      1	47487
      9	47526
      3	47538
      1	47540
      4	47545
      1	47563
      1	47586
      2	47659
      1	47696
      1	47706
      1	47708
      1	47721
      1	47731
      1	47769
      1	47799
      1	47823
      2	47845
      1	47853
      1	47904
      4	47917
      2	47943
      1	47952
      1	47969
      6	47985
      1	48004
      4	48018
      1	48026
      1	48055
      1	48084
      1	48087
      1	48112
      3	48124
      1	48139
      1	48162
      1	48181
      1	48213
      1	48214
      1	48219
      1	48307
      1	48332
      1	48336
      1	48367
      1	48392
      1	48404
      2	48509
      1	48564
      1	48568
      1	48590
      1	48667
      1	48738
      1	48745
      2	48749
      2	48795
      1	48804
      4	48834
      1	48838
      2	48870
      2	48876
      1	48902
      3	48924
      1	48927
      1	48933
      1	48940
      1	48951
      1	48965
      1	48974
      1	48986
      4	48994
      1	49003
      1	49015
      1	49046
      1	49049
      4	49064
      1	49073
      1	49081
      4	49096
      1	49106
      1	49115
      1	49116
      1	49145
      1	49164
      1	49167
      2	49176
      4	49184
      2	49204
      1	49220
      2	49233
      1	49243
      1	49251
      1	49261
      1	49301
      3	49312
      1	49345
      1	49390
      1	49435
      1	49440
      1	49469
      1	49504
      4	49508
      5	49532
      1	49534
      2	49538
      1	49546
      4	49556
      1	49575
      1	49590
      1	49598
      1	49608
      1	49678
      2	49698
      2	49724
      1	49725
      1	49748
      3	49778
      1	49819
      1	49820
      1	49846
      3	49855
      1	49887
      2	49893
      3	49962
      1	49966
      1	49982
      3	49993
      1	50103
      1	50133
      1	50139
      1	50180
      1	50181
      1	50184
      2	50216
      2	50274
      4	50327
      1	50350
      1	50372
      1	50387
      1	50441
      1	50460
      1	50473
      1	50477
      1	50497
      1	50499
      1	50511
      1	50521
      1	50536
      1	50537
      1	50544
      1	50589
      1	50617
      2	50619
      4	50667
      4	50671
      2	50680
      2	50696
      1	50711
      1	50748
      3	50798
      4	50886
      1	50887
      1	50894
      1	50902
      1	50905
      1	50924
      2	50940
      1	50971
      1	50991
      3	51021
      1	51044
      1	51083
      2	51099
      1	51102
      1	51161
      1	51183
     10	51254
      1	51273
      1	51310
      1	51325
      2	51342
     19	51369
      1	51400
      2	51475
      1	51482
      1	51498
      1	51500
      1	51506
      1	51525
      2	51677
      2	51708
      2	51733
      4	51756
      2	51758
      1	51841
      1	51871
      2	51881
      1	51900
      4	51951
      4	51959
      1	52011
      1	52027
      1	52038
      1	52075
      1	52086
      1	52095
      1	52100
      1	52117
      1	52140
      1	52162
      1	52236
      1	52292
      1	52311
      2	52318
      2	52345
      1	52347
      1	52348
      2	52353
      1	52370
      1	52418
      1	52434
      1	52454
      1	52475
      4	52478
      1	52481
      1	52482
      4	52533
      1	52563
      1	52581
      1	52582
      1	52594
      1	52606
      2	52607
      1	52610
      2	52624
      2	52640
      1	52648
      1	52650
      1	52678
      2	52715
      1	52733
      1	52757
      1	52794
      1	52837
      1	52844
      2	52850
      1	52888
      2	52904
      1	52908
      1	52911
      1	52918
      3	53000
      1	53007
      4	53080
      2	53085
      1	53108
      1	53109
      2	53112
      1	53120
      1	53169
      3	53195
      1	53224
      1	53228
      1	53266
      2	53331
      1	53339
      4	53366
      1	53405
      1	53410
      1	53448
      1	53449
      1	53477
      1	53479
      1	53511
      1	53512
      1	53569
      4	53576
      1	53588
      1	53592
      1	53613
      3	53624
      1	53633
      1	53649
      1	53659
      4	53678
      1	53696
      1	53707
      2	53775
      1	53804
      1	53838
      1	53881
      1	53945
      1	53947
      1	53957
      2	53972
      1	53980
      3	53990
      1	54024
      1	54065
      1	54066
      4	54102
      1	54109
     10	54154
      1	54182
      3	54183
      2	54197
      1	54232
      2	54266
      2	54272
      1	54286
      1	54287
      1	54332
      1	54339
      1	54371
      1	54381
      1	54400
      1	54405
      1	54434
      3	54460
      1	54479
      1	54520
      1	54534
      2	54552
      1	54571
      2	54592
      1	54594
      1	54595
      2	54622
      1	54640
      2	54647
      1	54655
      1	54741
      1	54792
      1	54794
      1	54795
      1	54811
      5	54819
      1	54825
      1	54887
      1	54897
      1	54898
      1	54980
      1	54990
      1	55009
      2	55018
      1	55084
      1	55088
      1	55138
      1	55165
      1	55177
      2	55178
      1	55183
      1	55285
      1	55303
      1	55311
      3	55362
      1	55375
      1	55382
      1	55441
      1	55466
      1	55477
      1	55539
      1	55557
      2	55609
      3	55630
      1	55660
      1	55672
      3	55678
      1	55694
      4	55706
      1	55730
      1	55758
      1	55776
      3	55818
      1	55842
      2	55847
      1	55849
      1	55882
      1	55894
      1	55934
      1	55939
      1	55962
      1	55966
      1	55983
      1	55998
      1	56001
      4	56012
      4	56013
      1	56027
      2	56036
      1	56052
      1	56059
      1	56113
      1	56118
      1	56130
      1	56146
      1	56178
      4	56183
      2	56188
      2	56191
      1	56214
      2	56221
      1	56230
      1	56246
      5	56271
      2	56283
      5	56309
      1	56323
      1	56337
      1	56338
      1	56386
      1	56399
      4	56401
      1	56421
      4	56422
      3	56432
      5	56434
      1	56452
      1	56470
      4	56492
      4	56501
      1	56537
      1	56541
      4	56544
      4	56572
      1	56574
      4	56581
      1	56592
      1	56610
      1	56641
      2	56642
      1	56654
      1	56730
      1	56751
      1	56791
      1	56801
      1	56807
      1	56831
      1	56855
      1	56857
      2	56929
      2	56982
      2	56992
      1	57002
      1	57062
     14	57118
      4	57127
      7	57129
      8	57144
      1	57205
      2	57211
      1	57221
      1	57226
      1	57238
      3	57253
      1	57282
      1	57306
      3	57332
     22	57334
      1	57364
      3	57374
      2	57388
      1	57393
      1	57398
      1	57399
      1	57409
      2	57410
      1	57439
      1	57506
      1	57512
      3	57514
      3	57563
      1	57571
      2	57593
      1	57628
      3	57695
      1	57709
      2	57712
      1	57715
      1	57737
      1	57752
      1	57780
      1	57808
      1	57818
      1	57834
      1	57851
      2	57877
      4	57905
      4	57920
      1	57922
      2	57971
      1	57993
      1	58009
      1	58036
      1	58043
      1	58045
      2	58069
      1	58078
      2	58098
      1	58115
      1	58137
      1	58141
      2	58172
      1	58206
      1	58229
      1	58252
      1	58258
      1	58266
      4	58279
      4	58292
      2	58360
      1	58397
      1	58415
      1	58451
      4	58456
      1	58470
      1	58477
      1	58484
      2	58488
      1	58544
      1	58547
      1	58552
      1	58555
      2	58569
      2	58587
      2	58601
      1	58619
      1	58641
      2	58699
      4	58724
      1	58733
      1	58735
      1	58757
      1	58760
      1	58780
      1	58782
      2	58853
      2	58856
      1	58860
      2	58895
      1	58926
      2	58930
      1	58954
      2	58976
      1	58984
      1	58993
      1	59016
      2	59017
      1	59054
      1	59059
      1	59110
      2	59140
      1	59177
      3	59231
      1	59238
      1	59274
      4	59293
      2	59296
      4	59322
      1	59329
      1	59332
      1	59343
      7	59352
      2	59359
      1	59369
      1	59381
     17	59421
      1	59428
      1	59434
      1	59440
      1	59441
      1	59452
      1	59457
      4	59473
      1	59474
      1	59480
      1	59485
      1	59489
      1	59519
      4	59523
      2	59571
      3	59586
      2	59597
      1	59611
      1	59619
      2	59630
      4	59659
      1	59663
      4	59749
      3	59774
      1	59810
      1	59841
      1	59858
      2	59879
      1	59901
      1	59902
      1	59962
      4	59973
      2	59994
      1	60015
      1	60025
      1	60082
      3	60102
      1	60153
      1	60164
      2	60181
      2	60196
      2	60232
      1	60258
      1	60281
      1	60295
      2	60304
      2	60333
      1	60343
      1	60344
      1	60348
      1	60352
      1	60356
      1	60386
      1	60391
      2	60427
      1	60450
      2	60500
      3	60505
      2	60529
      1	60536
      1	60544
      1	60585
      1	60617
      2	60631
      1	60706
      1	60710
      1	60712
      2	60778
      2	60780
      2	60820
      1	60862
      2	60864
      1	60882
      1	60892
      2	60898
      1	60909
      2	60934
      3	60935
      2	60942
      2	60969
      4	60983
      3	60995
      1	60997
      1	61002
      2	61011
      3	61021
      1	61036
      1	61049
      1	61064
      1	61066
      4	61077
      2	61115
      1	61118
      1	61121
      2	61171
      4	61217
      1	61226
      2	61257
      3	61261
      6	61268
      1	61283
      4	61289
      2	61300
      1	61301
      1	61302
      1	61315
      2	61358
      1	61359
      1	61395
      1	61406
      1	61444
      1	61445
      2	61479
      1	61501
      8	61528
      1	61538
      2	61563
      1	61567
      1	61589
      4	61596
      4	61597
      1	61601
      1	61648
      1	61671
      1	61675
      7	61703
      2	61781
      1	61809
      8	61810
      1	61826
      1	61843
      1	61852
      4	61854
      1	61855
      1	61861
      1	61893
      1	61983
      1	62005
      1	62010
      2	62011
      1	62039
      1	62066
      1	62070
      1	62094
      1	62110
      1	62145
      1	62149
     12	62159
      1	62180
      3	62183
      4	62187
      1	62194
      2	62225
      1	62268
      1	62277
      1	62279
      1	62284
      1	62285
      1	62292
      1	62296
      1	62339
      1	62345
      1	62379
      1	62409
      2	62410
      1	62425
      1	62480
      2	62485
      1	62511
      2	62556
      1	62592
      1	62616
      1	62617
      1	62656
      1	62689
      3	62717
      1	62740
      3	62799
      1	62846
      3	62847
      1	62875
      1	62879
      1	62895
      1	62916
      1	62924
      1	62963
      1	62966
      1	62986
      1	62997
      1	63002
      2	63016
      4	63034
      1	63043
      1	63051
      7	63066
      1	63112
      1	63115
      4	63135
      3	63141
     10	63146
      1	63165
      2	63174
      2	63204
      1	63216
      2	63224
      1	63279
      2	63322
      1	63323
      4	63345
     27	63363
      2	63369
      1	63378
      1	63392
      2	63421
      1	63443
      3	63450
      1	63451
      1	63474
      4	63491
      1	63495
      1	63553
      1	63577
      1	63668
      1	63681
      1	63701
      4	63708
      1	63726
      1	63736
      1	63737
      1	63738
      5	63743
      1	63769
      2	63780
      1	63791
      1	63796
      1	63801
      4	63807
      1	63824
      1	63827
      1	63832
      1	63849
      1	63947
      1	63975
      1	64006
      1	64007
      1	64018
      1	64027
      2	64033
      2	64059
      1	64061
      1	64105
      1	64142
      1	64204
      1	64237
      1	64266
      1	64302
      2	64307
      1	64339
      1	64340
      1	64346
      1	64353
     14	64402
      1	64446
      1	64469
      3	64473
      1	64480
      1	64485
      1	64506
      1	64581
      1	64582
      1	64599
      1	64610
      1	64637
      1	64815
      4	64834
      1	64876
      4	64905
      1	64918
      1	64953
      1	64978
      1	64995
      1	65040
      2	65041
      1	65043
      4	65107
      1	65109
      2	65117
      1	65123
      4	65135
      3	65167
      1	65168
      1	65172
      1	65180
      1	65264
      1	65304
      1	65328
      1	65344
      9	65352
      1	65356
      1	65363
      1	65389
      1	65403
      2	65410
      1	65412
      2	65419
      1	65444
      1	65457
      2	65460
      1	65469
      4	65473
