      1	18
      1	47
      1	56
      1	62
      1	69
     12	91
      1	102
      1	108
      1	174
      2	200
      1	210
     14	218
      1	242
      1	329
      1	346
      1	351
      1	357
      1	387
      2	391
     15	401
      1	408
      5	425
      3	428
      1	460
      1	546
      1	554
      1	564
      2	571
      1	577
      1	590
      1	646
      5	664
      1	680
      1	691
      1	740
      1	766
     29	775
      1	789
      1	808
      1	821
      1	830
      3	837
      1	843
      7	860
      2	865
      2	885
      1	891
      1	904
      1	917
      1	936
      1	937
      3	965
      1	974
      2	1009
      1	1011
      1	1038
      3	1049
      4	1068
      4	1070
      1	1073
      2	1104
      2	1106
      3	1119
      2	1122
      2	1142
      1	1172
      1	1194
      1	1198
      1	1222
      1	1229
      1	1232
      1	1243
      1	1245
      1	1248
      1	1285
      2	1296
      4	1317
      1	1330
      3	1333
      8	1358
      1	1402
      1	1468
      1	1480
      2	1481
      1	1489
      1	1497
      8	1499
      9	1552
      1	1553
      1	1555
      2	1556
      1	1570
      1	1616
      2	1619
      1	1628
      1	1649
      1	1655
      1	1667
      1	1715
      2	1782
      1	1802
      3	1857
      1	1872
      3	1873
      1	1882
      2	1887
      1	1927
      1	1947
      2	1981
      4	1985
      1	2028
      4	2042
      1	2065
      1	2095
      1	2114
      3	2117
      1	2138
     21	2164
      1	2170
      3	2186
      1	2223
      1	2234
      1	2238
      2	2302
      1	2349
      1	2374
      1	2382
      1	2386
      1	2388
      1	2396
      1	2407
      5	2408
      1	2431
      1	2434
      1	2435
     33	2442
      2	2449
      1	2452
      1	2471
      9	2475
      1	2492
      1	2504
      1	2519
      1	2558
      1	2566
      1	2567
      1	2586
      1	2609
      2	2668
      1	2679
      5	2684
      1	2687
      1	2693
      1	2731
      1	2740
      1	2741
     14	2766
      1	2796
      1	2799
      1	2801
      1	2802
      1	2817
      1	2819
      6	2849
      1	2866
      1	2873
      5	2880
      1	2893
      1	2932
      1	2983
      1	2989
      3	3005
      1	3013
      1	3058
      1	3065
      2	3072
      2	3079
      1	3107
      1	3114
      1	3121
      1	3182
      2	3189
      1	3212
      1	3213
      1	3217
      3	3244
      1	3247
      1	3273
     15	3279
      1	3305
      2	3321
      3	3351
      1	3357
      1	3364
      1	3379
      1	3392
      1	3402
      1	3418
      2	3427
      2	3456
      1	3457
      1	3466
      1	3467
      2	3486
      2	3493
      1	3502
      1	3526
      5	3572
      1	3596
      1	3636
      1	3651
      1	3708
      2	3709
      1	3732
      1	3745
      2	3774
      3	3808
      1	3812
      1	3816
      5	3824
      2	3830
      3	3885
      1	3946
      1	3949
      1	3969
      2	4012
      1	4015
      3	4024
      2	4060
      2	4064
     42	4071
      1	4106
      2	4120
      1	4134
      1	4143
      1	4155
      1	4158
      2	4184
      1	4221
      1	4259
      1	4292
      1	4327
      3	4341
      1	4342
      4	4344
      1	4358
      1	4372
      4	4442
      1	4449
      1	4452
      1	4470
      1	4479
      1	4538
      2	4557
      1	4592
      4	4640
      1	4652
      1	4720
      1	4730
      1	4760
      5	4785
      1	4792
      1	4812
      1	4872
      3	4888
     19	4906
      1	4930
      2	4934
      1	4937
      1	4941
      2	5026
      1	5029
      1	5053
      1	5059
      3	5099
      2	5111
      1	5141
      1	5154
      1	5160
      1	5161
     34	5166
      2	5257
      1	5271
      1	5277
      3	5287
      2	5300
      6	5320
      1	5329
      2	5337
      2	5346
      1	5384
      2	5389
      2	5420
      1	5424
      1	5453
      1	5475
      3	5476
      1	5486
      1	5487
      1	5520
      1	5527
      2	5541
      1	5585
      1	5588
      1	5589
      2	5602
      1	5697
      1	5700
      1	5731
      1	5733
      2	5748
      3	5766
      1	5770
      1	5794
      1	5854
      1	5870
      1	5888
      9	5905
      1	5923
      1	5930
      1	5956
      1	5957
      3	5963
      1	5980
      2	5990
      2	6004
      1	6021
      1	6022
      1	6055
      2	6069
      5	6076
      1	6107
      2	6124
      1	6127
      1	6148
     15	6156
      1	6157
      5	6185
      1	6190
      2	6197
      1	6209
      1	6217
      1	6257
      2	6288
      3	6289
      1	6322
      2	6332
      1	6400
      2	6402
      1	6435
      1	6479
      1	6497
      2	6505
      4	6518
      1	6534
      1	6551
      1	6555
      1	6564
      1	6571
      3	6575
      1	6614
      2	6622
      1	6629
      1	6651
      1	6654
      1	6678
      1	6691
      1	6692
      4	6745
      2	6767
      1	6778
      3	6805
      1	6842
      1	6871
      1	6881
      2	6887
      5	6918
      1	6947
      3	6971
      1	6980
      1	6992
      1	7001
      1	7013
      1	7027
      1	7039
      3	7059
      1	7067
      1	7075
      1	7101
      9	7141
      1	7170
      5	7219
      8	7221
      1	7227
      1	7240
      2	7256
      5	7266
      1	7313
      4	7347
      1	7359
      1	7377
      2	7397
      8	7403
      1	7407
      1	7457
      5	7469
      1	7533
      1	7581
      3	7599
      2	7601
      2	7616
      1	7646
      1	7650
      2	7701
      2	7716
      2	7725
      3	7746
      1	7774
      1	7783
      1	7798
     24	7817
      1	7822
      5	7833
      1	7840
      1	7848
      1	7883
      3	7911
      2	7920
      1	7927
      1	7929
      2	7941
      2	7942
      1	7957
      1	7969
      1	8007
      1	8016
      1	8076
      1	8111
      2	8117
      1	8141
      1	8153
      1	8200
      1	8201
      1	8202
      1	8210
      2	8212
      9	8279
      1	8281
      1	8309
      3	8364
      4	8365
      3	8384
      8	8448
      1	8462
      1	8472
      6	8482
      1	8495
      3	8507
      1	8526
      1	8558
      1	8560
      9	8582
      1	8617
      2	8641
      1	8666
      1	8670
      2	8696
      1	8715
      1	8728
      1	8736
      1	8746
      3	8760
      1	8761
      1	8764
      1	8779
      3	8817
      1	8827
      1	8839
      1	8844
      1	8896
      4	8930
     10	8954
      1	8956
      1	8962
      1	8985
      1	8996
      4	9016
      1	9024
      1	9027
      5	9032
      2	9035
      2	9041
      2	9063
      1	9067
      1	9099
     12	9143
      1	9154
      1	9167
      1	9168
      1	9182
      1	9218
      2	9229
      1	9234
      1	9248
      1	9260
      2	9261
      1	9304
      1	9345
      6	9384
      2	9400
      1	9409
      1	9445
      1	9472
      1	9478
      2	9484
      2	9498
      1	9523
      1	9535
      1	9556
      2	9583
      4	9610
      1	9618
      3	9626
     26	9662
      2	9700
      4	9705
      3	9730
      1	9755
      2	9773
      1	9832
      2	9859
     10	9871
      1	9884
      1	9888
     12	9900
      1	9921
      1	9967
      1	10001
      3	10020
     10	10022
      3	10030
      1	10055
      1	10077
      1	10170
      2	10205
      1	10213
     10	10216
      1	10237
      4	10251
      1	10259
      2	10263
      2	10275
      1	10307
      1	10318
      4	10324
      2	10327
      1	10346
      1	10361
      1	10374
      1	10412
      1	10439
      1	10442
      1	10448
      1	10504
      5	10505
      1	10528
      1	10557
      1	10563
      1	10612
      1	10667
      1	10697
      1	10724
      1	10753
      2	10759
      1	10769
      4	10788
      1	10813
      2	10824
      1	10832
      2	10875
      1	10908
      1	10928
      1	10943
      1	10950
      1	10970
      1	10974
      1	10995
      1	11004
      1	11026
     14	11071
      1	11089
      1	11103
      2	11230
      1	11257
      1	11272
      1	11303
      1	11382
      1	11419
      3	11443
      8	11481
      2	11489
      4	11553
      1	11557
      1	11608
      1	11621
      6	11628
      1	11634
      1	11654
      1	11655
      2	11662
      1	11687
      1	11732
      1	11760
      2	11781
      5	11794
      1	11803
      1	11804
      3	11829
      1	11831
      1	11833
      1	11901
      2	11951
      1	11956
      1	11969
      1	11972
      6	11979
      2	11990
      1	11995
      1	12003
      1	12006
      1	12010
      2	12042
      9	12043
      1	12055
      1	12062
      1	12068
      2	12091
      1	12116
      1	12127
      1	12140
      1	12171
      1	12174
      1	12208
      1	12253
      5	12260
      6	12307
     20	12334
      1	12339
      3	12356
      1	12361
     10	12397
      1	12404
      1	12408
      1	12418
      2	12424
      1	12434
      2	12440
      1	12447
      8	12472
      4	12505
      1	12510
      1	12525
      2	12561
      4	12583
      1	12586
      2	12597
      1	12600
      1	12613
      1	12694
      2	12703
      1	12708
      1	12710
      2	12728
      1	12745
      3	12767
      7	12809
      6	12814
      2	12841
      1	12860
      1	12870
      1	12904
      1	12933
      5	12956
      5	12967
      1	12989
      1	13017
      2	13022
      1	13025
      1	13029
      1	13049
      1	13082
      1	13190
      1	13206
      2	13211
      3	13270
      1	13283
      2	13288
      2	13292
      1	13315
      1	13331
      2	13390
      2	13394
      1	13398
      1	13414
      1	13423
      3	13450
      2	13460
      1	13461
      1	13481
      1	13489
      1	13490
      2	13499
      1	13501
      2	13504
      1	13521
      3	13572
     22	13595
     20	13625
      1	13672
      4	13675
      1	13679
      1	13681
      5	13702
     10	13712
      1	13720
      1	13745
      1	13746
      1	13771
      1	13777
      6	13783
      1	13823
      1	13825
      1	13843
      1	13863
      2	13870
      1	13883
      1	13913
      4	13940
      1	13970
      6	13972
      3	14045
      1	14079
      1	14083
      1	14111
      1	14128
      1	14132
      1	14163
      1	14179
      3	14184
      1	14244
      1	14323
      2	14326
      1	14349
      1	14389
      5	14392
      2	14398
      1	14411
      1	14429
      1	14448
      1	14457
      1	14460
      2	14465
      1	14487
      1	14534
      2	14540
      1	14636
      9	14768
      3	14775
      2	14835
      1	14837
      1	14839
      2	14863
      1	14866
      2	14880
      1	14980
      1	14986
      2	15033
      1	15041
      1	15053
      1	15064
      2	15070
      1	15106
      2	15120
      4	15139
      5	15144
      2	15184
      1	15188
      4	15194
      2	15200
      1	15203
      5	15204
      1	15235
      2	15247
      1	15329
      3	15335
      1	15355
      1	15356
      1	15370
      1	15397
      1	15461
      3	15467
      1	15492
      3	15501
      7	15518
      1	15530
      2	15535
      2	15566
      3	15585
      1	15593
      1	15598
      1	15602
      1	15605
      1	15607
      2	15625
      1	15631
      1	15639
      1	15656
      1	15663
      1	15677
      1	15685
      5	15692
      1	15699
     13	15704
      2	15829
      1	15869
      1	15875
      1	15895
      1	15899
      3	15920
      1	15955
     11	15977
      4	15985
      2	15988
      2	16000
      1	16049
      1	16135
      1	16136
      1	16141
      2	16148
      4	16153
      1	16164
      8	16181
      1	16195
      5	16199
      1	16200
      1	16225
      1	16227
      1	16230
      3	16254
      4	16276
      5	16278
      1	16325
      1	16332
      1	16338
     11	16375
      1	16382
     38	16383
      1	16437
      2	16503
      1	16512
      1	16526
      2	16565
      1	16586
      1	16597
      1	16614
      2	16620
      2	16628
      1	16637
      1	16648
     13	16656
      4	16715
      1	16758
      4	16810
      1	16890
      3	16917
      2	16937
      1	16947
      1	16976
      2	16998
      1	17011
      1	17051
      1	17059
      1	17077
      1	17092
      1	17096
      1	17105
      6	17109
      1	17126
      1	17164
      1	17218
      1	17220
      1	17224
      1	17257
      5	17267
      1	17287
      4	17313
      1	17315
      1	17334
      3	17341
      1	17342
      4	17352
      1	17377
      3	17379
      1	17426
      1	17449
      2	17509
      1	17514
      1	17613
      3	17624
      1	17631
      2	17652
      2	17655
      1	17726
      1	17756
      1	17759
      1	17771
      1	17807
      1	17810
      1	17813
      1	17814
      1	17817
      2	17838
      2	17845
      1	17887
      1	17920
      2	17929
      1	17938
      1	17939
      2	17947
      5	17949
      2	17968
      1	17975
      1	17989
      1	18003
      1	18024
      1	18064
      1	18070
      1	18092
      1	18107
      1	18109
      1	18147
      2	18160
      2	18166
     13	18187
      1	18221
      3	18246
      1	18259
      1	18298
      1	18333
      2	18352
      2	18353
      1	18413
      2	18435
      4	18442
      2	18590
      1	18595
      1	18668
      4	18672
      3	18690
     23	18696
      1	18740
     12	18756
      1	18768
      3	18770
      1	18776
      1	18795
      1	18807
      4	18825
     20	18928
      1	18985
      1	19016
      1	19018
      1	19030
      1	19049
      1	19066
      1	19113
      1	19150
      1	19201
      2	19224
      2	19233
      1	19241
      1	19268
      1	19273
      1	19276
      1	19279
      4	19319
      1	19326
      1	19354
      1	19394
      1	19395
      1	19402
      1	19405
      1	19418
      1	19452
      1	19471
      1	19481
      1	19483
      1	19486
      1	19498
      1	19530
      2	19531
      2	19539
     12	19546
      1	19568
      1	19620
      2	19664
      1	19689
      1	19726
      1	19743
      1	19744
      1	19785
      1	19815
      1	19816
      2	19831
      2	19903
      2	19904
      2	19911
      1	19950
      2	19954
      1	19978
      1	19983
      1	20012
      2	20023
      1	20031
      1	20046
      1	20047
      1	20051
      1	20069
      1	20098
      1	20102
      1	20148
      2	20191
      4	20204
      1	20235
      1	20249
      1	20260
      1	20268
      1	20277
      1	20315
      1	20326
      4	20364
      3	20506
      4	20613
      1	20647
      1	20662
      1	20671
      3	20683
      3	20762
      1	20766
      3	20770
      4	20802
      2	20865
      3	20882
      1	20892
      2	20909
      1	20915
      7	20926
      3	20955
      1	20991
      1	21032
      1	21065
      1	21083
      1	21089
      1	21115
      4	21153
      1	21154
      2	21170
      7	21180
      1	21198
      3	21201
      1	21213
      1	21227
      1	21231
      1	21237
      2	21280
      2	21321
      1	21337
      1	21340
      5	21380
      1	21399
      1	21405
      1	21432
      1	21448
      1	21481
      2	21503
      3	21524
      2	21544
      1	21549
      1	21594
      1	21610
      1	21619
      1	21623
      2	21643
      1	21652
      2	21686
      1	21701
      2	21733
      1	21734
      3	21783
      2	21796
     12	21800
      1	21809
      2	21838
      3	21888
      1	21894
      1	21902
      2	21911
      1	21930
      1	21933
      4	21939
      1	21944
      2	21952
     25	22010
     25	22065
      1	22099
      2	22126
      1	22181
      4	22194
      2	22198
      1	22202
      2	22219
      1	22227
      2	22355
      2	22392
      1	22408
      1	22446
      1	22495
      2	22511
      1	22515
      1	22520
      2	22523
      1	22529
      1	22564
      1	22573
      2	22601
      5	22605
      1	22606
      4	22625
      1	22635
      2	22643
      2	22658
      1	22713
      1	22724
      2	22792
      1	22807
      1	22813
      1	22823
      1	22848
      1	22862
     25	22866
      1	22871
      2	22899
      1	22901
      1	22910
      2	22923
      3	22929
      2	22978
      2	22995
      3	22996
      1	23013
      1	23019
      1	23028
      2	23029
      7	23052
      1	23054
      1	23069
      1	23125
      1	23157
      1	23159
      4	23184
      1	23199
      1	23245
      1	23248
      1	23249
      2	23251
      5	23252
      1	23266
      1	23274
      2	23313
      4	23364
      1	23370
      4	23381
      2	23393
      1	23399
      1	23404
      4	23411
      1	23444
      1	23456
      1	23464
      2	23473
      1	23513
      1	23526
      1	23537
      1	23558
      1	23577
     14	23594
      2	23599
      2	23620
      4	23621
      1	23643
     25	23650
      8	23652
      5	23653
      1	23666
      1	23670
      2	23676
      1	23679
      1	23780
      1	23787
      1	23799
      1	23828
      1	23851
      1	23853
      3	23857
      1	23869
      1	23875
      1	23876
      1	23911
      4	23933
      1	23946
      1	23968
      1	23972
      1	24035
      1	24053
      1	24114
      1	24138
      1	24178
      1	24205
      1	24222
      1	24255
      1	24258
      3	24265
      1	24268
      1	24271
      1	24290
      4	24333
      2	24334
      1	24338
      1	24345
      3	24376
      1	24385
      1	24413
      1	24444
      1	24449
      3	24459
      1	24461
      3	24469
      1	24479
      2	24493
      2	24497
      5	24511
      1	24529
      5	24555
      3	24573
      1	24601
      4	24626
      2	24656
      7	24708
      1	24716
      1	24741
      3	24757
      1	24762
      2	24771
      5	24794
      2	24800
      1	24824
      2	24905
      1	24964
      5	25014
     33	25024
      1	25054
      4	25060
      1	25087
      2	25152
      3	25173
      2	25176
      1	25200
      1	25235
      1	25331
      1	25341
      1	25342
      2	25357
      1	25370
      2	25380
      3	25394
      4	25432
      1	25445
      2	25465
      1	25484
      1	25511
      1	25515
      1	25516
      2	25517
      2	25538
      1	25544
      3	25563
      1	25573
      4	25597
      1	25633
      1	25634
      1	25639
      4	25640
     16	25650
      1	25656
      1	25677
      6	25695
      1	25724
      1	25730
      1	25774
      1	25789
      1	25813
     14	25825
      1	25834
      1	25854
     21	25871
      1	25885
      1	25886
      2	25899
      1	25900
      1	25920
      1	25935
      1	25938
      9	25960
      1	25979
      1	25990
      1	26013
      1	26026
      1	26055
      1	26080
      1	26108
      1	26162
      1	26163
      4	26202
      2	26207
      1	26270
      1	26290
      1	26318
      1	26353
      1	26362
      1	26363
      2	26367
      3	26435
      2	26446
      1	26549
      1	26551
      1	26602
      1	26626
      1	26627
      1	26636
      1	26656
      2	26666
      1	26703
      1	26713
      1	26725
      1	26748
      3	26769
      4	26777
      1	26799
      2	26814
      1	26836
      1	26849
      1	26864
      2	26894
      1	26912
      4	26922
      1	26940
      2	26970
      1	26993
      1	27009
      4	27039
      3	27064
      4	27076
     10	27131
      1	27134
      1	27155
      1	27185
      1	27193
      1	27208
      1	27209
      1	27248
      2	27257
      1	27259
      1	27263
      1	27276
      1	27301
      1	27333
      2	27349
      4	27350
      1	27354
      5	27384
      2	27395
      1	27414
      3	27438
      1	27456
      1	27459
      1	27494
      1	27516
      1	27519
      2	27523
      2	27529
      1	27538
      1	27554
      2	27586
      9	27590
      1	27635
      1	27672
      1	27677
      1	27698
      4	27717
      1	27723
      3	27729
      2	27731
      1	27740
      1	27741
      1	27762
      1	27765
      3	27790
      1	27825
      1	27842
      1	27854
      1	27863
      1	27872
      2	27944
      1	27954
      1	27995
      2	28012
      1	28035
      1	28046
      3	28070
      1	28088
      1	28089
      6	28096
      2	28107
      1	28147
      1	28157
      1	28165
      2	28186
      1	28199
      2	28232
      1	28238
      1	28272
      1	28283
      2	28285
      1	28302
      1	28304
      5	28308
      1	28323
      1	28329
      1	28343
      1	28349
      2	28365
      1	28396
      1	28430
      1	28438
      1	28466
      1	28524
      1	28531
      2	28532
      1	28557
      1	28578
      1	28594
      1	28600
      1	28631
      2	28637
      1	28645
      2	28711
      1	28839
      1	28870
      2	28894
      1	28895
      3	28911
      2	28914
      2	28953
     53	28960
      2	28967
      1	28981
      1	28984
      1	28986
      1	29008
      3	29031
      1	29051
      3	29061
      3	29086
      4	29132
      1	29138
      1	29140
      1	29190
      3	29212
      1	29229
      1	29235
      1	29266
      1	29268
      1	29288
      4	29309
      1	29325
      1	29376
      1	29422
      2	29448
      1	29449
      1	29450
      1	29481
      1	29513
      4	29519
      5	29538
      1	29595
      1	29629
      1	29639
      1	29641
      1	29643
      3	29670
      1	29761
      1	29807
      1	29842
      6	29880
      8	29945
      1	29948
     10	30032
      1	30043
      1	30045
      2	30064
      1	30066
      1	30069
      1	30075
      1	30095
      1	30102
      1	30104
      1	30149
      1	30162
      1	30168
      1	30184
      1	30194
      1	30226
      2	30280
      3	30306
      2	30313
      1	30319
      1	30344
      2	30356
      1	30378
      1	30384
      4	30388
      1	30446
      1	30462
      5	30495
      1	30554
      1	30583
      4	30592
      7	30613
      1	30642
      1	30680
      1	30687
      1	30724
      1	30727
      2	30742
      3	30754
      1	30764
      1	30769
      2	30770
      4	30776
      2	30793
      1	30824
      1	30880
      1	30886
      1	30888
      1	30891
      2	30900
      1	30906
      1	30907
      4	30921
      4	30935
      2	30999
      1	31035
      2	31041
      1	31119
      1	31121
      2	31129
      1	31143
      2	31147
      1	31167
      3	31205
      1	31241
      2	31258
      3	31265
      1	31277
      1	31360
      4	31397
      1	31403
      1	31404
      1	31405
      5	31409
      2	31477
      1	31530
      2	31535
      7	31557
      4	31562
      1	31574
      1	31630
      1	31633
      1	31653
      2	31670
      1	31674
      1	31706
      1	31732
      5	31771
      1	31815
      7	31831
      2	31847
      1	31896
      1	31913
      1	31937
      1	31948
      1	31974
      1	32043
      1	32048
      1	32089
      1	32110
      1	32200
      4	32207
      1	32214
      2	32221
      1	32249
      1	32252
      1	32269
      1	32353
      1	32430
      1	32431
      1	32439
      1	32441
      1	32450
      4	32451
      2	32483
      2	32505
      1	32515
      1	32522
      2	32550
      1	32567
      1	32584
      2	32631
      2	32684
      1	32693
      2	32704
      1	32719
      1	32750
      1	32751
      1	32770
      1	32784
      1	32788
      1	32825
      1	32831
      2	32844
      3	32857
      4	32863
      1	32930
      8	32970
      3	32983
      1	33022
      2	33069
      2	33100
      1	33115
      1	33116
      2	33120
      2	33125
      1	33171
      2	33194
      1	33198
      1	33201
      4	33219
      1	33253
      1	33281
      5	33300
      4	33311
      1	33318
      2	33337
      1	33347
      3	33364
      1	33367
      1	33387
      3	33462
      4	33476
      1	33495
      6	33496
      2	33500
      1	33535
      1	33562
      1	33571
      1	33573
      1	33582
      1	33600
      2	33640
      4	33651
      1	33662
      2	33682
      1	33732
      1	33738
      1	33739
      1	33764
      4	33767
      1	33777
      1	33788
      1	33792
      1	33818
      1	33846
      1	33857
      4	33875
      1	33909
      6	33917
      1	33940
      1	33965
      2	33971
      1	33991
      1	33999
      1	34010
      1	34090
      5	34133
      1	34189
      3	34190
      3	34246
      1	34339
      1	34354
      1	34356
      1	34364
      1	34388
      1	34428
     10	34430
      1	34434
      1	34438
      3	34453
      1	34473
      1	34479
      1	34496
      2	34509
      2	34510
      1	34541
      1	34545
      1	34570
      1	34576
      1	34590
      3	34599
      1	34610
      1	34697
      6	34708
      1	34723
      1	34732
      2	34737
      1	34743
      1	34750
      6	34773
      2	34776
      3	34803
      2	34836
      5	34839
      1	34865
      1	34927
      1	34928
      2	34932
      2	34938
      1	34974
      1	34977
      2	34979
      1	34990
      3	34992
      1	35001
      1	35024
      1	35068
      6	35071
      2	35100
      1	35159
      1	35184
      5	35187
      1	35219
      1	35222
      5	35223
      1	35283
      1	35298
      1	35308
      3	35310
      1	35313
      1	35318
      2	35368
      7	35384
      1	35393
      1	35514
      1	35545
      1	35551
      1	35697
      1	35708
     19	35731
      1	35794
      1	35813
      7	35814
      1	35833
      1	35906
      1	35937
      8	35946
      1	35949
      1	35961
      2	35966
      2	35968
      2	35980
      1	36056
     23	36084
      4	36111
      1	36128
     12	36191
      3	36202
      1	36222
      1	36231
      1	36257
      1	36301
      1	36341
     17	36346
      1	36358
      1	36423
      1	36438
      1	36458
      1	36498
      6	36559
      2	36566
      1	36628
      1	36630
     14	36690
      1	36726
      2	36775
      4	36780
      4	36783
      1	36796
      1	36808
      1	36810
      1	36811
      1	36812
      3	36833
      1	36852
      1	36883
      2	36886
      2	36940
      1	36945
      1	36949
      1	36951
      1	36955
      1	36957
      1	36970
      1	36976
      1	36987
      1	37000
      7	37079
      4	37110
      1	37116
      1	37128
      1	37133
      1	37171
      1	37184
      1	37188
      1	37196
      1	37243
      1	37263
      1	37270
     19	37271
      2	37305
      2	37308
      1	37321
      1	37326
      1	37351
      6	37367
      2	37379
      1	37387
      2	37395
      1	37423
      1	37442
      1	37465
      2	37496
      1	37528
      2	37536
      1	37539
      1	37553
      4	37556
      1	37586
      3	37626
      2	37628
      7	37640
      1	37724
      5	37730
      1	37744
      3	37763
      1	37765
      1	37777
      1	37850
      1	37855
      1	37856
      3	37869
      3	37939
      1	37943
      1	37961
      2	37997
      2	38018
      1	38021
      1	38127
      1	38149
      2	38163
      1	38205
      1	38217
      1	38221
      2	38227
      1	38240
      5	38243
      2	38247
      1	38249
      1	38256
      2	38269
      1	38372
      1	38389
      3	38398
      1	38439
      3	38441
      1	38444
      2	38447
      2	38449
      1	38466
      1	38480
      1	38547
      4	38557
      1	38631
      1	38643
      1	38652
      2	38673
      1	38676
      2	38681
      2	38708
      1	38737
      4	38756
      1	38760
      1	38787
      1	38795
      2	38846
      4	38872
     32	38881
      1	38927
      1	38944
      2	38983
      1	39000
      3	39032
      1	39080
      1	39089
      1	39109
      1	39159
      1	39171
     14	39175
      2	39187
      4	39199
     15	39219
      1	39225
      3	39234
      2	39254
      4	39258
      2	39275
      1	39281
      2	39310
     12	39325
      5	39386
      1	39392
      1	39458
      1	39488
      1	39612
      2	39619
      1	39621
      1	39624
      2	39631
      4	39638
      3	39645
      1	39648
      1	39655
      1	39702
      6	39723
      1	39819
      1	39834
      1	39843
      1	39846
      2	39865
      1	39886
      1	39897
      1	39908
      2	39919
      1	40008
      3	40009
      2	40063
      1	40075
      1	40104
      1	40115
      1	40149
      5	40202
      2	40210
      1	40211
      1	40249
      1	40250
      1	40297
      2	40360
      6	40374
      4	40384
      1	40405
      1	40468
      1	40475
      1	40512
      2	40519
      1	40522
      2	40540
      1	40542
      1	40544
      1	40556
      2	40574
      1	40594
      1	40597
      1	40616
      2	40619
      1	40629
      1	40639
      1	40646
      1	40659
      3	40674
      1	40700
      1	40705
      1	40711
      2	40718
      1	40720
      1	40722
      1	40730
      2	40748
      1	40758
      4	40816
      3	40830
      1	40836
      1	40855
      1	40876
      1	40878
     13	40883
      1	40904
      3	40949
      2	40991
      1	41017
      1	41021
      2	41022
      1	41030
      1	41048
      1	41070
      1	41094
      2	41133
      7	41143
      1	41144
      1	41147
      1	41185
      1	41188
      1	41197
      2	41213
      1	41235
      3	41242
      1	41245
      6	41262
      1	41300
      1	41315
      3	41355
      2	41439
      2	41457
      1	41461
     11	41489
      1	41494
      1	41526
      1	41565
      1	41656
      1	41657
      1	41664
      1	41690
      4	41701
      2	41702
      1	41733
      3	41791
      1	41813
      1	41842
      1	41849
      1	41883
      2	41918
      2	41931
      2	41963
      1	41973
      4	41983
      3	41985
      1	41995
      1	42007
      1	42010
      2	42016
      1	42024
      1	42078
      1	42121
      4	42155
      1	42164
      1	42175
      1	42186
      2	42190
      1	42217
      1	42233
      5	42248
      1	42257
      2	42277
      1	42289
      1	42303
      2	42329
      1	42338
      2	42343
      1	42355
      1	42388
      1	42442
      1	42460
      2	42476
     19	42517
      2	42525
      1	42530
      2	42585
      1	42601
      3	42699
      1	42701
      1	42723
      1	42726
      1	42793
      1	42815
      1	42842
      2	42848
      4	42851
      3	42855
      1	42880
      1	42892
      1	42914
      1	42944
      3	42953
      1	42962
      2	42966
      1	43039
      1	43048
      1	43064
      1	43204
      3	43215
      2	43288
      1	43318
      1	43326
      1	43336
     14	43337
      1	43343
      2	43359
      1	43367
      1	43389
      1	43422
      1	43458
      4	43478
      2	43518
      2	43528
      1	43593
      1	43600
      9	43603
      2	43609
      2	43614
      1	43627
      1	43645
      2	43646
      1	43704
      1	43708
      1	43741
      2	43763
      6	43811
      1	43829
      1	43832
      1	43835
      1	43845
      2	43853
      1	43958
      1	43961
      3	43982
      1	44061
      1	44087
      1	44112
      1	44117
      6	44139
      2	44156
      1	44192
      1	44211
      1	44214
      4	44228
      1	44239
      2	44271
      3	44328
      2	44374
      1	44473
      1	44487
      5	44489
      1	44536
      1	44556
      1	44568
      3	44664
      2	44673
      1	44676
      3	44691
      1	44724
      9	44726
      1	44748
      2	44777
      1	44828
      1	44844
      1	44856
      1	44884
      1	44907
      1	44908
      1	44911
      2	44912
      1	44913
      7	44927
      4	44928
      2	44937
      1	44943
      1	44951
     11	44961
      5	44980
      4	45086
      2	45127
      3	45133
      1	45135
      2	45160
      2	45179
      2	45219
      1	45225
      3	45294
      1	45381
      1	45400
      6	45425
      1	45445
      2	45460
      1	45464
      1	45480
      1	45506
      1	45515
      1	45517
      2	45520
      2	45550
      3	45570
      7	45586
      1	45593
      1	45603
      1	45619
      1	45631
      2	45660
      1	45668
      6	45683
      1	45692
      1	45721
      1	45775
      2	45778
      1	45794
      4	45821
      3	45847
      1	45854
      1	45913
      3	45935
     10	45943
      1	45951
      5	45955
     17	45977
      1	45986
      3	45990
      1	46053
      1	46073
      1	46075
      1	46122
      1	46132
      1	46142
      1	46156
      8	46168
      2	46200
      2	46225
      6	46249
      1	46259
      1	46261
      1	46300
     28	46322
      1	46325
      4	46329
      1	46389
      2	46402
      2	46445
      1	46453
      2	46471
      1	46554
      4	46559
      1	46577
      2	46580
      1	46608
      1	46615
      1	46630
      2	46645
      3	46656
      1	46659
      1	46664
      1	46680
      3	46692
      2	46699
      1	46734
      1	46747
      1	46761
      2	46841
      1	46849
      1	46872
      1	46889
      1	46915
      1	46988
      2	47012
      1	47045
      1	47082
      1	47086
      1	47113
      1	47123
      8	47150
      1	47226
      1	47292
      2	47295
      1	47311
      1	47312
      1	47421
      1	47425
      1	47481
      2	47486
      1	47579
      1	47700
      1	47706
      1	47716
      2	47724
      1	47750
      1	47872
      4	47894
      2	47903
      1	47905
      1	47930
      1	47931
      1	47952
      1	47992
      2	48029
      1	48040
      1	48047
      3	48053
      1	48120
      3	48127
      2	48128
      1	48258
      1	48286
      1	48307
      1	48331
      1	48353
      1	48428
      1	48487
      1	48490
      1	48491
      2	48506
      1	48553
      1	48568
      1	48580
      1	48600
      2	48666
      1	48675
      2	48746
      2	48751
      2	48768
      1	48776
      1	48793
      1	48813
      2	48830
      3	48839
     13	48840
      1	48847
      3	48870
      1	48874
      1	48900
      3	48906
      1	48924
      4	48925
      1	48948
      1	48950
      3	49046
      2	49066
      2	49073
      9	49087
      1	49088
      1	49104
      1	49108
      3	49134
      2	49136
     13	49180
      3	49191
      2	49201
      1	49256
      1	49283
      1	49299
      1	49305
      2	49332
      2	49346
      2	49349
      1	49361
      1	49398
      1	49458
      1	49495
      1	49521
      1	49532
      1	49541
      2	49556
      1	49561
      1	49582
      6	49592
      1	49594
      3	49607
      1	49648
      2	49650
      2	49661
      1	49672
      1	49692
      1	49693
      1	49709
      1	49728
      1	49735
      1	49746
      1	49749
      1	49785
      3	49787
      1	49788
      1	49789
      1	49814
      5	49815
      1	49829
      1	49831
      1	49842
     30	49887
      1	49893
      1	49905
      1	49907
      2	49922
      3	49938
      1	49959
      3	49979
      1	49991
      1	50007
      6	50023
      2	50067
      1	50109
      1	50177
      2	50216
      1	50269
      1	50299
      1	50327
      1	50352
      1	50372
      1	50427
      1	50439
      2	50440
      1	50537
      1	50565
      1	50572
      2	50590
      1	50660
      2	50686
      1	50694
      1	50717
      1	50721
      1	50761
      1	50778
      2	50798
      1	50833
      1	50905
      2	50910
      2	50911
      2	50940
      1	50952
      1	51021
      3	51028
      2	51044
      1	51051
      1	51055
      1	51065
      1	51110
      3	51168
      1	51198
      1	51207
      1	51216
      1	51266
      2	51311
      2	51334
      1	51336
      1	51389
      1	51406
      1	51411
      1	51417
      4	51434
      1	51449
      1	51475
      1	51483
      1	51494
      1	51524
      1	51542
      1	51549
      1	51582
      1	51583
      1	51662
      1	51751
      1	51770
      1	51806
      1	51808
      1	51822
      2	51823
      2	51858
      1	51882
      1	51893
      2	51908
      1	51921
      2	51925
      1	51950
      1	51992
     10	51998
      1	52000
      1	52036
      1	52044
      2	52067
      1	52093
      2	52112
      1	52121
      4	52123
      2	52154
      1	52164
      9	52166
      1	52169
      1	52175
      1	52177
      4	52181
      2	52186
      1	52236
      2	52243
      2	52281
      2	52311
      2	52323
      1	52344
      2	52370
      1	52371
      1	52406
      3	52414
      1	52439
      1	52477
      4	52522
      5	52532
      2	52540
      1	52542
      1	52543
      1	52551
      1	52596
      1	52601
      1	52603
      1	52606
      1	52613
      2	52660
      1	52694
      1	52720
      1	52730
      1	52783
      1	52797
      1	52801
      1	52803
      2	52832
      2	52845
      1	52867
      1	52876
      1	52894
      1	53026
      4	53053
      3	53066
      1	53093
      1	53095
      1	53137
      3	53146
      1	53168
      2	53204
      1	53211
      1	53214
      1	53253
      1	53293
      2	53317
      1	53324
      5	53344
      1	53349
      1	53358
      1	53368
      1	53379
     14	53387
      1	53396
      3	53401
      1	53408
      2	53420
      1	53423
      1	53436
      1	53459
      1	53466
      1	53476
      1	53493
      2	53494
      1	53502
      1	53521
      1	53524
      1	53534
      3	53552
      1	53568
      1	53589
      2	53598
      1	53691
      3	53696
      1	53777
      1	53793
      1	53794
      3	53820
      1	53833
      2	53846
      1	53897
      1	53899
      1	53908
      4	53925
      1	53938
      2	53947
      1	53951
      1	53960
      1	53980
      1	54014
      2	54015
      1	54018
     32	54052
      1	54091
      1	54102
      2	54150
      1	54180
      1	54183
      1	54184
      2	54205
      2	54222
      2	54232
      8	54251
      1	54256
      1	54280
      1	54305
      4	54321
      1	54339
      2	54359
      1	54370
      1	54386
      1	54389
      2	54395
      1	54400
      1	54420
      1	54422
      1	54430
      1	54463
      1	54507
      1	54565
      2	54582
      1	54615
      1	54641
      2	54683
      1	54684
      1	54700
      1	54727
      1	54732
      1	54777
      1	54778
      2	54804
      1	54814
      2	54837
      1	54841
      1	54898
      1	54908
      1	54910
      1	54930
      1	54948
      1	54992
      1	55010
      1	55016
      1	55017
      1	55047
      2	55053
      2	55068
      1	55080
     10	55092
      1	55114
     16	55120
      1	55189
      1	55208
      2	55223
      1	55237
      1	55257
      1	55260
      4	55299
      1	55325
      1	55360
      2	55374
      1	55396
      1	55418
     13	55421
      1	55460
      1	55466
      1	55475
      1	55481
      1	55500
      1	55556
      1	55565
      1	55571
      4	55587
     22	55592
      1	55640
      1	55650
      3	55682
      1	55688
      1	55698
      1	55728
      1	55772
      1	55796
      1	55837
      1	55843
      2	55849
      2	55855
      2	55861
      1	55864
      1	55931
      2	55950
      1	55981
      1	55983
      5	55996
      1	56033
      1	56055
      1	56066
      1	56067
      3	56091
      1	56133
      1	56142
      1	56165
      3	56187
      1	56199
      1	56292
      4	56316
      2	56317
      1	56328
      1	56430
      1	56431
      1	56450
      3	56452
      1	56457
     16	56469
      2	56502
      1	56552
      2	56559
      2	56583
      1	56640
      1	56659
      1	56678
      1	56697
      5	56757
      3	56771
      1	56776
      2	56791
      1	56813
      4	56855
      2	56900
      2	56912
      1	56915
      1	56930
      1	56946
     16	56947
      1	56952
      3	56956
      2	56959
      1	57025
      1	57114
      5	57133
      2	57144
      1	57181
      5	57254
      4	57258
      1	57268
      1	57393
      1	57436
      2	57446
      1	57477
      1	57478
      1	57489
      1	57508
      1	57533
      2	57564
      1	57566
      2	57574
      1	57579
      1	57595
      2	57629
      1	57645
      1	57692
      1	57695
      1	57702
      1	57705
      1	57714
      1	57735
      1	57777
      2	57800
      1	57803
      1	57822
      1	57886
      2	57904
      1	57905
      5	57923
      1	57931
      2	57940
      1	57965
      1	57981
      1	57983
      5	58006
      1	58017
      1	58036
      1	58063
      4	58098
      6	58104
      2	58145
      1	58154
      1	58192
      1	58202
      1	58206
      1	58208
      1	58216
      5	58235
      1	58240
      1	58251
      2	58299
      1	58313
      1	58320
      1	58352
      1	58360
      1	58385
      1	58403
      2	58432
      3	58444
      1	58456
      2	58476
      1	58489
      1	58492
      1	58515
      1	58523
      1	58526
      1	58527
      1	58563
     13	58651
      1	58712
      2	58731
      1	58735
      1	58750
      1	58758
      2	58824
     17	58947
      1	58959
      1	58966
     29	58984
      1	58997
      1	59001
      1	59094
      2	59099
      1	59100
      1	59118
      2	59140
     25	59173
      2	59174
      1	59178
      2	59201
      1	59239
      1	59248
      1	59255
      2	59273
      1	59276
      1	59277
      1	59278
      4	59293
      1	59297
      1	59302
      3	59304
      1	59318
      6	59352
     18	59369
      1	59421
      1	59463
      2	59484
      1	59485
      2	59513
      4	59514
      2	59535
      1	59544
      1	59553
      1	59571
      4	59588
      1	59590
      2	59594
      3	59600
      3	59611
      1	59624
      1	59629
      1	59644
      1	59655
      1	59659
      1	59681
      1	59704
      4	59720
      1	59726
      2	59748
      1	59923
      1	59935
      1	59940
      1	59947
      1	60007
      2	60043
      1	60058
      1	60065
      1	60087
      1	60131
      1	60134
      1	60143
      1	60207
     14	60208
      2	60210
      4	60238
      1	60244
      1	60287
      1	60295
      1	60299
      9	60306
      1	60307
      1	60370
      1	60422
      1	60457
      1	60497
      1	60501
      1	60517
      1	60521
      1	60529
     10	60542
      1	60581
      1	60640
      3	60653
      1	60658
      4	60672
      3	60679
      3	60696
      4	60716
      2	60722
      2	60745
      1	60782
      1	60813
      1	60847
      1	60864
      1	60866
      1	60880
      1	60887
      3	60914
      4	60915
      1	60919
      1	60931
      1	60934
      1	60946
      3	60959
      3	61002
      2	61003
      3	61011
      1	61021
      1	61032
      1	61041
      1	61111
      1	61121
     22	61140
      1	61177
      1	61180
      1	61227
      1	61231
      2	61234
      3	61254
      2	61258
      2	61261
      1	61277
      1	61300
      2	61312
      1	61346
      4	61367
      1	61369
      5	61398
      1	61428
      1	61460
      1	61507
      1	61568
      3	61589
      2	61606
      1	61607
      1	61635
      2	61668
      1	61686
      2	61692
      1	61699
      2	61733
      1	61755
      1	61759
      1	61776
      9	61832
      2	61839
      2	61855
      1	61889
      2	61894
      1	61931
      1	61944
      5	61945
      2	61953
      1	61957
      1	62014
      1	62023
      1	62026
      1	62041
      1	62051
      1	62060
      3	62095
      2	62098
      5	62099
      3	62119
      1	62158
      2	62207
      2	62230
      2	62235
      1	62246
      1	62247
      1	62248
      1	62278
      1	62284
      1	62291
      1	62311
      2	62340
      1	62356
      1	62391
      1	62399
      1	62414
      1	62427
      1	62479
      2	62495
      1	62534
      1	62535
      2	62559
      1	62579
      1	62605
      2	62640
      1	62666
      1	62681
      1	62693
      1	62711
      3	62715
      1	62730
      1	62731
      1	62752
      1	62763
      5	62848
      4	62867
      1	62877
      1	62912
      1	62947
      5	62965
      1	62981
      2	63031
      1	63036
      1	63047
      1	63050
      1	63051
      2	63069
      2	63077
      5	63092
      3	63097
      1	63119
      9	63131
      1	63134
      2	63171
      1	63192
      1	63214
      1	63240
      1	63247
      4	63276
      1	63282
      1	63284
      1	63310
      3	63338
      1	63340
      7	63363
      1	63372
      3	63409
      1	63411
      2	63426
      1	63430
      1	63434
      1	63438
      1	63443
      1	63444
      1	63474
      2	63480
      1	63509
      1	63521
     19	63525
      1	63530
      1	63563
      1	63569
      1	63577
      3	63587
     15	63606
      1	63609
      3	63611
      2	63633
      1	63656
      1	63665
      1	63674
     18	63696
      2	63710
      1	63737
      7	63743
      2	63751
      1	63771
      2	63780
      2	63791
      1	63825
      1	63851
      1	63904
      3	63912
      4	63918
      1	63940
      1	63944
      3	63981
      1	64010
      1	64032
      2	64038
      1	64129
      7	64159
      1	64182
      2	64196
      1	64278
      4	64326
      1	64338
      1	64339
      2	64352
      4	64399
      1	64469
     21	64473
      1	64539
      2	64552
      2	64585
      1	64599
      1	64637
      1	64655
      4	64665
      1	64677
      1	64732
      1	64751
      2	64756
      1	64769
      2	64780
      1	64798
      1	64832
      1	64840
      1	64844
      2	64884
      1	64942
      1	64958
      1	64978
      1	65004
      1	65009
      3	65041
      1	65046
      3	65048
      1	65088
      1	65129
     18	65133
      1	65162
      2	65195
      4	65209
      2	65214
      1	65273
      1	65277
      1	65285
      1	65304
      1	65306
      2	65314
      1	65352
      2	65353
      1	65384
      3	65401
      2	65408
      3	65410
      2	65414
      1	65422
      1	65432
      1	65443
      1	65458
      1	65464
      4	65494
