      1	11
      1	376
      1	462
      1	1142
      1	1616
      1	1762
      1	1872
      1	2434
      2	2614
      1	2684
      1	2976
      2	3151
      1	3339
      2	3351
      1	3493
      3	3538
      2	3595
      1	3989
      1	4109
      1	4732
      3	5161
      1	5267
      2	5430
      1	5950
      2	5992
      1	6012
      1	6107
      1	6290
      1	7189
      2	8014
      1	8754
      1	9191
      1	9301
      1	9484
      2	9765
      1	9807
      1	9993
      1	10042
      4	10216
      1	10576
      3	10645
      1	10724
      1	10798
      1	11301
      1	11433
      1	12245
      1	12288
      1	12631
      1	13018
      1	13074
      1	13891
      1	14332
      1	14429
      1	15561
      1	15933
      1	16193
      2	17126
      1	17338
      1	17381
      1	17990
      1	18308
      1	18590
      1	18876
      1	19345
      2	19645
      1	19788
      2	19790
      1	20375
      1	20683
      1	20814
      2	20939
      1	21180
      2	21204
      6	21231
      2	21255
      1	21503
     10	21822
      3	22204
      1	22812
      1	23333
      1	23336
      1	24038
      1	24672
      1	24947
      1	24990
      2	25358
      1	25453
      1	25875
      3	26470
      1	26520
      1	26849
      1	27039
      1	27148
      1	27463
      1	27890
      2	27975
      1	27999
      1	28349
      1	28774
      1	29197
      1	29247
      1	29456
      2	29846
      1	29880
      1	30578
      1	30613
      1	30783
      1	30819
      2	30957
      1	31333
      1	31833
      1	32515
      1	32719
      2	33484
      1	33705
      5	34689
      1	34981
      1	35142
      2	35697
      2	36559
      1	36636
      1	36658
      1	37355
      1	37490
      1	37544
      1	37906
      3	38037
      1	38064
      1	38480
      1	38673
      1	39119
      1	39893
      1	40269
      1	40416
      1	40942
      1	42355
      2	42419
      1	42578
      2	42669
      1	42820
      1	43102
      2	43518
      1	44833
      2	45279
      1	45412
      2	45466
      1	45748
      5	45780
      1	46359
      1	46488
      1	46499
      1	46900
      1	46901
      1	46925
      1	47035
      1	47366
      1	48064
      1	48487
      1	48870
      1	48887
      4	49398
      6	49501
      1	49697
      1	50508
      1	50537
      1	50680
      1	50702
      1	51255
      1	51766
      1	52801
      3	53156
      1	53170
      6	53408
      1	54910
      1	55224
      1	56289
      1	56912
      1	57110
      1	57177
      1	57435
      1	57449
      1	57566
      1	57951
      1	57979
      1	58118
      1	58406
      1	58466
      1	58838
      1	59370
      1	60269
      1	60488
      1	60605
      2	60738
      1	61464
      1	62189
      1	62427
      2	62593
      1	62664
      3	62936
      1	63363
      1	63409
      1	63471
      1	63710
      1	63822
      1	63999
      1	64339
      1	64350
      1	64520
      1	65116
      6	65184
      1	65334
