      1	11
      2	24
      2	45
      1	91
      1	157
     19	162
      1	173
      2	248
      2	259
      3	303
      1	322
      1	429
      1	505
      1	512
      3	550
      2	567
      1	756
      1	758
      1	779
      3	823
      9	1070
      1	1079
      1	1099
      1	1104
      2	1155
      3	1248
      1	1267
      1	1288
      1	1354
      1	1356
      1	1391
      1	1405
      1	1409
      4	1434
      9	1450
      1	1489
      1	1587
      2	1656
      1	1844
      2	1998
     12	2002
      1	2015
      2	2095
      1	2113
      2	2124
      1	2159
      1	2172
      1	2248
      1	2302
      1	2378
      1	2442
      2	2566
      1	2581
      1	2625
      1	2629
     13	2677
      1	2745
      1	2795
      1	2806
      2	2817
      1	2908
      1	2916
      1	3059
      1	3079
      1	3098
      2	3114
      2	3244
      2	3375
      1	3400
      1	3457
      1	3552
      1	3595
      2	3636
      1	3673
      3	3680
      1	3850
      2	3954
      1	3995
      4	4174
      2	4245
      2	4286
      4	4293
      6	4316
      3	4442
      8	4515
      1	4520
      1	4650
      1	4667
      2	4668
      1	4762
      3	4856
      7	4926
      6	4942
      1	4969
      3	4993
      4	4995
      1	5098
      1	5116
      1	5160
      1	5211
      1	5264
      1	5356
      1	5419
      1	5455
      4	5475
      1	5751
      1	5837
     16	5870
      1	5874
      1	5876
      1	5882
      2	5896
      1	5998
     15	6012
      1	6031
      1	6165
      1	6169
      1	6172
      2	6183
      1	6239
      1	6280
      3	6283
      1	6336
      1	6429
      1	6494
      1	6497
      1	6537
     19	6575
      1	6586
      1	6678
      1	6689
      1	6779
      1	6949
      1	6961
      1	7058
      2	7186
      1	7289
      9	7301
      2	7403
      1	7573
      1	7623
      1	7651
      2	7704
      1	7886
      1	7946
      2	7967
      2	7981
     29	8172
      1	8235
      1	8248
      1	8345
      1	8376
      1	8390
      2	8508
      1	8677
      1	8764
      1	8826
      1	8983
      1	9011
      1	9148
      3	9177
      2	9182
      1	9301
      1	9304
      2	9327
      1	9334
      1	9424
      1	9445
      1	9456
      1	9468
      2	9684
      1	9764
      1	9797
      1	9824
      1	9830
      1	9843
      1	9861
      4	10026
      1	10037
      1	10245
      3	10255
      1	10368
      1	10444
      1	10447
      1	10456
      1	10549
      1	10570
      1	10612
      1	10656
      1	10673
      1	10724
      2	10759
      3	10798
      2	10844
      1	10848
      1	10904
      1	10908
      2	10928
      2	10968
      1	11056
      1	11078
      2	11137
      1	11272
      1	11312
      1	11321
      2	11382
      1	11398
      1	11524
      1	11535
      1	11548
      1	11572
      1	11701
      1	11732
      3	11751
      1	11766
      1	11785
      1	11846
      1	11887
      9	11964
      1	11990
      1	12027
      1	12028
      1	12041
      1	12044
      8	12218
      2	12246
      1	12253
      1	12258
      2	12320
      5	12368
      2	12375
      2	12381
      1	12390
      1	12394
      1	12426
      4	12597
      2	12613
     11	12623
      2	12638
      4	12684
      1	12712
      1	12763
      1	12919
      2	12920
      1	12952
      1	12960
      1	13001
      1	13157
      1	13218
      1	13447
      1	13456
      1	13523
      1	13543
      2	13567
      1	13572
      1	13600
      1	13631
      3	13683
      1	13724
      1	13734
      1	13747
      1	13749
      1	13762
      3	13787
      6	13889
      1	13986
      1	14070
      1	14120
      5	14127
      1	14169
      2	14213
      1	14312
      8	14350
      1	14352
      1	14365
      1	14392
      1	14457
      1	14540
      1	14611
      1	14626
      1	14682
      1	14711
      1	14768
      1	14872
      6	14876
      1	14883
      1	14996
      2	15029
      1	15075
      1	15183
      1	15275
      6	15278
      2	15291
      1	15303
      1	15357
      1	15535
      2	15593
     20	15661
      1	15684
      3	15702
      2	15748
      1	15774
     16	15787
      1	15895
      1	15931
      3	15985
      1	16007
      2	16019
      2	16188
      1	16212
      1	16231
      1	16532
      5	16554
      1	16641
      1	16715
      1	16787
      1	16794
      1	16916
      1	16956
      1	16960
      2	17027
      1	17048
      1	17080
      3	17225
      1	17259
      1	17267
      1	17286
      2	17291
      3	17338
      1	17355
      1	17368
      1	17412
      1	17423
      1	17434
      1	17466
      1	17474
      2	17495
      1	17527
      3	17592
      1	17613
      1	17644
      1	17671
      9	17825
      4	17833
      1	17916
      1	18003
      1	18011
      1	18035
      1	18100
      3	18114
      3	18142
      1	18315
      2	18348
      1	18411
      1	18422
      1	18448
      1	18472
      1	18493
      1	18513
      1	18567
      1	18618
      1	18643
      1	18660
      1	18735
      1	18778
      1	18885
      1	18951
      1	18992
      1	19105
     28	19130
      1	19225
      1	19268
      2	19285
      1	19304
      2	19402
      1	19471
      1	19578
      1	19616
      1	19625
      1	19640
      1	19822
      1	19858
      1	19904
      1	19976
      1	19989
      1	20249
      1	20422
      1	20484
      1	20575
      8	20611
      1	20632
      1	20691
      1	20716
      1	20831
      1	20956
      2	20988
      2	20997
      3	21124
      1	21162
      1	21164
      1	21215
      1	21266
      1	21272
      1	21293
      1	21303
      2	21321
      1	21463
      1	21543
      1	21623
      1	21650
      1	21724
      1	21743
      1	21775
      1	21822
      1	21842
      1	21926
      1	21974
      1	21991
      2	22077
      1	22093
     11	22098
      1	22160
      1	22175
      1	22188
      1	22204
      1	22206
      2	22217
      1	22254
     13	22351
      1	22481
      2	22501
      1	22526
      1	22547
      2	22601
      2	22724
      1	22901
      1	22905
      1	22911
      2	23029
      1	23033
      1	23066
      2	23304
      1	23311
      1	23385
      1	23440
      1	23443
      1	23449
      2	23456
     62	23501
      2	23526
      1	23537
      5	23577
      1	23589
      1	23637
      3	23805
      2	23869
      1	23895
      2	23904
      1	23912
      2	23976
      1	23990
      1	24049
      2	24058
      1	24227
      1	24237
      1	24325
      1	24339
      1	24353
      1	24367
      2	24388
      1	24489
      2	24492
      1	24497
      2	24541
      3	24549
      4	24789
      1	24817
      1	24830
      3	24839
      1	24844
      1	24860
      1	24967
      1	25031
      1	25054
      1	25129
      1	25145
      1	25242
      1	25365
      1	25507
      1	25553
      1	25598
      1	25607
      1	25620
      1	25626
      4	25640
      2	25666
      2	25694
      1	25764
      1	25776
      1	25781
      2	25898
      1	25981
      2	26005
      2	26009
      1	26070
     12	26111
      1	26184
      1	26329
      1	26355
      1	26385
      1	26448
      1	26555
      2	26633
      1	26642
      1	26679
      1	26686
      6	26777
      1	26781
      1	26784
      1	26806
      1	26828
      1	26840
      8	26857
      1	26886
      1	26913
      1	27039
      1	27109
      1	27159
      1	27241
      1	27245
      1	27272
      1	27286
      1	27312
      1	27339
      1	27520
      1	27579
      1	27615
     19	27636
      4	27652
      1	27670
      1	27793
      1	27807
      1	27816
      1	27858
      1	27880
      1	27991
      1	28035
      3	28187
      1	28257
      1	28323
      1	28405
      1	28410
      1	28479
     22	28504
      1	28541
      2	28549
      3	28615
      1	28642
      1	28683
      2	28716
      4	28731
      2	28749
      2	28824
      1	28855
     10	28907
      1	28999
      1	29040
      1	29085
      1	29099
      1	29139
      2	29166
      2	29207
      1	29208
      1	29246
      1	29271
      1	29289
      1	29328
      1	29478
      1	29540
      1	29576
      1	29611
      1	29624
      1	29708
      1	29945
      4	30066
      2	30068
      1	30097
     14	30144
      1	30177
      1	30250
      1	30319
      1	30366
      1	30392
      2	30402
      2	30460
      1	30564
      1	30594
      2	30613
      2	30637
      1	30676
      1	30769
      4	30857
      4	30867
      2	30869
     14	30983
      1	30994
      3	31205
      1	31258
      2	31312
      1	31321
      4	31333
      1	31360
      1	31409
      1	31520
      1	31527
      1	31557
      2	31579
      1	31606
      1	31703
      1	31787
      1	31814
      1	31840
      1	31901
      1	31909
      3	31915
      1	31945
      1	31947
      2	31961
      1	31962
      1	31971
      2	32055
      1	32068
      9	32204
      1	32211
      1	32257
      1	32273
      1	32461
      1	32593
      1	32611
      3	32657
      4	32683
      1	32701
      2	32747
      2	32830
      1	32993
      1	33013
      1	33037
      1	33051
      1	33064
      1	33100
      1	33120
      1	33167
      2	33173
      1	33260
      1	33333
      1	33354
      1	33428
      3	33484
      1	33516
      2	33586
      7	33605
      9	33687
      2	33705
      1	33721
      1	33739
      3	33814
      1	33843
      1	33845
      2	33917
      5	33992
      1	34008
      1	34035
      1	34056
      1	34092
      1	34105
      2	34335
      1	34374
      1	34428
      1	34446
      1	34452
      1	34462
      2	34495
      1	34569
      1	34702
      1	34763
      1	34774
      1	34836
      5	34865
      1	34869
      4	35223
      2	35237
      2	35247
      1	35266
      4	35308
      1	35353
      2	35390
      3	35498
      1	35545
      1	35605
      1	35622
      1	35644
      5	35714
      1	35737
      1	35750
      1	35818
      1	35831
      1	35836
      1	35928
      2	35947
      1	36030
      6	36048
      3	36071
      1	36084
      1	36220
      1	36231
      1	36252
      1	36354
      1	36359
      1	36414
      2	36587
      1	36600
     10	36652
      2	36721
      2	36878
      9	36923
      2	36973
      1	37025
      1	37032
      3	37081
      2	37117
      1	37121
      1	37124
      1	37240
      1	37243
      2	37247
      2	37268
      2	37277
      1	37315
      1	37316
      1	37331
      1	37333
      1	37341
      1	37371
      1	37381
      7	37490
      1	37542
      1	37672
      1	37715
      1	37784
      1	37803
      1	37844
      1	37859
      2	37885
      1	37962
      1	37983
      4	37992
      1	38047
      1	38122
      1	38141
      1	38204
      1	38269
      1	38346
      2	38392
      1	38394
      1	38428
      3	38480
      1	38520
      1	38553
      2	38571
      2	38582
      4	38665
      1	38716
      1	38729
      3	38772
      2	38781
      1	38785
      2	38791
      1	38839
      1	38874
      1	38913
      1	38973
      1	39069
      1	39159
      1	39200
      3	39266
      1	39281
      1	39325
      1	39344
      2	39348
      1	39386
      1	39416
      1	39472
      2	39804
      1	39888
      4	40034
      3	40050
      1	40059
      1	40063
      1	40067
      2	40132
      2	40145
      1	40217
      1	40220
      1	40230
      1	40432
      1	40522
      1	40531
      1	40540
      1	40551
     15	40580
      1	40587
      1	40611
      1	40637
      1	40651
      1	40682
      1	40779
      4	40825
      1	41086
      1	41142
      1	41186
      1	41396
      1	41496
      1	41578
      1	41637
      1	41669
      1	41702
      2	41753
      1	41774
      1	41823
      1	41928
      7	42008
      1	42123
      1	42235
      1	42329
      2	42369
      1	42390
      1	42397
      1	42474
      1	42512
      1	42523
      1	42634
      1	42805
      2	42888
      1	42897
      1	42983
     17	43087
      2	43106
      2	43171
      1	43201
      2	43204
      1	43267
      1	43360
      6	43381
      1	43385
      1	43419
      6	43531
      1	43538
      2	43679
      1	43700
     18	43714
      1	43730
      1	43764
      1	43832
      1	43900
      2	43933
      1	43989
      1	44016
      1	44047
      2	44078
      2	44312
      2	44329
      1	44346
      1	44407
      2	44587
      2	44615
      1	44682
      1	44683
      1	44687
      1	44690
      1	44764
      1	44777
      3	44833
      1	44899
      1	44912
      5	44938
     11	44959
      1	44968
      1	45017
      1	45061
      1	45133
      1	45135
      1	45138
      1	45246
      2	45322
      1	45390
      7	45407
      1	45425
      1	45454
      2	45457
      3	45464
      3	45465
      2	45506
      1	45590
      1	45593
      1	45645
      1	45660
      1	45661
      1	45692
      1	45772
      1	45776
      1	45791
      2	45808
      1	45834
      1	45872
      1	45955
      1	45965
      1	45979
      1	46081
      1	46145
      1	46180
      1	46208
      4	46221
      2	46236
      1	46356
      1	46357
      1	46366
      1	46397
      1	46499
      1	46517
      3	46551
      1	46607
      1	46811
      1	46840
      1	46884
      2	46921
      1	46950
      1	46992
      1	47025
      3	47170
      1	47311
      1	47315
      1	47351
      1	47376
      2	47412
      2	47486
      1	47499
      1	47584
      2	47660
      1	47661
      1	47672
     50	47721
      4	47791
      1	47873
      1	47883
      1	47905
      2	47954
      1	47975
      1	48004
      3	48013
      1	48037
      1	48047
      1	48104
      2	48164
      3	48354
      1	48369
      1	48383
      1	48481
      1	48573
      2	48577
      1	48671
      3	48746
      1	48776
      1	48822
      1	48836
      3	48997
      6	49119
      1	49180
      1	49234
      1	49342
      1	49358
      1	49361
      1	49375
      1	49399
      1	49403
      2	49492
      2	49549
      1	49560
      1	49590
      8	49718
      1	49748
      1	49770
      1	49804
      1	49806
      1	49850
      1	49884
      2	49893
      1	49901
      1	49933
      1	50046
      1	50059
      1	50149
      3	50152
      1	50300
      1	50368
      2	50522
      2	50539
      3	50568
      3	50574
      1	50660
      3	50840
      2	50859
      1	50940
      4	51183
      1	51228
      1	51236
      2	51243
      4	51394
      1	51421
      1	51482
      1	51593
      1	51644
      1	51740
      1	51863
      1	51888
      2	51948
      1	51949
      3	52012
      1	52015
      3	52093
      1	52224
      1	52265
      1	52330
      1	52365
      1	52370
      1	52371
      3	52441
      1	52445
      1	52551
      1	52601
      1	52641
      1	52667
      2	52792
      1	52985
      2	52991
      1	53045
      1	53194
      1	53204
      1	53243
      1	53249
      1	53317
      3	53318
      4	53376
      3	53423
      1	53450
      1	53502
      1	53584
      1	53660
      1	53796
      2	53855
      1	53865
      2	53918
      1	53925
      1	53947
      4	54040
      1	54073
      2	54103
      1	54146
      1	54178
      2	54183
      1	54191
      1	54205
      2	54227
      1	54380
      2	54407
      3	54430
      2	54461
      1	54468
      1	54523
      1	54525
      1	54619
      1	54662
      1	54811
      1	54825
      1	55053
      2	55062
      1	55073
      1	55093
      3	55217
      1	55440
      1	55460
      1	55477
      1	55486
      1	55531
      1	55578
      2	55587
      1	55592
      1	55663
      8	55688
      1	55800
      1	55808
      2	55822
      1	55829
      1	55848
      1	55910
      1	55934
      1	55946
      4	56027
      1	56034
      1	56052
      1	56066
      1	56090
      6	56113
      1	56201
      1	56255
      1	56263
      4	56264
      1	56355
      1	56366
      1	56429
      2	56434
      1	56502
      4	56590
      4	56629
      4	56776
      1	56823
      1	56840
      1	56874
      1	56889
      1	56902
      1	56911
      1	56992
      2	57144
      1	57162
      1	57260
      1	57298
      2	57332
      1	57432
      1	57436
      1	57448
      4	57489
      1	57523
      1	57525
      1	57622
      1	57746
      1	57752
      2	57807
     10	57836
      2	57843
      1	57905
      4	57922
      1	58012
      2	58087
      1	58128
      1	58191
      1	58216
      1	58224
      1	58267
      2	58281
      1	58347
      1	58370
      2	58468
      1	58496
      2	58567
      1	58587
      1	58679
      1	58858
      7	58887
      1	58895
      4	58897
      1	58934
      1	58968
      2	59076
      1	59109
      1	59118
      1	59134
      2	59135
      1	59145
      1	59158
      1	59165
      1	59178
      1	59202
      1	59314
      1	59328
      1	59423
      1	59527
      6	59535
      2	59626
      1	59654
      2	59720
      1	59739
      1	59818
      1	59887
      1	60002
      2	60026
      8	60120
      1	60162
      3	60265
      1	60286
      1	60344
      1	60352
      1	60389
      1	60427
      1	60599
      1	60653
      3	60661
      2	60700
      2	60753
      1	60862
      2	60876
      1	60909
      3	60935
      1	60961
      1	61013
      3	61021
      1	61057
      2	61066
      1	61073
      2	61110
      1	61121
      1	61152
      4	61230
      4	61234
      1	61254
      3	61261
      2	61277
      1	61327
      1	61330
      3	61332
      1	61346
      2	61367
      1	61383
      1	61406
      1	61507
     22	61577
      3	61578
      1	61584
      1	61665
      1	61888
      1	61941
      1	61973
      1	62014
      1	62063
     11	62090
      1	62179
      1	62225
     10	62252
      2	62405
      1	62427
      1	62495
      1	62651
      1	62660
      1	62661
      2	62730
      1	62790
      1	62812
      1	62849
      1	62859
      1	62875
      1	62897
      1	63024
      2	63078
      1	63102
      1	63119
      1	63189
      1	63198
      1	63252
      1	63264
      2	63276
      7	63380
      1	63382
      1	63390
      1	63409
      1	63432
      1	63449
      1	63585
      1	63603
      1	63607
      1	63615
      1	63627
      1	63679
      1	63765
      1	63798
      2	63807
      1	63900
      2	63941
      1	63956
      1	63981
      2	64070
      2	64086
      1	64108
      3	64146
      1	64149
      1	64322
      1	64325
      4	64412
      1	64528
      1	64543
      2	64552
      9	64567
      1	64637
      2	64794
      1	64809
      1	64927
      1	65014
      6	65042
      1	65073
      1	65091
      1	65174
      1	65249
      1	65334
      6	65353
      2	65407
      1	65451
