      1	24
      1	29
      2	56
      2	61
     20	91
      1	102
      1	175
      1	269
      1	283
      1	303
      2	329
      1	365
      2	431
      1	439
      2	450
      1	453
      1	505
      1	558
      7	704
      1	707
      1	725
      1	743
      4	779
      2	845
      1	850
      1	865
      2	885
      1	1068
      1	1203
      2	1232
      1	1254
      1	1362
      1	1384
      1	1394
      2	1405
      3	1421
      1	1492
      1	1546
      7	1552
      1	1554
      1	1616
      1	1630
      1	1662
      1	1669
      1	1706
      1	1764
      2	1777
      1	1779
      1	1821
      1	1822
      1	1927
      1	1928
      1	1937
      1	1964
      3	2015
     10	2093
      1	2150
      2	2170
      2	2222
      1	2251
      1	2293
      1	2307
      1	2357
      2	2371
      1	2397
      1	2443
      1	2474
     15	2475
      1	2511
      1	2551
      1	2555
      2	2609
      1	2613
      1	2634
      2	2676
      3	2679
      1	2693
      6	2743
      1	2849
      1	2917
      1	2920
      1	2938
      1	2964
      2	2976
      1	2982
      1	3004
      1	3020
      4	3189
      1	3190
      2	3236
      1	3263
      7	3351
      2	3358
      1	3359
      1	3376
      1	3383
      1	3450
      1	3497
      1	3514
      1	3533
      1	3552
      1	3595
      1	3646
      1	3663
      3	3709
      3	3732
      1	3793
      2	3812
      1	3874
      1	3879
      1	3905
      1	3935
      2	3977
      1	3989
      2	4046
      1	4051
      1	4106
      1	4108
      1	4113
      1	4123
      1	4162
      1	4184
      2	4207
      1	4231
      1	4293
      1	4308
      2	4318
      1	4349
      8	4442
      1	4502
      1	4509
      1	4538
      1	4552
      1	4621
      5	4656
     19	4732
      1	4773
      2	4780
      1	4781
      1	4785
      1	4790
      1	4918
      1	4930
      1	4969
      1	4983
      1	5021
     10	5023
      2	5028
      7	5112
      7	5113
      4	5174
      3	5187
      2	5210
      1	5287
      1	5300
      1	5338
      1	5430
      7	5453
      1	5457
      1	5475
      2	5476
      1	5504
      1	5520
      1	5609
      1	5613
      1	5678
      4	5682
      1	5736
      9	5810
      1	5859
      3	5888
      2	5905
      1	5927
      1	6022
      1	6035
      1	6058
      3	6073
      1	6076
      1	6081
      1	6101
      1	6180
      1	6196
      1	6210
      4	6215
     11	6235
      1	6271
      1	6281
      1	6348
      1	6358
      1	6394
      5	6403
      3	6405
      2	6479
      2	6494
      3	6497
      1	6534
      2	6571
      1	6583
      1	6586
      1	6593
      1	6596
      1	6638
      1	6688
      1	6705
      1	6707
      1	6772
      2	6831
      2	6839
      1	6896
      1	6929
      1	6937
      1	6978
      1	6985
      1	7021
      1	7031
      1	7066
      1	7067
      1	7109
      3	7141
      2	7182
      2	7234
      3	7240
      1	7246
      2	7271
      2	7299
     34	7323
      1	7386
      6	7467
      1	7531
      1	7612
      1	7623
      2	7651
      1	7668
      1	7740
      1	7876
      1	7891
      1	8009
      2	8011
      5	8013
      1	8015
      1	8028
      1	8035
      1	8093
      1	8102
      1	8115
      1	8118
      1	8223
      1	8236
      1	8239
      2	8363
      2	8365
      1	8432
      8	8489
      1	8522
      1	8526
      1	8599
      1	8606
      1	8632
      9	8657
      2	8739
      1	8859
      1	8896
      1	9002
      4	9028
      1	9053
      1	9162
      1	9167
      1	9174
      1	9204
      3	9208
      1	9216
      1	9230
      1	9234
     10	9254
      1	9281
      1	9312
      1	9322
      2	9345
      1	9374
      2	9409
      1	9423
      1	9463
      1	9491
      2	9502
      1	9543
      1	9562
      2	9585
     20	9610
      1	9616
      1	9681
      1	9705
      1	9714
      1	9765
      1	9797
      1	9824
      1	9826
      1	9839
      1	9843
      1	9847
      2	9855
      5	9900
      1	9921
      1	9969
      2	10020
     14	10022
      2	10026
      1	10044
      4	10059
      2	10070
      1	10121
      1	10124
      1	10181
      1	10199
      1	10314
      1	10504
      1	10545
      1	10556
      1	10576
      2	10630
      5	10667
      2	10679
      2	10710
      5	10724
      1	10765
      6	10798
      8	10813
      1	10848
      1	10875
      1	10970
      2	10987
      1	10996
      1	11014
     11	11067
      4	11071
      1	11135
      2	11189
      1	11197
      1	11228
      1	11250
      1	11293
      1	11303
      6	11339
      1	11433
      1	11480
      1	11487
      2	11555
      1	11587
      3	11609
      1	11623
      1	11634
      1	11654
      1	11751
      1	11762
      1	11823
      1	11863
      1	11880
      1	11897
      1	11967
      1	11975
      1	11979
      1	12042
      2	12044
      1	12098
      1	12114
      2	12116
      1	12186
      1	12188
      1	12206
      2	12215
      1	12253
      1	12295
     14	12356
      1	12381
     17	12397
     11	12407
      1	12420
      1	12426
      1	12435
      1	12525
      2	12584
      1	12666
     20	12695
      6	12708
      1	12740
      1	12767
      1	12804
      1	12814
      1	12824
      1	12864
      2	12870
      2	12915
      3	12920
      9	12952
      2	12956
      1	12963
      1	13022
      3	13024
      1	13064
      1	13067
      1	13074
      2	13083
      1	13118
      1	13139
      1	13154
      3	13193
      1	13274
      7	13283
      2	13292
      2	13315
      1	13329
      1	13332
      1	13399
      2	13451
      1	13555
      1	13661
      1	13683
      1	13709
     21	13734
      1	13738
      1	13745
      1	13748
      1	13756
      1	13838
      2	13840
      1	13901
      1	13911
      1	13953
      2	14003
      1	14016
      2	14051
      1	14053
      1	14088
      4	14111
      1	14123
     12	14166
      1	14175
      4	14214
      2	14271
      1	14297
      1	14376
      1	14389
      1	14417
      1	14430
      2	14476
      2	14540
      1	14587
      1	14629
      2	14635
      1	14695
      2	14730
      1	14800
      2	14801
      6	14986
      1	15011
      1	15069
      1	15090
      1	15094
      1	15211
      1	15231
      1	15247
      1	15261
      2	15330
      1	15353
      1	15355
      2	15386
      4	15396
     15	15461
      2	15491
      1	15492
      2	15552
      1	15558
      5	15619
     10	15661
      1	15684
      1	15699
      1	15701
      1	15702
      1	15704
      2	15766
      1	15889
      1	15895
      1	15903
      1	15955
      1	15957
      2	16007
      1	16057
      3	16066
      1	16148
      1	16153
      1	16174
      2	16195
      1	16255
      1	16276
      2	16292
      1	16440
      1	16453
      1	16554
      1	16608
      4	16614
      1	16649
     10	16679
      2	16722
      2	16780
      1	16894
      1	16924
      1	16997
      1	17005
      1	17010
      1	17016
      1	17041
      1	17115
      1	17139
      1	17164
      6	17210
      1	17225
      1	17229
      1	17341
      1	17345
      1	17369
      2	17465
      2	17485
      5	17493
      2	17498
      1	17613
      1	17667
      1	17698
      2	17736
      4	17743
      2	17833
      1	17881
      2	17938
      1	17974
      1	17975
      1	18003
      1	18035
      5	18077
      1	18092
      1	18103
      2	18160
      2	18172
      1	18179
      1	18247
      1	18316
      1	18373
      1	18475
      1	18533
      2	18576
      2	18590
      1	18592
      7	18656
      1	18681
      1	18696
      1	18749
      2	18768
      1	18795
      6	18935
      4	18937
      2	18954
      1	18992
      1	19198
      8	19221
      2	19255
      1	19301
      1	19305
      1	19406
      1	19425
      2	19489
      3	19503
      1	19526
      1	19535
      5	19549
      3	19617
      1	19624
      1	19708
      1	19784
      1	19818
      1	19892
      1	19919
      1	19949
      9	20008
      1	20011
      1	20236
      1	20243
      1	20267
      1	20322
      1	20341
      1	20344
      1	20363
      1	20583
      1	20589
      1	20603
      2	20606
      1	20649
      2	20683
      1	20784
      2	20827
      1	20882
      1	20991
      1	21040
      1	21062
      2	21189
      1	21219
      6	21253
      1	21258
      1	21285
      1	21300
      1	21317
      1	21366
      5	21505
      1	21553
      2	21625
      1	21655
      2	21669
      1	21717
     18	21777
      1	21805
      1	21819
      1	21855
      1	21874
      1	21895
      1	21926
      2	21944
      3	21952
      4	21981
      1	21983
      1	22027
      1	22039
      1	22091
      1	22097
      1	22144
      1	22164
      3	22229
      1	22296
      1	22303
      1	22329
      1	22365
      2	22374
      1	22383
      1	22466
      1	22482
      1	22516
      1	22597
      1	22624
      1	22625
      1	22635
      1	22680
     28	22713
      1	22738
      1	22805
      1	22812
      2	22821
      2	22876
      1	22907
      1	22925
      3	22926
      1	22945
      1	22977
      1	22980
     10	23023
      1	23029
      1	23070
      1	23073
      1	23106
      5	23114
      2	23176
      1	23181
      2	23216
      1	23219
      1	23234
      1	23248
      1	23273
      1	23288
      2	23293
      1	23328
      2	23353
      1	23443
      1	23494
      1	23501
      2	23526
      2	23568
      1	23577
      1	23592
      1	23643
      1	23743
      1	23864
      1	23918
      2	23925
      2	23932
      1	23944
      1	23978
      2	24032
      1	24053
      7	24054
      2	24058
      1	24106
      1	24135
      1	24333
      2	24334
      1	24360
      1	24425
      1	24486
      1	24489
      1	24506
      1	24513
      1	24570
      1	24596
      1	24800
      7	24817
      3	24839
      1	24967
      1	24990
      1	24995
      2	25024
      2	25073
      1	25123
      1	25129
      1	25133
      1	25142
      2	25151
      1	25331
      1	25347
      1	25421
      1	25467
      1	25514
      1	25561
      1	25585
      2	25592
      1	25619
      2	25620
      1	25633
      2	25653
      1	25781
      1	25813
      1	25830
      1	25839
      4	25871
      3	25891
      2	25933
      7	25974
      2	25985
      2	26055
      1	26105
      8	26108
      1	26111
      2	26127
      1	26207
      2	26290
      3	26320
      1	26352
      1	26359
      1	26412
      1	26432
      2	26443
      1	26475
      1	26563
      7	26628
      1	26641
      1	26685
      2	26725
      1	26729
      6	26777
      1	26844
      2	26873
      1	26912
      1	26929
      2	26965
      1	27039
      1	27052
      1	27065
      1	27113
      6	27114
      1	27171
      1	27173
      2	27214
      1	27263
      2	27272
      1	27302
      1	27305
      3	27367
      3	27386
      1	27395
      1	27443
      1	27520
      4	27523
      2	27598
      1	27672
      1	27698
      2	27731
      1	27752
      2	27758
      1	27890
      6	27892
      1	27951
      1	28030
      1	28079
      1	28132
      1	28169
      1	28225
      1	28242
      1	28344
      1	28365
      1	28438
      1	28447
      1	28463
      1	28478
      1	28604
      1	28616
      2	28621
      1	28665
      1	28749
      1	28759
      2	28765
      1	28809
      1	28889
      2	28960
      2	28991
      2	29002
      1	29003
      1	29028
      3	29043
      1	29110
      1	29140
      1	29159
      1	29163
      1	29229
      1	29255
      1	29311
      1	29353
      1	29433
      1	29449
      1	29487
      1	29515
      2	29624
      1	29657
      1	29686
      1	29700
      1	29812
      1	29910
      1	29938
      1	29945
      1	29961
      1	29964
      1	30032
      2	30055
      1	30057
      1	30071
      2	30143
      1	30149
      2	30153
      4	30167
      5	30319
      1	30325
      1	30352
      1	30360
      1	30427
      1	30447
      1	30549
      2	30570
      3	30595
      3	30624
      2	30672
      4	30727
      1	30736
      1	30754
      1	30769
      1	30776
      2	30786
      1	30801
      2	30877
      1	30930
      1	30943
      2	30980
      2	30983
      1	30986
      1	31088
      1	31098
      1	31166
      1	31167
      2	31185
      1	31195
      2	31200
      1	31205
      1	31323
      1	31360
      1	31397
      2	31538
      1	31543
      1	31578
      5	31602
      1	31613
      1	31636
      1	31643
      1	31699
      2	31703
      2	31705
      1	31761
      7	31766
      1	31800
      3	31813
      1	31833
      1	31859
      3	31911
      1	31943
      4	31982
      2	31983
      1	31990
      1	32048
      1	32117
      6	32137
      1	32249
      1	32258
      1	32261
      1	32262
      1	32308
      1	32372
     11	32405
      1	32426
      1	32479
      1	32585
      1	32639
      2	32657
      1	32704
      1	32713
      1	32731
      1	32768
      2	32781
      3	32784
      2	32863
      1	32876
      2	32886
      1	32918
      1	32967
      1	32995
      1	33012
      1	33069
      1	33107
      1	33124
     12	33143
     14	33188
      1	33216
      1	33236
      9	33292
      1	33303
      3	33351
      1	33362
      1	33380
      1	33439
      1	33476
      1	33484
      2	33599
      1	33630
      2	33638
      1	33671
      1	33704
      2	33718
      1	33808
      4	33917
      3	33971
      1	33972
      1	33991
      1	34046
      1	34087
      2	34090
      3	34197
      2	34241
      6	34279
      1	34319
      1	34357
      1	34446
      1	34463
      1	34479
      1	34480
      1	34511
      4	34537
      3	34538
      1	34546
      1	34550
      1	34589
     12	34617
      2	34674
      3	34689
      1	34698
      1	34708
      2	34735
      2	34750
      1	34763
      1	34809
      1	34816
      1	34818
      1	34908
      1	34917
      2	34919
      2	34947
      1	35162
      1	35192
      2	35222
     12	35310
     24	35360
      1	35396
      1	35451
      2	35498
      1	35511
      2	35545
      4	35598
      1	35659
      5	35708
      1	35717
      2	35748
      1	35754
      1	35791
      1	35826
      2	35923
      1	35958
      1	35992
      1	35993
      1	35997
      1	36056
      1	36062
      4	36091
      5	36191
      1	36333
      1	36396
      1	36428
      1	36438
      1	36472
      1	36508
      2	36526
      2	36534
      1	36547
      2	36558
      1	36574
      1	36589
      1	36608
      1	36621
      1	36648
      1	36659
      1	36718
      3	36780
      1	36796
      1	36810
      3	36824
      1	36840
      2	36869
      1	36880
     17	36973
      1	37000
      1	37011
      1	37023
      1	37030
      1	37031
      2	37062
      2	37119
      1	37123
      1	37127
      1	37224
     13	37226
      2	37244
      1	37264
      2	37308
      2	37355
      1	37358
      1	37382
      1	37395
      3	37414
      1	37474
      1	37493
      1	37496
      1	37553
      1	37565
      2	37584
      1	37606
      1	37617
      1	37626
      1	37640
      1	37679
      1	37682
      2	37743
      2	37744
      1	37747
      2	37775
      1	37788
      1	37795
      3	37870
      3	37961
      2	37980
      1	37993
      1	38033
      2	38045
      3	38047
      1	38088
      1	38110
      1	38135
      1	38138
      1	38160
      1	38161
      1	38206
      2	38221
      2	38225
      1	38239
      1	38243
      2	38333
      1	38353
      2	38398
      6	38439
      2	38468
      1	38480
      4	38520
      1	38582
      1	38589
      1	38592
      1	38617
      1	38665
      1	38676
     20	38681
      1	38697
      4	38747
      1	38756
      1	38794
      1	38848
      1	38852
      1	38871
      1	38880
      1	38884
      1	38925
      1	38945
      1	38948
      4	39032
      1	39035
      1	39072
      1	39168
     16	39213
      1	39246
      1	39248
      8	39254
      5	39265
      2	39271
      2	39302
      3	39325
      3	39420
      1	39459
      1	39460
      1	39581
      2	39736
      1	39751
      1	39759
      1	39785
      2	39790
      2	39850
      6	39868
      1	39869
      1	39875
      4	39897
      2	39984
      1	39999
      3	40063
      1	40131
      4	40204
      1	40223
      1	40227
      1	40252
      1	40257
      3	40284
      2	40338
      1	40395
      1	40435
      2	40516
      1	40533
     12	40574
      4	40641
      2	40711
      1	40733
      1	40779
      1	40802
      2	40817
      1	40839
      1	40845
      1	40879
      3	40942
      1	40982
      1	41009
      1	41099
      1	41102
      1	41107
      1	41108
      1	41122
      1	41185
      2	41241
      5	41245
      1	41248
      1	41322
      1	41355
      1	41411
      1	41412
      1	41427
      1	41457
      2	41485
      1	41490
      1	41491
      2	41529
      1	41555
      1	41574
      1	41632
      1	41640
      1	41669
      1	41690
      1	41738
      1	41758
      1	41760
      1	41853
      1	41854
      2	41860
      1	41893
      1	41952
      1	41976
      1	41986
      1	42024
      3	42049
      5	42065
      2	42144
      1	42217
      1	42248
      3	42277
      3	42464
      1	42476
      1	42501
      1	42559
      1	42585
      8	42593
      1	42608
      1	42627
      4	42656
      1	42686
      1	42752
      1	42767
      1	42770
      1	42820
      2	42923
      1	42965
      1	42979
      1	42992
      1	43019
      1	43048
      2	43166
      1	43177
      1	43208
      3	43247
      2	43257
      2	43334
      2	43354
      1	43359
      1	43384
      3	43472
      1	43498
      1	43513
      1	43539
      1	43559
      1	43603
      2	43705
      3	43714
      3	43765
      1	43832
      2	43941
      1	43953
      3	43982
      1	44028
      1	44061
      2	44093
      1	44104
      1	44117
      1	44166
      2	44228
      4	44313
      1	44322
      1	44329
      1	44335
      1	44346
      1	44355
      1	44380
      2	44389
      1	44420
      1	44425
      1	44480
      1	44517
      1	44533
      1	44569
      1	44575
      1	44576
      1	44617
      1	44701
      1	44714
      2	44743
      1	44777
      2	44796
      1	44843
      1	44857
      1	44867
      1	44907
      1	44909
      1	44912
      1	44927
      1	44936
      4	44947
      2	45141
      1	45189
      4	45219
      2	45260
      2	45293
      1	45298
      1	45314
      1	45322
      1	45384
      3	45427
      4	45448
      5	45457
      2	45464
      1	45501
      1	45536
      4	45558
     14	45570
      1	45586
      1	45604
      2	45611
      1	45713
      1	45747
      2	45808
      1	45875
      1	45930
      1	46024
      2	46045
      1	46053
      2	46057
      1	46060
      1	46070
      1	46081
      1	46091
      1	46107
      1	46111
      7	46225
      1	46236
      1	46290
      1	46300
      1	46308
      1	46329
      3	46392
      4	46402
      1	46418
      1	46419
      1	46443
      1	46499
      1	46595
      1	46680
      1	46698
      3	46705
      1	46713
      1	46733
      1	46750
      1	46793
      1	46898
      1	46925
      1	47089
      1	47104
      1	47111
      1	47137
      1	47177
      1	47182
      1	47208
      2	47281
      1	47311
      1	47509
      1	47575
      1	47579
     19	47647
      6	47650
      1	47652
      4	47654
      1	47706
     13	47721
      2	47732
      1	47826
      1	47873
      3	47931
      3	47952
      4	47977
      1	47988
      1	48086
      1	48104
      2	48125
      1	48126
      1	48128
      1	48161
      1	48185
      1	48292
      1	48325
      2	48389
      2	48414
      1	48447
     13	48487
      1	48492
      2	48506
      1	48535
      1	48577
      1	48596
      1	48608
      2	48708
      4	48714
      2	48769
      1	48824
      3	48834
      1	48900
      1	48913
      1	49014
      1	49043
      2	49073
      1	49107
      1	49108
      1	49178
      1	49180
      1	49182
      1	49231
      1	49261
      2	49483
      1	49484
      1	49493
      1	49505
      1	49517
      1	49585
      1	49619
      1	49671
      1	49672
      7	49794
      1	49797
      1	49852
      1	49913
      1	49929
      1	50049
      1	50177
      1	50199
      1	50284
      3	50372
      1	50392
      2	50410
      1	50419
      1	50439
      2	50441
      2	50465
      1	50494
      1	50511
      1	50522
      1	50537
      1	50539
      1	50550
      1	50553
      1	50574
      3	50584
      4	50598
      1	50621
      3	50642
      4	50660
      1	50721
      1	50781
      1	50787
      1	50811
      6	50840
      1	50850
      5	50859
      1	50910
      1	50940
      1	51031
      4	51044
      1	51051
      1	51065
      2	51073
      2	51305
      1	51325
      1	51351
      7	51354
      1	51365
      1	51382
      2	51392
      1	51394
      1	51406
      1	51409
      1	51411
      1	51475
      1	51541
      1	51555
      1	51590
      2	51601
      2	51678
      1	51686
      1	51700
      1	51716
      1	51766
      1	51769
      3	51771
      1	51855
      1	51920
      1	51950
      1	51981
      2	52029
      1	52049
      1	52099
      1	52112
      1	52121
      1	52181
      1	52304
      3	52344
      1	52351
      1	52397
      1	52414
      5	52445
      1	52457
      1	52459
      1	52526
      1	52528
      1	52549
      4	52564
      1	52635
      1	52645
      1	52758
      2	52829
      1	52848
      1	52895
      1	52898
      1	52988
      4	53009
      1	53096
      1	53244
      1	53260
      1	53271
      1	53276
      1	53312
      2	53317
      3	53349
      1	53357
      2	53479
      1	53494
      1	53502
      1	53521
      1	53523
      2	53584
      1	53658
      1	53666
      1	53673
      1	53689
      1	53705
      2	53781
      2	53831
      1	53908
      3	53925
      1	53996
      1	54015
      9	54018
      6	54137
      1	54166
      2	54183
      1	54200
      2	54253
      1	54280
      1	54281
      1	54282
      1	54337
      1	54384
      1	54399
      1	54401
      1	54439
      1	54554
      2	54608
     14	54669
      1	54692
      6	54745
      1	54769
      6	54794
      1	54795
      1	54855
      1	54858
      1	54889
      1	54908
      1	54919
      2	54950
      2	54979
      1	55023
      1	55136
      1	55173
      1	55278
      1	55305
      2	55342
      3	55374
      1	55408
      2	55418
      1	55450
      1	55456
      2	55457
      3	55475
      1	55478
      2	55486
      1	55507
      3	55515
      1	55541
      3	55561
      1	55562
      2	55578
      3	55587
      1	55594
      1	55667
      1	55676
      1	55730
      1	55751
      1	55818
      5	55847
      1	55873
      1	55908
      1	55979
      1	56050
      1	56066
      6	56084
      2	56146
      1	56160
      1	56178
      1	56225
      4	56260
      2	56264
     12	56271
      1	56292
      2	56313
      4	56317
      2	56361
      1	56404
      1	56425
      1	56496
      5	56505
      1	56567
      6	56579
      1	56583
      2	56621
      2	56655
      2	56706
      2	56720
      1	56855
      1	56856
      1	56907
      1	56939
      1	56952
      1	57028
      1	57033
      1	57077
      2	57133
      3	57144
      2	57179
      2	57211
      5	57215
      2	57241
      1	57279
      2	57316
      1	57350
      1	57380
      3	57470
      1	57584
      2	57675
      1	57684
      2	57704
      1	57712
      1	57743
      1	57746
      1	57753
      1	57757
      2	57764
      2	57767
      1	57783
      1	57842
      1	57843
      1	57904
      2	57971
      1	57975
      4	58048
      1	58175
      3	58180
      1	58192
      6	58205
      1	58318
      1	58370
      1	58466
      1	58471
      1	58543
      1	58589
      1	58620
      2	58631
      1	58655
      1	58735
      1	58760
      1	58761
      1	58815
      1	58818
      2	58880
      1	58967
      1	58968
      1	58988
      1	59048
      1	59094
      3	59107
      1	59109
      3	59132
      1	59212
      2	59252
      1	59264
      3	59293
      2	59330
      1	59399
      3	59522
      2	59604
      2	59608
      1	59611
      1	59615
      1	59691
      1	59715
      1	59824
      1	59944
      2	59973
      1	60020
      1	60120
      1	60128
      1	60232
      1	60256
      1	60312
      2	60352
      1	60367
      1	60370
      1	60454
      3	60496
      1	60557
      1	60572
      5	60630
      1	60658
      1	60679
      2	60691
      2	60710
      1	60774
      1	60775
      1	60859
      1	60909
      1	60934
      5	60995
      2	61002
      1	61033
      5	61121
      4	61131
      1	61140
      1	61204
      1	61222
      2	61230
      1	61261
      1	61277
      4	61298
      1	61300
      1	61312
      2	61374
      1	61376
      1	61398
     14	61445
      1	61477
      3	61528
      1	61585
      7	61590
      1	61606
      1	61638
      1	61675
      1	61700
      2	61736
      2	61772
     11	61832
      1	61839
      1	61855
      1	61895
      1	61912
      2	61999
      1	62005
      1	62042
      2	62067
      1	62119
      2	62181
      3	62225
      1	62236
      2	62293
      2	62331
      2	62363
      1	62426
      1	62427
      3	62454
      1	62465
      1	62519
      1	62526
      1	62607
      1	62664
      1	62701
      1	62711
      1	62799
      2	62828
      1	62847
      2	62882
      1	62892
      1	62929
      1	62930
      1	62937
      2	63047
      2	63048
      2	63050
      1	63132
      1	63224
      1	63247
      1	63248
      1	63314
      1	63323
      1	63338
      1	63340
      1	63358
      3	63363
      2	63409
      1	63427
      3	63515
      2	63569
      1	63611
      2	63719
      3	63743
      3	63904
      1	64001
      1	64007
      3	64043
      1	64070
      1	64086
      1	64094
      1	64198
      1	64270
      1	64402
      2	64469
      5	64473
      1	64502
      1	64520
      1	64528
      1	64546
      4	64583
      1	64657
      1	64665
      1	64721
      1	64767
      1	64829
      1	64868
      2	64876
      1	64896
      1	64907
      1	64931
      3	65018
      1	65049
      1	65099
      1	65113
      1	65125
      1	65281
      6	65353
      3	65408
      2	65458
      1	65478
