      4	6
      1	56
      1	71
      2	86
      2	129
     11	162
      1	173
      1	196
      3	259
      1	268
      1	322
      4	378
      1	416
      1	436
      1	502
      1	509
      5	515
      1	547
      1	558
      1	599
      1	664
      1	690
      1	691
      1	712
      1	725
      1	753
      2	754
      3	758
     21	767
      1	779
      1	797
      1	806
      1	837
      1	843
      1	851
      4	865
      1	873
      1	959
      1	1010
      1	1016
      1	1068
      1	1079
      1	1102
      1	1190
      1	1193
      1	1213
      1	1248
      1	1261
      1	1285
      1	1298
      1	1387
      1	1405
      1	1410
      1	1444
      1	1471
      1	1473
      3	1505
      1	1508
      2	1536
      1	1544
      1	1552
      1	1557
      1	1588
      2	1616
      1	1662
      1	1698
      2	1732
      1	1734
      1	1799
      1	1813
      1	1886
      2	1913
      1	1947
      1	2022
      1	2035
      2	2057
      1	2077
      1	2095
      1	2239
      1	2375
      1	2417
      2	2452
      1	2474
      4	2516
      1	2544
      4	2566
      1	2567
      1	2613
      1	2674
      1	2683
      1	2684
      1	2688
      5	2743
      1	2775
      1	2780
      1	2808
      1	2817
      1	2885
      1	2928
      1	2930
      2	2987
      1	2995
      1	2997
      1	3020
      1	3044
      1	3152
      2	3243
      4	3255
      1	3256
      1	3319
      1	3337
      1	3340
      2	3368
      1	3376
      1	3382
      2	3392
      1	3406
      1	3417
      1	3418
      1	3427
      1	3506
      1	3519
      1	3549
      2	3661
      2	3666
      4	3690
      3	3698
      1	3737
      6	3745
      1	3750
      1	3783
      1	3807
      1	3821
      1	3824
      8	3842
      1	3843
      1	3914
      1	3922
      1	3995
      3	4020
      1	4134
      1	4187
      2	4198
     10	4318
      2	4334
      1	4336
      4	4353
      1	4368
      1	4386
      1	4458
      3	4460
      1	4481
      1	4505
      1	4546
      1	4604
      1	4608
      1	4621
      1	4664
      1	4679
      1	4740
      1	4754
      1	4812
      4	4856
      1	4926
      1	4942
      1	4969
      2	4977
      1	5029
      1	5112
      1	5122
      1	5140
      1	5215
      2	5260
      1	5261
      2	5287
      1	5313
      1	5314
      1	5436
     20	5444
      1	5475
      2	5510
      1	5686
      2	5731
      1	5741
      1	5751
      1	5766
      1	5770
      2	5792
      1	5874
      1	5885
      1	5944
      5	6012
      1	6031
      2	6032
      2	6039
      2	6045
      2	6064
      1	6072
      1	6101
      1	6116
      5	6128
      1	6155
      1	6189
      1	6219
      2	6226
      4	6275
      2	6293
      1	6308
      1	6346
      3	6351
      1	6394
      1	6403
      1	6417
      1	6452
      1	6494
      1	6497
      2	6518
      1	6596
      3	6626
      2	6647
      1	6691
      2	6717
      3	6746
      1	6758
      1	6768
      1	6781
      2	6806
      1	6867
      1	6882
     17	6908
      1	6934
      1	6946
      1	6961
      2	6980
      1	7013
      2	7081
      1	7103
      1	7139
      1	7246
      2	7278
      1	7299
      4	7326
      1	7332
      1	7339
      1	7348
      2	7376
      2	7386
      2	7403
      1	7529
      1	7544
      1	7579
      1	7692
      2	7718
      1	7742
      1	7798
      2	7842
      1	7846
      3	7910
      5	7970
      1	8022
      1	8031
      1	8045
      1	8054
      1	8096
      1	8101
      1	8102
      1	8105
      1	8141
      2	8143
      2	8172
      1	8201
      1	8248
      1	8345
      1	8419
      3	8462
      2	8564
      1	8642
      1	8696
      1	8710
      1	8718
      4	8760
      1	8774
      2	8782
      1	8859
      1	8920
      3	8931
      2	8956
      2	8978
      1	8983
      1	9041
      1	9142
      4	9152
      1	9157
      2	9182
      4	9200
      1	9217
      2	9240
      1	9241
      1	9254
      2	9304
      3	9317
      1	9327
      2	9435
      1	9457
      1	9502
      1	9516
      2	9562
      1	9568
      1	9573
      1	9593
      2	9610
      1	9633
      2	9662
     13	9705
      3	9765
      1	9797
      1	9817
      1	9819
      1	9831
      1	9888
      1	9965
      4	10026
      1	10030
      3	10097
      1	10104
      1	10175
      7	10241
      7	10245
      1	10259
      1	10262
      1	10280
      2	10447
      1	10476
      1	10520
      1	10645
      3	10682
      1	10721
      4	10724
      1	10819
      2	10847
      1	10872
      3	10903
      3	10908
      1	11044
      2	11048
      1	11088
      1	11122
      1	11125
      1	11297
      1	11298
      1	11299
      1	11304
      1	11307
      1	11308
      1	11321
      4	11402
      1	11431
      2	11494
      1	11524
      2	11535
      1	11553
      1	11580
      2	11584
      3	11609
      1	11721
      1	11751
      1	11762
      2	11799
      1	11812
      1	11821
      1	11845
      1	11931
      3	11964
      2	11965
      1	12055
      1	12127
      1	12158
      1	12171
      3	12313
      1	12322
      1	12330
      1	12342
      1	12350
      2	12356
      1	12360
      1	12384
      1	12394
      1	12397
      1	12424
      2	12435
      2	12455
      1	12534
      2	12545
      1	12681
      2	12684
      1	12691
      1	12750
      1	12751
      1	12798
      2	12809
      1	12818
      1	12826
      4	12952
      1	13008
      2	13024
      3	13049
      1	13098
     21	13118
      1	13153
      5	13179
      1	13197
      1	13238
      1	13273
      1	13298
      1	13414
      3	13481
      1	13554
      4	13572
      3	13581
      1	13633
     24	13654
      1	13699
      1	13720
      2	13735
      1	13737
      1	13805
      1	13806
      1	13857
      1	13879
      1	13945
      1	13950
      1	13954
      1	13992
      1	14039
      1	14056
      1	14127
      2	14163
      1	14171
      1	14188
      3	14229
      1	14256
      1	14326
      1	14343
      1	14392
      1	14395
      2	14475
      1	14538
      1	14597
      2	14606
      1	14619
      2	14671
      1	14677
      2	14684
      3	14747
      4	14749
      1	14812
      1	14821
      1	14876
      1	14898
      1	14939
      1	14996
      1	14999
      1	15018
      2	15070
      4	15075
      1	15135
      1	15147
      1	15177
      1	15251
      8	15282
      6	15290
      1	15330
      2	15355
      1	15386
      2	15399
      1	15429
      1	15458
      1	15501
      1	15511
      7	15530
      1	15558
      2	15593
      1	15619
      2	15621
      1	15650
      4	15673
      1	15704
     19	15730
      1	15779
      1	15923
      1	15939
      1	15973
      1	15984
      1	15988
      1	16039
      1	16148
      1	16188
      1	16199
      1	16201
      1	16325
      1	16332
      1	16346
      2	16368
      1	16407
      1	16442
      7	16503
      2	16512
      2	16539
      1	16554
      1	16597
      2	16703
      1	16718
      1	16721
      2	16728
      2	16734
      1	16765
      1	16802
      7	16806
      1	16811
      1	16887
      1	16960
      1	16987
      4	17019
      1	17024
      4	17027
      6	17105
      5	17214
      1	17225
      1	17232
      1	17267
      1	17323
      1	17383
      1	17420
      1	17466
      1	17498
      3	17610
      1	17682
      3	17736
      1	17738
      2	17758
      1	17771
      2	17773
      1	17811
      1	17825
      1	17835
      1	17864
      3	17870
      1	17895
      1	17931
      3	17934
      5	17990
      1	18141
      1	18142
      1	18174
      1	18178
      1	18180
      1	18221
      1	18222
      1	18232
      1	18279
      1	18296
      4	18348
      2	18354
      1	18377
      4	18387
      1	18442
      1	18486
      1	18498
      1	18520
      2	18567
      2	18589
      1	18590
      1	18636
      1	18660
      1	18720
      1	18733
      2	18747
      1	18764
      1	18810
      1	18812
      1	18842
      1	18885
      1	18919
      1	18925
      1	18962
      2	18992
      4	19016
      1	19085
      1	19111
      1	19113
      1	19173
      1	19239
      1	19249
      1	19269
      1	19319
      3	19359
      1	19362
      1	19419
      6	19513
      2	19622
      1	19631
      9	19664
      1	19790
      1	19854
      4	19879
      1	19919
      1	19943
      1	19947
      1	20007
      1	20018
      1	20149
      1	20205
      2	20323
      2	20346
      2	20357
      1	20390
      1	20480
      2	20483
      1	20573
      2	20587
      6	20611
      3	20622
      1	20649
      1	20710
      1	20721
      1	20787
      3	20814
      1	20883
      1	20885
      1	20917
      1	20946
      1	20978
      1	20985
      1	20991
      1	20997
      2	21034
      2	21052
      1	21272
      2	21285
      1	21303
      1	21325
      1	21378
      1	21428
      1	21527
      2	21563
      2	21573
      2	21588
      1	21623
      8	21625
      1	21640
      1	21699
      1	21713
      1	21762
      2	21775
      3	21777
      1	21791
      1	21839
      1	21893
      2	21968
      1	21985
      1	21988
      2	22164
      1	22180
      1	22188
      2	22192
      1	22194
      1	22202
      3	22206
      1	22219
      2	22290
      1	22305
      1	22329
      1	22355
      2	22365
      1	22417
      3	22447
      1	22481
      1	22484
      2	22495
      2	22501
      1	22607
      1	22713
      3	22719
      2	22792
      1	22870
      3	22902
      2	22910
      1	22970
      1	22977
      2	22980
      1	23023
      6	23029
      4	23033
      2	23062
      1	23091
      1	23092
      1	23105
      1	23114
      1	23146
      1	23168
      1	23173
      1	23216
      1	23344
      1	23353
      1	23360
      1	23394
      1	23405
      1	23449
      1	23461
      2	23501
      3	23526
      1	23566
      2	23577
     12	23594
      1	23611
      1	23653
      1	23728
      3	23741
      1	23815
      1	23828
      1	23923
      1	23926
      1	23947
      1	23993
      2	24058
      1	24068
      1	24125
      2	24172
      2	24225
      2	24333
      1	24334
      2	24339
      4	24345
      2	24469
      1	24511
      2	24525
      1	24560
      1	24586
      1	24668
      1	24722
      1	24740
      1	24747
      2	24817
      2	24818
      3	24839
      1	24894
      1	24906
      2	24921
      3	24947
      2	24956
      1	24958
      3	24959
      2	25096
      1	25111
      1	25125
      1	25129
      1	25148
      2	25163
      1	25202
      1	25242
      1	25272
      1	25309
      1	25394
      1	25437
      1	25439
      1	25445
      1	25514
      1	25523
     14	25527
      1	25551
      1	25563
      1	25576
      1	25606
      2	25645
      2	25647
      1	25674
      3	25689
      1	25695
      3	25714
      2	25774
      1	25810
      1	25813
      1	25830
      2	25854
      2	25857
      2	25878
      3	25891
      1	25899
      1	25908
      1	25969
      3	25984
      2	25985
      1	26043
      4	26093
      3	26111
      3	26135
      1	26202
      1	26207
      2	26219
      1	26225
      1	26246
      1	26249
      1	26267
      1	26287
      1	26299
      3	26327
      1	26359
      1	26376
      1	26416
      2	26556
      2	26628
      2	26633
      2	26682
      1	26710
      4	26811
      1	26860
      2	26940
      1	26947
      1	26949
      2	26959
      1	26994
      3	27002
      1	27027
      2	27039
      1	27084
      1	27134
      1	27150
      1	27155
      1	27228
      1	27230
      2	27247
      1	27275
      1	27285
      4	27286
      2	27324
      1	27325
      1	27339
      1	27340
      1	27357
      1	27415
      1	27435
      1	27462
      4	27485
      5	27495
      1	27503
      1	27745
      1	27756
      1	27773
      3	27880
      1	27890
      1	27914
      1	27926
      2	28025
      1	28048
      1	28107
      1	28123
      1	28169
      1	28200
      1	28231
      1	28277
      1	28303
      4	28365
      3	28366
      2	28410
      1	28463
      1	28495
      1	28556
      1	28557
      2	28581
      1	28604
      2	28615
      1	28655
      1	28731
      2	28860
      1	28879
      1	28906
      1	29025
      1	29077
      1	29129
      2	29165
     12	29197
      1	29215
      2	29270
      7	29311
      1	29350
      2	29374
      1	29446
      1	29499
      1	29519
      1	29527
      1	29646
      1	29657
      1	29730
      1	29826
      1	29853
      1	29917
      2	30032
      1	30069
      2	30103
      1	30203
      2	30216
      1	30236
      1	30288
      1	30313
      1	30318
      2	30352
      1	30355
      5	30360
      1	30427
      1	30453
      1	30533
      1	30534
      1	30564
      2	30565
      2	30613
      1	30637
      1	30711
      1	30735
      1	30737
      3	30771
      1	30801
      1	30804
      3	30847
      1	30880
      1	30885
      1	30896
      1	30909
      1	30912
      1	30933
      1	30935
      3	30941
      1	31038
      1	31239
      1	31360
      5	31395
      1	31486
      1	31527
     13	31573
      2	31585
      1	31670
      1	31853
      1	31926
      1	31946
      3	32032
      1	32045
      1	32055
      2	32060
      1	32114
      1	32174
      1	32175
      2	32206
      2	32224
      1	32230
      1	32239
      1	32283
      1	32313
      1	32345
      1	32409
      1	32459
      1	32515
      3	32520
      1	32538
      1	32541
      1	32551
      1	32603
      1	32621
      1	32648
      1	32657
      1	32665
      1	32674
      1	32677
      4	32687
      2	32754
      1	32814
      1	32871
      1	32955
      1	32983
      1	33057
      1	33064
      1	33115
      1	33134
      7	33135
      1	33217
      1	33292
      1	33313
      2	33354
      1	33356
      4	33362
      1	33485
      1	33500
      4	33511
      1	33549
      5	33584
      3	33591
      2	33651
      2	33718
      1	33738
      1	33817
      1	33904
      1	33917
      1	33925
      1	33929
      3	33992
      1	34018
      1	34099
      1	34133
      1	34136
      3	34190
      1	34241
      1	34374
      3	34415
      4	34452
      1	34453
      1	34457
      7	34479
      1	34495
      3	34570
      1	34599
      2	34671
      1	34699
      1	34702
      2	34708
      1	34718
      1	34723
      1	34745
      3	34763
      1	34809
      1	34846
      2	34884
      1	34918
      3	34945
      1	34975
      1	35047
      1	35062
      4	35122
      1	35192
      2	35212
      2	35263
      1	35308
      1	35314
      1	35326
      1	35348
      1	35397
      1	35504
      2	35577
      6	35591
      1	35618
      1	35635
      1	35644
      2	35690
      2	35708
      1	35750
      1	35754
      1	35792
      1	35882
      2	35886
      1	35908
      1	35949
      2	35959
      1	35961
      1	36018
      1	36038
      1	36056
      1	36105
      3	36112
      1	36215
      1	36230
      1	36232
      1	36267
      1	36335
      1	36345
      1	36405
      1	36414
      2	36427
      2	36434
      2	36437
      1	36508
      2	36628
      1	36638
      1	36642
      1	36659
      2	36671
      1	36674
      1	36713
      1	36747
      1	36810
      1	36831
      1	36850
      1	36870
      1	36930
      1	36935
      1	36960
      1	37000
      1	37016
      1	37033
      1	37062
      1	37093
      2	37119
     14	37127
      1	37135
      3	37271
      1	37319
      1	37324
      1	37328
      4	37381
      1	37392
      1	37449
      2	37493
      1	37497
      1	37513
      1	37539
      1	37553
      2	37593
      2	37640
      1	37670
      1	37698
      1	37715
      2	37734
      1	37743
      1	37782
      2	37820
      1	37850
      2	37856
      2	37867
      2	37883
      1	37917
      3	37945
      1	37980
      1	37998
      1	38054
      1	38058
      1	38155
      4	38163
      1	38181
      1	38210
      1	38221
      6	38285
      2	38295
      2	38315
      3	38324
      1	38366
      3	38480
      1	38520
      1	38564
      1	38570
      1	38614
      1	38631
      1	38640
      1	38654
      1	38687
      1	38713
      1	38719
      1	38769
      1	38775
      2	38839
      1	38865
      1	38909
      2	38952
      1	38993
      1	39013
      3	39052
      1	39197
      1	39234
      1	39275
      1	39325
      1	39348
      1	39387
      1	39443
      1	39448
      1	39589
      1	39675
      2	39754
      1	39770
      1	39789
      1	39807
      3	39843
      1	39881
      1	39917
      1	39947
      1	39969
      1	39974
      1	40010
      1	40014
      2	40031
      1	40054
      1	40085
      1	40093
      1	40100
      2	40132
      1	40136
      1	40314
      1	40354
      1	40395
      1	40405
      1	40412
      1	40473
      1	40483
      2	40501
      1	40527
      1	40537
      1	40544
      1	40592
      1	40605
      1	40637
      1	40667
      3	40750
      1	40797
      1	40857
      1	40881
      1	40884
      1	40900
      1	40912
      2	40933
      1	41000
      1	41007
      1	41048
      3	41051
      1	41055
      4	41060
      1	41080
      1	41119
      6	41122
      1	41140
      1	41146
      7	41185
      1	41262
      1	41284
      1	41361
      3	41363
      1	41504
      3	41582
      1	41619
      1	41749
      1	41760
      1	41784
      1	41838
      1	41922
      1	42021
      1	42024
      1	42027
      1	42185
      3	42196
      1	42206
      1	42218
      1	42316
      1	42329
      3	42369
      1	42418
      1	42419
      3	42433
      1	42519
      2	42554
      1	42576
      2	42579
      1	42585
      2	42593
      1	42661
      4	42691
      1	42698
      1	42735
      1	42772
      1	42820
      1	42863
      1	42884
      1	42899
      1	42914
      1	43039
      1	43080
      1	43090
      1	43104
      1	43170
      2	43225
      1	43234
      1	43272
      1	43308
      2	43342
      1	43346
      1	43395
      1	43501
      1	43538
      1	43565
      1	43623
      7	43653
      1	43668
      1	43735
      1	43784
      2	43822
      3	43832
      2	43953
      5	43977
      2	43989
      1	43996
      1	44016
      1	44058
      1	44125
      1	44137
      5	44162
      1	44260
      1	44323
      2	44324
      1	44346
      1	44380
      1	44389
      2	44410
      1	44448
      1	44453
      1	44489
      9	44570
      1	44605
      4	44615
      3	44620
      1	44658
      1	44674
      3	44724
      1	44735
      9	44741
      1	44777
     16	44801
      1	44843
      1	44853
     24	44899
      1	44907
      2	44912
      1	44929
      1	44930
      1	44947
      2	44959
      1	44961
      1	45018
      4	45135
      1	45142
      1	45162
      2	45188
      1	45219
      1	45247
      1	45250
      1	45368
      1	45419
      2	45450
      7	45457
      2	45463
      1	45464
      4	45465
      1	45471
      1	45509
      1	45510
      1	45566
      2	45570
      1	45654
      1	45733
      2	45754
      1	45778
      1	45781
      1	45808
      1	45818
      2	45836
      2	45847
      1	45875
      1	45876
      1	45890
      1	45913
      1	45958
      1	46006
      2	46008
      3	46075
      1	46076
      1	46163
      1	46184
      1	46245
      1	46248
      1	46417
      2	46499
      1	46558
      1	46616
      1	46645
      1	46663
      2	46724
      2	46741
      1	46743
      1	46780
      2	46848
      2	46884
      1	46921
      1	46924
      1	46973
      2	46980
      1	47038
      1	47045
      3	47054
      1	47102
      1	47170
      1	47311
      1	47323
      1	47351
      1	47380
      1	47429
      1	47447
      1	47475
      1	47488
      1	47529
      3	47556
      1	47564
      1	47603
      1	47634
      2	47640
      1	47650
      1	47693
      1	47721
      2	47903
      1	47905
     19	48038
      1	48064
      1	48091
      4	48135
      1	48203
      1	48211
      1	48286
      1	48348
      1	48362
      1	48390
      1	48447
      1	48514
      1	48540
      1	48658
      6	48698
      1	48701
      1	48746
      1	48834
      1	48847
      4	48870
      1	48902
      2	48908
      1	48924
      1	48965
      1	48977
      1	48984
      1	48995
      1	49023
      1	49065
      1	49103
      1	49106
      1	49113
      1	49312
      1	49332
      1	49361
      1	49362
      2	49387
      1	49398
      2	49408
      1	49430
      1	49483
      1	49491
      1	49505
      1	49550
      2	49551
      2	49556
      1	49560
      7	49573
      1	49586
      1	49666
      1	49682
      1	49728
      1	49755
      1	49781
      2	49844
      1	49884
      1	49887
      1	49956
      3	49966
      1	50181
      1	50185
      1	50209
      5	50216
      2	50231
      2	50485
      1	50508
      2	50550
      1	50584
      1	50660
      1	50717
      1	50733
      1	50767
      1	50804
      1	50811
      1	50926
      2	50940
      1	50990
      1	51037
      1	51065
      1	51088
      1	51144
      1	51211
      3	51311
      1	51325
      3	51354
      3	51394
      1	51434
      2	51475
      1	51493
      1	51574
      1	51589
      1	51630
      1	51707
      1	51761
      1	51813
      2	51822
      1	51872
      2	51888
      1	51890
      1	51920
      1	51948
      1	51979
      1	52027
      1	52029
      1	52121
      1	52154
      1	52181
      1	52236
      1	52258
      4	52323
      2	52370
      1	52398
      1	52400
      1	52450
      1	52451
      1	52452
      1	52498
      1	52544
      1	52563
      1	52620
      1	52635
      1	52716
      1	52777
      3	52794
      1	52796
      1	52831
      1	52845
      1	52892
      1	53009
      1	53022
      1	53045
      2	53093
      5	53167
      1	53205
      1	53210
      2	53271
      1	53284
      1	53324
      1	53349
      1	53357
      3	53374
      3	53401
      1	53420
      7	53441
      1	53479
      1	53487
      1	53514
      1	53607
      1	53701
      1	53746
     14	53749
      1	53775
      2	53799
      1	53810
      1	53832
      1	53846
      1	53908
      3	54005
      1	54084
      2	54105
      1	54127
      1	54167
      1	54183
      1	54249
      4	54345
      1	54395
      1	54422
      2	54430
      1	54525
      1	54556
      1	54622
      2	54692
      1	54703
      1	54726
      1	54739
      1	54745
      1	54756
      1	54770
      2	54787
      1	54803
      1	54837
      1	54852
      1	54859
      1	54867
      1	54883
      1	54915
      1	54950
      4	54972
      1	54999
      1	55064
      2	55135
      1	55143
      1	55198
      1	55207
      1	55280
      1	55290
      1	55315
      1	55356
      4	55418
      1	55444
      1	55457
      1	55460
      1	55477
      1	55481
      6	55587
      2	55609
      1	55674
      4	55676
      1	55688
      2	55693
      1	55746
      4	55758
      1	55761
      1	55776
      1	55796
      1	55814
     12	55818
      1	55821
      1	55861
      2	55908
      1	55914
      3	55998
      1	56006
      2	56027
      2	56052
      1	56073
      2	56078
      1	56184
      2	56187
      1	56264
      1	56322
      1	56339
      2	56371
      1	56437
      2	56556
      2	56563
      1	56579
      1	56583
      2	56612
      1	56630
      1	56756
      1	56760
      2	56807
      1	56856
      2	56877
      1	56889
      1	56921
      1	56944
      1	57133
      1	57144
      1	57166
      1	57181
      1	57206
      2	57248
      5	57383
      2	57420
      1	57448
      2	57449
      1	57470
      1	57489
      1	57502
      2	57514
      3	57566
      1	57608
      2	57622
      1	57690
      1	57757
      1	57792
      2	57922
      5	57951
      2	57975
      2	57993
      1	58037
      1	58053
      1	58076
      1	58118
      1	58191
      1	58216
      2	58224
      3	58235
      1	58240
      3	58281
      2	58330
      1	58370
      1	58413
      1	58466
      1	58473
      2	58476
      3	58506
      1	58543
      1	58545
      2	58577
      3	58578
      1	58586
      1	58594
      1	58630
      1	58644
      2	58649
      2	58712
      1	58722
      1	58731
      1	58783
      1	58814
      1	58855
     12	58887
      1	58916
      1	58939
      3	59001
      1	59017
      1	59140
      1	59249
      2	59304
      1	59327
      1	59396
      1	59418
      1	59429
      2	59536
      1	59571
      2	59576
      1	59590
      1	59624
      1	59647
      2	59689
      1	59715
      1	59733
      3	59755
      1	59758
      1	59817
      1	59833
      1	59836
      1	59905
      1	59911
      1	60017
      1	60072
      2	60120
      1	60121
      1	60148
      1	60192
      2	60202
      1	60207
      1	60215
     18	60238
      1	60263
      1	60268
      1	60291
      4	60312
      2	60384
      5	60387
      1	60470
      2	60501
      1	60540
      1	60595
      1	60621
      1	60630
      1	60689
      1	60691
      7	60745
      1	60882
      1	60900
      1	60926
      1	60975
      3	60983
      3	61008
      1	61032
      1	61101
      1	61138
     14	61152
      1	61169
      3	61171
      3	61191
      2	61220
      2	61230
      1	61254
      3	61261
      1	61265
      1	61300
      1	61304
      1	61352
      1	61362
      3	61445
      1	61464
      2	61638
      1	61657
      1	61665
      1	61740
      1	61826
      1	61829
      1	61832
      1	62018
      1	62024
      1	62051
      4	62053
      1	62063
      2	62084
      3	62087
      1	62094
      1	62095
      1	62099
      1	62114
      3	62119
      3	62155
      1	62180
      3	62183
      2	62189
      2	62223
      1	62224
      2	62278
      1	62336
      1	62357
      4	62364
      1	62372
      2	62427
      1	62454
      1	62526
      1	62532
      1	62533
      2	62560
      1	62593
      1	62650
      2	62664
      1	62711
      1	62766
      1	62780
      1	62791
      1	62800
      2	62846
      1	62849
      1	62874
      1	63031
      2	63050
      1	63097
      1	63101
      1	63105
      1	63247
      1	63248
      1	63259
      2	63317
      1	63338
      1	63368
      5	63409
      1	63418
      3	63449
      1	63451
      1	63465
      1	63480
      1	63515
      1	63569
      1	63603
      1	63607
      1	63611
      1	63642
      2	63665
      2	63696
      2	63771
      3	63807
      1	63820
      1	63879
      1	63884
      3	63912
      1	63945
      7	63987
      1	64002
      1	64032
      1	64081
      1	64108
      1	64129
      1	64157
      3	64165
      1	64206
      1	64219
      1	64238
      2	64286
      1	64295
      1	64322
      3	64325
      2	64340
      2	64402
      1	64424
      1	64446
      1	64469
      1	64504
      4	64528
      1	64530
      7	64539
      1	64541
      2	64542
      1	64552
      1	64557
      1	64603
      1	64625
      1	64633
      4	64637
      1	64680
      1	64701
      1	64738
      1	64809
      1	64880
      1	64913
      2	64964
      1	64980
      1	65014
      1	65032
      1	65041
      1	65042
      1	65068
      1	65080
      1	65172
      2	65179
      1	65249
      3	65251
      2	65256
      1	65353
      1	65381
      1	65413
      1	65436
      1	65467
      1	65484
