      1	29
      1	67
      2	91
      1	142
      3	162
     13	218
      1	219
      3	263
      1	323
      1	328
      1	331
      1	374
      1	384
      2	394
      1	422
      1	466
      3	508
      2	524
      1	648
      1	668
      1	685
      1	779
      1	823
      2	877
      1	995
      2	1007
      3	1024
      3	1070
      6	1079
      3	1121
      1	1143
      1	1172
      1	1174
      1	1182
      1	1232
     10	1358
      1	1359
      1	1387
      1	1402
      1	1492
      1	1508
      1	1579
      1	1580
      1	1598
      1	1612
      1	1656
      1	1669
      1	1681
      1	1739
      1	1757
      4	1791
      1	1818
      1	1822
      1	1824
      1	1841
      1	1890
      2	1906
      5	1908
      1	1940
      2	1983
      1	2087
      1	2090
      2	2093
      1	2095
      1	2114
      1	2120
     15	2150
      2	2157
      1	2244
      1	2257
      1	2270
      1	2395
      8	2443
      1	2466
      1	2475
      4	2503
      1	2525
      1	2529
      2	2589
      1	2594
      1	2609
      1	2617
      1	2619
      1	2625
      2	2629
      1	2671
      1	2674
      1	2676
      7	2740
      8	2836
      2	2849
      2	2864
      1	2866
      1	2919
      1	2925
      1	2934
      1	2949
      3	3033
      1	3044
      1	3151
      1	3170
      8	3195
      1	3227
      1	3351
      1	3370
      1	3379
      2	3385
      1	3397
      1	3406
      1	3410
      2	3418
      1	3425
      1	3486
      1	3492
      1	3495
      1	3524
      1	3526
      1	3583
      4	3607
      1	3636
      1	3707
      1	3727
      8	3732
      1	3774
      2	3778
      2	3798
      1	3903
      1	3960
      1	4106
     30	4152
      1	4198
      1	4204
      1	4262
      1	4267
      1	4395
      1	4434
      1	4522
      1	4528
      2	4540
      1	4563
      1	4591
      1	4625
      2	4631
      6	4640
      1	4733
      1	4751
      2	4758
      3	4780
      1	4781
      1	4808
      2	4926
      1	4949
      8	4969
      2	4972
      2	4995
      2	5023
      1	5110
      2	5112
      5	5154
      1	5191
      1	5228
      2	5277
      2	5310
      1	5361
      1	5394
      2	5425
      2	5452
      2	5585
      1	5595
      4	5598
      1	5650
      1	5691
      2	5701
      1	5736
      1	5768
      2	5792
      1	5809
      2	5819
      1	5823
      1	5844
      1	5858
      2	5885
      5	5888
      1	6012
      1	6074
      2	6156
      1	6170
      1	6173
      1	6180
      5	6220
      1	6271
      1	6275
      1	6286
      2	6377
      1	6389
      2	6405
      4	6537
      7	6551
      1	6578
      1	6647
      1	6654
      1	6691
      1	6745
      2	6746
      2	6837
      1	6854
      3	6896
      1	6925
      1	6948
      1	6980
      2	7071
      1	7087
      2	7101
      1	7108
      1	7109
      7	7162
      1	7182
      1	7219
      6	7259
      1	7302
      1	7332
      1	7348
      1	7369
      4	7376
      1	7462
      1	7485
      1	7490
      1	7502
      1	7582
      1	7616
      1	7638
      1	7656
      1	7668
      1	7693
      1	7718
      1	7720
      1	7733
      1	7782
      4	7817
      1	7827
      1	7892
      2	7894
      1	8009
      1	8085
      6	8117
      3	8193
      3	8240
      2	8244
      1	8269
      4	8305
      1	8390
      1	8398
      1	8470
      3	8639
      1	8677
      1	8700
      2	8709
      2	8736
      1	8739
      1	8754
      1	8772
      1	8804
      1	8840
      5	8896
      2	8956
      1	8983
      7	9028
      1	9133
      2	9143
      4	9190
      2	9234
      1	9334
      2	9363
      4	9457
      2	9491
      1	9493
      1	9530
     13	9554
      1	9568
      1	9610
      1	9613
     12	9633
      1	9650
      1	9690
      1	9731
      1	9764
      1	9770
      1	9850
      1	9896
      6	9900
      1	9906
      1	9912
     11	9922
      1	9950
      2	10009
      4	10022
      1	10044
      2	10084
      1	10100
      1	10118
      1	10121
      1	10160
      1	10174
     23	10275
      4	10413
      1	10427
      1	10431
      1	10443
      3	10612
      1	10680
      2	10693
      3	10724
      1	10762
      1	10836
      1	10849
      1	10904
      1	10913
      8	11038
      1	11058
      2	11062
      1	11126
      1	11197
      1	11250
      1	11267
      7	11280
      1	11331
      2	11370
      1	11408
      1	11422
      1	11451
      1	11490
      1	11491
      1	11563
      4	11608
      1	11668
      2	11701
      1	11704
     26	11745
      2	11760
      1	11799
      1	11823
      2	11867
      2	11870
      1	11967
      1	12003
      1	12007
      1	12020
      1	12100
      1	12252
      1	12253
      1	12284
      2	12294
      6	12327
      5	12341
      1	12418
      1	12419
      1	12499
      1	12526
      1	12557
      1	12622
      1	12631
      1	12682
      1	12684
      4	12689
      6	12706
      1	12708
      1	12724
      2	12742
      1	12745
      1	12751
      1	12762
      4	12768
      2	12770
      1	12771
      1	12792
      1	12798
      1	12849
     23	12866
      1	12907
      1	12945
      2	12967
      1	13019
      1	13024
      1	13068
      8	13083
      2	13172
      3	13212
      1	13277
      2	13291
      1	13304
      2	13344
      1	13364
      2	13369
      1	13388
      6	13416
      1	13440
      1	13441
      4	13461
      1	13481
      1	13485
      1	13545
      2	13600
      1	13699
      1	13715
      4	13734
      2	13764
      1	13790
      1	13825
      1	13839
      4	13880
      1	13930
      1	13952
      1	14016
      2	14127
      1	14174
      1	14175
      4	14184
      4	14187
      1	14201
      1	14290
      1	14299
      1	14343
      1	14349
      8	14385
      5	14429
      1	14450
      1	14488
      1	14513
      1	14565
      2	14576
      1	14578
      1	14708
      1	14727
      1	14768
      1	14841
     13	14847
      1	14883
      1	14908
      1	14921
      1	14929
      2	14938
      5	14961
      1	14962
      4	14986
      1	14993
      1	15029
      2	15033
      2	15120
      1	15135
      1	15201
     12	15248
      2	15278
      1	15306
      1	15450
      1	15516
      8	15518
      1	15553
      2	15591
     11	15613
      1	15616
      3	15625
      1	15641
      1	15653
      2	15684
      1	15702
      1	15773
      1	15776
      1	15818
      1	15868
      3	15892
      1	16047
      4	16069
      1	16089
      1	16135
      4	16153
      2	16174
      1	16182
      1	16195
      1	16230
      7	16276
      2	16368
      1	16388
      1	16408
      1	16503
      5	16534
      3	16565
      1	16609
      2	16744
      3	16823
      2	16851
      4	16880
      1	16887
      2	16929
      2	16935
     11	16937
      1	16960
      1	16976
      2	17009
      1	17048
     11	17061
      1	17080
      1	17131
      1	17141
      1	17175
      1	17187
      2	17210
      2	17214
      1	17220
      1	17267
      1	17279
      1	17331
      1	17352
      1	17365
      2	17405
      2	17426
      1	17610
      3	17643
      3	17678
      1	17807
      1	17845
      1	17887
      1	17968
      1	18008
      1	18019
      1	18024
      1	18108
     10	18154
      1	18160
      1	18174
      1	18232
      1	18257
      2	18348
      1	18352
      1	18466
      1	18493
      2	18506
      1	18560
      1	18567
     18	18590
      1	18593
      1	18616
      1	18664
      3	18668
      3	18696
      1	18710
      1	18733
      1	18749
      4	18800
      1	18806
      1	18820
      1	18826
      1	18867
      3	18907
      1	18937
      1	18958
      1	19050
      1	19061
      1	19123
      1	19224
      2	19227
      1	19237
      1	19241
      1	19271
      1	19366
      1	19405
      1	19427
      1	19440
      1	19469
      2	19489
      1	19620
      1	19624
      1	19678
      1	19785
      3	19800
      1	19831
      1	19844
      1	19857
      1	19886
      3	19891
      2	19911
      1	19928
      1	20001
      1	20012
      3	20032
      1	20050
      1	20136
      1	20267
      1	20345
      1	20385
      3	20482
      1	20572
      1	20587
      5	20609
      1	20611
      1	20631
      3	20647
      1	20658
      1	20684
      5	20700
      1	20718
      2	20750
      1	20766
      1	20790
      1	20824
      6	20827
      1	20865
      2	20867
      1	20882
      1	20891
      1	20917
      1	20993
      1	21001
      1	21019
      1	21113
      1	21124
      2	21198
      5	21201
      3	21237
      3	21243
      1	21271
      1	21285
      1	21293
      1	21297
      1	21311
      4	21312
      1	21315
      1	21321
      1	21402
      1	21420
      2	21473
      1	21507
      1	21523
      2	21596
      2	21607
      2	21625
      1	21697
      3	21796
      1	21838
      1	21858
     12	21861
      1	22013
      1	22039
      1	22140
      1	22175
      1	22180
      1	22273
      1	22281
      1	22286
      1	22306
      1	22315
      1	22360
      1	22394
      2	22417
      1	22512
      1	22547
      1	22550
      1	22564
      2	22624
      2	22646
      4	22713
      2	22743
      3	22782
      1	22830
      6	22835
      1	22915
      1	22925
      3	22948
      1	22970
      1	23005
      3	23022
      1	23029
      1	23030
      2	23084
      2	23086
      1	23092
      1	23103
      1	23113
      1	23118
      1	23134
      1	23135
      2	23158
      1	23179
      1	23250
      1	23308
      1	23437
      1	23526
      2	23577
      1	23578
      1	23596
      1	23720
      3	23847
      2	23856
      3	23881
      1	23895
      1	23925
      1	24049
      1	24075
      6	24218
      2	24224
      1	24228
      1	24236
      1	24270
      1	24288
      1	24331
      1	24386
      1	24412
      1	24438
      1	24482
      4	24583
      8	24638
      2	24655
      1	24684
      1	24691
      1	24728
      1	24791
      1	24806
      1	24982
      1	24989
     10	25024
      1	25083
      1	25145
      2	25151
      1	25190
      1	25261
      1	25309
     10	25419
      5	25439
      1	25453
     15	25463
      4	25511
      1	25517
      2	25565
      1	25566
      2	25592
      7	25595
      1	25633
      1	25656
      1	25660
      2	25689
      1	25701
      1	25759
      1	25959
      1	25960
      2	25981
      1	26014
      1	26027
      1	26036
      3	26072
     26	26108
      2	26111
      1	26138
     15	26139
      1	26179
      2	26206
      1	26210
      1	26252
      2	26286
      1	26287
      1	26359
      1	26363
      2	26447
      1	26525
      5	26552
      1	26618
      1	26622
      1	26625
      1	26626
      1	26658
      4	26736
     10	26772
      1	26828
      6	26829
      1	26857
      2	26892
      1	26910
      1	26945
      1	26949
      1	26980
      5	27039
      1	27052
      1	27069
      1	27110
      1	27134
      1	27197
      1	27223
      3	27227
      1	27246
      1	27262
      1	27302
      1	27349
      1	27362
      1	27395
      1	27439
      6	27458
     10	27478
      1	27512
      1	27610
      1	27697
      1	27728
      2	27752
      1	27765
      1	27797
      2	27848
      1	27864
      2	27873
      1	28038
      1	28047
      2	28084
      2	28091
      1	28173
      1	28237
      1	28244
      1	28250
      4	28288
      1	28310
      1	28365
     20	28435
      2	28569
      4	28631
      1	28637
      1	28667
      1	28686
      3	28716
      1	28731
      2	28819
      1	28824
      2	28911
      6	28960
      1	29027
      1	29043
      5	29060
      2	29138
      1	29144
      1	29153
      2	29163
      6	29164
      1	29224
      1	29226
      1	29252
      2	29257
      1	29266
      1	29347
      2	29426
      1	29487
      1	29514
      1	29575
      5	29653
      1	29707
      1	29753
      6	29799
      1	29816
      1	29826
      1	29854
      1	29875
      1	29879
      1	29880
      4	29935
      1	29945
      1	29951
      1	29995
      1	30095
      1	30097
      1	30124
      1	30149
      2	30153
      1	30284
      2	30333
      1	30401
      1	30422
      3	30427
      1	30462
      1	30520
      2	30524
      1	30589
      1	30613
      1	30627
      2	30632
      4	30655
      3	30680
      1	30708
      1	30720
      4	30764
      2	30824
      1	30885
      1	30944
      1	30946
      1	30955
      1	30961
      1	31041
      2	31086
      1	31088
      1	31107
      1	31143
      1	31154
      1	31161
      1	31257
      1	31265
      1	31272
      1	31376
      2	31397
      1	31521
      1	31560
      1	31564
      1	31606
     10	31647
      2	31667
      1	31670
      1	31695
      1	31713
      1	31758
      1	31778
      1	31913
      3	31915
      1	31929
      1	32032
      1	32079
      1	32156
      1	32174
      1	32290
      1	32331
      1	32353
      2	32404
      2	32414
      1	32483
      1	32595
      1	32621
      2	32657
      1	32684
      1	32687
      1	32696
      1	32747
      2	32886
      1	32905
      1	32973
      1	32993
      1	33027
      2	33175
      1	33226
      1	33292
      1	33327
      1	33352
      1	33355
      1	33358
      1	33449
      1	33500
      1	33549
      1	33562
      1	33597
      1	33615
      1	33656
      5	33658
      1	33669
      2	33674
      1	33755
      1	33830
     70	33971
      1	33981
      2	34133
      1	34190
      1	34333
      1	34353
      3	34357
      1	34393
      1	34428
      1	34434
      1	34439
      4	34462
      2	34466
      1	34479
      1	34520
      2	34579
      1	34599
      1	34604
      1	34667
      6	34715
      1	34728
      1	34750
      1	34763
      2	34773
      1	34828
      1	34830
      1	34852
     12	34902
      1	34941
      4	34973
      4	34990
      2	35068
      1	35070
      1	35077
      1	35169
      1	35263
      1	35337
      3	35353
      6	35360
      1	35387
      1	35428
      2	35435
      8	35533
      1	35545
      2	35552
      1	35557
      1	35593
      3	35601
      1	35625
      1	35702
      1	35708
      1	35719
      1	35734
      1	35897
      2	35902
      3	35949
      1	36020
      1	36073
      1	36111
      1	36137
      1	36280
      2	36311
      1	36490
      1	36549
      2	36566
      2	36580
      1	36587
      1	36589
      1	36612
      1	36621
      1	36631
      1	36651
      1	36715
      5	36718
      3	36720
      2	36754
      1	36778
      3	36780
      7	36808
      2	36810
      1	36870
      1	36990
      1	37000
      4	37021
      1	37033
      2	37087
      1	37155
      8	37162
      1	37226
      1	37251
      1	37264
      3	37267
      1	37292
      2	37308
      1	37343
      1	37392
      1	37410
      1	37535
      1	37574
      2	37617
      1	37623
      2	37661
      3	37788
      1	37790
      8	37814
      2	37846
      1	37859
      1	37901
      4	37908
      1	37970
      1	37983
      1	38047
      2	38090
      1	38171
      1	38196
      1	38315
      2	38331
      3	38347
      2	38380
      2	38388
      5	38392
      2	38439
      1	38447
      1	38557
      3	38605
      1	38647
      1	38664
      1	38700
      4	38738
      5	38756
      1	38787
      3	38802
      2	38830
      2	38841
      2	38888
      1	38920
      1	38938
      1	39032
      1	39052
      3	39201
     10	39203
      1	39233
      1	39254
      1	39384
      1	39452
      1	39456
      1	39464
      1	39519
      1	39525
      1	39594
      3	39738
      1	39782
      1	39804
      6	39850
      1	39869
      2	39882
      1	39999
      1	40067
      1	40091
      1	40137
      2	40170
      3	40194
      8	40210
      1	40367
      1	40479
      3	40481
      2	40490
      2	40580
      1	40635
      1	40637
      1	40702
      1	40707
      2	40738
      1	40788
      8	40830
      2	40950
      3	41023
      2	41068
      1	41096
      1	41143
      1	41216
      3	41218
      1	41265
      2	41332
      1	41412
      1	41414
      2	41420
      1	41509
      2	41537
      1	41569
      1	41572
      1	41619
      1	41621
      1	41663
      8	41724
      1	41771
      1	41782
      2	41791
      1	41842
      4	41857
      1	41902
      1	41927
      1	41951
      1	41952
      1	41973
      2	41974
      1	41985
      1	42085
      1	42242
     22	42322
      1	42338
      4	42369
      1	42372
      1	42395
      1	42408
      1	42426
      1	42428
      1	42433
      1	42506
      1	42554
      3	42585
      1	42605
      3	42636
      1	42704
      1	42735
      1	42803
      1	42827
      1	42836
      1	42846
      2	42848
      1	42851
      1	42863
      1	42955
      1	42992
      1	43081
      8	43107
      1	43162
      1	43228
     19	43337
      1	43394
      1	43415
      1	43445
      1	43493
      2	43501
      1	43626
      1	43648
      1	43650
      1	43680
      1	43751
      1	43760
      1	43913
      1	43966
      1	44011
      1	44020
      1	44057
      2	44088
      1	44093
      1	44185
      3	44210
      1	44233
      1	44236
     13	44252
      2	44263
      1	44285
      3	44354
      1	44409
      1	44410
      2	44437
      2	44466
      1	44480
      1	44481
      3	44489
      1	44562
      1	44583
      3	44715
      2	44722
      2	44724
      2	44770
      1	44774
      1	44777
      6	44820
      3	44833
      1	44907
      1	44911
      1	44912
      3	44927
      1	44951
      1	44987
      1	45001
      1	45036
      1	45040
      1	45043
      1	45159
      1	45215
      1	45226
      1	45238
      2	45253
      1	45322
      1	45324
     14	45352
      1	45359
      2	45407
      2	45425
      1	45450
      2	45466
      1	45509
      1	45515
      2	45557
      1	45584
      1	45611
      1	45661
      1	45673
      5	45742
      1	45758
      1	45767
      3	45847
      2	45858
      2	45935
      1	46019
      4	46091
      1	46096
      1	46126
      2	46186
      2	46239
      1	46243
      1	46251
      2	46261
      2	46263
      1	46359
      1	46421
      3	46492
      1	46512
      4	46574
      2	46615
      3	46716
      2	46766
      2	46827
      1	46940
      1	46955
      1	47038
      1	47060
      1	47086
      1	47135
      1	47190
      1	47283
      3	47294
      1	47307
      1	47311
      1	47450
      2	47611
      5	47642
      4	47645
      2	47650
      3	47653
      1	47700
      1	47730
      1	47787
      1	47814
      1	47898
      2	47924
      7	47931
      1	47938
      2	47988
      1	47996
      2	48011
      1	48029
      1	48152
      1	48184
      3	48214
      1	48216
      1	48247
      1	48251
      1	48326
      1	48348
      1	48359
      1	48360
      1	48499
      1	48553
      1	48577
      1	48593
      1	48597
      1	48759
      7	48860
      1	48928
      1	48992
      1	48993
      2	49025
      1	49035
      1	49107
      1	49202
      1	49215
      1	49361
      2	49376
      1	49477
      1	49494
      1	49498
      2	49501
      1	49526
      3	49538
      1	49586
      1	49607
      1	49664
      1	49722
      2	49724
      3	49726
      5	49738
      1	49757
      2	49758
      1	49827
      1	49844
      1	49850
      1	49867
      2	49877
      1	49884
      2	49922
      1	49936
      1	49958
      1	49991
      3	50095
      3	50129
      1	50184
      1	50185
      2	50246
      1	50349
      1	50352
      2	50419
      5	50465
      2	50477
      2	50481
      1	50565
      1	50660
      1	50738
      1	50761
      1	50859
      3	50862
      1	50900
      6	50910
      1	50948
      1	50991
      1	51047
      1	51093
     16	51198
      1	51272
      2	51321
      1	51323
      1	51326
      1	51394
      1	51396
      2	51494
      1	51557
      4	51576
      2	51591
      1	51637
      1	51644
      1	51700
      2	51759
      1	51810
      2	51823
      1	51830
      2	51888
      1	51890
      1	51892
      1	51900
      1	51913
      2	51920
      2	51925
      3	51941
      1	52000
      1	52020
      1	52036
      1	52047
      1	52058
      1	52099
     32	52133
      1	52174
      5	52181
      2	52227
      1	52370
      1	52398
      4	52434
      1	52541
      1	52549
      2	52606
      1	52655
      3	52772
      1	52807
      1	52850
      2	52892
      1	52894
      2	52910
      2	52949
      1	52993
      1	53049
      3	53054
      1	53096
      1	53100
      1	53112
      1	53144
      1	53243
      1	53257
      2	53324
     11	53349
      1	53357
      1	53420
      1	53477
      1	53494
      1	53502
      1	53515
      3	53521
      1	53556
      5	53629
      1	53661
      8	53662
      2	53676
      3	53708
      1	53723
      2	53755
      1	53774
      2	53865
      4	53870
      1	53875
      1	53971
      1	54005
      2	54040
      1	54067
      4	54127
      2	54183
      1	54307
      1	54366
      1	54407
      1	54430
      1	54449
      3	54554
      1	54615
      1	54684
      1	54732
      1	54745
      1	54866
      1	54887
      2	54979
      5	55085
      1	55178
      9	55182
      3	55196
      1	55217
      1	55325
      1	55394
      1	55398
      1	55401
      1	55477
      1	55486
      1	55521
      1	55526
      1	55528
      1	55529
      1	55587
      1	55591
      1	55791
      1	55842
      1	55855
      1	55870
      1	55875
      9	55910
      1	55931
      1	55962
      1	55983
      1	56038
      1	56059
      1	56065
      1	56066
      4	56070
      1	56090
      4	56091
      1	56094
      1	56160
      1	56185
      1	56199
      4	56313
      1	56434
      3	56484
      2	56542
      2	56644
      1	56693
      2	56706
      1	56735
      1	56796
      1	56798
      2	56936
      2	56956
      2	56965
      1	56990
      2	57001
     25	57002
      1	57009
      1	57041
      1	57047
      5	57074
      5	57133
     47	57144
      2	57250
      1	57262
      5	57354
      3	57373
      8	57374
      1	57459
      1	57517
      1	57643
      3	57675
      1	57746
      1	57767
      1	57777
      1	57822
      1	57882
      1	58001
      1	58025
      3	58034
      1	58042
      1	58119
      1	58122
      1	58154
      1	58180
      1	58276
      1	58335
      1	58352
      1	58385
      1	58459
      3	58488
      1	58516
      3	58521
      1	58522
      1	58527
      2	58578
      1	58637
      1	58642
      1	58655
      1	58688
      2	58750
      1	58756
      6	58760
      1	58783
      3	58806
      1	58860
      1	58887
      7	58913
      1	58950
      1	59001
      1	59014
      2	59031
      1	59037
      3	59062
      1	59105
      4	59109
      1	59112
      1	59119
      1	59126
      1	59142
      1	59173
      1	59194
     10	59221
      1	59281
      4	59304
      1	59512
      1	59519
      1	59582
      1	59620
      2	59644
      2	59669
      1	59691
      1	59748
      2	59758
      1	59854
      1	59864
      3	59908
      1	59967
      1	59987
      1	60024
      1	60058
      5	60117
      1	60131
      4	60140
      2	60149
      1	60172
      1	60210
      5	60295
      1	60345
      2	60367
      1	60379
      1	60427
      1	60521
     12	60554
      5	60556
      1	60682
      3	60691
      1	60750
      8	60773
      1	60784
      1	60817
      1	60842
      4	60847
      2	60909
     11	60919
      1	60984
      1	60992
      1	60995
      1	61020
      1	61023
     10	61131
      2	61132
      1	61140
      2	61141
      1	61152
      1	61173
      2	61207
      2	61261
      4	61300
      1	61301
      1	61320
      4	61373
      1	61472
      1	61501
      1	61510
      1	61580
      1	61588
      2	61686
      1	61723
      1	61761
      2	61832
      1	61875
      1	62001
      1	62012
      1	62017
      2	62084
      2	62098
      3	62126
      1	62194
      2	62252
      1	62259
      1	62318
      1	62340
      2	62356
      1	62400
      1	62432
      1	62452
      1	62485
      1	62502
      2	62534
      3	62577
      4	62584
      1	62591
      1	62617
      1	62699
      1	62808
     11	62875
      5	62930
      1	62936
      1	62957
      2	62967
      1	63124
      5	63143
      1	63198
      1	63275
      3	63323
      3	63363
      1	63366
      1	63409
      1	63443
      1	63480
      1	63483
      1	63509
      1	63604
      6	63606
      1	63679
      1	63702
      2	63710
      1	63716
      1	63734
      1	63743
      1	63771
      1	63780
      2	63786
      4	63807
      1	63825
      1	63900
      1	63936
      1	63987
      2	64056
      1	64085
      2	64120
      1	64170
      1	64174
      1	64229
      1	64246
      1	64248
      1	64324
      1	64334
      1	64360
      3	64411
      1	64414
      2	64485
      2	64529
      1	64546
      1	64667
      3	64703
      3	64738
      3	64740
      1	64775
      2	64829
      2	64931
      1	64997
      7	65009
      1	65013
      2	65078
      1	65123
      2	65156
      1	65174
      1	65179
      1	65195
      1	65197
      1	65199
      1	65277
     16	65334
      1	65408
      1	65413
      1	65429
