      1	18
      1	22
      1	27
      1	29
      3	45
      2	77
      1	104
      3	175
      1	202
      5	210
      1	242
      1	322
      8	358
      1	363
      3	366
      1	433
      3	436
      1	475
      3	482
      1	515
      1	538
      1	707
      2	743
      2	753
      2	758
      1	767
      3	779
      5	808
      1	823
      4	851
      3	853
      3	865
      2	873
      2	880
      2	904
      2	926
      1	951
      2	977
      1	1079
     14	1085
      2	1103
      3	1104
      1	1105
     10	1121
      1	1142
      1	1157
      3	1160
      2	1204
      2	1232
      4	1248
      1	1267
      2	1357
      7	1405
      1	1421
      1	1441
      1	1497
      1	1511
      1	1532
      9	1552
      2	1556
      2	1616
      2	1662
      1	1734
      2	1746
      1	1792
      1	1882
      2	1886
      4	2009
      1	2012
      1	2021
      3	2057
      2	2077
      7	2087
      2	2131
      2	2151
      8	2251
      3	2302
      1	2356
      1	2372
      1	2375
      1	2443
      1	2497
      1	2529
      1	2532
      1	2645
      1	2648
      1	2684
      2	2695
      2	2715
      1	2817
      6	2934
      1	2982
      1	2989
      6	2992
      1	3002
      1	3005
      4	3020
      4	3064
      1	3114
      2	3126
      1	3221
     11	3243
      1	3245
      2	3275
      1	3360
      1	3400
      5	3406
      7	3425
      1	3493
      4	3519
      1	3552
      3	3558
      1	3595
      2	3661
      1	3666
      6	3690
      4	3709
      1	3727
      3	3745
      1	3774
      1	3830
      1	3837
      1	3842
      1	3864
      1	3872
      1	3902
      1	3932
      1	3933
      1	3946
      4	3956
      1	3958
      2	4064
      1	4072
      1	4109
      2	4286
      1	4293
      3	4296
      1	4312
      1	4379
      2	4423
      1	4445
      1	4460
      1	4505
      1	4546
      2	4604
      1	4631
      1	4649
      4	4681
      2	4732
      1	4736
      1	4754
      1	4780
      3	4790
      1	4797
      1	4810
      1	4861
      2	4930
      1	4967
      1	4976
      1	4993
      2	5077
      1	5098
      2	5112
      1	5118
      2	5122
      1	5151
      1	5215
      1	5219
      1	5231
      2	5287
      1	5310
      1	5319
      3	5436
      3	5475
      1	5483
      1	5509
      3	5510
      2	5533
      1	5541
      7	5565
      1	5571
      1	5682
      1	5697
      3	5731
      2	5736
      2	5792
      3	5809
      1	5823
      1	5844
      1	5876
    127	5880
      1	5888
      1	5893
      3	5905
     17	5907
      2	6012
      1	6031
      1	6045
      2	6053
      1	6055
      1	6073
      1	6098
      1	6126
      1	6128
     33	6175
      1	6183
      1	6226
      1	6244
      1	6246
      1	6274
      6	6275
      1	6293
      1	6306
      1	6328
      1	6396
      1	6417
      2	6494
      1	6541
      2	6566
      1	6575
      1	6586
     16	6614
      1	6638
      5	6677
      1	6691
      1	6700
      2	6727
      3	6789
     17	6805
      2	6821
      2	6854
      1	6858
      1	6899
      1	6915
      1	6924
      5	6937
      3	6980
      1	6994
      3	7013
      1	7034
      3	7069
      5	7102
      1	7109
      3	7252
      1	7280
      1	7289
      1	7351
      2	7359
     32	7403
      1	7435
      1	7533
      2	7647
      1	7656
      2	7682
      1	7706
      1	7746
      1	7793
      9	7846
      3	7876
      2	7955
      4	7970
      1	8054
      5	8062
      1	8121
      8	8172
      1	8288
      2	8296
      1	8394
      1	8462
      1	8469
      1	8526
      1	8532
      2	8567
      4	8657
      1	8676
      8	8707
      1	8710
      2	8760
      1	8782
      1	8826
      3	8856
      1	8891
      1	8918
      1	8938
      1	8940
      5	8956
      2	8962
      3	8983
      1	9009
     20	9063
      2	9143
      1	9175
      2	9182
      8	9188
      2	9214
      1	9282
      2	9327
     10	9345
      9	9347
      1	9461
      1	9468
      1	9484
      1	9496
      2	9498
      1	9635
      1	9708
      1	9716
      1	9752
      1	9765
      1	9793
      3	9797
      2	9885
      1	9904
      1	9960
      1	10026
      1	10055
      1	10077
      4	10123
      7	10216
      2	10245
     17	10280
      2	10346
      1	10365
      1	10366
      3	10407
      1	10409
      9	10447
      8	10570
      1	10576
      1	10589
      1	10607
      1	10704
     12	10724
      3	10744
      1	10759
      1	10822
      1	10827
      1	10832
      3	10834
      1	10977
      1	10987
      1	11044
      1	11050
      1	11103
      1	11169
      1	11226
      2	11259
      2	11298
      1	11321
      1	11355
      1	11382
      2	11402
      1	11454
      1	11490
      1	11495
     13	11524
      2	11535
      2	11584
      1	11654
      3	11662
      1	11743
      5	11750
      1	11759
      1	11760
      1	11781
      1	11830
      1	11856
      1	11926
      3	11964
      1	11967
      4	11986
      1	12005
      1	12007
      1	12049
      1	12059
      1	12122
      1	12147
      1	12213
      1	12229
      4	12356
      1	12378
      9	12397
      2	12420
      1	12462
      5	12505
      3	12597
      2	12660
      1	12667
      1	12684
      2	12704
      2	12708
      1	12804
      1	12809
      1	12816
      2	12818
      1	12909
      3	12915
      1	12933
      2	12952
      2	12975
      1	12989
      1	13024
      1	13049
      1	13057
      1	13064
      2	13074
      6	13076
      4	13118
      2	13136
      1	13150
      1	13186
      1	13221
      2	13231
      2	13252
      1	13261
      7	13273
      1	13402
      1	13418
      1	13421
      7	13481
      2	13595
      1	13602
      1	13653
      3	13695
      1	13699
      1	13738
      2	13745
      7	13749
      2	13806
      1	13871
      1	13952
      1	14058
      2	14128
      2	14163
      8	14188
      3	14191
      1	14203
      2	14232
      1	14275
      1	14287
      4	14290
      7	14352
      1	14389
      4	14392
      2	14472
      3	14506
      1	14540
      2	14587
      1	14606
      1	14626
      1	14677
      6	14720
      2	14813
      6	14898
      1	14913
      1	14921
      1	14923
      1	14924
      1	14983
      4	14986
      2	14990
      2	15029
      1	15092
      1	15131
      1	15147
      1	15159
      1	15183
      1	15217
      1	15261
      2	15293
      7	15353
      1	15429
      1	15430
      1	15458
      1	15491
      1	15558
      5	15561
      2	15566
      2	15585
      1	15587
      1	15590
      2	15593
      4	15646
      3	15702
      1	15748
     10	15789
      7	15923
      1	15984
      3	15985
      4	16007
      1	16108
      1	16112
      1	16184
      2	16188
      1	16192
      1	16254
     20	16276
      2	16368
      1	16381
      1	16388
      2	16414
      1	16444
      7	16503
      1	16524
      2	16532
      1	16561
      3	16614
      2	16628
      2	16682
      2	16728
      2	16738
      2	16788
      2	16792
      1	16822
     13	16839
     10	16862
     14	16887
      1	16902
      1	16924
     10	16934
      2	16951
      4	17027
      1	17055
      3	17062
      2	17072
      1	17077
      1	17105
      1	17145
      1	17164
      1	17175
      2	17210
      4	17214
      3	17225
      4	17267
      1	17270
      1	17282
      1	17315
      5	17331
     13	17338
      1	17352
      1	17554
      1	17586
      5	17592
      1	17632
      2	17662
      3	17736
      1	17759
      1	17824
      2	17895
      1	17916
      1	17918
      1	17931
      1	17990
      1	18003
      1	18083
      1	18141
     12	18179
      1	18207
     17	18219
      1	18246
      1	18348
      8	18402
      1	18442
      6	18443
      2	18448
      1	18472
      1	18498
      1	18515
      1	18520
      1	18533
      1	18590
      1	18616
      1	18646
      5	18660
      1	18672
      1	18677
      1	18688
      2	18720
      4	18770
      1	18795
      1	18867
      1	18885
      1	18905
      3	18907
      5	18992
      4	19016
      4	19119
      1	19134
      1	19212
      2	19339
      1	19362
      1	19364
      1	19411
      2	19471
      1	19485
      4	19585
      1	19586
      4	19622
      6	19641
      1	19707
      1	19713
      1	19775
      3	19869
      1	19904
      1	19918
      1	19952
      3	19976
      1	20162
      1	20195
      4	20268
      1	20307
      1	20323
      1	20369
      1	20375
      1	20513
      1	20606
      1	20626
      1	20687
      1	20784
     13	20800
      1	20827
     44	20837
      3	20865
      1	20994
      1	20997
      1	21050
      1	21052
      5	21060
      1	21082
      1	21124
      1	21129
      2	21157
      1	21180
      1	21276
      2	21319
      4	21337
      1	21378
      2	21465
      2	21470
      1	21471
      1	21483
      1	21548
      1	21607
      2	21623
      2	21628
      1	21647
      1	21678
      1	21724
      3	21775
      2	21800
      3	21822
      1	21833
      1	21839
      1	21885
      3	21892
      1	21911
      2	21915
      3	21926
      1	21937
     12	21981
      1	22012
      1	22027
      1	22053
      1	22056
      4	22097
      1	22134
      2	22164
      1	22226
      8	22336
      2	22347
      1	22355
     10	22365
      3	22384
      3	22392
      1	22414
     19	22417
      2	22419
      2	22440
      1	22441
      1	22445
      1	22447
      1	22511
      1	22516
      3	22525
      2	22588
      6	22653
      3	22675
      2	22713
      1	22715
      4	22744
      5	22812
      2	22829
      1	22841
      1	22886
      4	22902
      1	22905
      1	22973
      1	22977
      3	22995
      2	23015
      2	23029
      1	23033
      1	23061
      2	23070
     10	23094
      1	23114
      2	23119
      1	23218
      1	23273
      1	23311
      1	23320
      1	23343
      2	23350
      1	23405
      2	23412
      2	23444
      1	23449
      1	23463
      3	23494
      3	23526
      8	23572
      4	23577
      1	23585
      1	23599
      1	23611
      4	23653
      1	23703
      1	23720
      1	23729
      1	23736
      3	23767
      1	23775
      2	23828
      3	23839
      1	23843
      1	23922
      1	23946
      1	23959
      1	24014
      3	24058
     10	24068
      5	24162
      4	24271
      1	24312
      1	24345
      1	24356
      1	24372
      1	24394
      3	24406
      4	24458
      1	24469
      1	24479
      2	24486
      1	24506
      1	24567
      1	24570
      1	24586
      1	24613
      2	24656
      2	24750
     13	24817
      3	24839
      4	24840
      1	24981
      1	25096
      1	25135
      1	25148
      1	25163
      1	25228
      5	25233
      1	25240
      1	25279
      2	25311
      2	25338
      1	25439
      1	25515
      1	25519
      5	25543
      1	25563
      1	25571
      1	25610
      1	25620
      1	25630
      3	25639
      1	25650
      1	25658
      1	25661
      7	25666
      1	25689
      4	25714
      6	25781
      1	25796
      1	25815
      1	25822
      1	25830
      3	25834
      1	25837
      1	25875
      7	25944
      1	26045
      2	26060
      1	26069
      1	26249
      2	26250
      1	26290
      2	26359
      2	26398
      1	26416
      1	26435
      1	26552
      1	26563
      2	26644
      3	26646
      1	26666
      4	26703
      2	26748
      6	26777
      1	26806
      1	26818
     13	26964
     10	27039
      1	27062
      1	27131
      1	27147
      3	27257
      1	27272
      1	27275
      8	27286
      1	27292
      6	27302
      2	27409
      1	27419
      2	27425
      1	27443
      1	27554
      2	27568
      1	27596
      1	27620
      1	27649
      1	27672
      4	27765
      1	27773
      1	27782
     11	27828
      1	27830
      2	27854
      1	27856
      1	27862
      6	27867
      7	27944
      5	27954
      1	27959
      2	27973
      1	27994
      1	27995
      2	28012
      1	28015
      1	28025
      1	28068
      1	28117
      1	28231
      1	28256
      2	28349
      1	28358
      1	28365
      5	28438
      1	28440
      4	28463
      1	28467
      1	28520
      1	28524
      1	28540
      1	28581
      6	28605
      9	28615
      1	28665
      1	28778
      1	28824
      3	28879
      1	28905
      1	28906
      1	28929
      1	29010
      1	29025
      2	29043
      1	29188
      1	29202
      5	29260
      1	29311
      1	29357
      1	29374
      4	29377
      1	29448
      1	29455
      1	29514
      1	29519
      1	29529
      1	29538
      1	29564
      4	29646
      1	29650
      1	29670
      1	29676
      1	29682
      1	29686
      1	29713
      3	29753
      1	29789
      1	29822
     10	29892
      1	29907
      1	29946
      1	29964
      1	29970
      1	30119
      1	30143
      5	30250
      2	30260
      1	30306
      1	30313
      2	30319
      2	30344
      8	30360
      1	30424
      1	30426
      8	30427
      1	30443
      1	30509
      1	30512
      3	30555
      1	30578
      1	30590
      2	30595
      5	30613
      2	30624
      1	30687
      1	30706
      1	30718
      2	30754
      2	30769
      1	30782
      1	30883
      1	30935
      1	30946
      1	30961
      9	30983
      1	31011
      1	31025
      1	31059
      2	31063
      2	31088
      1	31090
      1	31098
      1	31147
      1	31153
      1	31178
      4	31205
      1	31212
      3	31238
      1	31250
      1	31256
      1	31289
      1	31370
      1	31395
     10	31397
      1	31409
      3	31455
      1	31456
     10	31557
      9	31613
      1	31615
      1	31629
      1	31632
     10	31654
      4	31670
      2	31787
      1	31833
     11	31848
      1	31903
      1	31918
      2	31946
      1	32014
      1	32023
      1	32114
      1	32126
      1	32137
      2	32154
      4	32206
      2	32261
      1	32308
      2	32426
      1	32427
      5	32456
      1	32505
      1	32589
      1	32601
      2	32614
      5	32648
      2	32657
      1	32665
     23	32674
      1	32683
      4	32684
      1	32704
      1	32713
      1	32733
      2	32754
      7	32863
      1	32967
      1	33048
      4	33074
      1	33093
      1	33143
      1	33194
     11	33210
      3	33217
      1	33250
      1	33254
      2	33260
      6	33272
      7	33292
      2	33318
     34	33354
      1	33387
      5	33480
      1	33497
      1	33500
      4	33549
      7	33565
      3	33584
      3	33611
      1	33651
      2	33662
      2	33682
      2	33739
      1	33767
      2	33808
      2	33879
      1	33904
      4	33972
      2	33982
      2	33992
      1	33997
      1	34035
      1	34063
      1	34084
     54	34105
      1	34118
      1	34148
      1	34158
      1	34184
      1	34190
      2	34241
      1	34294
      3	34303
      2	34359
      1	34369
      2	34428
      1	34463
      2	34479
      1	34538
     12	34550
      1	34588
      1	34600
      1	34633
      2	34670
      1	34689
      3	34697
      1	34709
      1	34723
      1	34773
      1	34781
      1	34786
      1	34794
      9	34898
      1	34905
      2	34981
      1	35004
      2	35021
      1	35024
      4	35052
      2	35086
      1	35115
      1	35166
      1	35187
      1	35192
      1	35205
      5	35223
      2	35308
      1	35384
      3	35391
      1	35416
      1	35432
      1	35462
      8	35551
      1	35577
      1	35586
      1	35591
      2	35599
      1	35601
      1	35613
      1	35630
      1	35659
      1	35716
      3	35750
     14	35754
      1	35779
      2	35834
      5	35836
     10	35852
      1	35866
      1	35996
      2	36028
      1	36090
      1	36141
      2	36230
      1	36252
      4	36280
      1	36414
      1	36438
      1	36472
      1	36480
      5	36494
      1	36509
      4	36548
      3	36566
      1	36578
      3	36642
      7	36656
      1	36658
      1	36674
      1	36690
      2	36713
      1	36747
      1	36753
      5	36764
      2	36775
      2	36780
      6	36810
      1	36860
      2	36870
      1	36896
      1	36906
      1	36960
      2	37009
      1	37030
      1	37064
      1	37093
      1	37111
      9	37124
      1	37127
      1	37142
      1	37174
      1	37220
      1	37233
      1	37247
      9	37271
      4	37276
      1	37285
      1	37294
      3	37308
      2	37321
      1	37351
      1	37355
      3	37381
      2	37393
      1	37438
      2	37471
      1	37490
      1	37553
      2	37617
      5	37640
      1	37718
      6	37743
      2	37758
      1	37760
      3	37795
      1	37802
      1	37867
      1	37871
      1	37930
      2	37993
      2	37997
      1	38163
      3	38164
      1	38224
      4	38238
      1	38259
      2	38322
      1	38346
      3	38367
      1	38389
      1	38395
      4	38403
      4	38439
      8	38480
      1	38588
      1	38640
      1	38650
      1	38652
      1	38665
      2	38676
      2	38681
      1	38709
      8	38714
      1	38719
      4	38747
      1	38757
      2	38839
      1	38888
      1	38909
      2	39000
      1	39025
      1	39035
      1	39044
      2	39075
      2	39080
      2	39159
      1	39234
      1	39237
      3	39262
      1	39295
      1	39296
      1	39350
      1	39410
      1	39436
      2	39451
      1	39458
      1	39462
      2	39471
      3	39489
      1	39521
      1	39580
      1	39619
      2	39621
      1	39702
      1	39785
      6	39790
      8	39807
      4	39809
      1	39875
      1	40138
      1	40169
      4	40210
      1	40284
      1	40297
      1	40360
      1	40384
      1	40387
      1	40395
      1	40404
     12	40412
      1	40464
      1	40522
      3	40527
      1	40544
      4	40574
      2	40619
      1	40661
      2	40712
      2	40781
      7	40816
      1	40817
      1	41030
      1	41086
      1	41102
      1	41119
      1	41126
      6	41185
      8	41202
      1	41264
      2	41315
      1	41333
      2	41355
      1	41419
      1	41532
      1	41537
      2	41582
      1	41584
      1	41602
      1	41760
      1	41794
      1	41848
      1	41909
      1	41916
      1	42008
      2	42027
      1	42067
      1	42175
      2	42181
      1	42185
     20	42190
      1	42283
      7	42372
      5	42425
     10	42523
      3	42530
      1	42582
      1	42662
      1	42687
      3	42699
      4	42703
      1	42723
      1	42796
      1	42797
      2	42820
      1	42830
      1	42878
      2	42884
      1	42888
      2	43011
      1	43026
      3	43039
      1	43123
      9	43148
      1	43169
      1	43194
      3	43271
      1	43289
      2	43366
      1	43381
      5	43429
      1	43463
      1	43478
      1	43507
      1	43518
      3	43531
      2	43585
      3	43645
      3	43653
      1	43757
      1	43819
      4	43827
      1	43832
      1	43897
      1	43900
      1	43933
      2	43965
      1	43985
      1	43996
      1	44016
      2	44018
      1	44028
      1	44061
      1	44066
      2	44094
      1	44112
      1	44288
      1	44318
     16	44329
      1	44339
      1	44346
      1	44355
      2	44410
      4	44489
      1	44493
      1	44570
      2	44576
      2	44617
      1	44666
      6	44675
      1	44722
      1	44726
      1	44743
      1	44787
      1	44805
      1	44812
     20	44833
      1	44838
      1	44884
      1	44896
      2	44907
      1	44909
      1	44911
      2	44912
      1	44947
      1	44951
      1	44959
      6	44961
      1	44968
      1	44983
      1	45008
      1	45086
      1	45105
      2	45127
      1	45135
      3	45160
      3	45164
      1	45189
      1	45247
      1	45289
      1	45351
      1	45443
      5	45464
      2	45466
      1	45471
      2	45485
      4	45570
      1	45645
      3	45660
      1	45683
      1	45748
      4	45774
      2	45778
      3	45847
      2	45875
      1	45901
      1	45913
      4	45943
      1	45965
      6	45998
      1	46019
      2	46075
      5	46077
      1	46102
      2	46154
      1	46217
      1	46240
      7	46261
      2	46308
      1	46329
      2	46363
      1	46380
      2	46402
      2	46417
      1	46449
      2	46450
      1	46499
      2	46544
      1	46554
      1	46586
      4	46595
     14	46656
      1	46676
      2	46680
      2	46716
      1	46741
      1	46849
      1	46887
      1	46931
      2	47009
      1	47011
      1	47027
      8	47038
      2	47197
      2	47256
      1	47311
      1	47351
      1	47429
      1	47478
      2	47486
      4	47497
      1	47556
      1	47597
      5	47602
      1	47632
      1	47648
      2	47652
      1	47692
      2	47846
      2	47987
      1	47995
      4	48064
      1	48104
     13	48128
      1	48322
      2	48354
      3	48355
      2	48359
      4	48368
      2	48400
      1	48535
      1	48550
      1	48599
      1	48602
      1	48607
      1	48676
      1	48776
      1	48834
      1	48847
      3	48887
      1	48974
      1	49014
      3	49073
      1	49082
     19	49107
      1	49134
      6	49180
      1	49200
      1	49234
      5	49361
      2	49362
      1	49458
      2	49481
      1	49495
      1	49536
      1	49560
      2	49804
      1	49842
     10	49844
      2	49897
      1	49907
      4	49929
      1	49933
      1	49938
      3	49966
      1	49980
      1	49992
      1	49998
      1	50070
      2	50087
      3	50184
      3	50209
      3	50419
      1	50468
      1	50483
      1	50499
      1	50506
      1	50508
      7	50537
      2	50539
      1	50550
      1	50574
      2	50584
     15	50660
      2	50721
      1	50747
      3	50771
      3	50798
      1	50890
      1	50901
      1	50926
     15	50955
      1	51062
      1	51065
      1	51086
      1	51099
      1	51112
      2	51198
      1	51206
      1	51326
      2	51342
      4	51392
      4	51394
      1	51475
      1	51478
      1	51493
      1	51548
      2	51587
      4	51599
      5	51614
      1	51645
      1	51669
      1	51686
      6	51770
      1	51806
      5	51808
     10	51810
      1	51812
      2	51822
      1	51827
     12	51835
      2	51863
      1	51890
      1	51914
      5	51920
      1	51948
      1	52015
      3	52054
      4	52067
      1	52079
      1	52093
      1	52121
      3	52178
      1	52238
      1	52305
      1	52323
      7	52370
      1	52414
      2	52436
      2	52451
      1	52459
      1	52526
      2	52594
      1	52603
      3	52626
      2	52767
      6	52794
      1	52796
      1	52832
      1	52856
      1	52914
      2	52991
      1	53170
      1	53209
      1	53222
      1	53283
      1	53317
      2	53324
     13	53357
      1	53363
      2	53368
      1	53379
     93	53479
     22	53517
      1	53554
      1	53619
      3	53651
      3	53689
      1	53696
      1	53733
      3	53759
      1	53792
      2	53846
      2	53925
      2	53967
      1	53971
      1	54122
      1	54146
      1	54178
      1	54183
      1	54206
      1	54209
      2	54245
      4	54251
      1	54270
      1	54272
      1	54320
      1	54335
      8	54370
      1	54395
      2	54401
      1	54406
     15	54430
      1	54449
      3	54458
      1	54507
      1	54552
      1	54601
      8	54608
      5	54675
      1	54679
      6	54726
      2	54743
      1	54794
      2	54858
      1	54861
      3	54889
      1	54968
      1	54970
      1	55099
      1	55207
      4	55217
      1	55238
      1	55366
      1	55371
      3	55396
      1	55398
      2	55401
     14	55410
      6	55418
      3	55460
      1	55475
      1	55514
      1	55521
      3	55565
      1	55567
      1	55574
     12	55587
      1	55640
      1	55674
      1	55791
      1	55801
      4	55814
      4	55818
      1	55883
      4	55908
      3	56027
      1	56028
      1	56090
      2	56091
      1	56094
      1	56099
      1	56105
      1	56113
      1	56130
      1	56133
      3	56187
      1	56264
      1	56266
      4	56281
      2	56316
      1	56350
      7	56366
      1	56385
      1	56410
      1	56423
      6	56425
      1	56434
      2	56441
      1	56480
      1	56555
      1	56567
      2	56583
      2	56586
      1	56590
      1	56614
      1	56706
      1	56751
      1	56814
      7	56855
      1	56874
      1	56947
      2	56952
      2	57103
      3	57144
      3	57170
      2	57178
      1	57332
      1	57349
      5	57361
      1	57396
      6	57419
      2	57420
      1	57428
      1	57434
      3	57449
      2	57470
      1	57514
      2	57525
      5	57541
      2	57557
      3	57566
      1	57568
      2	57622
      1	57630
      1	57650
      6	57654
      6	57679
      3	57688
      1	57694
      1	57759
      1	57786
      1	57802
      2	57834
      1	57836
     60	57843
      1	57899
      3	57922
      1	57949
      4	57951
      3	58053
      1	58104
      1	58111
      3	58116
     12	58119
      1	58155
      1	58159
      2	58216
      1	58224
      4	58235
      2	58240
      1	58299
      1	58338
      1	58352
      2	58370
      1	58471
      3	58477
      1	58521
      2	58543
      1	58589
      1	58621
      1	58647
      4	58750
      1	58805
      1	58808
      1	58820
      1	58953
      1	59001
      1	59043
      1	59048
      1	59075
      1	59120
      1	59134
      1	59195
      5	59210
      4	59212
      2	59231
      1	59244
      1	59304
      2	59308
      3	59659
      1	59660
      1	59671
      1	59715
      4	59720
      1	59795
      3	59854
      2	59887
     25	59989
      8	60000
      1	60023
      5	60071
      1	60115
      6	60131
      1	60143
      2	60144
      1	60163
      1	60173
      1	60208
      1	60210
      4	60256
      1	60269
      2	60312
      1	60352
      1	60367
      1	60371
      1	60390
      1	60462
      2	60465
     10	60523
      6	60557
      2	60574
      1	60638
      1	60640
      1	60652
      1	60675
      1	60692
      1	60775
      3	60826
      1	60831
      1	60878
      1	60882
      4	60909
      2	60975
      1	61064
      7	61066
      1	61140
      1	61152
      6	61230
      3	61234
      1	61245
      1	61249
      1	61254
      3	61261
      1	61269
      1	61310
      2	61312
     29	61330
      1	61358
      1	61445
      1	61492
      1	61504
      1	61592
      1	61641
      1	61655
      1	61697
     17	61752
      1	61759
      2	61772
      1	61875
      3	61881
      2	61884
      2	61897
      2	61957
      1	62010
      1	62021
      1	62053
      1	62084
      1	62119
      1	62180
      1	62195
      1	62205
      1	62246
      3	62266
      2	62311
      4	62427
      1	62462
      1	62495
      5	62510
      1	62615
      7	62629
      9	62664
      1	62761
      5	62846
      2	62867
      1	62921
      2	62967
      1	63121
      1	63156
      1	63178
      1	63203
      2	63247
      1	63248
      1	63264
      5	63338
      1	63363
      6	63376
      7	63409
      3	63410
      2	63432
      1	63460
      1	63480
      1	63569
      1	63611
      2	63614
      1	63656
      1	63676
      2	63693
      3	63696
      1	63832
     10	63872
      2	63918
      2	63976
      7	63987
      6	64094
     12	64102
      1	64126
      2	64140
      2	64149
      1	64153
      1	64166
      6	64170
      2	64194
      2	64198
      2	64286
      1	64304
     12	64316
      1	64325
      3	64393
      1	64434
      4	64470
      1	64474
      2	64504
      1	64530
      1	64557
      3	64625
      2	64637
      1	64750
      2	64764
      1	64794
      2	64821
      1	64837
      2	64838
      1	65008
      1	65041
      1	65046
      3	65066
      1	65101
      2	65113
      7	65138
      1	65209
      1	65229
      3	65232
      1	65263
      1	65281
      2	65294
      1	65338
      1	65340
      1	65353
      1	65357
      1	65373
      1	65401
      1	65408
      3	65418
      1	65449
      1	65462
      1	65489
