      2	91
      1	144
      1	265
      1	419
      1	426
      2	515
      2	538
      5	590
      1	680
      5	845
      1	982
      1	1109
      4	1173
      1	1232
      3	1358
      1	1387
      1	1389
      1	1405
      1	1503
      1	1506
      1	1569
      4	1628
      1	1668
      1	1673
      1	1737
      1	1800
     13	1861
      2	1948
      1	2163
      2	2170
      1	2186
      1	2222
      1	2417
      6	2449
      1	2475
      7	2743
      1	2757
      2	2824
      1	2951
      9	3072
      1	3121
      1	3272
      1	3410
      1	3425
      1	3644
      1	3689
      1	3699
      3	3709
      1	3773
      1	3797
      1	3859
      1	4060
      1	4064
      1	4139
      1	4211
      1	4258
      1	4297
      1	4462
      1	4493
      1	4592
      1	4616
      2	4634
      5	4640
      1	4700
      1	4849
      1	4888
     12	4930
      1	4976
      3	5023
      1	5140
      1	5267
      1	5400
      2	5486
      1	5652
      2	5658
      7	5731
      1	5830
      1	5867
      3	5885
      2	5893
      1	5905
      1	6031
     12	6124
      1	6220
      8	6332
      1	6421
      1	6423
      2	6532
      1	6551
      1	6575
      2	6691
      2	6710
      2	6745
      1	6855
      1	6914
      3	6944
      1	6980
      1	7011
      1	7045
      2	7109
      2	7221
      1	7369
      1	7462
      1	7517
      1	7725
      1	7820
      2	7970
      5	8011
      1	8054
      2	8172
      2	8198
      1	8332
      1	8333
      1	8365
      1	8370
      1	8394
      2	8659
      9	8667
      1	8672
      1	8763
      1	8794
      1	8808
      2	8920
      1	9031
      3	9035
      1	9069
      2	9217
      1	9345
      1	9503
      1	9534
      1	9564
      3	9652
      1	9688
      1	9705
      1	9806
      1	9877
      1	9896
      1	10069
      1	10177
      1	10275
      7	10314
      2	10381
      1	10558
      1	10573
      3	10591
      1	10680
     10	10724
      2	10744
      1	10926
      1	10987
     13	11071
      1	11097
      3	11143
      1	11290
      2	11304
      2	11402
      1	11461
      1	11490
      1	11515
      1	11524
      2	11583
      2	11611
      1	11759
      5	11762
      1	11908
      1	11951
      1	11964
      1	12247
      1	12253
      3	12502
      1	12684
      1	12804
      1	12809
      3	12858
      1	13009
      1	13025
      1	13394
      1	13440
     13	13712
      6	13738
      1	13790
      1	13972
      1	14137
     14	14287
      1	14305
      1	14373
      2	14385
      3	14429
      1	14540
      1	14581
      4	14768
      1	14986
      1	15064
      2	15125
      1	15235
      1	15267
      1	15499
      1	15535
      1	15561
      1	15593
      1	15684
      1	15725
      2	15754
      4	15846
      1	15933
      3	15985
      2	16007
      1	16023
      2	16069
      1	16094
      3	16143
      1	16239
      6	16254
      3	16276
      1	16340
      1	16465
      1	16493
      1	16503
      2	16554
      2	16620
      4	16628
      1	16704
      1	16772
      1	16835
      1	16863
      6	16866
      7	16977
      1	16998
      4	17009
      4	17018
      1	17062
      1	17136
      1	17164
      1	17267
      8	17352
      2	17540
      2	17624
      1	17652
      1	17736
      1	17919
      1	17934
      1	17968
      3	17971
     35	17975
      1	18002
      3	18010
      1	18147
      1	18179
      2	18264
      3	18282
      2	18348
      3	18590
      1	18789
      1	18826
      1	18827
      1	18907
      1	18919
      1	18992
      5	19268
      1	19278
      1	19350
      1	19354
      1	19425
      1	19568
      1	19804
      1	19869
      1	19928
      1	20108
      1	20226
      1	20282
      1	20609
      1	20687
      4	20728
      2	20743
     18	20865
      7	20871
      1	20914
      1	21060
      1	21102
      5	21156
      1	21173
      1	21290
      1	21334
      1	21376
      3	21434
      1	21643
      1	21800
      1	21885
      1	21981
     26	22010
      1	22053
      2	22306
      1	22383
      1	22841
      1	22851
      5	22957
      2	23022
      4	23023
      1	23098
      1	23174
      1	23246
      1	23251
      1	23276
      1	23349
      1	23539
      1	23542
      4	23566
      1	23577
      1	23578
      3	23596
      1	23611
      1	23652
      2	23676
      1	23782
      4	23785
      1	23799
      1	23856
      2	23861
      3	23888
      1	23925
      3	23995
     16	23999
      1	24061
      1	24075
      2	24140
      1	24162
      2	24205
      3	24218
      1	24333
      2	24345
      1	24698
      1	24725
      1	24807
      1	24860
      1	24893
      1	24896
      1	24946
      1	25003
      1	25173
      2	25355
      1	25377
      1	25414
      2	25461
      2	25488
      1	25507
      8	25511
      1	25573
      1	25606
      1	25663
      1	25725
      1	25781
      1	25787
      2	25944
     14	25959
      1	26002
      1	26025
      1	26158
      1	26207
      1	26239
      1	26270
      1	26290
      3	26332
      1	26420
      1	26472
      1	26628
      5	26666
      8	26682
      1	26713
      1	26795
      1	26805
      2	26826
      2	27030
      1	27032
      1	27069
      1	27173
      1	27246
      2	27250
      1	27257
      1	27361
      1	27545
      4	27579
      1	27837
      9	27873
      2	27893
      1	27927
      1	27960
      3	28012
      1	28032
      1	28039
      2	28047
      1	28066
      1	28091
      1	28151
      1	28250
      3	28257
      1	28331
      1	28333
      1	28364
      2	28365
      1	28408
      1	28520
      2	28538
      1	28679
      3	28727
      1	28867
      3	28885
      1	28911
     17	28960
      1	29341
      1	29383
      2	29477
      5	29749
      1	29964
      1	30056
      2	30314
      1	30318
      1	30346
      1	30401
      1	30402
      3	30476
      1	30533
      5	30555
      1	30617
      1	30643
      1	30653
      1	30655
      4	30711
      3	30894
      1	30921
      1	31045
      2	31088
      5	31156
      1	31186
      1	31395
      6	31397
      1	31550
      1	31585
      1	31632
     13	31703
      2	32046
      1	32088
      2	32148
      3	32345
      1	32353
      2	32426
      1	32644
      1	32652
      1	32654
     22	32863
      1	32881
      1	32893
      1	32909
      1	33035
      1	33129
      2	33194
      3	33292
      1	33296
      1	33465
      2	33506
      1	33585
     12	33682
      1	33709
      1	33992
      1	33998
      2	34035
      1	34058
      5	34160
      1	34207
      1	34318
      2	34375
      1	34466
      1	34561
      1	34575
      1	34599
      2	34644
      6	34708
      1	34728
      1	34757
      2	34773
      1	34783
      1	34833
      1	34925
      1	34990
      5	35100
      1	35208
      1	35341
     15	35387
      1	35420
      1	35425
      1	35527
      1	35606
      1	35659
      1	35750
      1	35770
      2	36066
      2	36111
      2	36145
      2	36173
      1	36249
      1	36359
      1	36408
      2	36494
      1	36508
      1	36811
      1	36849
      1	36870
      1	36912
      1	37034
      4	37052
      2	37061
      2	37123
      1	37136
      1	37248
      1	37321
      1	37335
      1	37379
     20	37414
      2	37465
      1	37528
      1	37743
      2	37800
      1	37842
      2	37998
      1	38196
      1	38298
      1	38359
      4	38398
      7	38447
      1	38464
      1	38479
      1	38600
      8	38756
      1	38800
      3	38839
      1	39127
      1	39184
      1	39193
      1	39201
      1	39204
      1	39265
      1	39310
      6	39325
      1	39432
      1	39480
      1	39624
      2	39629
      1	39670
      2	39783
      1	39789
      1	39929
      1	40104
      1	40152
      2	40220
      1	40360
      3	40387
      1	40432
      1	40438
      1	40462
      1	40519
      1	40558
      1	40619
      1	40639
      1	40647
      2	40698
      1	40730
      1	40748
      2	40819
      1	40950
      1	41034
      1	41059
      1	41143
      5	41266
      1	41350
      1	41401
      2	41520
      1	41580
      2	41582
      1	41605
      1	41654
      3	41720
      1	41791
      1	41904
      2	42136
      1	42372
      1	42380
      2	42399
      3	42419
      3	42425
      1	42748
      2	42751
      1	42816
      2	42851
      1	42877
      1	42878
      2	42991
      1	43011
      1	43080
      1	43236
      2	43312
      1	43394
      1	43509
      1	43513
      2	43552
      1	43704
      5	43737
      2	43835
      1	44063
      2	44078
      2	44124
      1	44149
      1	44279
      1	44480
      1	44489
      6	44572
      1	44579
      1	44617
      2	44724
      1	44774
      1	44914
      2	45022
      1	45040
      1	45043
      1	45219
      1	45341
      1	45383
      1	45462
      1	45464
      1	45546
      1	45604
      2	45677
      2	45708
      3	45794
      4	45796
      1	45847
      2	45903
      1	45919
      1	45943
      1	46102
      1	46177
      1	46385
      3	46554
      3	46623
      7	46692
      1	46724
      1	46919
      2	47055
      1	47129
      2	47153
      1	47164
      2	47178
      1	47201
      2	47240
      2	47265
      1	47270
      1	47311
      1	47472
      5	47486
      1	47597
      1	47698
      3	47784
      3	47891
      2	47894
      1	47960
      3	47989
      1	48046
      1	48065
      1	48138
      4	48147
      2	48203
      2	48427
      1	48466
      1	48577
      2	48699
      2	48870
      1	48874
      4	48924
      3	48951
      2	49022
      1	49287
      1	49319
      1	49444
     18	49458
      1	49487
      2	49598
      3	49607
      1	49779
      2	49834
      3	49994
      1	50176
      1	50334
      1	50382
      1	50419
      2	50445
      1	50477
      1	50481
      1	50508
      2	50537
      3	50565
      1	50777
      2	50870
      1	51183
      1	51321
      3	51326
     10	51392
      1	51408
      1	51427
      1	51436
      1	51582
      2	51587
      1	51759
      1	51830
      4	51925
      3	52181
      1	52239
      1	52481
      1	52485
      1	52532
      1	52600
      1	52892
      2	52918
      1	52925
      1	52991
      1	53146
      9	53153
      1	53222
      1	53256
      1	53363
      6	53449
      4	53494
      2	53567
      2	53583
      2	53667
      1	53702
      2	53707
      2	53746
      1	53873
      2	54025
      1	54183
      1	54208
      1	54245
      1	54370
      1	54395
      1	54810
      1	54930
      1	54950
      2	54989
      1	55044
      1	55092
      1	55129
      2	55460
      1	55534
      3	55600
      2	55615
      2	55664
      1	55849
      2	55864
      1	55919
      1	55962
      2	56091
      1	56125
      1	56140
      1	56153
      3	56170
      1	56266
      1	56268
      3	56269
      1	56604
      1	56663
      1	56672
      2	56791
      1	56900
      1	56940
      1	56965
      1	57074
      2	57092
      1	57133
      2	57136
      1	57278
      1	57459
      1	57608
      1	57612
      1	57635
      1	57712
      1	57715
      1	57812
      1	57910
      2	57959
      1	57976
      1	58145
      1	58166
      5	58191
      4	58222
      1	58296
      1	58303
      1	58413
      1	58417
      1	58459
      1	58477
      2	58527
     10	58531
     11	58594
      1	58805
      3	58812
      1	59001
      1	59003
      1	59111
      2	59178
      1	59255
      1	59277
      4	59514
      2	59561
      2	59567
      1	59736
      1	59742
      9	59748
      1	59867
      5	60023
      1	60127
      1	60207
      1	60284
      1	60354
      2	60370
      1	60428
      1	60458
      4	60501
      5	60538
      2	60581
      1	60704
      1	60745
      3	60793
      1	60934
      1	61085
      1	61234
      1	61298
      1	61304
      1	61331
      1	61368
      2	61665
      1	61680
     52	61832
      5	61854
      1	61855
      1	62019
      1	62082
      1	62126
      2	62131
      1	62305
      1	62323
      1	62534
      1	62537
      1	62541
      1	62699
      3	62719
      1	62837
      2	62849
      2	62882
      2	62944
      1	62947
      1	62995
      2	63114
      1	63119
      1	63291
      2	63300
      1	63306
      1	63320
      2	63343
      5	63413
      1	63579
      1	63656
      1	63873
      1	63882
      1	64000
      3	64071
      1	64073
      1	64164
      2	64316
      1	64529
      3	64633
      1	64637
      1	64680
      1	64760
      1	64884
      1	64885
      1	64951
      1	64999
      1	65008
      1	65123
      1	65190
      1	65232
      1	65272
      1	65294
      1	65372
      1	65381
      1	65408
      1	65443
