      2	11
      1	67
      3	89
      1	93
      1	157
     17	162
      1	317
     26	356
      1	408
      1	492
      5	550
      1	559
      2	561
      7	590
      1	664
      1	681
      1	690
      1	733
      3	779
      2	894
      1	926
      1	960
      1	1093
      1	1106
      2	1146
      3	1156
      1	1174
      1	1182
     18	1232
      1	1280
      1	1336
      1	1366
      1	1385
      2	1550
      5	1598
      1	1621
      1	1628
      3	1712
      1	1754
      1	1762
      1	1812
      1	1862
      1	1892
      1	1928
      1	2029
      3	2030
      1	2087
      1	2124
      1	2164
      1	2170
      1	2241
      1	2251
      3	2307
      1	2325
      1	2396
      1	2466
      1	2586
      1	2612
      1	2683
      1	2806
      3	2827
     10	2916
      2	2917
      1	2989
      1	3013
      1	3044
      1	3065
      1	3068
      1	3110
      1	3121
      1	3155
      2	3195
      4	3200
      1	3552
      1	3595
      2	3689
      1	3810
      2	3839
      1	3843
      1	3884
      1	3920
      1	3959
      1	3995
      1	4064
      1	4109
      1	4238
      1	4292
      2	4306
      1	4308
      1	4331
     16	4354
      2	4401
      1	4557
      2	4602
      2	4609
      1	4613
      1	4668
      2	4672
      1	4720
      1	4732
      1	4760
      1	4762
      2	4796
      3	4800
      1	4808
      2	4841
      1	4878
      1	4892
      2	5005
      1	5039
      2	5060
      1	5098
      1	5475
      2	5510
      1	5553
      1	5594
      1	5645
      1	5688
      1	5697
      1	5731
      2	5743
      1	5819
      2	5846
      1	5861
      1	5872
      8	5905
      5	5922
      1	5924
      2	6078
      1	6092
      5	6124
      2	6148
      1	6162
      2	6183
      1	6217
      1	6276
      2	6277
      1	6299
      1	6316
      1	6463
      1	6480
      3	6497
      1	6518
      1	6551
      1	6628
      1	6654
      3	6689
      1	6727
      2	6738
      2	6770
      1	6798
      1	6881
      2	6921
      1	6923
      1	6969
      1	7064
      2	7069
      4	7115
      1	7219
      3	7248
      5	7250
      1	7313
      1	7354
      1	7369
      1	7426
      3	7466
      1	7478
      1	7480
      1	7572
      1	7616
      1	7646
      2	7704
      1	7935
      1	7946
      3	7967
      1	7968
      1	7981
      1	7995
      1	8011
      1	8036
      1	8104
      1	8121
      2	8141
      2	8151
      1	8172
      1	8193
      1	8291
      1	8330
      1	8378
      1	8451
      1	8469
      1	8579
      5	8583
      6	8589
      1	8617
      1	8625
      1	8630
      5	8692
      6	8717
      1	8718
      1	8739
      5	8824
      1	8866
      2	8930
      1	8934
      1	8956
      1	8989
      1	9116
      4	9133
      2	9159
      2	9178
      1	9182
      1	9217
      1	9231
      2	9345
      5	9391
      2	9414
      1	9432
      3	9483
      1	9486
      1	9501
      1	9503
      1	9512
      2	9538
      1	9666
      1	9688
      4	9690
      1	9707
      7	9714
      1	9716
      1	9764
      1	9872
      2	9904
      4	9983
      1	9985
      9	10037
      1	10100
      8	10184
      2	10192
      3	10314
      5	10324
      2	10409
      1	10414
      1	10447
      1	10456
      7	10477
      3	10548
      1	10565
      3	10601
     16	10607
      1	10649
      1	10673
      1	10678
      1	10762
      1	10827
      4	10844
      1	10940
      1	10956
      1	10979
      2	11042
      1	11043
      1	11063
      1	11095
      1	11213
      1	11278
      1	11290
      2	11312
      3	11382
      1	11385
      1	11408
      1	11422
      1	11467
      1	11491
      5	11524
      1	11548
      1	11597
      3	11599
      1	11710
      1	11837
      2	11885
      6	11926
      1	11949
      2	11967
      2	11981
      1	11985
      1	12043
      1	12055
      1	12217
      1	12260
      4	12262
      3	12290
      1	12320
      1	12390
      2	12396
      1	12558
      3	12684
      1	12695
      1	12703
      1	12941
      2	13038
      2	13054
      1	13064
      1	13096
      2	13098
      1	13118
      6	13180
      1	13249
      2	13266
      1	13335
      1	13366
      1	13416
      2	13495
     10	13512
      1	13519
      4	13545
      1	13602
      1	13629
      1	13734
     11	13737
      1	13825
      2	13854
      2	13869
      2	13898
      1	13911
      1	13937
      1	13938
      1	13952
      1	13972
      2	13975
      2	14008
      1	14062
      1	14103
      1	14163
      4	14166
     11	14213
      3	14343
      1	14354
      5	14437
      1	14540
      2	14554
      1	14593
      1	14599
      2	14643
      2	14679
      1	14732
      1	14837
      2	14962
      2	14976
      2	14993
      1	15029
      1	15034
      2	15084
      1	15102
      2	15166
      1	15293
      2	15303
      3	15340
      2	15341
      1	15345
      1	15351
      1	15355
      1	15407
      1	15413
      2	15437
      1	15468
      2	15474
      1	15499
      1	15505
      1	15509
      2	15514
      1	15581
      1	15621
      1	15663
      1	15702
      2	15773
      1	15784
      2	15853
      1	15985
      1	15988
      1	16055
      1	16060
      1	16145
      1	16196
      3	16240
      1	16327
      1	16362
      1	16368
      1	16394
      1	16399
      2	16418
      1	16628
      2	16641
      8	16675
      4	16783
     23	16835
      2	16839
      1	16845
      1	16851
      1	16853
      1	16862
      1	17003
      6	17009
      1	17018
      4	17027
      1	17107
      2	17120
     26	17161
      2	17168
      2	17170
      1	17225
      1	17281
      1	17368
      2	17408
      1	17412
     12	17592
      2	17597
      2	17686
      1	17763
      1	17802
      1	17827
      3	17845
      1	17965
      2	17987
      1	18010
      1	18142
      3	18188
      1	18279
      4	18354
      1	18448
      1	18498
      2	18616
      1	18747
      7	18846
      1	18897
      1	18949
      1	19016
      1	19024
      1	19091
      2	19130
      1	19138
      1	19241
      1	19304
      1	19323
      1	19353
      2	19402
     17	19441
      4	19454
      1	19481
      1	19499
      3	19582
      1	19616
      2	19665
      1	19694
      1	19825
      2	19832
      5	19851
      1	19904
      1	19906
      2	19919
      1	19950
      8	19954
      1	19982
      1	20085
      2	20154
      1	20160
      3	20227
      2	20267
      1	20281
      1	20290
      1	20333
      1	20349
      1	20483
      3	20484
      1	20575
      1	20591
      1	20642
      5	20647
      1	20726
      3	20768
      1	20800
      1	20827
      1	20882
      1	20960
      1	20994
      1	21026
      1	21044
      1	21180
      9	21212
      2	21266
      2	21272
      2	21284
      1	21334
      1	21389
      1	21393
      1	21396
      2	21463
      1	21571
      1	21588
      1	21628
      1	21651
      2	21718
      2	21743
      1	21747
     10	21775
      2	21792
      1	21822
      1	21856
      1	21889
      2	21911
      1	21940
      1	21968
     16	21989
      2	21992
      1	22066
      1	22130
      4	22140
      2	22175
      1	22180
      1	22190
      2	22204
      1	22213
      1	22227
      4	22230
      1	22240
      1	22292
      1	22336
      1	22402
      1	22569
      1	22600
      5	22615
      2	22624
      1	22633
      1	22734
      2	22749
      1	23086
      6	23118
      3	23168
      2	23196
      1	23219
      1	23304
      1	23349
      2	23381
      1	23420
      1	23490
      1	23526
      1	23571
      3	23577
      1	23589
      1	23625
      1	23688
      2	23698
      1	23741
      1	23743
      1	23787
     58	23799
      1	23801
      1	23843
      1	23856
      2	23888
      1	23931
      2	23984
      1	23996
      5	23999
      4	24049
      6	24058
      1	24079
      1	24110
      1	24136
      1	24142
      1	24162
      1	24298
      1	24303
      2	24332
      1	24401
     10	24406
      1	24560
      1	24622
      1	24656
      5	24724
      1	24761
      1	24866
     15	24934
      3	24946
      1	24990
      9	25024
      2	25036
      1	25078
      1	25113
      3	25117
      2	25125
     13	25152
      1	25186
      1	25199
      1	25242
      1	25256
      2	25279
      1	25303
      1	25308
      1	25359
      1	25364
      1	25474
      1	25488
      1	25512
      3	25654
      3	25689
      1	25745
      2	25834
      2	25993
      5	26005
      1	26053
      1	26070
      4	26072
      1	26091
      1	26171
      1	26177
      1	26190
      2	26212
      1	26267
     10	26286
      1	26290
      4	26327
      1	26361
      2	26363
      1	26418
      1	26425
      1	26435
      1	26466
      1	26469
      1	26563
      1	26564
      1	26621
     10	26722
      2	26772
      2	26823
      2	26838
      1	26850
     11	26857
      1	26888
      1	26983
      1	27009
      1	27124
      1	27227
      1	27245
      1	27246
      2	27299
      1	27312
      1	27339
      1	27393
      1	27560
      4	27631
      2	27694
      4	27854
      3	27960
      1	27967
      1	27969
      1	28008
      2	28084
      1	28117
      3	28140
      2	28183
      1	28256
      1	28278
      1	28324
      1	28328
      2	28345
      3	28405
      1	28442
      1	28451
      1	28583
      2	28693
      5	28728
      1	28730
      1	28809
      4	28882
      1	28951
      1	28963
      2	28986
      1	29002
      1	29034
      1	29090
      1	29099
      2	29128
      1	29129
      2	29150
     10	29163
      2	29175
      2	29255
      1	29284
      1	29409
      1	29450
      4	29475
      1	29477
      1	29478
      1	29490
      2	29500
      1	29543
      1	29662
      1	29670
      6	29714
      1	29719
      2	29811
      2	29945
      1	29972
      3	30109
      1	30114
      1	30129
      1	30131
      6	30153
      1	30269
      8	30297
      2	30315
      1	30319
      1	30352
      2	30365
      3	30394
      2	30396
      1	30398
      2	30437
      3	30455
     27	30544
      2	30559
      2	30590
      1	30595
      1	30623
      1	30658
      4	30719
      2	30754
      1	30819
      2	30857
      1	30909
      3	30912
      1	30933
      1	30981
      1	31006
      5	31046
      1	31088
      1	31090
      1	31158
      1	31214
      2	31265
      3	31376
      1	31377
      2	31395
      3	31416
      1	31495
      1	31524
      2	31535
      1	31573
      1	31599
      1	31615
      1	31626
      1	31658
      1	31670
      4	31758
      1	31831
      1	31847
      2	31962
      1	32045
      1	32147
      6	32148
      1	32177
      1	32206
      1	32278
      1	32389
      1	32502
      6	32568
      2	32657
      2	32722
      1	32828
      3	32905
      1	32970
      5	32974
      1	32987
      1	32993
      1	33013
      1	33014
      9	33041
     25	33064
      1	33098
      1	33102
      1	33129
      1	33175
      1	33202
      1	33237
      1	33272
     11	33292
      1	33435
      2	33476
      1	33479
      2	33586
      3	33731
      2	33767
      1	33780
      1	33812
      1	33814
      1	33925
      1	33951
      1	33952
      1	33957
      1	33960
      1	33992
      3	34035
      1	34063
      1	34092
      1	34105
      1	34110
      3	34160
      1	34257
      2	34286
      1	34337
      2	34375
      1	34430
      1	34569
      2	34693
      1	34709
      1	34737
      1	34740
      1	34822
      1	34905
      1	34943
      1	34981
      1	35024
      2	35051
      2	35105
      2	35119
      2	35166
      1	35182
      1	35212
      1	35247
      1	35321
      1	35323
      1	35336
      1	35428
      1	35434
      1	35489
      1	35496
      1	35506
      1	35527
      1	35543
      1	35591
      1	35613
      1	35618
      1	35708
      1	35785
      1	35830
      2	35908
      3	36015
      1	36062
      1	36082
      1	36113
      1	36114
      5	36193
      2	36249
      1	36337
      1	36359
      1	36363
      1	36416
      1	36428
      1	36443
      2	36495
      1	36540
      1	36618
      9	36651
      1	36687
      1	36744
      2	36774
      1	36775
      1	36838
      2	36960
      2	36979
      1	36987
      1	37075
      1	37080
      2	37121
      6	37122
      1	37174
      1	37215
      2	37240
      3	37243
      1	37247
      1	37253
      1	37258
      2	37291
      1	37308
      3	37341
      1	37469
      1	37479
      1	37490
      1	37566
      1	37602
      1	37640
      2	37768
      1	37817
      3	37841
      2	37867
      6	37935
      1	38047
      1	38054
      2	38094
      1	38152
     10	38160
      1	38224
      1	38228
      2	38236
      2	38279
      5	38305
      1	38480
      3	38486
      1	38521
      1	38531
      1	38556
      1	38559
      2	38632
      1	38664
      3	38717
      1	38775
      1	38777
      1	38837
      3	38878
      1	38897
      1	38938
      2	38967
      1	38968
      1	39000
      1	39029
      1	39071
      1	39077
      2	39080
      2	39089
      1	39098
      1	39102
      2	39112
      8	39156
      2	39176
      1	39227
      2	39319
      2	39325
      9	39348
      1	39601
      1	39612
      1	39738
      1	39880
      1	40054
      5	40068
      8	40132
      2	40145
      1	40170
      3	40244
      2	40291
      1	40302
     15	40432
      4	40529
      1	40531
     10	40535
      4	40540
      1	40625
      1	40637
      1	40756
      1	40774
      1	40856
      1	40902
      3	40912
      1	40923
      2	40941
      1	40945
      3	40990
      1	41001
      1	41047
      1	41077
      1	41102
      1	41103
      1	41128
      1	41133
      1	41161
      1	41185
      1	41190
      1	41223
      2	41244
      1	41254
      1	41268
      1	41289
      2	41300
      2	41363
      1	41414
      1	41637
      2	41701
      1	41768
      1	41782
      3	41879
      1	41883
      1	41912
      1	41923
      2	41927
      2	42099
      1	42123
      1	42187
      3	42251
      2	42309
      1	42412
      1	42433
      1	42470
      1	42479
      1	42517
      1	42537
      1	42581
      1	42679
      1	42696
      1	42698
      1	42701
      1	42723
      8	42851
      5	42876
      2	42888
      1	42909
      1	43080
      2	43157
      1	43171
      2	43176
      4	43213
      4	43252
      1	43255
      2	43261
      1	43294
      2	43297
      2	43366
      1	43369
      5	43394
      1	43400
      1	43435
      1	43503
      2	43518
      1	43527
      1	43530
      2	43536
      1	43623
      3	43680
      2	43693
      1	43733
      1	43740
      1	43800
      1	43811
      2	43818
      3	43867
      1	43989
      1	43996
      1	44066
      1	44088
      1	44094
      4	44117
      6	44144
      2	44171
      1	44303
      1	44356
      1	44471
      7	44692
      1	44777
      1	44791
      1	44830
      5	44833
      1	44878
      1	44907
      2	44953
      1	45061
      1	45134
      7	45180
      2	45300
      8	45307
      1	45323
      1	45329
      1	45333
      1	45390
      1	45491
      7	45496
      1	45551
      3	45557
      2	45593
      1	45606
      1	45643
      2	45692
      1	45750
      1	45758
      1	45847
      1	46026
      1	46081
      1	46097
      1	46137
      1	46183
     17	46302
      1	46304
      1	46419
      2	46530
      1	46551
      2	46595
      1	46607
      1	46608
      2	46623
      1	46722
      1	46789
      1	46808
      1	46822
      1	46823
      2	46873
      2	46880
      9	46884
      1	46921
      2	46950
      1	46973
      2	47012
      1	47025
      2	47072
      1	47085
      2	47166
      2	47185
      1	47293
      1	47311
      1	47351
      3	47369
      1	47376
      1	47443
      1	47446
      1	47457
      2	47486
      1	47516
      2	47604
      1	47622
      1	47634
      1	47672
      1	47693
      1	47701
      1	47702
      2	47756
      4	47858
      1	47876
      4	47905
      1	48040
      1	48064
      1	48181
      2	48251
      1	48283
      1	48287
      3	48373
      3	48383
      1	48462
      1	48527
      1	48550
      9	48566
      3	48577
      1	48651
      1	48666
      1	48697
      1	48707
      4	48787
      1	48797
      1	48814
      1	48822
      1	48832
      1	48836
      1	48876
      2	48928
      1	48937
      1	48939
      1	49105
      2	49249
      1	49272
      4	49305
      2	49342
      1	49346
      1	49403
      1	49416
      1	49427
      3	49493
      1	49546
      5	49547
      1	49558
      1	49567
      1	49568
      2	49570
      2	49616
      1	49618
      2	49696
      1	49752
      1	49758
      5	49765
      1	49770
      2	49841
      1	49844
      1	49897
      1	50146
      3	50161
      1	50184
      1	50209
      1	50231
      2	50257
      1	50269
      2	50334
      1	50382
      1	50427
      1	50473
      1	50474
      1	50499
      1	50503
      1	50508
      2	50557
      2	50602
      1	50693
      8	50694
      2	50785
      1	50790
      1	50794
      1	50810
      1	50934
      1	50955
      1	51002
      1	51093
      2	51098
      1	51144
      1	51155
      1	51246
      1	51266
      6	51321
      3	51394
      1	51416
      1	51432
      1	51434
      2	51509
      2	51520
      1	51538
      2	51549
      1	51576
      1	51593
      1	51609
      2	51655
      1	51745
      3	51787
      1	51796
      1	51822
      2	51830
      1	51842
     10	51852
      2	51932
      1	51944
      2	51949
      4	52074
      1	52238
      1	52265
      1	52300
      2	52339
      1	52370
      3	52522
     12	52541
      3	52564
      2	52591
      1	52626
      2	52685
      1	52791
      1	52794
      3	52801
      1	52830
      1	52924
      1	52939
      1	53039
      2	53053
      1	53128
      1	53145
      1	53191
      2	53204
      2	53243
      1	53257
      1	53288
      1	53324
      1	53379
      3	53433
      2	53568
      2	53636
      2	53708
      1	53743
      1	53844
      1	53855
      2	53882
      1	53949
      1	53964
      3	54028
      1	54075
      1	54086
      1	54102
      1	54103
      5	54124
      1	54184
      1	54215
      1	54257
      1	54356
      1	54390
      1	54450
      7	54458
      7	54479
      1	54510
      7	54525
      1	54613
      1	54662
      2	54777
      1	54815
      2	54883
      1	54916
      2	54930
      1	55093
      3	55138
      5	55148
      1	55245
      1	55261
      2	55268
      1	55280
      1	55287
      1	55296
      2	55299
      1	55398
      1	55405
     13	55429
      1	55521
      1	55528
      1	55554
      1	55584
      1	55587
      5	55626
      1	55636
      1	55674
      1	55746
      1	55785
      4	55924
      1	55983
      3	56027
      6	56113
      1	56115
      1	56145
     21	56178
      1	56187
     35	56311
      1	56430
      2	56450
      1	56484
      4	56553
      1	56556
      1	56664
      1	56730
      1	56741
      2	56855
      1	57041
      1	57088
      4	57119
      1	57123
      2	57133
      1	57261
      1	57313
      1	57324
      1	57353
      2	57383
      1	57452
      2	57459
      3	57489
      1	57552
      1	57621
      9	57629
      1	57635
      2	57677
      1	57708
      1	57730
      1	57746
      5	57819
      2	57823
      1	57842
      1	57921
      1	57922
      7	57951
      3	58006
      1	58009
      1	58047
      1	58112
      1	58212
      2	58223
     23	58224
      1	58276
      1	58319
      1	58347
      1	58352
      2	58366
      1	58494
      3	58514
      1	58548
      1	58567
      1	58594
      3	58617
      3	58624
      1	58625
      1	58651
      1	58652
      2	58750
      1	58782
      1	58783
      1	58845
      1	58913
      2	59034
      1	59091
      3	59111
      5	59180
      3	59217
      1	59222
      1	59255
      2	59480
      1	59587
      1	59633
      1	59661
      1	59691
      1	59715
      3	59720
      1	59737
      1	59748
      1	59758
      3	59781
      1	59816
      1	59836
      1	59911
      1	59929
      1	59932
      3	59944
      2	59970
      1	59972
      1	59987
      2	60020
      1	60042
      1	60120
      1	60127
      2	60148
      2	60157
      2	60189
      1	60268
      1	60313
      1	60397
      1	60409
      2	60416
      1	60449
      4	60501
      1	60527
      1	60543
      1	60557
      4	60656
      2	60700
      1	60731
      1	60837
      1	60858
      1	60914
      1	60983
      1	60984
      1	60999
      1	61032
      3	61110
      1	61116
      8	61131
      1	61140
      3	61147
      3	61156
      2	61180
      1	61207
      8	61230
      1	61232
      1	61234
     22	61261
      7	61280
      1	61330
      1	61336
      2	61398
      1	61530
      2	61641
     13	61664
      2	61665
      1	61675
      1	61703
      1	61752
      1	61759
      1	61763
      1	61824
      1	61884
      6	61924
      1	62007
      4	62014
      2	62026
      1	62109
      2	62119
      1	62174
      1	62232
      1	62243
      1	62271
     14	62322
      1	62336
      1	62412
      1	62463
      1	62573
      3	62591
      2	62595
      6	62703
      9	62719
      1	62791
      2	62849
      2	62867
      1	62869
      1	62939
      3	63002
      4	63022
      1	63024
      2	63032
      1	63039
      2	63073
      2	63137
      1	63148
      1	63165
      1	63231
      1	63252
      2	63264
      1	63291
      1	63292
      1	63302
      2	63315
      1	63317
     10	63329
     16	63390
      1	63449
      1	63565
      1	63582
      1	63611
      1	63649
      3	63771
      1	63831
      1	63850
      1	63882
      4	63987
      3	64030
      1	64050
      1	64126
      4	64162
      1	64170
      1	64216
      1	64246
      1	64262
      1	64268
      1	64304
      2	64322
      3	64325
      1	64328
      1	64399
      2	64528
      4	64581
      1	64603
      2	64637
      2	64702
      2	64703
      1	64770
      1	64884
      1	64896
      1	64980
      1	64986
      1	65032
      1	65099
      1	65110
      2	65121
      3	65137
      1	65201
      1	65251
      1	65256
      1	65324
      1	65449
      1	65454
      1	65534
