      3	11
      1	162
      1	197
      1	261
      1	462
      1	598
      1	664
      1	681
      1	715
      1	755
      1	763
      1	907
      1	1029
      1	1049
      1	1070
      1	1079
      2	1160
      1	1172
      3	1190
      1	1254
      1	1358
      3	1418
      1	1497
      1	1502
      1	1508
      1	1582
      1	1616
      1	1645
      1	1669
      1	1733
      1	1762
      2	1782
      1	1808
      2	1857
      3	1911
      1	1914
      1	2020
      1	2068
      1	2087
      2	2093
      1	2131
      1	2147
      1	2400
      1	2461
      1	2466
     12	2475
      1	2503
      1	2510
      1	2547
      1	2563
      1	2683
      1	2687
      2	2688
      1	2715
      1	2808
      3	2849
      1	2872
      1	2955
      1	2983
      1	2989
      1	3003
      1	3058
      1	3063
      1	3212
      1	3219
      1	3228
      1	3239
      1	3243
      1	3311
     14	3351
      3	3486
      1	3506
      1	3512
      1	3663
      4	3709
      1	3710
      1	3764
      2	3779
      1	4011
      2	4106
      1	4109
      1	4137
      1	4177
      1	4211
      2	4249
      2	4358
      1	4437
      1	4593
      1	4604
      1	4637
      1	4780
      1	4926
      1	4982
      2	5086
      1	5097
      1	5099
      1	5116
      2	5137
      1	5151
      2	5161
      4	5200
      1	5212
      1	5287
      1	5300
      7	5389
      1	5430
      1	5439
      1	5483
      1	5492
      1	5690
      1	5736
      1	5750
      2	5853
      1	5874
      2	5905
      1	5941
      1	6111
      1	6119
      1	6148
      1	6156
      1	6191
      2	6197
      1	6382
      1	6494
      1	6497
      1	6555
      2	6575
      1	6580
      1	6591
      1	6622
      1	6745
      1	6749
      1	6898
      2	6915
      1	6946
      1	6969
      2	6980
      1	7047
      1	7066
      1	7079
      1	7109
      1	7153
      1	7170
      1	7199
      1	7222
      2	7359
      1	7393
      1	7513
      1	7594
      1	7620
      1	7689
      1	7690
      1	7746
      1	7773
      1	7820
      1	7842
      1	7912
      1	7970
      1	7976
      1	7981
      1	8017
      2	8141
      1	8185
      1	8201
      1	8243
      3	8264
      1	8310
      1	8362
      1	8407
      1	8432
      1	8461
      1	8473
      1	8557
      1	8617
      1	8639
      1	8703
      1	8733
      1	8749
      2	8760
      1	8812
      1	8815
      1	8859
      1	9060
      1	9158
      1	9234
      1	9260
      1	9386
      1	9445
      1	9523
      1	9613
      1	9687
      1	9690
      1	9693
      2	9705
      1	9720
      1	9765
      3	9837
      1	9839
      3	9900
      2	9943
      1	10009
      1	10014
      1	10051
      1	10088
      1	10118
      1	10123
      1	10349
      1	10358
      1	10374
      1	10389
      1	10485
      2	10504
      1	10574
      1	10581
      2	10645
      2	10662
      1	10667
      2	10724
      1	10851
      1	10940
      1	10942
      1	11067
      4	11071
      1	11144
      5	11304
      1	11382
      1	11490
      1	11535
      2	11548
      1	11567
      1	11599
      3	11608
      1	11717
      1	11751
      1	11893
      1	11964
      1	11971
      1	11995
      1	11997
      1	12002
      1	12016
      1	12083
      1	12122
      2	12158
      1	12183
      1	12188
      2	12229
      1	12235
      1	12242
      1	12253
      1	12323
      1	12326
      1	12367
      2	12505
      1	12534
      1	12651
      1	12708
      1	12722
      1	12728
      1	12757
      1	12809
      1	12814
      1	12880
      1	12896
      1	12942
      1	12981
      1	13088
      1	13136
      1	13198
      1	13390
      1	13490
      1	13638
      1	13656
      1	13698
      5	13720
      1	13823
      1	13947
      1	14053
      1	14128
      1	14141
      1	14163
      1	14187
      2	14192
      1	14226
      4	14392
      1	14424
      1	14488
      1	14538
      2	14543
      3	14711
      1	14720
      1	14768
      3	14791
      2	14800
      1	14842
      2	14863
      1	14890
      3	14908
      1	14960
      2	15029
      1	15030
      1	15039
      1	15180
      1	15202
      1	15257
      1	15260
      2	15291
      1	15306
      1	15334
      1	15360
      1	15461
      1	15479
      1	15499
      1	15561
      1	15590
      1	15613
      2	15684
      1	15688
      1	15724
      1	15784
      1	15846
      2	15868
      1	15985
      1	16017
      3	16148
      2	16234
      1	16250
      2	16299
      2	16308
      1	16331
      1	16418
      1	16433
      2	16513
      1	16521
      2	16561
      1	16568
      3	16620
      1	16704
      1	16728
      1	16738
      1	16753
      1	16788
      1	16887
      1	16902
      1	17005
      1	17015
      1	17018
      1	17023
      1	17027
      1	17072
      1	17088
      1	17109
      1	17164
      1	17170
      3	17186
      1	17224
      1	17225
      3	17243
      2	17258
      2	17287
      1	17291
      1	17338
      1	17343
      2	17352
      1	17375
      1	17389
      4	17489
      3	17574
      1	17580
      1	17667
      1	17689
      4	17763
      1	17765
      1	17771
      1	17880
      1	17917
      2	17938
      2	17955
     13	17975
      1	18023
      1	18025
      1	18056
      1	18280
      1	18327
      1	18352
      1	18413
      1	18425
      2	18498
      2	18504
      1	18567
      9	18590
      1	18638
      1	18662
      1	18672
      3	18696
      1	18757
      1	18790
      1	18812
      1	18844
      1	18864
      1	18883
      1	18919
      1	18992
      1	19038
      2	19092
      1	19222
      1	19305
      1	19319
      1	19354
      3	19366
      1	19410
      2	19425
      1	19469
      1	19481
      1	19588
      1	19623
      1	19633
      1	19692
      1	19762
      1	19763
      1	19881
      6	19929
      1	19955
      1	19976
      1	19983
      1	20012
      1	20030
      1	20102
      4	20138
      1	20188
      2	20205
      1	20212
      1	20238
      5	20267
      4	20268
      1	20279
      2	20290
      2	20323
      1	20333
      1	20370
      1	20524
      1	20528
      1	20606
      1	20671
      1	20692
      1	20721
      1	20814
      2	20827
      4	20865
      2	20871
      1	20887
      3	20938
      1	20988
      2	21198
      1	21207
      1	21244
      3	21248
      1	21253
      1	21289
      1	21295
      1	21303
      1	21474
      1	21646
      1	21734
      2	21892
      1	21985
      1	22134
      1	22164
      4	22204
      1	22281
      2	22292
      1	22324
      1	22325
      7	22330
      1	22336
      1	22423
      1	22427
      2	22447
      2	22466
      1	22512
      2	22515
      1	22546
      2	22713
      1	22724
      1	22744
      3	22747
      2	22771
      1	22806
      1	22821
      1	22906
      1	22976
      1	22988
      2	23013
      3	23039
      1	23059
      2	23061
      1	23084
      2	23091
      2	23105
      2	23219
      1	23250
      1	23436
      1	23452
      1	23469
      1	23498
      8	23511
      1	23513
      2	23566
      1	23572
      1	23587
      1	23606
      1	23620
      1	23653
      1	23903
      1	24013
      1	24054
      1	24058
      1	24097
      1	24117
      1	24234
      1	24334
      1	24363
      2	24376
      2	24440
      1	24449
      1	24482
      1	24506
      1	24587
      2	24665
      1	24672
      1	24716
      1	24755
      1	24767
      2	24800
      1	24855
      1	24934
      1	24953
      4	24990
      1	25007
      3	25014
      1	25022
      1	25105
      1	25162
      1	25233
      1	25238
      2	25338
      1	25367
      1	25368
      1	25401
      1	25445
      1	25512
      1	25538
      1	25563
      1	25575
      2	25592
      1	25647
      1	25663
      1	25689
      1	25781
      1	25871
      1	25897
      2	25899
      1	25900
      1	25960
      1	26107
      2	26111
      1	26133
      1	26135
      1	26171
      1	26207
      2	26246
      3	26300
      1	26359
      1	26468
      1	26476
      1	26538
      1	26610
      1	26625
      1	26642
      1	26656
      2	26666
      1	26675
      1	26733
      1	26756
      3	26777
      1	26796
      1	26857
      1	27039
      1	27091
      1	27199
      1	27296
      1	27313
      3	27350
      1	27625
      1	27683
      1	27740
      2	27773
      4	27784
      1	27797
      2	27867
      1	27882
      1	27890
      1	27893
      1	28034
      1	28074
      1	28091
      1	28242
      1	28295
      1	28303
      1	28469
      1	28544
      2	28545
      1	28557
      1	28618
      1	28637
      1	28716
      1	28720
      1	28731
      1	28762
      3	28824
      1	28914
      1	28960
      1	28978
      1	29086
      2	29089
      1	29166
      1	29194
      1	29206
      3	29364
      1	29376
      1	29455
      1	29524
      1	29530
      1	29558
      1	29576
      2	29642
      1	29670
      1	29700
      1	29753
      2	29837
      1	29853
      1	29880
      1	29974
      1	29980
      1	30021
      1	30062
      1	30129
      2	30151
      1	30201
      1	30209
      3	30427
      1	30447
      1	30527
      1	30680
      7	30710
      1	30764
      3	30801
      1	30937
      1	31063
      1	31071
      1	31105
      1	31119
      2	31153
      2	31256
      1	31257
      1	31346
      1	31404
      1	31414
      2	31474
      1	31493
      1	31526
      1	31530
      1	31557
      1	31562
      1	31670
      2	31701
      1	31756
      1	31778
      1	31806
      1	31848
      1	31858
      2	31890
      1	31911
      1	31919
      1	31937
      2	31943
      6	31983
      2	32025
      2	32180
      1	32240
      1	32287
      1	32337
      1	32391
      1	32410
      1	32446
      1	32509
      1	32520
      1	32547
      3	32675
      1	32693
      5	32704
      1	32918
      1	32933
      1	33051
      1	33078
      1	33092
      1	33143
      1	33271
      1	33287
      1	33352
      1	33410
      1	33441
      1	33449
      1	33465
      2	33479
      3	33484
      1	33503
      1	33514
      1	33516
      1	33549
      1	33565
      1	33583
      1	33584
      1	33682
      2	33685
      1	33758
      1	33780
      1	33808
      1	33835
      1	33971
      1	33991
      1	33995
      1	34071
      1	34100
      2	34110
      2	34148
      1	34169
      1	34217
      1	34219
      1	34241
      1	34308
      1	34475
      2	34479
      1	34485
      1	34567
      1	34644
      1	34806
      1	34810
      1	34901
      3	34981
      1	35014
      1	35086
      1	35110
      1	35126
     12	35259
      1	35379
      1	35436
      1	35471
      1	35545
      1	35560
      1	35591
      1	35717
      1	35934
      5	35949
     10	36030
      1	36040
     18	36084
      3	36091
      3	36111
      1	36128
      3	36256
      1	36333
      1	36390
      1	36430
      1	36438
      1	36534
      5	36559
      1	36579
      1	36600
      1	36636
      1	36638
      4	36675
      1	36703
      1	36734
      1	36800
      3	36813
      1	36905
      1	36930
      1	36945
      3	36946
      4	37000
      4	37062
      3	37085
      1	37106
      1	37111
      1	37258
      1	37308
      1	37321
      1	37324
      2	37464
      4	37490
      1	37553
      1	37596
      1	37608
      1	37617
      1	37625
      2	37640
      1	37724
      1	37788
      3	37878
      1	37916
      1	37925
      1	38039
      1	38122
      1	38213
      2	38238
      1	38269
      3	38273
      2	38372
      1	38380
      2	38398
      1	38403
      1	38447
      1	38520
      1	38553
      1	38681
      2	38756
      6	38781
      1	38788
      1	38877
      1	38909
      1	39127
      1	39143
      1	39160
      8	39219
      1	39275
      1	39325
      1	39340
      1	39513
      1	39569
      1	39785
      1	39790
      1	39893
      1	40007
      1	40031
      3	40063
      1	40068
      1	40085
      1	40152
      3	40209
      1	40246
      1	40313
      1	40384
      1	40388
      1	40408
      1	40420
      1	40432
      1	40450
      1	40538
      1	40545
      2	40575
      2	40661
      1	40733
      1	41015
      2	41048
      1	41106
      2	41119
      4	41148
      4	41152
      1	41163
      2	41185
      1	41198
      1	41216
      1	41315
      3	41347
      2	41348
      1	41361
      1	41547
      1	41582
      1	41669
      1	41751
      1	41791
      1	41860
      1	41865
      1	41918
      2	41980
      1	42010
      1	42013
      1	42027
      1	42051
      1	42120
      2	42144
      1	42187
      1	42269
      1	42277
      1	42282
      1	42333
      1	42366
      1	42425
      1	42464
      2	42501
      1	42536
      1	42547
      1	42576
      1	42673
      1	42689
      1	42723
      1	42795
      1	42884
      1	42998
      1	43061
      1	43120
      1	43179
      1	43213
      2	43332
      1	43336
      1	43394
      1	43417
      1	43422
      1	43443
      2	43486
      1	43531
      1	43552
      1	43605
      6	43652
      1	43760
      1	43763
      1	43811
      2	43816
      2	43832
      1	43977
      1	44016
      1	44019
      4	44027
      1	44063
      1	44073
      4	44112
      2	44117
      1	44147
      1	44153
      1	44182
      1	44190
      1	44254
      3	44324
      9	44329
      4	44435
      3	44447
      1	44572
      2	44725
      4	44764
      1	44770
      2	44817
      3	44879
      1	44887
      1	44907
      1	44912
      1	44993
      1	45103
      3	45148
      3	45170
      1	45219
      1	45289
      1	45375
      1	45416
      1	45424
      8	45425
      1	45429
      1	45460
      1	45469
      1	45496
      1	45506
      1	45645
      1	45733
      1	45778
      2	45847
      1	45893
      1	45943
      1	45979
      1	46033
      6	46095
      1	46113
      1	46132
      1	46134
      1	46153
      1	46220
      1	46259
      1	46402
      1	46449
      1	46551
      1	46561
      1	46574
      1	46576
      1	46589
      1	46595
      1	46598
      1	46664
      1	46667
      1	46669
      1	46713
      4	46734
      1	46919
      2	46925
      1	46984
      1	47073
      1	47099
      1	47178
      1	47305
      2	47311
      1	47351
      1	47486
      1	47611
      1	47634
      1	47641
      1	47645
      1	47661
      1	47744
      1	47747
      1	47748
      1	47846
      7	47858
      1	47905
      1	47930
      1	47933
      1	47943
      1	47962
      1	47975
      1	47989
      1	48064
      1	48135
      1	48147
      1	48256
      1	48333
      1	48359
      2	48362
      1	48401
      2	48510
      1	48544
      1	48553
      1	48639
      1	48671
      6	48708
      1	48733
      1	48814
      2	48822
      1	48834
      1	48850
      2	48870
      2	48989
      1	49007
      2	49029
      1	49073
      1	49086
      1	49107
      2	49120
      1	49145
      3	49178
      1	49280
      1	49362
      1	49399
      1	49444
     17	49458
      1	49477
      1	49484
      1	49518
      2	49577
      3	49607
      2	49658
      1	49663
      1	49744
      1	49844
      2	49852
      1	49886
      1	49966
      1	50015
      1	50087
      1	50216
      1	50227
      3	50231
      1	50282
      1	50334
      4	50372
      1	50383
      2	50388
      2	50401
      2	50537
      1	50544
      1	50554
      1	50557
      1	50577
      1	50602
      1	50677
      1	50703
      1	50719
      1	50721
      1	50759
      1	50773
      1	50785
      1	50810
      1	50879
      1	50894
      1	50999
      1	51031
      1	51044
      1	51046
      2	51050
      1	51051
      1	51085
      1	51086
      1	51101
      2	51263
      1	51273
      1	51342
      2	51354
      1	51475
      1	51483
      1	51672
      1	51693
      1	51769
      1	51805
      1	51838
      2	51856
      1	51888
      3	51946
      6	51959
      1	52067
      1	52088
      2	52100
      1	52133
      1	52227
      1	52248
      2	52249
      1	52398
      1	52401
      1	52405
      1	52414
      1	52445
      1	52463
      3	52532
      1	52616
      1	52635
      1	52660
      1	52769
      1	52780
      1	52829
      1	52851
      1	52898
      1	53066
      2	53101
      1	53147
      1	53235
      4	53243
      1	53338
      1	53340
      1	53357
      1	53358
      1	53401
      1	53450
      1	53454
      1	53517
      1	53564
      2	53584
      1	53589
      2	53624
      2	53660
      1	53666
      1	53771
      1	53855
      1	53983
      1	54014
      1	54025
      1	54097
      1	54128
      2	54150
      1	54180
      1	54183
      1	54206
      1	54240
      1	54307
      1	54345
      1	54356
      6	54357
      1	54366
      4	54401
      1	54422
      1	54474
      1	54515
      3	54626
      1	54745
      1	54807
      1	54810
      1	54855
      1	54894
      3	54916
      4	54950
      1	55031
      1	55156
      1	55161
      1	55210
      1	55217
      1	55279
      1	55292
      1	55418
      1	55441
      1	55449
      1	55460
      6	55565
      1	55587
      2	55660
      1	55674
      2	55758
      1	55763
      2	55814
      1	55849
      3	55919
      1	55998
      1	56147
      1	56171
      1	56239
      1	56266
      1	56281
      2	56313
      2	56355
      1	56398
      1	56434
      3	56442
      1	56603
      1	56607
      1	56617
      1	56619
      1	56642
      1	56663
      1	56693
      1	56847
      1	56868
      1	56923
      1	56939
      1	56956
      3	57133
      2	57144
      1	57211
      1	57261
      1	57326
      1	57346
      2	57419
      1	57451
      1	57514
      1	57521
      1	57698
      1	57703
      1	57720
      1	57810
      1	57850
      1	57858
      1	57922
      1	57925
      1	58009
      1	58011
      1	58098
      1	58104
      1	58111
      1	58118
      1	58137
      1	58195
      1	58199
      1	58211
      1	58222
      2	58274
      1	58335
      2	58352
      1	58358
      1	58489
      1	58506
      1	58567
      1	58578
      1	58762
      1	58786
      1	58895
      1	59001
      1	59107
      1	59112
      1	59134
      1	59145
      1	59158
      1	59165
      1	59178
      2	59219
      3	59231
      1	59245
      1	59293
      1	59302
      1	59421
      1	59518
      1	59567
      1	59571
      1	59660
      1	59720
      1	59726
      1	59758
      1	59799
      1	59807
      2	59817
      1	59834
      1	59868
      1	59912
      1	59986
      1	60071
      1	60136
      1	60210
      1	60312
      1	60344
      1	60352
      2	60354
      1	60359
      1	60378
      2	60488
     11	60501
      1	60505
      1	60524
      1	60527
      2	60557
      1	60689
      1	60909
      1	60959
      1	60997
      1	61048
      1	61081
      1	61141
      1	61156
      1	61227
      1	61261
      1	61277
      1	61299
      2	61300
      1	61340
      1	61492
      1	61641
      2	61648
      1	61674
      1	61683
      2	61779
      1	61787
      1	61829
      1	61849
      1	61889
      1	61904
      1	62014
      1	62019
      1	62106
      1	62119
      1	62126
      1	62160
      1	62161
      2	62183
      1	62288
      1	62291
      1	62414
      1	62471
      1	62534
      1	62660
      1	62715
      1	62754
      4	63002
      1	63073
      1	63101
      1	63147
      1	63165
      1	63192
      1	63244
      1	63252
      1	63338
      1	63363
      1	63608
      1	63614
      1	63659
      1	63681
      1	63820
      2	63936
      1	63980
      1	63987
      1	63999
      1	64056
      1	64131
      1	64155
      1	64157
      1	64254
      3	64257
      1	64268
      2	64269
      1	64334
      1	64411
      2	64599
      1	64637
      1	64776
      1	64995
      1	65198
      2	65258
      1	65296
      1	65334
      2	65337
      5	65408
      1	65429
