     44	11
      1	29
      1	45
      1	54
      5	58
      1	64
      1	66
      6	98
      2	128
      1	157
      1	163
      1	173
      1	200
      1	225
      1	240
      1	248
      1	250
      1	305
      1	318
      1	323
      3	332
      2	361
      1	365
      1	391
      1	412
      1	416
      1	429
      1	434
      1	439
      1	475
      1	478
      3	481
      2	494
      3	532
      1	547
      1	601
      1	607
      3	623
      1	633
      1	646
      1	648
      1	649
      1	680
      1	687
      4	690
      1	696
      1	707
      1	715
      1	735
      1	758
      3	806
      1	833
      1	845
      1	846
      1	865
      3	880
      1	902
      1	904
      1	938
      8	959
      1	977
      1	982
      1	1051
      2	1069
      1	1072
      1	1073
      4	1089
      1	1091
      1	1092
      2	1134
      2	1140
      1	1142
      1	1143
      1	1170
      4	1172
      3	1180
      1	1183
      1	1184
      1	1219
      2	1236
      1	1253
      2	1290
      1	1315
      2	1422
      1	1441
      1	1455
      1	1468
      1	1489
      1	1547
      5	1557
      4	1574
      1	1578
      2	1584
      1	1588
      1	1593
      1	1628
      1	1639
      1	1640
      1	1642
      1	1689
      1	1728
      1	1740
      1	1742
      1	1745
      1	1754
      1	1771
      1	1798
      5	1805
      3	1818
      1	1825
      3	1833
      1	1834
      1	1841
      1	1848
      3	1873
      1	1896
      1	1914
      1	1919
      1	1951
      1	1998
      1	2002
      1	2036
      7	2041
      1	2048
      1	2055
      1	2060
      1	2072
      1	2079
      1	2100
      2	2125
      1	2131
      1	2139
      1	2151
      1	2172
      1	2178
      2	2219
      1	2238
      4	2260
     50	2271
      1	2274
      1	2280
      1	2324
      1	2396
      5	2417
      1	2426
      2	2458
      1	2469
      2	2473
      1	2490
      1	2494
      1	2525
      1	2532
      1	2565
      1	2592
      1	2600
      1	2603
      1	2625
      4	2635
      1	2643
      1	2646
      1	2648
      1	2685
      1	2687
      1	2697
      1	2703
      1	2719
      2	2726
      1	2741
      1	2745
      1	2776
      1	2804
      2	2823
      1	2827
      1	2839
      2	2873
      1	2879
      1	2912
      1	2919
      1	2934
      2	2985
      2	3000
      1	3010
      6	3014
      2	3030
      1	3044
      2	3061
      2	3096
      6	3106
      1	3114
      1	3119
      7	3123
      1	3142
      1	3147
      7	3164
      1	3242
      1	3244
      3	3252
      2	3257
      1	3303
      1	3309
      1	3322
      2	3329
      3	3332
      1	3364
      1	3367
      3	3378
      2	3391
      1	3400
      2	3402
      1	3407
      1	3448
      1	3458
      2	3491
      2	3492
      1	3499
      1	3503
      1	3524
      1	3528
      1	3530
      1	3532
      1	3574
      2	3607
      1	3639
      3	3645
      1	3677
      2	3694
      2	3706
      1	3737
      4	3764
      1	3792
      1	3838
      2	3839
      1	3841
      1	3868
      1	3878
      1	3965
      1	4015
      1	4030
      2	4032
      1	4036
      1	4064
      2	4071
      1	4088
      1	4113
      2	4128
      1	4129
      1	4152
      4	4158
      1	4198
      3	4229
      1	4235
      1	4238
      1	4250
      1	4268
      1	4281
      2	4286
      1	4292
      1	4329
      1	4341
      1	4358
      1	4359
      2	4391
      1	4422
      1	4433
      1	4434
      1	4436
      2	4444
      1	4445
      2	4466
      2	4489
      2	4497
      1	4520
      1	4523
      1	4528
      1	4562
      1	4604
      1	4621
      1	4668
      1	4680
      1	4698
      2	4745
      1	4798
      3	4808
      1	4815
      1	4841
      1	4845
      8	4856
      1	4865
      1	4881
      1	4933
      3	4939
      1	4980
      1	4989
      1	5006
      1	5017
      1	5042
      2	5059
      2	5066
      1	5072
      2	5109
      1	5116
      1	5126
      1	5137
      1	5161
      3	5178
      1	5189
      1	5222
      1	5225
      1	5231
      1	5253
      1	5254
     12	5259
      2	5287
      1	5312
      1	5329
      1	5330
      1	5362
      1	5408
      1	5441
      1	5462
      1	5465
      1	5486
      1	5510
      1	5521
      4	5522
      3	5595
      1	5597
      2	5627
      1	5640
      1	5645
      1	5661
      1	5664
      1	5700
      1	5719
      1	5720
      1	5741
      2	5753
      1	5756
      1	5757
      1	5767
      1	5771
      3	5787
      1	5797
      2	5818
      2	5819
     17	5837
      1	5856
      1	5861
      3	5877
      1	5892
      1	5905
      8	5921
      1	5928
      2	5933
      1	5976
      4	5977
      1	6002
      1	6025
      1	6045
      1	6086
      3	6099
      1	6100
      2	6115
      1	6149
      1	6173
      2	6184
      1	6197
      9	6226
      1	6242
      1	6247
      1	6255
      1	6291
      1	6293
      2	6303
      2	6329
      1	6338
      4	6365
      3	6377
      1	6400
      2	6412
      1	6415
      1	6443
      1	6457
      1	6462
      3	6480
      1	6486
      1	6491
      1	6523
      1	6529
      1	6537
      1	6546
      1	6563
      1	6568
      1	6583
      1	6596
      1	6663
      1	6671
      1	6684
      1	6689
      1	6696
      1	6715
      1	6729
      4	6762
      1	6782
      1	6787
      1	6796
      2	6838
      2	6903
      1	6908
      2	6946
      4	6949
      1	6964
      1	6965
      2	6967
      3	6969
      1	6978
      1	6980
      1	6988
      1	7004
      2	7029
      1	7052
      1	7054
      1	7057
      1	7058
      1	7064
      1	7067
      1	7076
      1	7079
      1	7106
      3	7120
      1	7133
      1	7149
      2	7191
      2	7199
      1	7206
      1	7276
      2	7297
      1	7302
      1	7315
      1	7317
      3	7332
      1	7340
      1	7346
      1	7356
      1	7376
      1	7409
      1	7412
      1	7414
      1	7419
      1	7440
      1	7444
      1	7448
      1	7456
      1	7464
      4	7499
      1	7548
      1	7552
      1	7554
      1	7558
      1	7560
      1	7603
      1	7612
      1	7617
      1	7646
     10	7650
      1	7705
      1	7716
      1	7758
      1	7801
      2	7811
      3	7824
      1	7842
      1	7887
      2	7892
      1	7981
      1	8005
      1	8009
      1	8057
      3	8080
      2	8089
      5	8092
      2	8153
      1	8203
      1	8223
      1	8232
      1	8237
      2	8241
      1	8252
      1	8269
      1	8273
      1	8287
      2	8290
      4	8314
      2	8315
      1	8335
      1	8337
      1	8350
      1	8398
      2	8403
      1	8408
      1	8409
      1	8433
      1	8451
      2	8459
      3	8463
      1	8467
      1	8515
      1	8557
      2	8589
      2	8617
      1	8624
      1	8631
      1	8642
      1	8666
      1	8674
      1	8695
      3	8718
      2	8731
      1	8739
      1	8756
      1	8772
      2	8782
      3	8784
      1	8790
      1	8795
      1	8803
      2	8819
      1	8821
      1	8854
      2	8876
      1	8877
      1	8892
      1	8900
      3	8934
      2	8936
      2	8970
      1	9009
      2	9029
      1	9053
      3	9084
      1	9090
      2	9115
      1	9155
      4	9206
      1	9241
      1	9251
      1	9258
      1	9269
      1	9288
      2	9304
      1	9318
      2	9351
      1	9367
      1	9370
      3	9393
      3	9413
      1	9424
      2	9462
      1	9463
      2	9484
      4	9496
      1	9506
      3	9509
      1	9516
      4	9537
      1	9567
      1	9568
      2	9594
      1	9656
      1	9686
      1	9711
      6	9752
      1	9764
      1	9772
      2	9780
      1	9788
      1	9813
      1	9831
      1	9845
      1	9868
      2	9891
      2	9938
      2	9962
      1	9969
      1	9985
      2	9993
      1	10031
      1	10051
      1	10081
      2	10082
      1	10106
      1	10108
      2	10145
      1	10216
      2	10221
      1	10244
      1	10278
      2	10281
      1	10283
      1	10286
      1	10315
      1	10348
      1	10353
      1	10373
      1	10398
      1	10412
      1	10430
      1	10446
      2	10447
      2	10453
      1	10455
      3	10456
      2	10465
      1	10477
      1	10505
      2	10528
      1	10548
      1	10568
      2	10638
      2	10643
      1	10687
      1	10693
      2	10705
      2	10756
      1	10782
      2	10810
      1	10815
      2	10819
      1	10839
      1	10843
      1	10858
      2	10872
      1	10878
      1	10893
      1	10900
      1	10916
      3	10957
      2	10961
      1	10976
     18	10995
      1	10999
      1	11004
      1	11059
      3	11069
      2	11170
      5	11181
      4	11185
      5	11213
      1	11215
      2	11231
      1	11296
      1	11321
      1	11408
      1	11440
      1	11448
      2	11477
      2	11487
      2	11488
      1	11491
      2	11501
      4	11519
      1	11524
      1	11531
      2	11548
      1	11558
      1	11564
      1	11573
      1	11575
      1	11589
      1	11616
      1	11650
      2	11658
      2	11762
      1	11776
      1	11794
      6	11829
      1	11839
      1	11857
      2	11870
      1	11871
      1	11885
      1	11892
      1	11953
      2	11964
      5	11977
      3	11985
      1	11986
      1	12009
      3	12021
      4	12028
      1	12029
      1	12059
      1	12062
      1	12067
      1	12081
      1	12093
      1	12122
      2	12124
      1	12125
      1	12139
      1	12142
     10	12218
      1	12260
      1	12277
      5	12290
      2	12301
      2	12313
      1	12323
      3	12324
      2	12330
      3	12333
      1	12359
      1	12381
      1	12419
      1	12433
      1	12455
      1	12488
      1	12506
      3	12570
      1	12591
      1	12593
      1	12632
      1	12650
      1	12671
      1	12686
      1	12691
      1	12697
      3	12707
     12	12717
      1	12722
      1	12742
      1	12751
      1	12792
      1	12794
      1	12796
     10	12840
      1	12845
      1	12860
      1	12910
      2	12930
      1	12967
      2	13007
      1	13013
      3	13014
      1	13049
      1	13084
      1	13085
      1	13087
      2	13107
      1	13132
      1	13141
      1	13152
      1	13168
      2	13185
      1	13209
      3	13210
      1	13213
      1	13236
      2	13267
      2	13271
      1	13292
     13	13297
      2	13322
      1	13333
      1	13344
      2	13364
      1	13371
      2	13409
      1	13421
      1	13431
      1	13437
      2	13438
      1	13439
      1	13446
      1	13449
      2	13483
      1	13487
      1	13525
      1	13545
      1	13555
      2	13586
      1	13589
      1	13590
      1	13601
      2	13633
      1	13641
      2	13662
      1	13678
      1	13682
      1	13688
      1	13694
      1	13702
      6	13713
      2	13715
      1	13721
      1	13745
      1	13750
      2	13788
      2	13797
      1	13806
      1	13811
      7	13823
      2	13835
      1	13921
      5	13937
      1	13966
      1	13974
      7	13992
      3	14008
      1	14039
      2	14052
      1	14138
      1	14146
      2	14154
      1	14156
      1	14159
      2	14177
      3	14184
      1	14201
      1	14213
      1	14217
      2	14249
      1	14292
      1	14299
      1	14322
      2	14325
      1	14365
      1	14377
      1	14378
     11	14381
      1	14424
      1	14437
      1	14441
      9	14460
      5	14468
      1	14479
      2	14513
      4	14519
      1	14534
      3	14540
      2	14565
      1	14577
      1	14580
      1	14599
      1	14655
      1	14681
      3	14688
      3	14692
     10	14708
      3	14726
      1	14748
      1	14778
      3	14786
      3	14790
      2	14798
      1	14866
      1	14872
      1	14897
      1	14914
      2	14929
      1	14930
      2	14941
      3	14993
      1	15034
      1	15073
      1	15086
      2	15098
      1	15148
      1	15180
      1	15202
      2	15204
      1	15212
      1	15235
      1	15236
      1	15249
      2	15252
      1	15266
      1	15330
      1	15343
      2	15355
      1	15359
      1	15371
     13	15395
      1	15408
      1	15430
      4	15451
      1	15472
      1	15509
      5	15530
      2	15535
      3	15585
      1	15599
      1	15630
      1	15633
      1	15638
      1	15641
      1	15653
      1	15674
      3	15684
      1	15757
      1	15769
      3	15770
      1	15776
      1	15784
      1	15847
      1	15881
      1	15889
      4	15896
      1	15915
      1	15940
      1	15947
      2	15964
      2	15972
      1	15984
      1	15985
      2	15989
      1	16000
      2	16002
      1	16010
      1	16015
      1	16018
      1	16020
      1	16047
      1	16048
      1	16049
      3	16060
      2	16089
      1	16099
      1	16101
     15	16129
      3	16132
      3	16136
      1	16141
      1	16193
      1	16212
      4	16219
      1	16238
      2	16252
      1	16276
      4	16314
      4	16345
      1	16346
      1	16414
      5	16465
      1	16468
      1	16479
      2	16486
      1	16490
      1	16491
      2	16503
      1	16516
      2	16526
      1	16530
      5	16553
      1	16585
      1	16597
      1	16638
      1	16671
      1	16684
      1	16693
      3	16695
      1	16703
      2	16746
      1	16762
      7	16778
      1	16787
      1	16793
      2	16796
      1	16802
      3	16827
      2	16851
      1	16862
      1	16875
      1	16887
      1	16890
      1	16895
      2	16920
      1	16942
      1	16982
      1	16987
      1	17027
      1	17039
      2	17055
      1	17071
      1	17087
      1	17088
      6	17090
      1	17093
      1	17107
      1	17114
      1	17126
      1	17156
      2	17162
      4	17168
      1	17181
      1	17183
      2	17185
      1	17192
      1	17209
      1	17216
      3	17220
      1	17337
      1	17345
      1	17396
      1	17414
      1	17430
      2	17459
      2	17513
      1	17519
      1	17524
      2	17542
      1	17565
      1	17567
      2	17582
      1	17616
      3	17624
      2	17665
      1	17695
      1	17705
      1	17708
     10	17736
      1	17739
      2	17744
      2	17757
      2	17810
      2	17840
      3	17873
      3	17879
      1	17964
      1	17976
      1	17979
      1	17982
      1	18011
      5	18037
      1	18043
      2	18052
      2	18055
      1	18075
      3	18076
      1	18093
      1	18119
      1	18134
      1	18143
      1	18176
      1	18178
      3	18192
      2	18212
      1	18253
      1	18257
      3	18281
      2	18297
      4	18322
      3	18329
      1	18337
      1	18338
      1	18356
      1	18401
      1	18402
      1	18406
      1	18420
      9	18435
      1	18441
      2	18466
      1	18469
      1	18496
      1	18498
      3	18529
      1	18553
      1	18590
      1	18612
      1	18616
      3	18617
      1	18624
      2	18628
      1	18632
      1	18636
      1	18641
      3	18687
      2	18699
      1	18709
      1	18720
      2	18776
      1	18864
      1	18878
      3	18880
      3	18888
      1	18928
      1	18971
      2	18977
      3	18980
      1	18992
      1	19022
      1	19049
      2	19073
      1	19104
      1	19143
      1	19148
      1	19163
      2	19237
      2	19241
      1	19260
      1	19276
      1	19282
      2	19325
      2	19326
      2	19343
      1	19353
      1	19367
      1	19385
      2	19394
      1	19395
      1	19412
      3	19417
      1	19420
      1	19422
      1	19423
      1	19425
      1	19459
      1	19503
      1	19536
      1	19544
      1	19563
      2	19578
      1	19586
      1	19615
      1	19620
      3	19622
      1	19623
      2	19624
      3	19635
      1	19683
      3	19713
      1	19718
      1	19743
      1	19749
      1	19757
      2	19782
      1	19783
      2	19797
      2	19810
      1	19811
      3	19831
      1	19839
      3	19851
      1	19859
     12	19865
      1	19875
      1	19881
      1	19942
      2	19945
      1	19950
      1	19954
      3	19960
      2	19978
      1	20000
      1	20009
      1	20033
      1	20050
      1	20071
      1	20085
      1	20117
      1	20125
      1	20144
      4	20145
      1	20176
      1	20190
      2	20207
      1	20227
      1	20238
      2	20246
      1	20261
      4	20270
      1	20281
      2	20300
      1	20302
      1	20304
      2	20341
      3	20356
      2	20376
      1	20405
      1	20454
      3	20469
      5	20493
      1	20502
      1	20516
      1	20546
      1	20554
      1	20584
      1	20644
      2	20650
      1	20658
      1	20661
      1	20667
      1	20738
      1	20744
      1	20750
      2	20786
      1	20787
      1	20810
      1	20811
      1	20814
      1	20818
      2	20829
      2	20838
      1	20870
      3	20884
      1	20915
      1	20918
      2	20925
      5	20928
      1	20939
      2	20976
      1	21001
      4	21010
      1	21012
      1	21032
      1	21046
      4	21083
      1	21110
      1	21113
      1	21117
      2	21158
      1	21173
      1	21184
      2	21253
      2	21284
      1	21289
      2	21315
      3	21336
      1	21350
      1	21354
      1	21370
      2	21378
      1	21389
      1	21393
      1	21410
      2	21419
      1	21420
      1	21444
      1	21495
      1	21517
      1	21518
      1	21523
      1	21538
      6	21553
      1	21569
      1	21570
      1	21583
      5	21588
      1	21589
      2	21612
      1	21619
      3	21639
      3	21651
      1	21663
      3	21664
      1	21710
      2	21749
      2	21789
      1	21792
      2	21802
      2	21808
      1	21832
      1	21866
      1	21871
      1	21882
      1	21901
      1	21915
      3	21942
      3	21943
      1	21944
      3	21958
      1	21962
      2	21982
      1	22045
      1	22047
      1	22062
      1	22070
      1	22073
      1	22077
     13	22102
      2	22107
      1	22118
      1	22125
      1	22127
      2	22161
      1	22180
      1	22185
      1	22200
      1	22220
      1	22229
      1	22230
      1	22235
      4	22275
      1	22292
      1	22300
      1	22334
      2	22357
      2	22367
      2	22370
      2	22381
      1	22394
      1	22411
      2	22472
      1	22486
      1	22495
      2	22530
      1	22546
      1	22577
      1	22619
      1	22626
      2	22640
      1	22644
      1	22672
      1	22782
      1	22803
      1	22832
      1	22839
      4	22888
      1	22889
      3	22893
      1	22910
      2	22915
      1	22944
      1	23007
      1	23008
      1	23013
      1	23030
      1	23043
      1	23074
      1	23078
      1	23086
      2	23105
      2	23118
      1	23120
      1	23140
      1	23147
      1	23158
      2	23176
      1	23199
      1	23204
      1	23218
      1	23223
      1	23235
      1	23249
      1	23259
      1	23291
      2	23318
      2	23364
      1	23385
      2	23396
      1	23399
      1	23412
      1	23435
      8	23495
      2	23548
      2	23581
      1	23585
      1	23611
      5	23618
      3	23623
      3	23640
      2	23648
      4	23649
      9	23650
      1	23679
      2	23730
      2	23758
      1	23797
      3	23815
      1	23816
      1	23822
      4	23895
      2	23934
      1	23938
      2	23960
      1	23990
      2	24002
      2	24011
      2	24034
      3	24037
      1	24038
      1	24049
      2	24062
      1	24063
      1	24121
      4	24130
      3	24149
      1	24151
      1	24160
      1	24162
      2	24176
      1	24182
      1	24200
      2	24222
      2	24231
      1	24251
      2	24255
      1	24288
      1	24301
      5	24318
      1	24331
      3	24340
      1	24342
      1	24347
      1	24365
      1	24380
      3	24384
      1	24386
      2	24394
      1	24467
      1	24469
      1	24478
      1	24511
      1	24523
      1	24529
      2	24532
      1	24537
      3	24576
      1	24584
      6	24589
      2	24608
      2	24625
      2	24660
      1	24668
      1	24705
      1	24713
      4	24730
      1	24764
      1	24770
      1	24801
      1	24818
      1	24825
      1	24847
      2	24855
      1	24869
      2	24901
      3	24915
      2	24927
      1	24936
      2	24950
      1	24953
      8	24974
      1	24980
      1	24981
      1	24991
      2	25004
      1	25014
     35	25036
      1	25038
      1	25043
      1	25048
      1	25059
      1	25063
      2	25104
      2	25105
      1	25123
      4	25127
      1	25220
      1	25228
      1	25232
      1	25242
      2	25256
      2	25277
      1	25296
      1	25339
      3	25346
      1	25347
      1	25348
      1	25376
      1	25378
      1	25410
      2	25411
      1	25428
      1	25469
      2	25472
      1	25477
      1	25512
      4	25552
      4	25566
      1	25598
      1	25615
      1	25627
      3	25630
      1	25633
      2	25649
      8	25656
      1	25658
      1	25662
      1	25663
     33	25677
      2	25682
      2	25695
      1	25709
      1	25748
      6	25753
      1	25759
      1	25774
      4	25786
      1	25819
      1	25875
      1	25878
      2	25942
      1	25949
      1	25955
     10	25958
      1	25976
      1	25985
     19	25992
      1	26060
      1	26070
      2	26081
      2	26082
      1	26111
      2	26169
      1	26187
      2	26212
      1	26215
      2	26232
      1	26274
      1	26279
      1	26296
      1	26306
      1	26313
      4	26321
      2	26324
      1	26340
      4	26356
      2	26369
      1	26391
      2	26401
      1	26418
      2	26434
      1	26443
      1	26445
      1	26463
      1	26468
      1	26492
      1	26537
      1	26550
      1	26603
      1	26623
      1	26636
      3	26648
      2	26653
      2	26726
      2	26728
      1	26731
      6	26768
      1	26770
      2	26860
      5	26865
      1	26882
      1	26888
      1	26922
      1	26929
      2	26959
      1	26993
      3	27015
      6	27036
      1	27051
      3	27052
      1	27071
      2	27075
      3	27081
      1	27085
      1	27108
      1	27129
      1	27142
      1	27148
      1	27186
      1	27265
      1	27266
      1	27294
      2	27297
      2	27300
      1	27311
      2	27339
      3	27344
      1	27414
      2	27415
      1	27429
      2	27432
      1	27439
      1	27464
      4	27469
      4	27485
      1	27525
      1	27536
      1	27548
      1	27563
      1	27604
      1	27640
      1	27694
      1	27740
      2	27750
      1	27766
      1	27800
      1	27816
      1	27819
      2	27830
      2	27844
      1	27846
      4	27864
      3	27875
      1	27876
      1	27904
      2	27931
      1	27937
      7	27943
      2	27963
     22	27975
      3	27989
      1	27992
      3	28000
      1	28013
      2	28062
      1	28071
      1	28082
      3	28106
      1	28113
      2	28116
      1	28169
      1	28180
      1	28187
      1	28197
      2	28199
      1	28218
      1	28224
      1	28278
      1	28283
      1	28305
      1	28363
      1	28366
      1	28382
      1	28383
      2	28403
      1	28427
      1	28438
      2	28466
      4	28485
      2	28489
      1	28493
      3	28503
      1	28506
      1	28560
      2	28573
      2	28574
      1	28600
      1	28648
      1	28655
      1	28661
      2	28665
      1	28666
      1	28667
      3	28685
      1	28686
      1	28716
      1	28733
      1	28746
      1	28818
      2	28824
      1	28834
      1	28842
      1	28850
      3	28869
      1	28875
      1	28882
      1	28894
      2	28914
      1	28925
      1	28953
      1	28960
      1	28981
      1	28990
      1	28996
      1	28999
      1	29055
      1	29090
      1	29095
      1	29109
      1	29137
      1	29138
      1	29172
      1	29211
      1	29226
      1	29238
      2	29245
      1	29253
      1	29258
      2	29261
      2	29263
      1	29265
      5	29270
      1	29306
      2	29309
      1	29311
      1	29326
      1	29365
      2	29368
      1	29373
      2	29399
      1	29411
      1	29457
      1	29472
      1	29481
      1	29491
      2	29511
      1	29541
      1	29564
      2	29579
      1	29612
      1	29626
      4	29632
      1	29652
      1	29667
      1	29678
      1	29714
      1	29723
      1	29754
      1	29760
      2	29765
      4	29789
      1	29798
      1	29802
      1	29815
      1	29819
      1	29826
      2	29837
      1	29855
      2	29870
      2	29879
      1	29947
      1	29989
      1	30023
      1	30032
      2	30040
      1	30056
      1	30081
      1	30083
      1	30085
      2	30096
      1	30101
      2	30103
      3	30104
     10	30123
      1	30125
      3	30134
      1	30192
      1	30202
      1	30203
      3	30226
      2	30252
      1	30295
      1	30306
      3	30318
      1	30332
      2	30335
      1	30338
      2	30354
      2	30355
      1	30364
      1	30365
      1	30374
      3	30404
      1	30420
      1	30428
      1	30432
      1	30448
     11	30462
      1	30475
      1	30491
      5	30506
      1	30522
      1	30539
      1	30540
      1	30562
      1	30596
      1	30598
      1	30694
      1	30780
      1	30817
      2	30829
      1	30843
      1	30857
      2	30900
      2	30902
      1	30909
      7	30913
      1	30950
      1	31004
      1	31061
      1	31083
      3	31091
      1	31145
      3	31174
      1	31185
      1	31212
      1	31213
      1	31219
      1	31251
      1	31272
      3	31276
      1	31281
      1	31300
      1	31343
      1	31356
      2	31369
      1	31378
      2	31387
      2	31455
      1	31480
      1	31510
      2	31511
      2	31519
      2	31522
      3	31530
     20	31562
      1	31571
      1	31578
      1	31606
      1	31618
      1	31649
      1	31653
      1	31664
      1	31676
      1	31691
      1	31701
      1	31743
      1	31789
      1	31798
      1	31810
      1	31876
      1	31885
      2	31915
      5	31945
      2	31960
      1	31985
      1	32009
      1	32025
      1	32028
      2	32030
      1	32032
      2	32055
      1	32069
      1	32093
      1	32103
      1	32111
      1	32128
      1	32156
      1	32200
      1	32206
      1	32207
      1	32216
      8	32224
      1	32229
      5	32272
      5	32278
      1	32288
      2	32304
      2	32308
      1	32331
      1	32342
      7	32345
      1	32350
      1	32357
      2	32379
      3	32389
      2	32392
      1	32422
      1	32424
      1	32426
      2	32441
      1	32452
      1	32454
      2	32484
      1	32487
      1	32494
      1	32501
      2	32509
      1	32523
      1	32545
      3	32580
      1	32585
      3	32587
      1	32593
      1	32657
      2	32673
      1	32674
      2	32684
      2	32691
      3	32717
      1	32743
      1	32747
      1	32769
      1	32811
      1	32814
      1	32822
      1	32830
      1	32915
      1	32918
      1	32923
      2	32928
      1	32944
      1	32991
      1	32993
      2	32996
      1	33013
      3	33017
      1	33038
      1	33048
      1	33052
      3	33055
      3	33064
      1	33069
      2	33079
      1	33080
      2	33082
      3	33100
      1	33126
      1	33129
      1	33134
      2	33201
      2	33203
      2	33221
      1	33224
      2	33245
      2	33249
      1	33270
      1	33300
      1	33329
      1	33331
      1	33332
      1	33397
      2	33449
     12	33458
      2	33491
      2	33497
      2	33510
      1	33529
      3	33562
      1	33586
      1	33593
      1	33595
      1	33607
      4	33694
      1	33719
      1	33736
      2	33758
      2	33827
      3	33844
      2	33859
      3	33874
      2	33876
      1	33888
      2	33897
      1	33929
      1	33932
      1	33941
      1	33942
      1	33948
      1	33959
      2	33965
      1	33986
      1	33990
      2	33992
      1	34001
      2	34010
      1	34013
      1	34032
      1	34040
      1	34042
      2	34043
      1	34055
      2	34066
      1	34098
      1	34104
      1	34129
      1	34133
      1	34150
      1	34166
      1	34169
      1	34212
      2	34254
      1	34264
      1	34265
      1	34284
      1	34304
      1	34323
      2	34335
      2	34348
      1	34377
      6	34395
      1	34428
      2	34432
      1	34439
      1	34479
      1	34489
      1	34550
      1	34552
      1	34574
      1	34589
      1	34592
      1	34599
      1	34606
      1	34678
      1	34730
      1	34757
      1	34787
      1	34819
      1	34912
      2	34925
      1	34941
      2	34943
      2	34961
      2	34975
      1	34984
      2	34990
      1	34994
      1	35001
      1	35003
      1	35051
      1	35056
      2	35074
      2	35086
      2	35092
      1	35102
      1	35157
      2	35171
      1	35172
      3	35198
      1	35206
      2	35212
      2	35238
      3	35257
      1	35266
      1	35276
      1	35292
      1	35300
      1	35306
      1	35310
      1	35317
      1	35336
      1	35352
      1	35364
      6	35376
      2	35405
      2	35415
      1	35422
      1	35432
      2	35441
      1	35443
      3	35451
      1	35471
     17	35478
      1	35484
      1	35492
      1	35496
      3	35509
      3	35527
      2	35586
      1	35616
      1	35617
      2	35650
     14	35669
      1	35670
      3	35695
      4	35754
      1	35810
      2	35815
      1	35819
      1	35820
      1	35874
      1	35904
      1	35929
      1	35953
      1	35981
      2	35996
      2	36005
      1	36032
      2	36033
      3	36052
      2	36061
      1	36063
      2	36084
      1	36096
      1	36115
      1	36123
      1	36138
      1	36149
      1	36153
      1	36186
      3	36193
      1	36200
      2	36213
      3	36222
      2	36230
      1	36231
      1	36247
      1	36257
      2	36265
      2	36271
      1	36274
      2	36300
      1	36304
      1	36324
      2	36329
      2	36366
      1	36370
      1	36388
      1	36400
      1	36428
      1	36434
      1	36484
      1	36532
      2	36538
      1	36543
      4	36587
      1	36589
      1	36651
      1	36659
      2	36688
      1	36703
      1	36726
      1	36749
      1	36754
      2	36757
      1	36758
      1	36770
      2	36778
      1	36785
      1	36810
      1	36851
     12	36860
      1	36875
      1	36893
      1	36995
      1	36996
      1	37000
      2	37032
      1	37053
      2	37061
      1	37103
      1	37116
      1	37126
      1	37140
      1	37157
      1	37205
      1	37213
      1	37243
      3	37291
      2	37307
      1	37331
      2	37341
      2	37348
      1	37378
      1	37386
      1	37387
      2	37389
      1	37423
      2	37433
      5	37478
      1	37481
      1	37492
      2	37601
      2	37610
      2	37640
      1	37665
      1	37681
      1	37682
      4	37683
      2	37688
      1	37717
      1	37722
      1	37731
      2	37760
      1	37796
      2	37805
      3	37817
      1	37819
      1	37900
      2	37901
      1	37920
      1	37943
      3	37946
      1	37963
      1	37965
      1	37983
      1	38047
      1	38050
      1	38054
      1	38056
      1	38071
      1	38100
      1	38116
      1	38121
      1	38127
      1	38134
      1	38135
      1	38141
      2	38142
      1	38152
      1	38216
      1	38224
      3	38272
      1	38297
      1	38316
      1	38322
      6	38340
      1	38356
      2	38412
      1	38415
      2	38423
      2	38475
      1	38486
      1	38492
      1	38495
      1	38519
      1	38520
      1	38544
      2	38545
      1	38569
      1	38596
      2	38624
      1	38627
      1	38642
      1	38647
      1	38664
      6	38674
      2	38716
      1	38722
      1	38724
      1	38731
      1	38745
      1	38751
      1	38785
      3	38801
      1	38822
      1	38831
      1	38856
      3	38859
      3	38890
      2	38897
      3	38925
      2	38932
      1	38943
      3	38952
      1	38968
      1	38969
      1	39003
      2	39015
      1	39024
      1	39034
      1	39043
      1	39052
      1	39064
      3	39109
      1	39119
      2	39123
      2	39145
      3	39167
      1	39171
      1	39175
      1	39176
      2	39190
      1	39196
      2	39200
      1	39202
      1	39219
      1	39227
      1	39234
      3	39268
      2	39275
      1	39283
      1	39287
      1	39316
      1	39328
      1	39335
      1	39338
      1	39360
      1	39364
      1	39406
      1	39434
      1	39452
      3	39483
      3	39494
      2	39520
      1	39616
      2	39626
      1	39641
      1	39648
     12	39672
      1	39680
      1	39690
      2	39727
      1	39730
      1	39736
      1	39740
      4	39747
      1	39775
      1	39819
      1	39842
      1	39857
      2	39862
      2	39863
      1	39871
      1	39877
      1	39886
      2	39903
      1	39919
      3	39920
      1	39928
      3	39952
      1	40013
      1	40031
      2	40038
      1	40047
      1	40080
      1	40104
      1	40120
      1	40133
      2	40142
      1	40159
      1	40179
      3	40202
      1	40223
      3	40235
      1	40236
      1	40252
      2	40262
      1	40286
      1	40301
      2	40313
      1	40314
      2	40325
      1	40350
      1	40374
      1	40393
      2	40429
      1	40481
      1	40527
      3	40537
      2	40542
      1	40543
      1	40544
      1	40552
      1	40556
      1	40572
      1	40580
      2	40587
      1	40603
      1	40611
      3	40637
      1	40641
      2	40721
      2	40732
      1	40757
      3	40762
      2	40774
      1	40792
      1	40804
      1	40810
      1	40822
      2	40833
      1	40843
      2	40845
      1	40861
      1	40874
      1	40891
      1	40902
      3	40932
      1	40955
      1	40970
      1	40994
      4	41014
      2	41030
      1	41035
      1	41043
      2	41068
      1	41095
      1	41096
      1	41111
      1	41121
      3	41133
      1	41134
      1	41139
      1	41145
      3	41185
      1	41190
      1	41211
      3	41245
      1	41254
      1	41262
      1	41272
      2	41273
      1	41288
      1	41298
      1	41311
      2	41350
      2	41355
      2	41363
      1	41372
      1	41377
      5	41400
      1	41423
      1	41448
      1	41473
      2	41478
      1	41493
      1	41499
      2	41546
      1	41556
      4	41621
      1	41623
      1	41664
      1	41668
      4	41718
      3	41724
      2	41733
      2	41751
      1	41756
      1	41759
      1	41774
      1	41782
      1	41833
      1	41835
      2	41853
      1	41865
      1	41884
      2	41901
      1	41913
      1	41923
      2	41958
      1	41964
      1	41974
      2	41997
      1	41998
      2	42002
      1	42014
      2	42027
      1	42031
      1	42041
      2	42043
      2	42061
      1	42063
      2	42086
      2	42098
      6	42099
      1	42123
      1	42130
      1	42178
      1	42267
      5	42268
      1	42282
      1	42364
      2	42407
      1	42408
      1	42414
      2	42422
      2	42428
      1	42436
      2	42454
      1	42479
      1	42512
      1	42525
      4	42529
      1	42547
      1	42555
      3	42556
      1	42575
      2	42582
      3	42603
      1	42605
      1	42622
      1	42630
      2	42661
      1	42695
      1	42696
      3	42738
      1	42745
      3	42757
      1	42763
      3	42777
      1	42811
      1	42836
      1	42845
      1	42876
      2	42955
      2	42966
      2	42979
      1	43010
      3	43030
      1	43033
      2	43058
      1	43062
      4	43066
      2	43087
      1	43109
      1	43146
     10	43168
      1	43218
      1	43231
      1	43234
      2	43245
      2	43252
      1	43278
      1	43280
      1	43286
      2	43288
      1	43294
      1	43300
      1	43318
      2	43332
      2	43374
      1	43400
      1	43439
      1	43445
      1	43456
      1	43538
      1	43541
      1	43545
      1	43598
      2	43606
      1	43615
      2	43624
      1	43627
      1	43632
      1	43643
      1	43674
      1	43680
      2	43703
      1	43711
      1	43730
      1	43731
      1	43755
      1	43764
      1	43811
      1	43819
      1	43832
      1	43858
      1	43906
      3	43910
      2	43930
      1	43931
      2	43936
      3	43961
      1	43969
      1	43972
      1	44019
      1	44021
      1	44023
      1	44046
      1	44113
      1	44120
      1	44123
      5	44153
      1	44176
      1	44189
      7	44195
      1	44197
      1	44214
      1	44222
      5	44228
      1	44297
      2	44320
      2	44321
      2	44322
      1	44343
      6	44345
      1	44358
      4	44380
      1	44437
      1	44439
      1	44466
      2	44482
      1	44513
      2	44519
      1	44536
      2	44548
      2	44562
      1	44572
      2	44591
      1	44600
      1	44643
      1	44657
      1	44666
      1	44687
      5	44691
      1	44702
      1	44715
      1	44724
      1	44726
      9	44741
      2	44750
      1	44761
      8	44793
      1	44803
      2	44807
      1	44823
      1	44839
      2	44866
      1	44875
      3	44926
      1	44927
      3	44938
      1	44946
      1	44968
      1	45001
      1	45006
      1	45036
      5	45061
      2	45072
     10	45162
      2	45178
      1	45180
      1	45205
      1	45213
      3	45263
      1	45268
      2	45287
      2	45296
      3	45307
      1	45315
      1	45317
      1	45328
      1	45329
      1	45345
      1	45359
      1	45370
      1	45390
      1	45404
      1	45442
      2	45449
      5	45489
      1	45506
      2	45520
      1	45527
      1	45552
      1	45557
      1	45571
      2	45573
      1	45584
      1	45599
      1	45635
      2	45645
      1	45656
      1	45665
      1	45673
      1	45734
      1	45753
      1	45757
      2	45758
      2	45767
      4	45772
      1	45783
      1	45820
      1	45826
      2	45830
      1	45835
      1	45847
      1	45853
      3	45877
      1	45912
      1	45924
      1	45930
      6	45943
      1	45951
      1	45962
      8	45969
      1	45981
      1	45987
      4	45998
      4	46025
      1	46045
      2	46047
      2	46070
      1	46092
      2	46102
      4	46132
      3	46174
      2	46213
      1	46232
      2	46248
      2	46249
      1	46260
      1	46356
      1	46368
      1	46421
      1	46435
      2	46467
      4	46480
      3	46482
      1	46497
      2	46499
      3	46523
      1	46546
      3	46567
      1	46595
      4	46600
      1	46603
      1	46607
      1	46625
      2	46648
      1	46676
      1	46688
      2	46695
      1	46757
      3	46822
      1	46828
      1	46848
      1	46849
      1	46857
      1	46901
      2	46911
      1	46912
      1	46921
      1	46984
      2	46999
      1	47027
      2	47045
      2	47053
      1	47072
      9	47102
      2	47124
      1	47127
      1	47159
      2	47168
      1	47184
      3	47224
      1	47231
      1	47239
      1	47277
      1	47286
      2	47321
      1	47322
      1	47359
      1	47396
      1	47410
      1	47432
      1	47461
      1	47622
      1	47635
      1	47640
      1	47644
      1	47692
      1	47693
      1	47705
      1	47707
      1	47713
      2	47752
      1	47756
      1	47774
      1	47806
      1	47809
      1	47846
      2	47897
      1	47931
      1	47932
      1	47968
      2	48004
      1	48080
      5	48081
      1	48092
      1	48104
      4	48112
      3	48114
      2	48129
      2	48131
      1	48158
      3	48228
      1	48250
      1	48251
      1	48266
      2	48292
      1	48325
      1	48326
      1	48349
      1	48370
      1	48373
      1	48408
      5	48412
      3	48422
      1	48428
      2	48462
      1	48476
      1	48478
      1	48577
      1	48579
      8	48590
      1	48600
      2	48605
      1	48628
      1	48634
      1	48653
      1	48680
      4	48684
      1	48738
      1	48773
      1	48776
      2	48783
      1	48848
      1	48862
      1	48864
      1	48889
      1	48897
      1	48943
      2	48946
      1	48993
      2	49006
      2	49013
      1	49039
      1	49050
      1	49052
      2	49082
      1	49090
      1	49094
      1	49114
      1	49123
      1	49133
      1	49134
      1	49151
      1	49175
      1	49197
      1	49208
      1	49247
      1	49262
      4	49305
      1	49327
      2	49339
      1	49359
      1	49361
      4	49397
      1	49408
      1	49411
      2	49426
      1	49430
      3	49453
      1	49483
      1	49484
      7	49510
      1	49525
      2	49538
      4	49549
      2	49551
      1	49566
      2	49567
      1	49568
      2	49569
      2	49575
      1	49592
      1	49609
      5	49629
      1	49631
      4	49682
      1	49696
      2	49753
      1	49757
      1	49770
      1	49819
      1	49825
      1	49837
      3	49842
      1	49852
      1	49881
      1	49885
      1	49899
      2	49905
     14	49958
      1	49962
      1	49968
      5	49991
      2	50059
      1	50072
      1	50086
      1	50139
      1	50192
      2	50208
      1	50210
      2	50211
      1	50254
      1	50267
      1	50268
      1	50269
      1	50281
      4	50302
      1	50326
      1	50351
      4	50378
      2	50395
      1	50403
      2	50427
      1	50432
      2	50439
      2	50456
      3	50468
      1	50479
      1	50506
      6	50507
      1	50578
      1	50596
      1	50629
      2	50632
      1	50660
      1	50693
      2	50717
      1	50748
      1	50757
      3	50776
      1	50780
      7	50781
      1	50787
      1	50853
      1	50880
      1	50897
      1	50907
      1	50911
      1	50957
      2	51011
      2	51039
      1	51042
      1	51047
      5	51052
      1	51099
      1	51128
      1	51156
      1	51175
      1	51223
      1	51262
      1	51263
      1	51303
      1	51306
      1	51315
      1	51321
      3	51378
      1	51394
      1	51429
      2	51507
      1	51509
      2	51519
      2	51520
      1	51530
      1	51539
      2	51561
      2	51576
      2	51578
      1	51614
      1	51615
      1	51618
      6	51621
      1	51639
      1	51646
      4	51662
      1	51671
      1	51693
      1	51716
      1	51731
      2	51741
      2	51780
      1	51787
      1	51804
      1	51809
      2	51824
      1	51826
      1	51847
      1	51874
      2	51889
      1	51913
      3	51914
      1	51915
      2	51940
      2	51959
      7	51970
      1	52000
      1	52012
      2	52013
      5	52045
      4	52069
      1	52072
      1	52119
      1	52121
      1	52129
      1	52145
      1	52154
      2	52164
      1	52166
      1	52170
      2	52182
      1	52183
      1	52232
      1	52300
      1	52304
      2	52327
      1	52330
      2	52344
      2	52346
      2	52347
      2	52371
      1	52386
      2	52389
      1	52394
      1	52395
      1	52421
      1	52444
      1	52452
      1	52482
      1	52487
      1	52490
      2	52494
      1	52496
      1	52499
      1	52543
      2	52571
      1	52572
      2	52587
      2	52633
      2	52640
      1	52650
      1	52655
      2	52683
      1	52716
      1	52767
      3	52794
      1	52864
      1	52868
      1	52892
      1	52894
      1	52912
      4	52913
      1	52948
      2	52951
      1	52958
      1	52961
      1	52966
      1	52976
      1	52996
      1	53009
      1	53010
      1	53017
      1	53076
      1	53101
      1	53103
      2	53147
      3	53151
      3	53154
      1	53223
      1	53234
      4	53238
      4	53243
      1	53257
      1	53270
      2	53271
      1	53283
      1	53284
      1	53305
      2	53375
      1	53379
      2	53386
      3	53398
      2	53418
      3	53433
      1	53439
      1	53440
      1	53441
      1	53451
      1	53454
      1	53460
      1	53488
      1	53508
      1	53521
      1	53524
      1	53553
      1	53554
      2	53557
      1	53561
      1	53624
      2	53633
      2	53659
      2	53676
      1	53685
      2	53693
      1	53733
      1	53774
      5	53778
      1	53798
      1	53799
      1	53802
      1	53811
      1	53814
      2	53815
      7	53832
      2	53882
      2	53896
      1	53902
      1	53933
      1	53945
      2	53964
      4	53971
      1	53976
      2	54043
      2	54120
      3	54124
      5	54156
      1	54179
      1	54180
      1	54212
      1	54215
      1	54234
      1	54255
      8	54263
      1	54287
      3	54289
      1	54332
      3	54339
      1	54362
      1	54400
      1	54407
      1	54422
      1	54460
      1	54507
      1	54521
      1	54537
      2	54564
      2	54565
      2	54607
     37	54636
      2	54639
      4	54649
     10	54662
      2	54666
      1	54693
      1	54698
      4	54733
      1	54743
      2	54777
      1	54784
      2	54790
      2	54844
      1	54845
      1	54857
      1	54877
      1	54887
      1	54894
      3	54926
      1	54947
      2	54968
      1	54979
      1	54982
      5	54992
      1	55043
      2	55045
      1	55054
      1	55056
      1	55064
      2	55072
      1	55082
      1	55128
      2	55142
      1	55158
      1	55165
      1	55168
      1	55193
      1	55196
      5	55217
      5	55219
      1	55229
      1	55265
      1	55276
      1	55292
      1	55302
      2	55314
      1	55379
      5	55398
      1	55409
      2	55415
      5	55429
      1	55433
      1	55452
      1	55453
      1	55475
      5	55486
      1	55544
      1	55568
      1	55578
      5	55580
      2	55609
      1	55619
      1	55622
      2	55725
      1	55726
      1	55737
      1	55767
      1	55779
      3	55796
      2	55821
      2	55840
      1	55842
      1	55843
      1	55912
      1	55914
      2	55918
      1	55944
     11	55964
      1	55973
      2	55980
      1	55988
      2	55998
      1	56010
      2	56018
      2	56027
      2	56035
      1	56039
      1	56044
      2	56052
      1	56059
      1	56065
      1	56075
      1	56108
      4	56113
      4	56139
      1	56185
      1	56189
      1	56202
      1	56203
      1	56227
      1	56229
      1	56245
      1	56250
      2	56254
      1	56274
      2	56302
      1	56310
      1	56334
      1	56347
      2	56353
      1	56368
      5	56386
      1	56392
      1	56396
      2	56410
      2	56427
      4	56489
      2	56502
      1	56536
      1	56556
      1	56596
      2	56604
      1	56614
      1	56632
      2	56642
      1	56663
      1	56670
      2	56689
      1	56693
      1	56698
      2	56705
      2	56772
      1	56777
      3	56807
      1	56812
      2	56823
      2	56833
      1	56837
      1	56844
      1	56850
      1	56868
      1	56907
      1	56932
      2	56941
      1	56947
      2	56953
      1	56954
      3	56964
      1	56973
      1	57023
      1	57035
      1	57048
      1	57062
      1	57123
      2	57165
      1	57203
      1	57207
      1	57211
      1	57223
      1	57279
      1	57364
      2	57376
      2	57386
      1	57387
      1	57401
      2	57409
      1	57428
      2	57432
     10	57444
      1	57459
      1	57481
      1	57487
      1	57522
      1	57552
      1	57554
      2	57558
      1	57559
      1	57574
      1	57579
      3	57582
      2	57612
      2	57622
      1	57624
      3	57629
      1	57657
      1	57708
      1	57711
      1	57730
      1	57737
      1	57746
      1	57758
      1	57762
      1	57763
      1	57766
      2	57780
      1	57829
      2	57835
      1	57870
      1	57871
      2	57875
      1	57892
      1	57916
      6	57923
      1	57977
      1	57978
      1	57994
      1	58011
      1	58033
      2	58037
      4	58041
      5	58094
      1	58102
      3	58126
      8	58128
      1	58155
      1	58173
      1	58196
      1	58206
      1	58238
      1	58239
      1	58263
      2	58296
      1	58299
      1	58339
      1	58363
      5	58366
      2	58376
      2	58383
      4	58413
      1	58431
      1	58447
      1	58450
      2	58464
      1	58470
      2	58475
      1	58483
      2	58488
      1	58492
      2	58514
      2	58552
      3	58575
      1	58580
      1	58594
      1	58604
      1	58606
      1	58617
      1	58630
      1	58637
      1	58639
      3	58649
      1	58655
      1	58667
      1	58677
      1	58692
      1	58704
      2	58716
      1	58717
      2	58735
      1	58746
      1	58757
      3	58774
      1	58783
      1	58787
      3	58790
      2	58798
      1	58805
      2	58815
      2	58845
      1	58879
      2	58895
      2	58901
      2	58905
      1	58913
      1	58915
      1	58930
      3	58934
      5	58976
      2	58981
      2	58998
      1	59019
      5	59060
      3	59096
      1	59105
      2	59115
      1	59118
      1	59175
      1	59177
      3	59186
      2	59194
      3	59204
      2	59222
      1	59270
      1	59286
      1	59340
      2	59363
      1	59374
      1	59408
      9	59421
      6	59431
      1	59472
      1	59478
      2	59481
      1	59520
      2	59527
      2	59531
      1	59536
      1	59541
      2	59548
      2	59558
      1	59581
      1	59603
      1	59642
      1	59646
      3	59660
      1	59677
      2	59707
      3	59729
      3	59730
      2	59737
      2	59740
      1	59769
      2	59793
      3	59809
      1	59827
      1	59858
      1	59859
      1	59864
      3	59876
      2	59884
      1	59898
      1	59899
      1	59903
      2	59911
      1	59916
      1	59936
      2	59970
      1	59995
      6	60081
      1	60095
      1	60117
      2	60160
      1	60162
      4	60191
      1	60192
      1	60204
      1	60216
      1	60242
      5	60260
      1	60268
      1	60292
      3	60364
      2	60370
      1	60432
      3	60434
      1	60441
      1	60443
      5	60449
      1	60457
      3	60486
      1	60489
      1	60533
      1	60558
      1	60569
      1	60589
     34	60631
      1	60656
      1	60658
      2	60688
      1	60716
      1	60719
      1	60731
      1	60732
      1	60733
      1	60738
      1	60743
      1	60744
      1	60753
      3	60771
      1	60772
      2	60782
      2	60784
      2	60803
      3	60814
      1	60817
      1	60822
      1	60853
      1	60862
      4	60874
      1	60884
      1	60932
      1	60935
      2	60952
      2	60969
      2	60984
      1	61005
      1	61012
      1	61019
      2	61021
      2	61029
      1	61030
      1	61043
      2	61056
      8	61089
      1	61100
      3	61101
      1	61122
      1	61129
     16	61147
     26	61171
      1	61207
      1	61232
      1	61233
      3	61234
      2	61235
      1	61244
      1	61251
     11	61261
      2	61277
      1	61291
      3	61330
      1	61336
     13	61340
      1	61346
      1	61377
      1	61383
      1	61395
      1	61409
      1	61426
      2	61443
      1	61497
      1	61518
      1	61520
      3	61524
      1	61553
      1	61568
      1	61581
      2	61584
      1	61603
      1	61615
      1	61628
      3	61638
      2	61662
      1	61664
      1	61665
      1	61683
      1	61714
      1	61736
      2	61758
      1	61764
      1	61774
      2	61787
      1	61792
      3	61818
      3	61841
      3	61851
      2	61856
      2	61910
      2	61924
      1	61940
      1	61948
      1	61961
     12	61972
      1	61997
      1	62016
      1	62081
      1	62108
      1	62134
      1	62154
      1	62158
      2	62181
      3	62189
      1	62194
      4	62218
      1	62238
      1	62261
      1	62270
      1	62296
      2	62303
      1	62328
      1	62336
      1	62366
      1	62382
      1	62412
      2	62428
      2	62443
      1	62444
      2	62457
      1	62463
      3	62467
      2	62489
      1	62518
      1	62555
     14	62558
      1	62568
      1	62574
      1	62608
      1	62617
      1	62622
      1	62623
      1	62624
      1	62628
      2	62659
      1	62661
      1	62669
      1	62675
      1	62680
      1	62703
      1	62711
      1	62745
      2	62754
      8	62763
      1	62784
      6	62787
      1	62788
      1	62796
      1	62805
      1	62849
      4	62853
      1	62865
      1	62897
      1	62909
      1	62911
      3	62937
      2	62964
      1	63013
      1	63032
      2	63145
      1	63150
      2	63173
      1	63197
      1	63204
      2	63249
      1	63255
      2	63266
      5	63267
      1	63274
      1	63276
      1	63303
      3	63315
      1	63330
      1	63348
      1	63382
      1	63384
      2	63409
      1	63446
      1	63449
      2	63463
      1	63464
      1	63471
      2	63473
      1	63476
      1	63489
      2	63492
      1	63585
      1	63603
      1	63608
      1	63620
      2	63629
      1	63630
      1	63639
      1	63642
      1	63689
      1	63753
      1	63756
      2	63771
      3	63778
      1	63807
      1	63818
      3	63849
      1	63854
      1	63907
      2	63914
      4	63920
      1	63945
      1	63947
      1	63962
      2	63999
      1	64003
      2	64018
      1	64024
      2	64037
      4	64145
     16	64170
      2	64174
      3	64210
      1	64224
      2	64225
      1	64281
      1	64291
      1	64305
      2	64314
      1	64347
      2	64364
      7	64403
      2	64441
      2	64443
      1	64464
      1	64465
      1	64485
      5	64515
      1	64533
      1	64539
      1	64585
      1	64646
      1	64655
      2	64662
      3	64682
      2	64702
      1	64757
      1	64760
      2	64816
      1	64821
      1	64840
      1	64855
      1	64857
      1	64896
      1	64918
      2	64920
      1	64969
      1	64975
      1	64986
      5	64988
      1	64990
      1	64991
      6	65002
      1	65010
      2	65032
      2	65067
      1	65081
      1	65083
      2	65093
      1	65099
      1	65150
      1	65160
      1	65167
      1	65179
      1	65206
      2	65210
      1	65229
      1	65230
      2	65235
      1	65236
      1	65238
      2	65256
      1	65324
      1	65328
      1	65359
      1	65361
      1	65381
      1	65407
      1	65412
      1	65413
      1	65433
      2	65469
      1	65489
      1	65492
