      2	11
      1	18
      1	24
      1	48
      1	56
      1	67
      1	71
      3	91
      1	197
      1	222
      1	324
      1	331
      1	462
      1	476
      1	528
      5	538
      1	598
      1	664
      1	690
     15	740
      1	754
      2	779
      2	813
      1	819
      1	832
      2	920
      2	959
      5	994
      6	1079
      1	1085
      4	1099
      1	1121
      1	1144
      3	1158
      1	1198
      3	1219
      8	1229
      1	1234
      4	1288
      3	1391
      1	1488
      2	1544
      1	1552
      1	1612
      1	1857
      1	1872
      1	1886
      5	1911
      1	1927
      1	2010
      1	2041
      2	2157
      1	2238
      1	2249
      1	2270
      1	2274
      1	2414
      1	2439
      4	2484
      3	2503
      1	2634
      1	2648
      1	2700
      1	2739
      1	2743
      1	2766
      3	2926
      1	2961
      1	2981
      1	3063
      1	3072
      3	3079
      5	3124
      1	3195
      3	3336
      2	3392
      1	3425
      1	3444
      1	3486
      1	3490
      2	3538
      2	3702
      4	3765
      1	3783
      1	3819
      1	3830
      1	3864
      2	3884
      1	3919
      1	3952
     20	3988
      1	4109
      1	4195
      1	4238
      1	4245
      1	4327
      1	4368
      1	4534
      1	4581
      1	4626
      2	4631
      2	4664
      1	4675
      1	4729
      1	4732
      1	4780
      2	4785
      1	4787
      2	4926
      1	4938
      1	4956
     13	4969
      2	5011
      2	5161
      4	5166
      1	5206
      2	5250
      1	5277
      1	5396
      3	5403
      1	5423
      1	5424
      6	5467
      1	5533
      4	5726
      1	5736
      1	5768
      2	5774
      2	5809
      2	5854
      5	5888
      1	5927
      2	5963
      2	5964
      1	5976
      1	6045
      1	6054
      1	6055
      1	6100
      2	6148
      2	6229
      4	6275
      1	6293
      2	6334
      1	6358
      2	6361
      3	6387
      1	6421
      4	6425
      1	6512
      1	6578
      1	6614
      1	6635
      1	6710
      2	6745
      1	6805
      1	6831
      3	6855
      1	6946
      2	6952
      1	6968
      1	7011
      2	7083
      5	7108
      1	7109
      1	7203
      2	7217
      2	7359
      1	7403
      1	7469
      1	7667
      1	7746
      1	7749
      1	7770
      2	7817
      1	7825
      1	7869
      1	7970
      5	8054
      5	8105
      8	8281
      1	8344
      6	8365
      1	8452
      1	8462
      1	8537
      1	8628
      1	8639
      1	8642
      1	8700
      2	8728
      1	8733
      1	8748
      2	8754
      1	8760
      1	8782
      1	8934
      1	9020
      1	9208
      1	9345
      1	9377
      1	9386
      1	9391
      1	9486
      1	9491
      1	9562
      1	9587
      1	9617
      4	9667
      1	9705
      3	9754
      1	9765
      2	9888
      1	9898
      1	9921
      1	9949
      3	9984
      1	10007
      1	10009
      1	10013
      3	10026
     10	10030
      1	10097
      1	10109
      1	10170
      3	10175
      1	10191
      1	10230
      1	10291
      1	10327
      1	10401
      1	10428
      2	10431
      1	10465
      2	10749
      1	10824
      1	10905
      7	10950
      1	10978
      1	11012
      1	11244
      1	11296
      1	11411
      1	11535
      1	11557
      3	11567
      2	11572
      2	11602
      2	11618
      2	11623
      1	11736
      2	11751
      1	11772
      1	11798
      1	11810
      1	11831
      3	11850
      1	11867
      2	11876
      1	11879
      1	11964
      1	11967
      3	11969
      4	11995
      1	12037
      2	12058
      1	12158
      1	12229
      1	12238
     28	12253
      1	12278
      2	12299
      1	12316
      1	12336
      1	12344
      5	12361
      1	12396
      1	12418
      1	12583
      2	12584
      1	12613
      1	12626
      1	12659
      1	12675
      2	12689
      4	12725
      1	12804
      1	12814
      1	12893
      2	12948
      1	12989
      1	13003
      1	13025
      3	13077
      2	13288
      1	13339
      1	13364
      2	13387
      1	13399
      1	13423
      1	13434
      1	13481
      6	13485
      9	13490
      1	13522
      1	13531
      1	13593
      1	13749
      1	13805
      1	13871
      1	13950
      1	13961
      1	14070
      1	14127
      3	14128
      1	14153
      1	14169
      5	14289
      1	14354
      1	14444
      1	14595
      8	14643
      1	14863
      3	14865
      1	14906
      2	14908
      1	15084
      3	15208
      1	15234
      1	15260
      1	15261
      1	15274
      1	15303
      1	15343
      1	15355
      1	15414
      1	15476
      1	15551
      1	15600
      1	15653
      1	15673
      1	15736
      1	15847
      1	15881
      1	15892
      1	15929
     12	15939
      1	16002
      1	16017
     15	16019
      1	16071
      2	16112
      1	16130
      1	16162
      1	16230
      4	16248
      1	16254
      1	16264
      1	16311
      1	16360
      5	16383
      1	16408
      2	16414
      3	16529
      1	16604
      3	16637
      9	16649
      1	16679
      1	16810
      4	16825
      1	16831
      3	16945
      1	16976
      3	17048
      1	17093
      1	17125
      2	17213
      1	17349
      2	17368
      3	17418
      1	17557
      1	17667
      2	17833
      1	17843
      1	17896
      1	17938
      1	17968
     10	17975
     28	17989
      1	18131
      6	18212
      1	18230
      1	18257
      1	18308
      4	18312
      1	18315
      2	18453
      6	18590
      1	18636
      1	18664
      3	18670
      1	18677
      1	18686
      1	18688
     22	18735
      1	18905
      1	18951
      1	19022
      1	19024
      1	19076
      2	19138
      1	19197
      1	19289
      1	19323
      1	19355
      1	19616
      1	19678
      4	19679
      1	19710
      3	19726
     15	19744
      1	19794
      1	19856
      1	19919
      3	19974
      1	20023
      2	20031
      1	20034
      1	20205
      1	20212
      1	20222
      1	20250
      1	20323
      1	20333
      2	20344
      1	20347
      4	20471
      1	20487
      7	20750
      2	20780
      1	20818
      2	20865
      1	20994
      1	20995
      4	21034
      2	21198
      1	21207
      1	21224
      1	21253
      4	21256
      1	21297
      3	21340
      1	21399
      1	21425
      1	21552
      1	21625
      1	21647
      1	21722
      1	21850
      1	21855
      1	21885
      2	22010
      1	22078
      1	22118
      2	22207
      1	22253
      2	22315
      1	22347
      1	22400
      1	22408
      1	22447
      1	22495
      6	22547
      1	22635
      4	22643
      1	22645
      1	22686
      1	22689
      1	22708
      1	22722
      3	22751
      2	22961
      1	22975
      1	22980
      1	23029
      1	23050
      1	23084
      1	23113
      1	23123
      4	23137
      2	23138
      1	23146
      1	23176
      3	23183
      1	23217
      2	23228
      6	23288
      4	23403
      1	23479
      7	23566
      1	23577
      2	23728
      2	23736
      1	23743
      1	23857
      1	23870
      1	23881
      1	23936
      1	23982
      1	23999
      1	24038
      2	24068
      1	24117
      1	24222
      1	24321
      1	24324
      3	24333
      4	24345
      1	24492
      1	24507
      1	24566
      1	24610
      1	24635
      1	24670
      1	24672
     13	24673
      1	24687
      1	24728
      1	24817
      1	24878
      1	24893
      2	24934
      2	24953
      1	24992
      9	25054
      2	25092
      1	25101
      1	25140
      1	25145
      2	25154
      2	25175
      1	25247
      1	25253
      2	25278
     35	25358
      2	25363
      1	25387
      2	25417
      1	25488
      2	25538
      2	25553
      1	25626
      5	25730
      2	25899
      1	25900
      1	25935
      5	25959
     25	25960
      1	25961
      1	25972
      1	26002
      1	26037
      1	26097
      7	26108
      1	26111
      1	26166
      1	26179
      3	26270
      1	26360
      1	26363
      1	26420
      1	26458
      1	26468
      1	26476
      1	26482
      1	26488
      2	26647
      3	26666
      1	26827
      1	26838
      1	26849
      1	26964
      1	27016
      5	27038
      1	27173
      1	27233
      3	27286
      1	27331
      1	27467
      2	27491
      1	27501
      1	27509
      1	27529
      3	27565
      1	27619
      1	27674
      2	27726
      1	27753
      1	27773
      1	27828
      1	27867
      1	27880
      1	27893
      1	27959
      2	28007
      1	28031
      1	28203
      1	28204
      1	28270
      1	28272
      1	28300
      2	28398
      1	28487
      1	28621
      3	28679
      2	28704
      1	28782
     14	28824
      1	28883
      4	28885
      1	29025
      2	29085
      1	29105
      1	29125
      1	29171
      1	29184
      1	29191
      1	29194
      7	29224
      1	29261
      1	29283
      1	29311
      1	29456
      2	29467
      1	29469
      1	29478
      1	29516
     14	29601
      2	29612
      1	29619
      5	29730
      3	29781
      5	29807
      1	29853
      1	29875
      8	29880
      1	29945
      1	30056
      1	30066
      1	30115
      2	30151
      1	30200
      1	30204
      1	30208
      1	30209
      1	30245
      1	30287
      1	30289
      1	30312
      1	30391
      1	30395
      1	30401
      1	30462
      1	30562
      2	30707
      2	30716
      1	30781
      1	30824
      2	30827
      2	30931
      1	30939
      2	30954
      2	30957
      1	30965
      1	31039
      1	31086
      4	31088
      2	31119
      1	31153
      1	31184
      2	31207
      6	31245
      1	31290
      1	31306
      1	31308
      1	31323
      1	31331
      1	31370
      1	31416
      1	31435
      1	31437
      1	31472
      1	31473
      1	31477
      1	31536
      1	31543
      4	31564
      1	31586
      4	31613
      1	31649
      1	31741
      2	31771
      2	31815
      1	31977
      1	32137
      2	32148
      1	32177
      2	32188
      1	32193
      1	32235
      1	32249
      1	32358
      1	32441
      1	32456
      1	32508
      1	32515
      1	32640
      1	32671
      1	32696
      1	32710
      1	32776
      1	32789
      1	32863
      1	32946
      1	32973
      1	33205
      1	33226
      1	33260
      2	33272
      1	33292
      1	33327
      1	33354
      1	33367
      1	33372
      2	33388
      1	33455
      2	33484
      1	33495
      1	33502
      1	33577
      1	33603
      2	33680
      1	33682
      2	33705
      1	33787
      1	33788
      2	33845
      5	33917
      2	33958
      1	33971
      1	34189
      2	34191
      1	34281
      1	34391
      2	34392
      1	34428
      1	34479
      3	34483
      1	34496
      4	34542
      1	34567
      1	34679
      1	34721
      1	34750
      1	34773
      1	34776
      1	34795
      1	34905
      1	34917
      1	35086
      1	35122
      1	35152
      1	35300
      1	35310
      2	35397
      1	35425
      1	35430
      1	35495
      3	35545
      1	35547
      5	35647
      1	35655
      1	35722
      1	35737
      1	35744
      2	35836
      1	35982
      2	35996
      1	36031
      1	36044
      1	36096
      1	36146
      1	36161
      6	36163
      1	36240
      1	36244
      3	36438
      1	36456
      1	36518
      1	36559
      1	36621
      1	36636
      1	36656
      1	36671
      1	36737
      1	36763
      1	36851
      3	36852
      1	36875
      1	36906
      1	36982
      5	36989
      7	37016
      1	37025
      1	37034
      1	37110
      1	37140
      1	37167
      1	37190
      2	37215
      1	37229
      1	37271
      1	37308
      1	37380
      2	37387
      1	37392
      1	37429
      3	37464
      2	37465
      1	37466
      2	37474
      6	37498
      7	37570
      1	37672
      1	37715
      1	37795
      1	37814
      5	37904
      1	38139
      1	38151
      3	38184
      1	38206
      1	38253
      1	38269
      2	38295
      2	38311
      1	38346
      4	38363
      2	38366
      1	38638
      3	38676
      1	38677
      2	38742
      2	38746
      1	38801
      1	38874
      2	38983
      1	38993
      2	39032
      1	39047
      1	39127
      1	39159
      1	39191
      1	39307
      2	39352
      1	39410
      2	39494
      1	39631
      1	39645
      1	39780
      1	39785
      2	39868
      1	39978
      1	40021
      1	40055
      1	40063
      1	40093
      1	40184
      1	40269
      1	40319
      1	40347
      1	40387
      1	40412
      1	40437
      1	40449
      2	40475
      2	40490
      1	40502
      1	40506
      1	40519
      3	40533
      1	40578
      1	40635
      1	40647
      5	40675
      5	40779
      1	40836
      3	40855
      4	40972
      1	41044
      1	41080
      1	41081
      1	41124
      2	41143
      5	41189
      6	41216
      3	41262
      1	41311
      2	41396
      1	41555
      1	41569
      1	41578
      2	41600
      1	41657
      2	41764
      1	41768
      7	41771
      2	41794
      1	41892
      6	41983
      6	42010
      2	42013
      3	42322
      1	42369
      1	42409
      1	42571
      3	42669
      1	42785
      1	43120
      1	43184
      1	43190
      1	43329
      6	43336
      1	43380
     11	43387
      1	43411
      1	43417
      1	43468
      1	43478
      1	43507
      1	43510
      2	43603
      2	43761
      3	43763
      1	43856
      1	43889
      1	44031
      1	44103
      4	44112
      1	44203
      1	44313
      2	44315
      1	44324
      1	44329
      1	44378
      3	44478
      1	44479
      1	44668
      1	44716
      1	44725
      1	44927
      2	44932
      2	45019
      1	45106
      2	45215
      4	45253
      1	45278
      3	45284
      2	45289
      1	45292
      1	45352
      1	45359
      1	45406
      1	45425
      1	45557
      1	45558
      1	45873
      1	45942
      1	45949
      4	46080
      1	46120
     10	46123
      3	46185
      2	46301
      2	46328
      1	46387
      2	46397
      3	46418
      1	46428
      1	46437
      1	46445
      1	46499
      1	46536
      1	46544
      2	46559
      1	46598
      1	46604
      5	46606
      1	46616
      1	46659
      5	46740
      1	46776
      1	46799
      3	46873
      2	46919
      1	46921
      1	46973
      1	47054
      1	47090
      3	47129
      3	47135
      1	47176
      1	47260
      2	47309
      1	47366
      1	47371
      1	47379
      1	47421
      1	47447
      5	47472
      1	47478
      1	47491
      1	47492
     10	47547
      1	47556
      3	47584
      1	47644
      1	47650
      4	47716
      1	47784
      1	47787
      1	47882
      1	47883
      1	47935
      1	47939
      2	47992
      5	48005
      1	48180
      2	48308
      2	48319
      1	48366
      1	48400
      3	48535
      1	48620
      1	48655
      1	48681
      2	48695
      1	48759
      3	48768
      1	48807
      1	48862
      1	48887
      1	48906
      6	48989
      2	48995
      1	49081
      2	49107
      1	49180
      1	49308
      1	49330
      1	49399
      1	49411
      1	49434
      1	49485
      2	49501
      1	49536
      2	49555
      4	49563
      1	49596
      2	49598
      2	49607
      1	49708
      1	49718
      1	49773
      2	49784
      2	49819
      1	49907
      1	49943
      1	49966
      4	50001
      1	50231
      1	50246
      1	50261
      1	50308
      1	50363
      1	50369
      5	50410
      1	50413
      1	50429
      1	50445
      2	50533
      1	50653
      1	50720
      1	50829
      1	50859
      1	50955
      1	51063
      1	51079
      1	51114
      1	51127
      1	51173
      4	51305
      2	51317
      1	51394
      1	51427
      1	51430
      1	51440
      1	51507
      1	51610
      1	51619
      1	51644
      1	51694
      3	51766
      1	51800
      1	51838
      2	51892
      1	51949
      1	51994
      2	52164
      1	52178
      1	52205
      1	52225
      1	52266
      1	52323
      1	52398
      1	52401
      1	52470
      4	52477
      1	52506
      1	52552
     15	52613
      4	52667
      2	52735
      1	52742
      1	52794
      1	52851
      1	52954
      1	53009
      9	53044
      1	53146
      1	53156
      1	53169
      3	53245
      8	53276
      1	53328
      1	53349
      3	53423
      3	53434
      1	53498
      1	53583
      5	53584
      1	53624
      1	53648
      1	53791
      1	53814
      1	53865
      1	54197
      1	54222
      1	54235
      1	54240
      2	54270
      1	54336
      1	54345
      1	54393
      1	54416
      1	54420
      3	54495
      1	54549
      1	54653
      1	54679
      1	54691
      1	54702
      1	54745
      1	54754
      3	54769
      1	54867
      6	54885
      1	54950
      1	54968
      1	55085
      1	55205
      1	55217
      2	55264
      1	55303
      1	55324
      1	55351
      1	55369
      1	55398
      2	55402
      2	55426
      1	55469
      1	55475
      4	55477
      2	55635
      1	55643
      1	55655
      1	55669
      1	55735
      1	55917
      1	55944
      4	56028
      1	56036
      2	56039
      1	56052
      1	56133
      3	56239
      5	56273
      3	56371
      1	56410
      1	56510
      2	56619
      1	56663
      3	56740
      1	56773
      1	56774
      2	56823
      1	56896
      2	56975
      1	57007
      1	57034
      1	57051
      1	57072
      2	57092
      5	57101
      1	57110
      4	57133
      2	57194
      3	57328
      1	57332
      1	57341
      1	57349
      1	57356
      1	57373
      4	57388
      1	57452
      1	57468
      1	57480
      1	57502
      1	57559
      1	57566
      2	57679
      4	57688
      1	57718
      2	57752
      1	57832
      1	57913
     15	57965
      1	57995
      1	58191
    129	58201
      4	58216
      1	58222
      1	58335
      2	58406
      1	58569
      1	58577
      1	58650
      1	58668
      5	58679
      2	58735
      2	58851
      2	58887
      1	58968
      3	59002
      1	59062
      1	59103
      1	59117
      1	59140
     10	59178
      1	59199
      1	59203
      1	59255
      1	59297
      2	59301
      1	59304
      1	59321
      2	59369
      1	59434
      1	59436
      1	59443
      1	59507
      2	59524
      1	59559
      3	59571
      1	59666
      1	59669
      1	59727
      1	59780
      1	59828
      1	59941
      1	59967
      1	60005
      1	60076
      1	60179
      1	60211
      1	60266
      1	60270
      1	60287
      1	60374
     14	60488
      7	60501
      1	60653
      2	60669
      2	60672
      1	60675
      1	60732
      1	60750
     10	60774
      4	60793
      1	60910
      1	60959
      1	60983
      2	61116
      1	61290
      2	61340
      2	61489
      1	61503
      3	61540
      1	61595
      2	61602
      2	61686
      1	61734
      6	61787
      2	61826
      1	61832
      1	61891
      2	62036
      1	62061
      1	62063
      1	62089
      1	62090
      4	62155
      1	62158
      1	62161
      3	62189
      1	62252
      1	62290
      1	62344
      2	62357
      1	62377
      1	62485
      2	62488
      1	62532
      3	62575
      1	62680
      3	62731
      1	62766
      7	62823
      1	62909
      1	62927
      1	63018
      1	63055
      2	63143
      1	63300
      1	63330
      3	63363
      1	63449
      2	63450
      2	63471
      1	63555
      5	63606
      2	63627
      1	63642
      1	63667
      1	63737
      1	63780
      1	63801
      6	63807
      1	63861
      1	63864
      1	63882
      1	63898
      1	64002
      1	64032
      1	64038
      1	64053
      1	64056
      2	64059
      2	64091
      5	64195
      1	64196
      2	64205
      1	64278
      1	64285
      1	64344
      1	64424
      1	64473
      1	64552
      1	64641
      1	64657
      1	64743
      1	64815
      1	64880
      1	65005
      1	65060
      1	65080
      1	65116
      2	65264
      1	65352
      1	65353
      1	65449
      1	65486
      1	65495
