     61	91
      1	113
      2	175
      1	194
      4	195
      1	222
      1	225
      1	244
      1	322
      1	328
      2	381
      2	419
      1	425
      1	438
      4	488
      2	515
      5	538
      3	545
      1	549
      1	608
      1	645
      1	648
      1	660
     11	680
      1	695
      2	707
      7	708
      1	725
      1	746
      1	763
      1	779
      1	782
      1	792
      2	808
      3	813
      2	814
      1	819
      2	863
      3	865
      1	867
      1	880
      1	920
      1	952
      1	967
      1	973
      1	1020
      1	1142
      2	1182
      1	1248
      1	1258
      1	1285
      1	1288
      5	1330
      1	1387
      1	1389
      3	1403
      1	1405
      6	1497
      1	1533
      2	1544
      4	1552
      2	1647
      1	1652
      2	1723
      1	1724
      2	1762
      2	1777
      1	1791
      1	1803
      2	1857
      1	1911
      1	2020
      1	2050
      3	2057
      1	2060
      1	2072
     33	2077
      1	2091
      5	2093
      1	2114
      2	2121
      1	2147
      1	2172
      1	2209
      7	2224
      2	2426
      1	2434
      1	2452
      6	2475
      1	2502
      2	2503
      1	2516
      1	2619
      3	2634
      2	2663
      1	2684
      1	2709
     11	2743
      1	2875
      1	2922
      1	2941
      1	3037
      5	3045
      4	3063
      3	3102
      7	3131
      1	3136
      1	3173
      1	3176
     14	3210
      2	3212
      1	3213
      1	3243
      1	3255
      2	3256
      1	3293
      1	3330
      1	3360
      1	3517
      1	3619
     13	3648
      1	3669
      1	3684
      1	3739
      1	3764
      1	3841
      1	3864
      2	3872
      1	3902
      5	3919
      1	3997
      1	4064
      2	4098
      1	4106
     11	4109
      1	4148
      1	4204
     10	4211
      1	4216
      4	4249
      6	4300
      1	4327
      1	4332
      4	4344
      4	4354
      1	4417
      1	4447
      1	4461
      1	4534
      1	4547
      1	4586
      1	4592
      2	4606
      2	4617
      1	4634
      1	4640
      1	4644
      1	4652
      1	4662
      1	4668
      1	4673
      1	4676
      5	4708
      1	4731
      2	4787
      1	4789
      1	4799
      1	4803
      1	4872
      1	4876
      3	4888
      2	4913
      1	4926
      5	4930
      6	4935
      3	4944
    254	4969
      1	5026
      1	5056
      4	5136
      2	5160
      7	5161
     26	5208
      3	5210
      2	5214
      2	5245
     17	5249
      2	5260
      1	5262
      2	5287
      1	5300
      1	5313
      1	5348
      4	5475
      2	5510
      1	5535
      1	5581
      2	5585
      1	5655
      2	5682
      2	5736
      1	5737
      1	5740
      1	5754
      1	5765
      1	5766
      1	5788
      1	5799
      2	5809
      3	5869
      2	5888
      3	5907
      1	5940
      2	5941
      1	5956
      1	6016
      1	6031
      3	6045
      1	6073
      1	6117
      2	6148
      1	6156
      2	6175
      1	6177
      1	6197
      1	6207
      2	6219
      2	6226
      3	6239
      1	6243
      1	6263
      1	6271
      1	6366
      1	6394
      3	6425
      1	6468
      4	6469
      2	6497
      1	6578
      1	6635
      1	6691
      2	6745
      1	6748
      1	6862
      1	6869
      3	6883
      1	6898
      1	6906
      4	6928
      4	6945
      1	6947
      1	6968
      2	6980
      4	7113
      1	7117
      2	7141
      1	7145
      2	7182
      1	7218
      4	7222
      1	7240
      2	7241
      2	7265
      1	7271
      1	7339
      1	7377
      1	7397
      3	7466
      9	7513
      1	7585
      1	7630
      1	7680
      1	7746
      1	7788
      1	7802
      1	7825
      1	7848
      1	7935
      1	7961
      2	7995
      1	8000
      5	8017
      1	8076
      2	8079
      1	8115
      1	8153
      1	8168
      1	8173
      1	8175
      1	8193
      1	8212
      1	8253
     46	8281
      1	8325
      2	8332
      1	8344
      2	8365
      1	8394
      1	8452
      1	8456
      2	8472
     13	8516
      3	8525
      4	8537
      1	8625
      8	8628
      1	8662
      2	8672
      4	8677
      1	8680
      1	8698
      1	8707
      1	8748
      1	8824
      7	8859
      1	8955
      1	8989
      1	9003
      1	9013
      1	9041
      2	9109
      1	9141
      1	9147
      1	9188
      1	9189
      1	9200
      1	9208
      1	9211
      1	9238
      1	9304
      1	9323
      3	9345
      1	9434
      1	9498
      1	9516
     15	9543
      1	9547
      1	9571
      1	9603
      1	9667
      1	9688
      1	9689
     10	9765
      1	9773
      1	9822
      1	9868
      2	9872
      3	9876
      1	9888
      4	9896
     15	9900
      1	9906
      2	9960
      1	10093
      2	10143
      5	10216
      1	10228
      2	10243
      1	10248
      1	10256
      4	10275
      1	10280
      2	10282
      4	10324
      3	10334
      1	10374
      2	10396
      1	10427
      1	10529
      1	10556
      1	10590
      3	10634
      4	10641
      1	10685
      1	10723
      9	10724
      1	10744
      2	10750
      2	10782
      1	10783
      5	10800
     19	10822
      1	10824
      1	10832
      1	10892
      1	10899
      1	10905
      1	10917
      5	10950
      3	10978
      1	10987
      1	11057
      5	11071
      1	11082
      3	11091
      4	11100
      2	11119
      1	11155
      1	11162
      1	11169
      1	11181
      1	11204
      1	11278
      1	11297
      2	11364
      1	11380
      1	11411
      1	11437
      1	11439
      2	11461
      1	11490
      1	11503
      1	11524
      1	11563
      1	11593
      1	11602
      1	11605
      2	11642
      1	11643
      1	11671
      1	11696
      1	11697
      2	11730
      1	11732
      2	11738
      1	11751
      1	11770
      1	11837
      1	11867
      1	11881
      5	11951
      1	11964
      5	11967
      2	11969
      2	11986
      1	12004
      3	12010
      1	12038
      1	12050
      2	12065
      1	12128
      1	12166
      1	12177
      2	12195
      1	12204
      7	12245
      1	12246
      1	12290
      1	12301
      1	12380
      7	12397
      1	12403
      1	12488
      6	12500
      1	12501
      3	12502
      1	12505
      1	12521
      2	12532
      1	12541
      1	12573
      6	12583
      1	12633
      1	12697
      2	12757
      1	12762
      6	12809
      3	12814
      1	12818
      3	12854
      1	12884
     12	12948
      1	12981
      2	12997
      2	13009
      2	13022
      1	13057
      1	13111
      5	13180
      1	13184
      1	13284
      4	13371
      1	13382
      1	13390
      5	13418
      1	13423
      1	13456
      2	13461
      2	13481
      1	13482
      1	13485
      4	13490
      1	13514
      1	13531
      1	13546
      1	13572
      1	13682
      1	13697
      1	13712
      2	13720
      1	13738
      1	13745
      2	13805
      2	13823
      1	13843
      1	13847
      8	13871
      1	13879
      1	13880
      2	13891
      2	13913
      1	13932
      1	14000
      2	14034
      1	14039
      1	14071
      3	14111
      1	14120
      1	14138
      9	14166
      1	14167
      1	14171
      1	14179
      3	14210
      2	14252
      1	14255
      4	14287
      1	14290
      1	14294
     20	14335
      1	14373
      1	14457
      1	14478
      1	14488
      1	14543
      1	14569
      1	14591
      2	14593
      1	14710
      1	14740
      1	14747
      1	14790
      3	14876
      1	14926
      1	14949
      4	14969
      1	14984
      2	14986
      2	15029
     33	15136
      1	15147
      3	15160
      1	15183
      3	15208
      7	15260
      2	15276
      1	15285
      1	15374
      1	15379
      1	15397
      1	15414
      2	15578
      3	15599
      2	15605
      1	15607
      1	15680
      1	15719
      1	15750
      1	15789
      3	15800
      1	15833
      2	15846
      1	15865
      1	15925
      1	15952
      1	15972
      1	15985
     13	15992
     13	15995
      1	16007
      3	16054
      1	16122
      1	16148
      1	16184
      1	16209
      2	16211
      8	16228
      1	16234
      2	16241
     10	16278
      1	16289
      1	16305
      1	16306
      1	16355
      3	16383
      1	16408
      1	16469
      2	16473
      3	16503
      1	16560
      1	16574
     14	16620
      1	16684
      1	16693
      1	16792
      1	16810
      1	16860
      3	16866
      3	16887
     10	16988
      1	16998
      3	17005
      4	17018
      2	17026
      1	17044
      4	17048
      1	17056
      3	17062
      2	17118
      1	17139
     42	17164
      1	17172
      2	17184
      1	17185
      3	17210
      2	17214
     16	17225
      5	17238
      2	17293
      1	17311
      2	17338
      1	17340
      2	17352
      1	17356
      1	17449
      1	17466
      1	17510
      1	17525
      2	17540
      5	17567
      7	17591
      1	17613
      3	17655
      1	17667
      1	17676
      1	17689
      1	17707
      2	17753
      1	17773
      1	17829
      2	17861
      2	17880
      1	17883
      1	17887
      1	17895
      3	17916
    127	17975
      4	17989
      2	18010
      1	18054
      1	18056
      1	18081
      3	18102
      1	18107
      1	18130
      1	18165
      1	18179
      1	18210
      1	18217
      2	18225
      1	18237
      4	18241
      2	18282
      1	18308
      1	18339
      1	18367
      2	18402
      1	18405
      1	18408
      1	18425
      3	18449
      1	18484
      1	18504
      2	18511
      1	18553
     63	18590
      2	18628
      1	18653
      2	18660
      2	18668
      1	18677
      1	18688
      1	18704
      4	18776
      1	18790
      1	18880
      9	18905
      1	18962
     22	18992
      1	19008
      1	19028
      1	19066
      1	19100
      5	19150
      1	19165
      1	19277
      1	19278
      2	19339
      1	19402
      1	19411
      1	19423
      1	19425
      2	19427
      3	19445
      1	19458
      1	19488
      9	19510
      1	19539
      1	19568
      3	19588
      1	19589
      1	19597
      1	19616
      1	19630
      1	19641
      1	19652
      1	19668
      8	19678
      1	19682
      3	19706
      1	19718
      2	19720
      1	19740
      1	19766
      1	19785
      1	19805
      1	19869
      3	19895
      5	19904
     16	19947
      1	19982
      1	19994
      2	20024
      1	20044
     10	20061
      3	20138
      2	20140
      1	20172
      2	20212
      4	20226
      2	20269
      1	20321
      1	20344
      2	20346
      1	20364
      1	20462
      1	20511
      1	20513
      1	20524
      1	20533
      3	20575
      3	20609
      8	20721
      1	20780
      1	20808
      1	20827
      1	20830
      1	20865
      3	20874
      1	20882
      7	20883
      1	20950
      1	20960
      1	20977
      1	20991
      1	21009
      1	21014
      2	21042
      1	21060
      1	21082
      1	21102
      1	21147
      2	21162
      3	21180
      1	21248
      1	21273
      2	21285
      1	21291
      1	21300
      1	21340
      2	21363
      1	21379
      1	21391
      1	21452
      3	21466
      1	21471
      2	21488
      1	21490
      1	21582
      1	21623
      1	21628
      1	21630
      1	21646
      6	21656
      1	21662
      5	21686
      1	21754
      1	21824
      1	21860
      1	21885
      1	21911
      1	21915
      2	21931
      2	21966
      1	21972
      2	21981
      3	21999
      4	22010
      1	22047
      1	22055
      1	22070
      1	22099
      2	22128
      1	22133
      2	22136
      2	22166
      3	22187
      2	22211
      1	22227
      2	22233
      1	22246
      1	22347
      2	22365
      1	22383
      2	22392
      2	22467
      1	22487
      1	22495
      3	22547
      1	22573
      1	22633
      1	22661
      1	22689
      1	22699
      1	22713
      4	22717
      4	22744
      2	22771
      1	22806
      1	22818
      1	22852
      1	22859
      1	22919
      1	22960
      1	22967
      2	22968
      1	22970
      2	22980
      1	23013
      1	23023
      1	23030
      3	23033
      2	23065
      4	23091
      6	23114
      1	23134
      1	23168
      5	23219
      1	23251
     16	23354
      4	23430
      2	23440
      1	23517
      1	23526
      1	23533
      1	23536
      2	23572
      7	23577
      3	23620
      1	23621
      1	23651
     10	23652
      2	23676
      1	23703
      1	23720
      1	23729
      1	23761
      2	23780
      1	23782
      1	23799
      1	23809
      1	23811
      1	23828
      1	23852
      1	23857
      4	23869
      2	23932
      2	23967
      2	23994
      1	24013
      2	24023
      1	24042
      1	24049
      1	24058
      1	24068
      3	24075
      5	24092
      1	24095
      1	24120
      1	24135
      1	24136
      1	24141
      1	24158
      1	24210
      2	24222
      1	24303
      3	24345
      2	24346
      1	24479
      1	24483
      2	24506
      1	24523
      1	24570
      1	24615
      1	24646
      1	24672
      1	24673
      1	24692
      1	24708
      2	24741
      4	24754
      1	24770
      2	24794
     31	24806
      4	24808
      1	24818
      1	24851
      1	24887
      2	24914
     11	24973
      2	24982
     37	24990
      1	25058
      1	25089
      1	25092
      1	25099
      5	25117
      1	25129
     11	25145
      1	25173
      1	25228
      2	25308
      1	25320
      1	25368
      1	25381
      1	25405
      5	25470
      7	25488
      1	25507
      1	25517
      1	25539
      2	25553
      2	25573
      1	25607
      1	25620
      1	25626
      1	25645
      1	25660
      1	25666
      1	25689
      1	25702
      1	25736
      1	25762
      2	25784
      9	25787
      1	25813
      1	25822
      6	25960
      2	25966
      1	25979
      2	25981
     12	25983
      1	25985
      2	26026
      2	26111
      1	26116
      1	26156
      2	26202
      2	26246
      1	26290
      1	26309
      1	26343
     16	26420
      3	26446
      1	26449
      1	26570
      2	26615
      1	26621
      3	26666
      1	26672
      1	26679
      2	26777
     10	26826
      1	26838
      1	26870
      2	26951
      1	27030
      5	27052
      1	27070
      2	27138
      1	27150
      1	27171
      1	27193
      2	27286
      1	27310
      1	27319
      1	27350
      1	27357
      1	27413
      1	27429
      1	27432
      1	27481
      1	27489
      2	27519
      3	27529
      1	27538
      1	27539
      1	27565
      1	27587
      1	27603
      1	27610
      1	27647
      1	27670
      1	27691
      1	27695
      1	27718
      1	27773
      2	27782
      1	27824
      1	27828
      2	27837
      2	27860
      5	27867
      1	27893
      1	27898
      1	27910
      1	27917
      2	27920
      1	27954
     19	28012
      1	28019
      2	28031
      1	28079
      1	28091
      5	28109
     12	28231
      1	28283
      4	28331
      2	28341
      3	28349
      2	28453
      3	28463
      1	28481
      2	28506
      2	28540
      1	28557
      1	28570
      2	28592
      3	28658
      1	28692
      1	28704
      1	28729
      1	28766
      1	28789
      2	28809
     13	28824
      1	28838
      1	28870
      2	28895
     18	28960
      3	29002
      1	29031
     14	29061
      3	29091
      1	29153
      1	29155
      1	29156
      2	29194
      1	29224
      9	29255
      2	29257
      1	29277
      1	29287
      2	29311
      6	29327
      1	29376
      4	29392
     44	29408
      1	29469
      1	29478
      1	29497
      1	29596
      1	29645
      3	29667
      1	29735
      1	29738
      2	29753
      1	29808
      1	29813
      6	29880
      1	29910
      4	29917
      1	29995
      2	30021
      1	30045
      4	30054
      1	30056
      1	30090
      1	30151
      1	30152
      2	30170
      1	30179
      1	30229
      2	30244
      1	30246
      1	30284
      1	30375
      1	30388
      7	30402
      2	30425
      2	30427
      1	30465
      1	30476
      9	30555
      1	30564
      8	30570
      1	30578
      7	30580
      1	30590
      4	30595
      1	30600
      3	30613
      1	30662
      1	30686
      2	30716
      2	30754
      2	30780
      1	30791
      5	30824
      1	30850
      1	30885
      1	30975
      1	31039
      2	31075
      3	31078
      1	31115
      2	31140
      1	31186
     11	31265
      1	31287
      1	31303
      1	31323
      2	31325
      1	31331
      2	31386
      1	31398
      1	31405
      1	31423
      2	31453
      1	31482
      1	31535
      1	31556
      1	31557
      1	31565
      9	31613
      1	31642
      2	31771
      1	31803
      5	31848
      1	31853
      1	31903
      4	31933
      1	31958
      1	31981
      1	32020
      1	32026
      1	32129
      4	32177
      1	32188
      1	32221
      1	32224
      1	32249
      1	32365
      1	32377
      2	32410
      1	32412
      1	32416
      2	32426
      1	32428
      2	32429
      1	32431
      1	32434
      1	32447
      1	32481
      2	32483
      1	32487
      2	32497
      1	32512
      1	32531
      1	32539
      1	32581
      3	32597
      1	32604
      1	32605
      1	32627
      4	32631
      1	32637
      1	32645
      1	32646
      2	32648
      1	32669
      1	32685
      1	32696
      1	32701
      1	32704
      1	32716
      1	32738
      1	32742
      1	32750
      1	32770
      4	32813
      1	32823
      1	32833
      4	32863
      2	32889
      1	32900
      1	32930
      1	32942
      1	32987
      2	32999
      2	33039
      2	33051
      1	33054
      2	33055
      1	33068
      1	33113
      1	33116
      2	33143
      1	33149
      1	33161
      1	33166
      1	33170
      1	33193
      1	33203
      1	33219
      1	33226
      2	33236
      1	33251
      1	33272
      1	33295
      1	33322
      2	33338
      1	33343
      2	33349
      1	33387
      1	33408
      1	33411
      1	33417
      1	33421
      1	33424
      1	33429
      1	33443
      2	33449
      1	33466
      1	33471
      3	33484
      2	33509
      1	33527
      1	33531
      1	33548
      2	33580
      2	33597
      1	33611
      2	33656
      2	33662
      1	33682
      2	33705
      1	33726
      1	33755
      1	33761
      1	33772
      1	33787
      2	33788
      1	33809
      1	33820
      1	33842
      1	33851
      1	33900
      1	33904
      1	33916
      2	33917
      1	33933
      1	33939
      9	33945
      2	33971
      1	33981
      1	33995
      1	34011
      1	34035
      1	34080
      1	34133
      1	34156
      1	34165
      1	34194
      1	34245
      1	34264
      1	34297
      1	34317
      1	34370
      1	34466
      1	34479
      1	34508
      1	34521
      1	34550
      3	34575
      2	34592
      2	34608
      1	34693
     20	34708
      4	34723
      4	34743
      2	34773
      4	34775
      1	34786
      1	34816
      1	34836
      2	34853
      1	34865
      2	34885
      1	34903
      4	34909
      1	34987
      1	34993
      1	35014
      2	35019
      1	35071
      2	35093
      1	35105
      1	35109
      1	35128
      1	35160
      1	35162
      4	35197
      2	35235
      3	35249
      1	35285
      1	35325
      1	35331
      1	35339
      4	35340
     12	35391
      1	35401
      4	35425
      3	35436
      1	35451
      1	35516
      1	35538
      2	35551
      1	35560
      7	35606
      1	35608
      1	35630
      1	35642
      3	35644
      1	35653
      5	35659
      1	35668
      1	35673
      1	35684
      1	35707
      3	35708
      1	35738
      2	35739
      1	35770
      2	35791
      1	35836
      5	35869
      1	35927
      1	35940
     13	35982
      2	35983
      1	36010
      1	36031
      1	36040
      1	36044
      2	36056
      2	36074
      1	36086
      5	36111
      1	36174
      1	36176
      1	36223
      1	36238
      1	36254
      1	36263
      1	36269
      3	36280
      2	36283
      1	36289
      3	36295
      1	36303
      1	36308
      1	36332
      1	36368
      1	36380
      1	36389
      1	36399
      1	36414
      2	36441
      1	36450
      1	36474
      2	36494
     10	36559
      2	36566
      1	36636
      1	36638
      1	36678
      2	36690
      1	36719
      2	36810
      1	36848
      1	36887
      1	36909
      3	36950
      1	36961
      1	36978
      1	36982
      1	36983
      1	37007
      1	37048
      1	37051
      4	37062
      1	37091
      1	37097
      1	37110
      1	37149
      2	37179
      1	37181
      1	37187
      1	37189
      1	37199
      1	37206
      1	37221
      1	37273
      1	37309
      1	37327
      2	37355
      2	37367
      2	37387
      1	37403
      5	37414
      4	37453
      3	37464
      1	37488
      1	37536
      1	37586
      6	37596
      1	37597
      1	37639
      1	37640
      1	37708
      2	37709
      2	37714
      1	37787
      1	37788
      1	37794
      1	37799
      1	37813
      1	37819
      1	37821
      1	37831
      1	37858
      1	37872
      1	37876
      1	37882
     11	37885
      4	37892
      1	37893
      1	37938
      1	37944
      1	37961
     46	37997
      1	38002
      2	38007
      1	38020
      1	38024
      1	38067
      2	38068
      1	38072
      4	38075
      1	38078
      1	38093
      1	38096
      2	38097
      2	38099
      1	38104
      1	38108
      3	38184
      1	38186
      1	38203
      2	38216
      1	38226
      1	38240
      1	38243
      1	38255
      1	38259
      1	38269
      1	38311
      1	38326
      3	38334
      1	38374
      1	38378
      1	38386
      1	38414
      1	38439
      1	38441
      2	38447
      1	38464
      1	38468
      1	38479
      4	38480
      3	38490
      1	38517
      1	38520
      1	38523
      1	38535
      1	38546
      3	38563
      1	38567
      1	38628
      1	38640
     57	38676
      2	38681
      1	38780
      1	38781
      7	38800
      1	38803
      1	38876
      1	38896
      1	38913
      1	38923
      1	38926
      4	38938
      3	38939
      3	38950
      1	38954
      1	38963
      1	38972
      1	39011
      1	39025
      1	39041
      1	39073
      1	39125
      1	39127
      1	39199
      2	39206
      1	39257
      9	39265
      1	39295
      1	39302
      4	39310
      1	39315
      7	39325
      1	39336
      1	39340
      2	39352
      1	39357
      1	39359
      2	39375
      2	39377
      1	39436
      5	39458
      1	39461
      1	39473
      1	39482
      1	39516
      1	39524
      1	39539
      1	39563
      1	39572
      1	39621
      1	39665
      1	39712
      1	39762
      3	39789
      1	39809
      1	39814
      3	39820
      1	39864
      3	39868
      1	39874
      1	39875
      1	39879
      1	39887
      1	39909
      1	39921
      1	39925
      1	39935
      2	39960
      3	39977
      1	40005
      1	40018
      1	40027
      1	40039
      1	40063
      4	40093
      1	40107
      1	40153
      2	40156
      2	40184
      1	40193
      1	40206
      1	40211
      1	40219
      1	40222
      1	40223
      1	40228
      1	40252
      1	40280
      1	40298
      1	40337
      2	40346
      1	40358
      2	40368
      1	40394
      1	40446
      1	40467
      1	40499
      1	40534
     19	40557
      1	40616
      1	40619
      2	40635
      5	40661
      1	40679
      1	40700
      2	40720
      1	40723
      2	40735
      1	40737
      2	40738
     16	40779
      1	40786
      1	40818
      1	40827
      6	40830
      1	40836
      1	40857
      1	40905
      2	41032
      1	41058
      1	41066
      1	41074
      1	41106
      1	41113
      1	41136
      1	41138
      1	41144
      1	41185
      6	41198
      1	41251
      1	41262
      1	41268
      1	41271
      1	41291
      2	41340
      1	41344
      1	41347
      1	41348
      2	41355
      1	41433
      3	41435
      9	41456
      1	41460
      1	41509
      2	41520
      2	41533
      1	41541
      1	41544
      1	41555
      8	41582
      1	41589
      1	41595
      1	41610
      1	41618
      1	41634
      1	41638
      2	41642
      1	41644
      1	41651
      1	41660
      2	41664
      1	41671
      1	41674
      2	41690
      1	41712
      1	41716
      3	41752
      2	41754
      1	41764
      2	41775
      1	41786
      1	41872
      6	41888
      1	41931
      1	41961
      1	41994
      2	42013
      3	42051
      1	42087
      1	42103
      1	42117
      1	42125
      1	42130
      1	42135
      3	42140
      1	42149
      2	42162
      1	42163
      1	42227
      1	42257
      6	42284
      5	42287
      4	42322
      1	42349
      2	42355
      1	42359
      2	42372
      1	42374
      1	42384
      1	42396
      1	42398
      1	42419
      1	42459
      2	42476
      2	42489
      2	42501
      1	42511
     17	42517
      1	42564
      2	42575
      1	42579
      1	42581
      1	42597
      1	42647
      9	42651
      1	42654
      1	42689
      1	42705
      1	42712
      1	42723
      1	42767
      1	42787
      1	42789
      1	42794
      1	42799
      7	42820
      1	42831
      1	42851
      4	42855
      1	42864
      1	42879
      1	42880
      1	42893
      1	42903
      1	42914
      1	42948
      1	42970
      1	43007
      1	43022
      1	43038
      1	43055
      1	43091
      1	43151
      1	43178
      1	43281
      1	43294
      1	43326
      1	43329
      1	43381
      1	43394
      1	43396
      1	43405
      1	43445
      1	43453
      1	43510
      1	43525
      1	43532
      1	43552
      2	43555
      2	43598
      1	43599
      1	43659
      1	43670
      1	43682
      1	43705
      1	43712
      1	43724
      2	43734
      1	43738
      5	43775
      1	43808
      8	43832
      1	43834
      1	43846
      1	43852
      1	43856
      1	43933
      1	43947
      2	43977
      1	44031
      2	44078
      1	44084
      1	44101
      6	44112
      1	44170
      1	44181
      1	44185
      1	44196
      1	44205
      1	44212
      1	44240
      1	44248
      1	44250
      1	44282
      1	44367
      3	44430
      1	44441
      1	44443
      2	44446
      1	44453
      3	44489
      1	44493
      1	44494
      1	44501
      1	44572
      1	44577
      1	44588
      1	44610
      1	44617
      1	44647
      3	44668
      1	44673
      1	44713
      1	44732
      1	44758
      1	44777
      1	44782
      1	44793
      2	44804
      2	44867
      1	44934
      1	44956
     12	44961
      1	44970
      3	44976
      1	44992
      1	44997
      1	45007
      1	45026
      1	45029
      1	45031
      1	45037
      1	45053
      1	45068
      1	45074
      1	45089
      1	45103
      1	45160
      1	45170
      1	45177
      1	45223
      1	45231
      1	45237
      1	45247
      1	45253
      1	45255
      1	45261
      1	45262
      1	45266
      1	45277
      1	45284
      1	45288
      1	45313
      1	45319
      1	45342
      1	45419
      1	45443
      1	45466
      1	45488
      1	45502
      2	45553
      1	45584
      1	45593
      2	45601
      2	45611
      1	45642
      1	45677
      1	45701
      1	45709
      1	45714
      1	45723
      1	45730
      1	45763
      1	45778
      1	45791
      1	45796
      2	45853
      1	45866
      1	45886
      2	45921
      1	45934
      4	45935
      4	45990
      2	46070
      1	46078
      1	46133
      1	46170
      4	46198
      2	46207
      1	46231
      1	46243
      4	46261
      1	46279
      6	46285
      1	46296
      1	46374
      1	46380
      1	46382
      1	46387
      2	46388
      1	46391
      2	46417
      1	46437
      1	46495
      1	46510
      1	46516
      3	46530
      2	46536
      1	46573
      1	46576
      1	46588
      7	46589
      1	46595
      2	46632
      1	46669
      1	46680
      1	46690
      1	46699
      1	46700
      1	46707
      1	46712
      3	46724
      2	46743
      1	46746
      1	46753
      1	46811
      4	46901
      3	46925
      1	46926
      1	46936
      6	46950
      1	46951
      1	46953
      1	46984
      1	47004
      1	47007
      1	47090
      3	47091
      3	47092
      1	47103
      1	47117
      2	47126
      1	47128
      2	47133
      1	47135
      1	47165
      1	47179
      1	47205
      1	47226
      1	47227
      2	47246
      1	47250
      2	47268
      1	47270
      1	47296
      1	47299
      6	47305
      7	47311
      1	47435
      1	47439
      1	47443
      1	47454
      9	47486
      2	47499
      1	47532
      1	47539
      1	47544
      1	47557
      1	47562
      1	47568
      1	47581
      1	47584
      1	47597
      1	47602
      1	47607
      1	47610
      1	47616
      1	47621
      5	47634
      2	47650
      1	47713
      1	47787
      1	47836
      1	47838
      4	47894
      1	47932
      1	47962
      1	47980
      1	47999
      9	48011
      1	48033
      6	48064
      4	48086
      1	48128
      2	48134
      3	48138
      1	48177
      1	48206
     13	48235
      1	48265
      3	48292
      1	48363
      2	48404
      2	48427
      2	48449
      1	48579
      1	48614
      1	48630
      1	48641
      1	48646
      3	48651
      1	48664
      1	48681
      1	48702
      1	48705
      2	48714
      1	48728
      1	48747
      1	48758
      1	48767
      1	48772
      1	48788
      1	48796
      5	48834
      2	48870
      1	48906
      1	48959
      1	48966
      5	48989
      1	49026
      1	49030
      1	49058
      4	49073
      2	49079
      1	49083
      1	49107
      1	49129
      1	49134
      1	49163
      1	49189
      5	49196
      1	49199
      1	49220
      1	49228
      1	49253
      1	49257
      1	49264
      1	49268
      1	49288
      1	49314
      1	49315
      1	49341
      2	49344
      1	49346
      1	49350
      1	49366
      1	49379
      1	49386
      2	49390
      1	49398
      2	49403
     11	49439
      1	49445
     17	49458
      2	49485
     11	49547
      1	49548
      2	49576
      1	49581
      4	49598
      2	49605
     10	49607
      2	49622
      1	49641
      1	49658
      1	49664
      1	49680
      1	49716
      1	49736
      2	49760
      1	49762
      2	49779
      1	49789
      1	49809
      1	49813
      2	49844
      2	49966
      1	50008
      1	50020
      2	50041
      1	50064
      1	50115
      4	50166
      1	50168
      1	50174
      1	50176
      1	50183
      1	50204
      1	50217
      1	50222
      1	50231
      1	50242
      1	50248
      1	50258
      1	50315
      1	50328
      1	50329
      3	50340
      1	50347
      1	50365
      1	50372
      1	50401
      1	50404
      2	50412
      1	50437
      1	50448
      1	50454
      1	50474
      1	50485
      1	50496
      3	50497
      1	50508
      6	50537
      1	50551
      5	50564
      1	50586
      1	50592
      1	50599
      1	50603
      1	50610
      1	50616
      1	50621
      1	50624
      1	50658
      2	50660
      2	50680
      1	50690
      1	50698
      1	50727
      1	50751
      1	50785
      2	50813
      2	50824
      1	50849
      1	50852
      1	50864
      1	50892
     13	50910
      1	50913
      1	50941
      3	50955
      1	50961
      1	50964
      1	51008
      1	51013
      1	51044
      1	51096
      1	51112
      1	51114
      2	51115
      1	51145
      1	51163
      1	51168
     19	51197
      1	51226
      1	51241
      3	51247
      1	51260
      1	51278
      1	51292
      1	51299
      1	51325
      1	51359
      1	51375
      1	51392
      1	51433
      1	51474
      2	51475
      1	51480
      1	51483
      6	51493
      1	51505
      1	51514
      1	51562
      1	51565
      1	51573
      1	51579
      1	51585
      1	51599
      1	51606
      1	51627
      1	51634
      1	51644
      1	51648
      1	51651
      1	51660
      1	51676
      2	51689
      1	51765
      1	51771
      1	51779
      1	51812
      2	51822
      1	51838
      1	51910
      1	51918
      1	51941
      2	51955
      1	51990
      1	52003
      1	52026
      1	52060
      2	52067
      1	52074
      6	52117
      3	52121
      2	52123
      1	52155
      1	52174
      3	52177
      7	52181
      1	52273
      1	52324
      3	52365
      4	52398
      1	52411
      6	52414
      2	52445
      1	52474
      1	52477
      1	52510
      1	52535
      2	52551
      1	52576
      1	52632
      2	52635
      1	52645
      1	52699
      2	52724
      6	52794
      1	52798
      1	52813
      1	52822
      1	52829
      2	52851
      1	52860
      1	52918
      1	52925
      1	52926
      1	52929
      3	52968
      1	52989
      1	52993
      1	53019
      1	53030
      2	53045
      1	53050
      3	53061
      2	53067
      3	53068
      1	53069
      1	53084
      1	53088
      1	53093
      1	53095
      1	53101
      1	53178
      1	53190
      1	53195
      1	53203
      2	53221
      1	53230
      1	53237
      3	53243
      2	53283
      1	53338
      1	53363
      2	53433
      1	53456
      2	53457
      1	53464
      6	53494
      1	53499
      1	53517
      1	53522
      1	53523
      1	53530
      1	53535
      2	53578
      2	53589
      2	53623
      1	53625
      1	53641
      1	53665
      4	53666
      1	53677
      1	53685
      4	53737
      2	53738
      2	53760
      1	53797
      1	53818
      1	53830
      1	53858
      1	53869
      2	53908
      1	53925
      1	53948
      2	53959
      1	53967
      1	53971
      1	53984
      1	54003
      2	54014
      3	54075
      1	54081
      2	54136
      1	54146
      2	54167
      3	54240
      1	54245
      8	54248
      2	54270
      1	54272
      1	54305
      3	54307
      1	54367
      1	54394
      1	54395
      1	54405
      1	54430
      1	54458
      1	54474
      2	54495
      3	54520
      1	54528
      1	54529
      1	54557
      1	54575
      1	54592
      1	54601
      1	54610
      1	54615
      1	54623
      1	54626
      1	54633
      1	54644
      1	54652
      1	54657
      1	54686
      1	54711
      1	54745
      1	54777
      1	54811
      1	54822
      1	54827
      1	54833
      1	54834
      1	54849
      2	54888
      1	54902
      2	54968
      1	54984
      4	54989
      1	55003
      1	55044
      1	55059
      1	55158
      3	55217
      2	55245
      1	55250
      2	55258
      2	55264
      3	55309
      1	55317
      3	55329
      4	55345
      1	55364
      1	55391
      1	55399
      1	55404
      4	55426
      1	55462
      1	55473
      1	55476
      1	55479
      1	55489
      2	55559
      1	55560
      2	55563
      2	55574
      7	55587
      1	55599
      1	55614
      1	55646
      1	55673
      2	55698
      1	55757
      1	55759
      1	55790
      2	55795
      1	55803
      1	55806
      1	55816
      1	55825
      1	55847
      1	55861
      1	55865
      1	55879
      1	55888
      1	55904
      2	55910
     15	55919
      1	55927
      1	55933
      6	55941
      1	55949
      1	55950
      1	55982
      1	56008
      2	56028
      1	56037
     12	56038
      3	56052
      1	56057
      1	56063
      1	56066
      1	56081
      5	56084
      2	56113
      1	56135
      1	56147
      1	56185
      1	56210
      1	56280
      1	56285
      1	56382
      1	56409
      1	56430
      1	56434
      1	56439
      1	56445
      2	56452
      1	56458
      1	56468
      1	56469
      1	56472
      2	56533
      1	56545
      3	56548
      1	56560
      1	56562
      1	56583
      1	56595
      1	56602
      1	56604
      3	56614
      1	56636
      1	56643
      1	56652
      1	56663
      1	56693
      1	56695
      1	56702
      6	56706
      2	56720
      1	56721
      1	56732
      1	56748
      1	56776
      3	56813
      2	56855
      1	56874
      1	56896
      1	56916
      1	56955
      1	57020
      1	57025
      1	57032
      1	57042
      1	57045
      1	57046
      1	57047
      1	57048
      1	57062
      1	57064
      1	57067
      1	57073
      1	57079
      4	57092
      1	57111
      1	57132
      2	57133
      1	57166
      1	57199
      1	57221
      1	57282
      1	57328
      2	57331
      3	57372
      2	57428
      1	57442
      1	57496
      1	57512
      1	57541
      1	57548
      1	57566
      1	57607
      1	57614
      1	57666
      1	57679
      1	57712
      1	57725
      1	57733
      2	57743
      8	57750
      1	57772
      1	57776
      2	57777
      1	57782
      5	57808
      1	57812
      1	57817
      1	57824
      1	57828
      1	57840
      1	57926
      1	57951
      1	57952
      1	58029
      1	58041
      1	58046
      1	58050
      1	58060
      1	58067
      4	58069
      1	58086
      1	58088
      1	58098
      1	58114
      2	58116
      1	58145
      2	58154
      8	58155
      1	58168
      1	58195
      1	58199
      3	58201
      3	58208
      1	58213
      8	58216
      1	58220
      1	58221
      1	58222
      1	58228
      1	58245
      1	58261
      1	58264
      1	58278
      1	58301
      3	58352
      1	58360
      1	58393
      6	58406
      1	58413
      1	58466
      1	58477
      1	58479
      1	58481
      1	58521
      4	58527
      1	58577
      1	58594
      1	58635
      2	58637
      6	58651
      6	58679
      1	58684
      2	58691
      1	58748
      1	58762
      1	58765
      1	58779
      2	58815
      1	58817
      1	58818
      2	58832
      1	58849
      4	58857
      1	58859
      1	58868
      1	58872
      1	58881
      2	58913
      2	58950
      1	59005
      1	59040
      4	59080
      1	59096
      1	59120
      1	59135
      2	59140
      1	59144
      1	59160
      1	59172
      1	59174
      4	59178
      1	59207
      3	59242
      1	59250
      5	59255
      1	59312
      1	59351
      1	59375
      1	59391
      1	59403
      1	59404
      1	59430
      3	59434
      1	59453
      4	59457
      1	59462
      1	59477
      1	59484
      1	59486
      1	59511
      1	59518
      2	59536
      1	59547
      1	59550
      1	59583
      1	59604
      1	59614
      1	59618
      1	59627
      1	59693
      1	59716
      1	59718
      1	59720
      3	59726
      2	59758
      1	59787
      1	59790
      1	59817
      1	59828
      2	59856
      1	59858
      1	59866
      1	59892
      1	59912
      1	59921
      2	59923
      2	59935
      5	59938
      1	59941
      3	59947
      1	59973
      1	60005
      1	60016
      1	60054
      1	60087
      1	60096
      1	60106
      1	60131
      1	60137
      1	60153
      1	60163
      1	60186
      3	60208
      1	60222
      1	60228
      3	60232
      1	60261
      2	60279
      1	60280
      4	60282
      4	60344
      1	60359
      1	60367
      1	60371
      2	60375
      1	60386
      1	60392
      1	60404
      1	60430
      1	60458
      1	60473
      4	60488
      1	60495
      1	60501
      1	60519
      1	60541
      1	60550
      1	60552
      1	60572
      1	60577
      1	60578
      2	60581
      1	60587
      1	60615
      1	60648
      1	60649
      1	60653
      1	60655
      1	60660
      1	60671
      1	60673
      1	60679
      2	60689
      1	60694
      1	60703
      1	60714
      2	60716
      1	60717
      2	60727
      7	60750
      1	60791
      1	60809
      1	60823
      1	60836
     14	60839
      5	60852
      1	60864
      1	60866
      1	60870
      1	60873
      1	60899
      1	60909
      1	60932
      1	60945
      3	61003
      1	61006
      1	61015
      1	61064
      4	61116
      1	61117
      1	61140
     12	61185
      1	61191
      1	61207
      1	61228
      3	61230
      1	61241
      1	61248
      2	61261
      1	61283
      5	61330
      3	61340
      1	61347
      1	61375
      1	61398
      3	61466
      3	61528
      1	61531
      1	61535
      1	61543
      1	61556
      1	61602
      1	61628
      1	61634
      1	61653
      4	61672
      1	61759
      2	61772
      1	61779
      1	61808
      3	61816
      1	61832
      1	61847
      1	61875
      1	61908
      1	61947
      1	61963
      1	61969
      2	61989
      1	61992
      2	62000
      1	62010
      2	62014
      1	62019
      1	62071
      1	62082
      1	62091
      2	62095
      9	62119
      1	62132
      1	62141
      1	62147
      1	62153
      1	62172
      1	62211
      1	62216
      1	62244
      1	62254
      1	62265
      1	62278
      1	62280
      1	62287
      1	62297
      1	62298
      1	62302
      1	62316
      4	62319
      1	62337
      1	62386
      1	62391
      1	62400
      1	62531
      2	62534
      1	62542
      1	62543
      1	62548
      1	62550
      1	62569
      5	62575
      2	62578
      1	62645
      2	62664
      1	62672
      1	62711
      1	62713
      7	62715
      1	62718
      2	62719
      7	62720
      1	62731
      1	62732
      2	62738
      2	62764
      1	62780
      1	62808
      1	62827
      1	62839
      1	62846
      1	62906
      3	62923
      1	62927
      1	62930
      1	62965
      1	62998
      2	63002
      1	63020
      3	63047
      1	63073
      2	63097
      2	63101
      2	63197
      1	63221
      1	63227
      2	63248
      1	63263
      1	63264
      1	63299
     17	63363
      1	63411
      4	63413
      3	63419
      1	63423
      1	63438
      2	63450
      1	63471
      1	63483
      1	63494
      1	63501
      8	63509
      1	63556
      1	63601
      1	63608
      1	63611
      1	63641
      1	63655
      1	63662
      1	63688
      1	63735
      4	63743
      1	63765
      1	63768
      1	63779
      1	63780
      1	63786
      1	63788
      1	63794
      1	63799
      6	63807
      3	63845
      1	63884
      1	63903
      1	63909
      1	63914
      1	63987
      1	64000
      1	64034
      1	64040
      1	64077
      1	64131
      1	64132
      1	64162
      1	64175
      1	64192
      1	64213
      1	64226
      1	64234
      1	64244
      1	64250
      1	64262
      1	64272
      1	64291
      1	64304
      1	64325
      3	64339
      1	64350
      1	64356
      1	64360
      1	64387
      1	64396
      2	64401
      1	64411
      1	64479
      1	64480
      1	64488
      4	64522
      1	64528
      1	64532
      1	64540
      1	64581
      1	64593
      1	64624
      1	64629
      1	64633
      7	64657
      1	64671
      1	64715
      1	64721
      1	64724
      1	64760
      1	64792
     13	64794
      1	64802
      1	64805
      1	64815
      1	64876
      1	64877
      1	64886
      1	64902
      1	64909
      1	64919
      1	64928
      1	64943
      2	64951
      1	64966
      1	64975
      1	64979
      1	64985
      1	64996
      1	65007
      2	65008
      1	65041
      1	65054
      1	65089
      1	65140
      1	65153
      4	65195
      1	65214
      2	65311
      1	65317
      2	65322
      1	65323
      2	65324
      1	65326
      2	65353
      2	65379
      2	65390
     17	65408
      1	65413
      1	65426
      1	65443
      1	65478
      2	65489
      1	65509
