      1	322
      1	408
      2	547
      1	865
      1	880
      1	1079
      1	1616
      1	2051
      1	2398
      1	2550
      1	2688
      1	2724
      1	2750
      1	2781
      2	2982
      1	3044
      1	3239
      1	3336
      1	3608
      1	3644
      9	3652
      2	3709
      1	3755
      2	3774
      1	3952
      2	4064
      1	4074
      1	4308
      2	4773
      1	5022
      1	5112
      1	5141
      2	5161
      1	5212
      1	5269
      1	5424
      1	5505
      1	5736
      2	5963
      1	6112
     74	6494
      1	6768
      2	6776
      1	6980
      1	7302
      1	7332
      1	7339
      1	7372
      1	7769
      1	7862
      1	7925
      2	7948
      1	8011
      1	8014
      1	8062
      1	8315
      1	8718
      1	8740
      1	8764
      1	8782
      1	9102
      1	9121
      2	9174
      1	9200
      4	9303
      1	9343
      1	9345
      1	9428
      1	9554
      1	9846
      8	9873
      1	9900
      1	10228
      1	10399
      4	10681
      1	10724
      1	10759
      1	11091
      1	11602
      2	11607
      1	11893
      1	12301
      1	12342
      2	12361
      1	12419
     12	12532
      1	12751
      6	13210
      1	13270
      2	13299
      1	13931
      1	14034
      1	14128
      1	14155
      1	14330
      1	14382
      1	14429
      1	14908
      1	15224
      1	15252
      2	15343
      3	15348
      2	15366
      3	15429
      1	15585
      1	15839
      1	15985
      1	16095
      1	16117
      1	16163
      1	16230
      1	16239
      1	16387
      2	16503
      2	16529
      1	16554
      1	16565
      1	16689
      1	16715
      1	16721
      1	16738
      2	16902
      2	17003
      1	17282
      1	17335
      5	17942
      1	18441
      1	18472
      1	18506
      6	18660
      1	18877
      1	18893
      1	19029
      1	19239
      2	19539
      4	19560
      1	19738
      1	19825
      5	19882
      1	19923
      1	19976
      1	20382
      1	20609
      2	20780
      1	20865
      5	20896
      1	21082
      1	21156
      1	21184
      1	21340
      1	21464
      1	21476
      2	21626
      1	21632
      1	21677
      1	22202
      3	22230
      1	22300
      1	22548
     14	22576
      1	22593
      1	22624
      2	22819
      1	22948
      1	22964
      5	23095
      2	23249
      3	23257
      1	23501
      1	23653
      4	23692
      1	23735
      1	24013
      1	24049
      1	24058
      1	24356
      1	24566
     13	24635
      1	24672
      1	24728
      1	24802
      1	24862
      1	25022
      1	25259
      1	25317
      1	25445
      1	25551
      1	25588
      1	25597
      1	25601
      1	25671
      1	25852
      1	25900
      1	26111
      1	26179
      2	26426
      1	26445
      1	26629
      1	26970
      1	27039
      1	27150
      2	27327
      3	27643
      4	27747
      1	27773
      4	27849
      1	27853
      1	28072
      1	28257
      3	28273
      1	28302
      1	28410
      1	28438
      1	28560
      3	28615
      1	29002
      1	29054
      3	29122
      1	29128
      1	29217
      1	29257
      2	29390
     13	29601
      1	29646
      1	29716
      2	30069
      1	30402
      1	30423
      2	30443
      1	30613
      1	30707
      5	30995
      1	31041
      1	31063
      1	31140
      1	31562
      3	31606
      1	31634
      1	31667
      1	31903
      2	31919
      1	32014
      1	32022
      1	32045
      1	32079
      1	32129
      1	32175
      1	32241
      1	32308
      2	32386
      1	32663
      1	32746
      1	32814
      1	32831
      2	32911
      1	32943
      1	32983
      1	33051
      2	33125
      4	33211
      1	33464
      1	33820
      1	33973
      1	33992
      1	34170
      2	34172
      2	34181
      1	34282
      1	34318
      1	34401
      1	34443
      1	34463
      2	34466
      1	34701
      1	34951
      1	35344
      1	35382
      1	35591
      1	35644
      9	35717
      3	35744
      1	35907
      1	36056
     11	36112
      1	36246
      5	36469
      1	36479
      1	36631
      1	36638
      1	36640
      1	37009
      1	37064
      1	37465
      1	37640
      1	37653
      1	37709
      1	37743
      1	37757
      1	37773
      2	37853
      1	38171
      2	38439
      2	38447
      1	38582
      1	38587
      1	38665
      1	38681
      1	38713
      1	38716
      1	38730
     34	38736
      1	38868
      1	38881
      4	38991
      1	39097
      1	39176
      1	39254
      1	39365
      3	39629
      1	39770
      1	40705
      1	40802
      6	40961
      2	41070
      2	41081
      1	41479
      1	41515
      1	41712
      1	41742
      1	41883
      1	41980
      1	42021
      1	42364
      2	42380
      1	42433
      1	42595
      1	42622
      4	42634
      4	42747
      1	42788
      3	42830
      2	42878
      1	42880
      3	43131
      1	43187
      1	43190
      1	43270
      2	43336
      1	43381
      1	43518
      1	43531
      2	43948
      1	44112
      2	44142
      1	44329
      1	44356
      1	44722
      1	45012
      1	45897
      1	46262
      1	46263
      1	46329
      1	46488
      1	46594
      2	46595
      1	46623
      1	46680
      2	47077
      1	47089
      2	47311
      1	47429
      1	47848
      2	47935
      2	47992
      1	48013
      1	48128
      1	48252
      2	48362
      1	48413
      1	48651
      1	48681
      2	48690
     22	48708
      1	48812
      2	48912
      1	48946
      1	49330
      1	49403
      1	49785
      1	49956
      2	50377
      1	50468
      1	50578
      3	50660
      1	50708
      2	50733
      1	50834
      1	50948
      1	51116
      1	51306
      1	51765
      1	51841
      5	51957
      1	52145
      2	52170
      2	52256
      1	52347
      1	52414
      1	52526
      1	53015
      1	53205
      1	53271
      1	53324
      1	53423
      1	53486
      1	53792
      1	53980
      1	54014
      3	54205
      1	54207
      1	54232
      1	54280
      1	54422
      4	54525
      1	54554
      1	54996
      1	55239
      1	55436
      1	55502
      1	55544
      1	55549
      1	55567
      1	55587
      2	55615
      1	55979
      1	56133
      1	56266
      1	56269
      2	56347
      1	56361
      1	56486
      1	56556
      1	56857
      1	56874
      2	56900
      1	56907
      6	57144
      1	57459
      2	57597
      3	57938
      2	57949
      1	58216
      1	58347
      1	58466
      1	58621
      1	58653
      3	58787
      1	59327
      1	59507
      1	59512
      3	59544
      1	59568
      1	59758
      7	59807
      1	59869
      1	59892
      1	59911
      1	60143
      1	60220
      1	60336
      1	60454
      1	60538
      1	60620
      4	60966
      1	61132
      1	61261
      1	61449
      1	61712
      6	61942
      2	62059
      1	62108
      1	62179
      1	62583
      1	62609
      1	62757
      9	62766
      1	63060
      1	63338
      1	63409
      1	63771
      1	63789
      2	63834
      1	63882
      1	63889
      1	64056
      3	64190
      1	64435
      1	64448
      2	64543
      1	64951
      1	65197
