      1	22
      1	75
      4	91
      1	97
      1	367
      1	405
      1	505
      1	708
      1	736
      1	779
      1	841
      1	926
      1	1070
      1	1121
      1	1158
      1	1261
      1	1270
      1	1366
      1	1387
      1	1402
      1	1405
      1	1554
      1	1656
      1	1673
      3	1782
      1	1830
      1	1859
      1	1918
      1	1930
      1	1940
      1	1976
      2	2051
      3	2057
      2	2249
      1	2417
      1	2452
      3	2475
      1	2510
      1	2659
      1	2688
      1	2724
      1	2804
      1	2849
      1	2926
      1	3004
      1	3047
      1	3111
      1	3121
      1	3243
      4	3351
      1	3379
      1	3425
      2	3490
      1	3525
      1	3648
      1	3745
      1	4025
      1	4026
      1	4034
      1	4064
      2	4109
      1	4437
      1	4442
      1	4524
      1	4592
      2	4675
      1	4730
      7	4848
      1	4930
      1	4942
      1	4964
      1	5023
      4	5161
      1	5222
      3	5267
      1	5271
      1	5337
      1	5430
      2	5457
      2	5476
      1	5510
      1	5555
      1	5565
      1	5622
      1	5690
      1	5955
      2	6031
      1	6060
      2	6124
      2	6128
      1	6150
      1	6196
      1	6405
      1	6423
      1	6439
      1	6486
      1	6494
      1	6523
      2	6603
      2	6622
      2	6635
      1	6689
      1	6772
      1	6842
      1	7202
      2	7211
      2	7313
      1	7369
      4	7457
      1	7586
      1	8011
      1	8172
      1	8254
      1	8313
      1	8432
      1	8461
      1	8472
      1	8560
      1	8671
      2	8760
      1	8812
      1	8839
      1	8917
      1	8944
      1	8955
      1	8956
      1	8979
      1	9103
      1	9139
      1	9241
      1	9317
      1	9484
      1	9643
      1	9667
      2	9705
      1	9744
      1	9797
      1	9888
      2	9898
      2	9900
      1	10022
      2	10026
      1	10174
      1	10241
      1	10357
      1	10387
      1	10493
      1	10504
      1	10680
      1	10724
      1	10934
      1	10941
      1	10950
      1	11082
      1	11126
      1	11336
      1	11378
      1	11439
      2	11490
      1	11495
      2	11621
      1	11696
      1	11921
      2	11964
      1	12016
      1	12058
      1	12195
      1	12294
      1	12330
      1	12419
      1	12505
      1	12694
      1	12708
      2	12792
      1	12804
      1	12818
      1	12855
      1	12874
      1	12937
      1	13049
      4	13291
      3	13300
      1	13304
      1	13416
      2	13679
      1	13695
      1	13733
      1	13871
      1	13927
      1	13952
      1	13970
      1	14100
      1	14118
      1	14127
      1	14179
      2	14184
      1	14229
      2	14287
      1	14410
      1	14684
      2	14768
      1	14908
      1	14969
      1	15011
      1	15039
      1	15071
      1	15141
      1	15261
      1	15458
      2	15516
      1	15601
      1	15615
      1	15750
      1	15754
      1	15892
      8	16007
      1	16122
      1	16181
      1	16192
      2	16312
      1	16375
      1	16616
      1	16628
      1	16704
      1	16905
      1	17018
      1	17210
      1	17267
      1	17379
      1	17474
      1	17498
      1	17550
      1	17592
      1	17624
      1	17655
      1	17662
      1	17895
      2	17896
      1	17938
      5	17975
      1	18017
      1	18298
      1	18333
      1	18347
      1	18353
      1	18377
      1	18391
      1	18444
      1	18498
      1	18590
      1	18719
      1	18720
      1	18770
      1	18806
      1	18827
      1	18905
      1	18992
      2	19212
      1	19255
      1	19277
      3	19305
      1	19425
      1	19622
      2	19678
      1	19745
      1	19869
      1	20011
      1	20064
      1	20212
      1	20222
      1	20274
      1	20375
      1	20480
      1	20613
      1	20652
      1	20658
      1	20678
      4	20827
      1	20865
      1	20997
      1	21227
      3	21253
      1	21256
      7	21380
      1	21532
      1	21538
      1	21882
      1	21892
      1	21931
      2	22156
      1	22219
      2	22306
      1	22315
      2	22365
      1	22447
      1	22523
      1	22547
      1	22563
      3	22573
      1	22624
      1	22744
      1	22841
      1	22874
      1	22962
      1	22995
      1	23029
      1	23052
      1	23219
      1	23234
      1	23354
      1	23418
      1	23604
      2	23611
      1	23653
      2	23799
      1	23851
      1	23859
      1	24049
      1	24265
      1	24334
      5	24345
      1	24376
      1	24401
      2	24613
      1	24687
      1	24698
      1	24800
      1	24807
      2	24817
      1	24820
      1	24911
      1	24990
      1	25316
      4	25358
      1	25454
      1	25507
      1	25852
      1	25857
      1	25886
      2	25960
      1	25967
      1	25985
      1	26001
      1	26023
      1	26111
      3	26135
      5	26207
      1	26244
      1	26290
      1	26316
      1	26338
      2	26470
      2	26533
      3	26625
      1	26866
      1	26909
      1	26927
      1	27043
      1	27052
      1	27155
      1	27199
      1	27275
      1	27313
      2	27357
      1	27409
      1	27482
      1	27485
      1	27495
      2	27519
      1	27625
      1	27729
      1	27880
      1	27944
      1	27973
      1	27994
      4	28012
      1	28015
      1	28034
      2	28204
      1	28244
      1	28438
      1	28487
      1	28558
      1	28594
      1	28664
      1	28679
      1	28824
      2	28960
      1	29011
      1	29060
      1	29069
      1	29178
      1	29188
      1	29224
      2	29257
      1	29309
      1	29311
      1	29325
      2	29366
      1	29446
      1	29596
      1	29667
      1	29737
      1	29738
      1	29826
      1	29879
      1	29880
      1	29934
      1	29964
      1	30003
      1	30021
      1	30134
      1	30167
      1	30257
      1	30395
      2	30443
      1	30527
      1	30555
      1	30578
      2	30613
      1	30655
      1	30707
      5	30710
      1	30718
      1	30727
      1	30810
      1	30858
      1	30877
      1	30885
      1	30931
      1	31032
      1	31156
      1	31186
      1	31404
      1	31601
      1	31706
      1	31787
      1	31982
      1	32110
      1	32113
      3	32194
      1	32601
      1	32602
      1	32611
      1	32621
      1	32631
      1	32647
      1	32657
      1	32698
      2	32857
      1	33027
      1	33035
      1	33051
      5	33069
      1	33317
     12	33458
      1	33538
      1	33599
      1	33685
      1	33693
      1	33700
      1	33718
      1	33965
      2	33991
      1	34133
      1	34169
      1	34516
      2	34576
      1	34674
      1	34689
      1	34708
      1	34728
      2	34737
      1	34738
      1	34763
      3	34773
      1	34775
      1	34795
      1	34830
      1	34990
      1	35005
      1	35067
      1	35068
      1	35528
      1	35551
      1	35625
      2	35722
      1	35770
      1	35797
      1	35915
      1	36112
      1	36215
      2	36240
      1	36359
      1	36509
      2	36566
      1	36630
      3	36690
      1	36933
      1	36953
      2	37021
      1	37127
      1	37260
      1	37318
      1	37328
      1	37355
      1	37367
      1	37407
      1	37410
      1	37464
      3	37474
      1	37475
      1	37572
      1	37594
      1	37608
      1	37709
      1	37836
      2	37961
      1	37980
      1	37997
      1	38163
      1	38295
      1	38347
      1	38367
      1	38398
      1	38439
      1	38447
      1	38467
      1	38480
      1	38544
      1	38549
      2	38595
      1	38631
      1	38642
      1	38673
      1	38676
      3	38756
      1	38787
      1	39016
      2	39075
      1	39186
      1	39213
      3	39265
      1	39294
      1	39340
      1	39403
      2	39458
      1	39509
      1	39759
      2	39780
      1	39785
      1	39790
      1	39807
      1	40195
      2	40204
      1	40295
      1	40330
      1	40340
      1	40347
      1	40479
      1	40502
      1	40546
      2	40553
      1	40635
      1	40642
      3	40711
      1	40712
      1	40720
      1	40721
      1	41032
      1	41047
      1	41185
      1	41315
      1	41600
      5	41771
      1	41784
      2	41791
      1	41853
      1	41972
      3	42010
      1	42013
      1	42120
      1	42163
      3	42181
      1	42346
      1	42397
      1	42408
      1	42409
      1	42425
      1	42687
      1	42696
      8	43117
      1	43202
      1	43210
      1	43401
      1	43603
      1	43605
      1	43726
      1	43729
      2	43889
      1	43905
      1	43932
      1	44063
      1	44349
      1	44358
      1	44443
      1	44481
      1	44666
      1	44716
      1	44777
      2	44912
      1	45014
      1	45058
      1	45092
      1	45293
      1	45586
      1	45590
      1	45596
      1	45703
      1	45747
      1	45778
      1	45794
      1	45884
      1	45919
      1	46008
      2	46120
      1	46154
      1	46168
      1	46297
      2	46372
      2	46509
      1	46541
      1	46554
      1	46574
      2	46606
      1	46667
      2	46680
      1	46734
      1	46919
      1	46955
      1	47091
      1	47116
      1	47229
      1	47311
      1	47313
      1	47365
      1	47382
      1	47478
      1	47621
      1	47772
      1	47943
      2	47952
      1	47996
      1	48123
      1	48128
      1	48139
      1	48169
      1	48247
      1	48354
      2	48355
      1	48383
      1	48390
      1	48506
      2	48607
      1	48708
      2	48887
      2	48924
      1	49025
      2	49107
      1	49169
      1	49200
      1	49328
      1	49361
      1	49387
      2	49458
      1	49598
      1	49844
      1	49852
      2	49894
      1	49952
      1	50169
      1	50203
      2	50369
      1	50445
      1	50565
      1	50572
      1	50810
      1	50910
      1	50930
      3	51044
      1	51073
      1	51336
      1	51354
      5	51369
      1	51392
      1	51465
      1	51475
      1	51494
      1	51612
      2	51822
      1	51888
      1	51959
      1	52044
      1	52181
      1	52186
      2	52205
      1	52224
      1	52328
      2	52365
      1	52400
      3	52414
      1	52532
      2	52635
      2	52856
      1	53054
      1	53068
      1	53100
      1	53147
      1	53278
      1	53349
      3	53420
      1	53477
      1	53489
      1	53696
      2	53707
      1	53794
      1	53865
      1	53947
      2	54232
      1	54370
      1	54641
      1	54662
      2	54691
      1	54745
      3	54786
      1	54930
      2	54989
      1	55375
      1	55418
      1	55441
      1	55460
      1	55481
      1	55496
      4	55513
      6	55565
      1	55570
      1	55674
      1	55746
      1	55772
      1	55788
      1	55818
      1	55885
      1	55928
      1	55962
      1	55998
      1	56133
      1	56184
      3	56187
      2	56339
      1	56771
      1	56940
      1	57034
      1	57092
      2	57206
      3	57211
      1	57219
      1	57226
      1	57314
      4	57332
      1	57420
      1	57435
      1	57513
      1	57514
      1	57525
      1	57544
      1	57559
      1	57617
      1	57688
      1	57910
      2	58036
      1	58104
      1	58221
      1	58288
      1	58468
      1	58527
      1	58569
      1	58586
      1	58640
      1	58679
      1	58851
      1	58882
      1	58968
      1	58998
      1	59089
      1	59112
      1	59270
      1	59868
      1	59951
      1	59979
      1	60024
      1	60131
      1	60334
      1	60543
      1	60557
      3	60581
      1	60671
      1	60679
      1	60909
      1	60988
      1	60997
      1	61008
      1	61054
      2	61068
      1	61118
      1	61121
      1	61131
      2	61152
      3	61182
      1	61231
      1	61257
      1	61298
      1	61352
      1	61445
      1	61451
      1	61641
      1	62019
      2	62194
      1	62349
      1	62396
      1	62414
      1	62650
      1	62808
      1	62837
      1	62846
      1	62871
      1	62894
      1	62930
      1	63101
      1	63248
      1	63363
      1	63414
      1	63418
      1	63430
      1	63484
      1	63509
      1	63565
      3	63743
      2	64126
      1	64157
      2	64339
      1	64586
      2	64637
      2	64743
      1	64794
      1	64920
      2	64995
      1	65042
      1	65138
      1	65156
      1	65264
      2	65414
      1	65495
      1	65496
