      4	91
      1	162
      2	175
      1	277
      1	332
      1	538
      1	593
      1	754
      1	813
     10	823
      1	1541
      1	1669
      1	1813
      2	1823
      1	1910
      1	2087
      1	2504
      1	2510
      1	2688
      2	2715
      1	2743
      1	2898
      1	3026
      1	3057
      1	3204
      1	3351
      2	3583
      1	3592
      1	3814
      1	3931
      1	4090
      1	4130
      1	4279
      1	4926
      1	5136
      1	5389
      2	5534
      1	5792
      1	5885
      1	6038
      2	6220
      1	6434
      1	6454
      1	6837
      1	6860
      1	6896
      1	7002
      1	7071
      2	7326
      1	7369
      1	7549
      2	7817
      1	7842
      1	8146
      1	8308
      2	8336
      1	8476
      1	8639
      1	8894
      1	9139
      1	9141
      1	9240
      1	9510
      2	9705
      1	9872
      1	9886
      1	9908
      1	10454
      1	10476
      1	10558
      3	10616
      2	10724
      1	10790
      2	10905
      2	10907
      1	11033
      2	11159
      1	11307
      1	11584
      1	11682
      1	11911
      1	11969
      1	12198
      1	12346
      3	12396
      1	12510
      2	13118
      1	13273
      1	13450
      1	13512
      3	13738
      2	14184
      3	14289
      1	14392
      1	14790
      2	15070
      1	15087
      2	15093
      1	15259
      1	15420
      1	15439
      4	15923
      1	15955
      1	15982
      1	16047
      1	16554
      1	16798
      1	16923
      1	17508
      2	17975
      1	18179
      1	18348
      6	18353
      1	18377
      1	18567
      1	18999
      1	19058
      3	19173
      1	19227
      1	19255
      1	19280
      1	19378
      2	19500
      1	19616
      1	19641
      2	19678
      1	19923
      1	20156
      1	20268
      1	20323
      1	20837
      1	20865
      1	20893
      1	20955
      1	21258
      1	21346
      1	21775
      1	21911
      1	21920
      1	21926
      1	22010
      2	22365
      1	22417
      1	22867
      2	23105
      1	23119
      1	23247
      1	23309
      1	23357
      2	23405
      1	23526
      1	23577
      1	23588
      2	23863
      1	24242
      1	24306
      1	24412
      1	24506
      2	25116
      1	25192
      2	25221
      3	25358
      1	25394
      2	25454
      1	25631
      1	25666
      1	25689
      1	25695
      1	25714
      1	26055
      1	26135
      2	26207
      1	26244
      1	26327
      1	26556
      1	26610
      1	26612
      1	26654
      1	26829
      3	26934
      1	27532
      2	27579
      2	27622
      1	27672
      1	27726
      1	27880
      1	28046
      1	28462
      1	28463
      1	28523
      1	28898
      2	28919
      1	28957
      1	28960
      1	29294
      1	29664
      2	29772
      1	29799
      2	30021
      1	30032
      1	30501
      1	30684
      1	30955
      1	31037
      1	31360
      1	31397
      1	31571
      1	31706
      4	31859
      1	31943
      1	32032
      2	32060
      1	32279
      1	32345
      1	32483
      1	32515
      1	32582
      1	32597
      1	32657
      2	32863
      1	33012
      1	33078
      1	33120
      1	33292
      1	33357
      1	34035
      1	34110
      1	34546
      2	34676
      1	34737
      1	34773
      3	34846
      2	34914
      1	35053
      4	35277
      2	35368
      1	35659
      1	36549
      1	36860
      2	36932
      1	37634
      2	37672
      1	37681
      1	37762
      1	37808
      1	37849
      1	37871
      1	38111
      1	38259
      2	38480
      1	38520
      1	38673
     17	38839
      2	38909
      1	38916
      1	39175
      2	39184
      1	39593
      1	39624
      1	39641
      1	40031
      1	40152
      1	40619
      1	40682
      1	40845
      1	41124
      1	41279
      1	41582
      1	41619
      1	41656
      1	41669
      2	42321
      1	42340
      1	42526
      2	42797
      2	42840
      3	42932
      1	43429
      1	43674
      1	43763
      2	44161
      2	44338
      1	44687
      1	44777
      1	44853
      3	45252
      1	45332
      1	45584
      1	45596
      1	45965
      1	46580
      1	46595
      1	46740
      2	46884
      1	46950
      3	47054
      1	47212
      1	47240
      1	47311
      1	47351
      1	47650
      1	48064
      1	48847
      1	48950
      1	49263
      1	49387
      1	49487
      1	49490
      1	49701
      1	49966
      1	50269
      1	50291
      1	50484
      1	50537
      2	50569
      1	50610
      2	51321
      1	51326
      1	51493
      1	51539
      1	51757
      1	51822
      1	51835
      1	51890
     31	51959
      1	52027
      1	52224
      1	52377
      1	52496
      2	52691
      1	52720
      1	52926
      1	53093
      1	53759
      1	53764
      1	53819
      1	54005
      1	54024
      2	54182
      1	54316
      1	54508
      1	54745
      1	54916
      3	54950
      2	55500
      1	55559
      1	55669
      3	55676
      1	55796
      1	55839
      1	55919
      1	55965
      2	56084
      1	56144
      1	56187
      1	56201
      1	56217
      1	56314
      4	56371
      1	56434
      6	56579
      1	56614
      1	57119
      1	57133
      2	57144
      1	57415
      6	57563
      1	57566
      1	57798
      1	58260
      2	58473
      1	58506
      1	58647
      1	58786
      1	58946
      1	58973
      1	59089
      1	59444
      1	59549
      1	59755
      1	60039
      1	60136
      1	60312
      1	60536
      4	61064
      1	61237
      1	61310
      1	61454
      1	61591
      1	61912
      1	62026
      1	62053
      1	62063
      1	62183
      1	62454
      1	62644
      1	62871
      1	62975
      1	63165
      2	63171
      1	63514
      1	63705
      1	63743
      2	63807
      1	64002
      1	64302
      1	64446
      2	64459
      1	64509
      1	64520
      3	64637
      1	64808
      2	65002
      1	65068
      1	65209
      1	65258
      1	65334
      1	65408
