      7	11
      1	97
      3	107
      3	173
      1	198
      2	199
      1	259
      2	277
      1	347
      1	379
      1	391
      3	408
      1	464
      3	474
      1	477
      1	480
      1	500
      1	523
      1	550
      1	584
      1	633
      1	646
      1	779
      1	809
      1	816
      1	823
      1	873
      4	894
      1	926
      1	945
      1	960
      1	969
      1	984
      2	1022
      4	1064
      1	1079
      1	1093
     19	1139
      2	1142
      1	1153
      1	1167
      1	1172
      1	1213
      1	1214
      2	1227
      2	1267
      1	1274
      2	1317
      2	1339
      1	1368
      2	1468
     10	1493
      1	1502
      1	1509
      4	1527
      4	1553
      1	1571
      1	1606
      3	1649
      1	1699
      1	1805
      1	1829
      1	1863
      1	1909
      1	1911
      1	2042
      1	2060
      1	2086
      1	2087
      2	2093
      1	2151
     18	2164
      1	2172
      1	2221
      1	2249
      2	2290
      1	2371
      1	2392
      1	2442
      2	2443
      1	2519
      9	2522
      1	2550
      3	2551
      1	2600
      1	2640
      1	2688
      1	2766
      1	2866
      1	2908
      4	2918
      1	2922
      2	2964
      1	2966
      1	3035
      2	3044
      3	3084
      1	3123
      4	3138
      1	3143
      1	3172
      1	3188
      1	3202
      1	3227
      1	3283
      3	3328
      1	3332
      1	3364
      1	3369
      2	3373
     11	3384
      1	3406
      1	3486
      1	3519
      1	3607
      1	3632
      2	3644
      1	3706
      2	3732
      1	3745
      1	3783
      2	3808
      1	3830
      1	3843
      1	3870
      2	3881
      1	3884
      1	3925
      1	3932
      3	3991
      1	4035
      1	4064
      1	4071
      7	4109
      4	4148
      2	4173
      2	4174
      1	4195
      3	4306
      2	4308
      1	4332
      1	4355
      1	4358
      2	4418
      1	4422
      3	4445
      3	4486
      2	4522
      1	4541
      2	4581
      1	4668
      1	4675
      1	4713
      1	4720
      2	4768
      1	4790
      1	4804
      1	4810
      1	4848
      8	4849
      2	4887
      1	4930
      1	4937
      1	4956
      1	5028
      1	5077
      1	5078
      4	5211
      1	5265
      1	5267
      1	5287
      3	5315
      1	5320
      1	5332
      1	5475
      1	5482
      4	5522
      1	5565
      1	5592
      1	5594
      3	5720
      1	5736
      1	5893
     10	5905
      2	5967
      1	5991
      2	5998
      1	6031
      1	6057
      1	6073
      4	6075
      1	6087
      1	6101
      2	6162
      2	6182
      1	6191
      1	6244
      1	6275
      2	6287
      1	6293
      2	6353
      1	6429
      3	6497
      8	6575
      1	6614
      1	6645
      1	6670
      2	6767
      1	6828
      1	6830
      1	6899
      1	6923
      3	7013
     13	7044
      1	7064
      5	7076
      1	7109
      1	7125
      1	7141
      1	7149
      2	7191
      2	7210
      1	7221
      1	7231
      1	7237
      1	7258
      1	7266
      1	7322
      3	7332
      2	7339
     31	7403
      1	7456
      1	7474
      1	7485
      1	7493
      1	7503
      1	7515
      1	7616
      1	7646
      5	7669
      2	7671
      1	7678
      1	7704
      3	7726
      1	7746
      1	7770
      1	7814
      1	7858
      2	7861
      1	7862
      1	7892
      2	7946
      2	7967
      2	7974
      4	7998
      1	8003
      4	8014
      1	8023
      1	8121
      2	8153
      3	8172
      1	8201
      2	8210
      2	8239
      1	8276
      1	8291
      1	8382
      1	8401
      1	8462
      1	8463
      3	8498
      1	8522
      6	8567
      1	8617
      1	8639
      1	8675
      2	8710
      1	8731
      1	8750
      1	8751
      2	8756
      1	8803
      4	8812
      1	8843
      2	8924
      1	8936
      3	8958
      1	8977
      1	9006
      1	9012
      2	9016
      2	9020
      2	9024
      3	9038
      1	9053
      1	9063
      1	9104
      1	9125
      1	9139
      1	9174
      1	9182
      1	9255
      3	9269
      1	9317
      1	9334
      1	9343
      1	9424
      1	9437
      1	9467
      2	9484
      2	9498
      1	9545
      3	9621
      1	9630
      3	9644
      1	9687
      1	9712
      4	9824
     25	9837
      2	9884
      2	9896
      1	9898
      1	10001
      1	10028
      2	10050
      3	10053
    152	10130
      3	10135
      2	10314
      4	10338
      2	10346
      3	10361
      1	10362
      1	10378
      5	10391
      1	10409
      1	10422
      2	10447
      1	10456
      3	10589
      2	10612
      1	10628
      1	10673
      2	10732
      1	10739
      1	10759
      1	10762
      1	10791
      1	10811
      6	10819
      1	10872
      1	10875
      1	10955
      4	10956
      3	10965
      1	11008
      1	11073
      4	11075
      1	11146
      2	11161
     15	11173
      2	11181
      1	11228
      2	11234
      2	11244
      5	11292
      3	11382
      1	11446
      1	11491
      3	11515
      1	11553
      3	11603
      1	11623
      5	11630
      1	11662
      1	11670
     13	11701
      1	11794
      1	11817
      1	11839
      1	11856
      1	11870
      1	11899
      5	11903
      1	11933
      1	11964
      1	11995
      2	12009
      1	12015
      1	12028
      1	12033
      1	12088
      4	12124
      1	12135
      6	12173
      1	12217
      1	12242
      1	12247
      2	12290
      2	12295
      2	12301
      2	12307
      1	12313
      1	12334
      1	12342
      2	12350
      1	12363
      2	12375
      1	12410
      1	12424
      2	12496
      2	12538
      1	12597
      2	12613
      1	12628
      1	12691
      2	12768
      1	12781
      1	12794
      3	12865
      1	12880
      1	12896
      2	12898
      1	12936
      1	13047
      1	13098
      1	13153
      1	13193
      1	13204
      1	13231
      1	13273
      5	13294
      1	13299
      1	13303
      1	13344
      1	13366
      1	13384
      5	13521
      1	13567
      5	13599
      2	13600
      1	13683
      1	13695
      1	13702
      1	13763
      1	13787
      2	13810
      1	13827
      1	13911
      1	13943
      6	13945
      2	13949
      1	13952
      1	13986
      1	14025
      5	14062
      1	14070
      3	14126
      1	14128
      1	14154
      1	14201
      1	14235
      2	14377
      1	14395
      2	14399
      1	14424
      1	14444
      2	14465
      2	14468
      2	14472
      1	14504
      1	14505
      2	14525
      2	14540
      4	14550
      1	14554
      1	14626
      1	14767
      1	14769
      2	14789
      1	14790
      1	14801
      1	14821
      1	14829
      1	14962
      1	15029
      1	15094
      1	15108
      2	15121
      1	15183
     11	15185
      1	15201
      4	15252
      2	15259
      5	15334
      4	15355
      1	15397
      2	15408
      1	15430
      2	15431
     11	15451
      1	15491
      1	15502
      3	15536
      1	15639
      2	15702
      1	15710
      1	15748
      1	15812
      1	15857
      2	15868
      1	15891
      1	15909
      6	15958
      1	15985
      1	16001
      1	16050
      1	16053
      6	16077
      1	16086
      5	16139
      1	16153
      3	16154
      1	16164
      1	16185
      1	16195
      1	16230
      1	16234
      1	16238
      4	16245
      1	16266
      1	16315
      1	16332
      1	16348
      1	16377
      2	16381
      6	16437
      1	16454
      4	16554
      1	16620
      1	16635
      1	16718
      3	16734
      1	16783
      2	16790
      3	16802
      4	16818
      1	16862
      1	16894
      3	16920
      1	16934
      2	16938
      1	16965
      1	16969
      1	16974
     20	17003
      1	17011
      1	17056
      1	17105
      1	17120
      1	17153
      2	17185
      1	17210
      2	17242
      3	17243
      4	17267
      1	17286
      2	17287
      1	17297
      1	17302
      3	17315
      1	17349
      2	17368
      2	17377
      1	17393
      2	17412
      1	17436
      1	17454
      4	17466
      1	17498
      1	17540
      1	17548
      6	17558
      1	17561
      1	17570
      2	17572
      1	17603
      1	17644
      2	17649
      1	17654
      3	17713
      5	17825
      2	17829
      1	17863
      1	17867
      2	17884
      1	17889
      1	17895
      1	17896
      1	17908
      6	17934
      6	17982
      2	18004
      2	18023
      1	18035
      1	18168
      1	18192
      1	18213
      3	18219
      1	18227
      5	18274
      1	18291
      6	18305
      1	18324
      1	18329
     14	18354
      1	18436
      2	18441
      1	18444
      1	18513
      1	18534
      1	18553
      1	18564
      2	18660
      1	18672
      1	18677
      4	18697
      1	18710
      3	18759
      1	18821
      2	18833
      2	18842
      1	18928
      1	18949
      1	18968
      1	18992
      1	18999
      1	19104
      1	19190
      1	19226
      1	19233
      1	19238
      1	19248
      2	19285
      2	19326
      1	19329
     14	19353
      2	19379
      2	19420
      2	19456
      1	19487
      1	19499
      1	19614
      3	19616
      1	19622
      1	19629
      1	19660
      1	19665
      1	19683
      1	19689
      1	19772
      3	19773
      1	19790
      1	19904
      2	19906
     10	19907
      1	19943
      1	19950
      1	20030
      4	20053
      2	20085
      1	20138
      1	20140
      1	20142
      2	20154
      1	20186
      1	20188
      1	20190
      1	20261
      1	20294
      1	20318
      1	20323
      3	20458
      1	20498
      1	20516
      2	20546
      1	20597
      4	20618
      3	20630
      1	20661
      2	20665
      3	20666
      8	20700
      1	20771
      1	20784
      1	20805
      6	20825
      3	20850
      2	20861
      1	20871
      1	20894
      6	20919
      1	20921
      1	20925
      1	20928
      1	20963
      1	20965
      1	20991
      3	21046
      1	21062
      1	21133
      2	21134
      2	21137
      1	21158
      1	21180
      1	21205
      1	21212
      1	21248
      2	21284
      1	21334
     11	21435
      1	21459
      1	21463
      2	21542
      1	21584
      1	21627
      1	21628
      1	21651
      1	21686
      8	21710
      2	21720
      1	21775
      1	21786
      4	21805
      1	21808
      1	21809
      2	21822
      3	21823
      1	21829
      3	21911
      5	21926
      1	21931
      1	21944
      1	21954
      1	21968
      1	22003
      1	22026
      8	22073
      1	22096
      2	22122
      1	22134
      1	22164
      1	22186
      1	22192
      1	22206
      2	22227
      2	22290
      1	22305
      1	22315
      1	22334
      2	22336
      1	22510
      2	22538
      6	22539
      1	22621
      1	22654
      1	22670
      1	22696
      1	22713
      2	22715
      2	22719
      1	22722
      1	22743
      3	22744
      1	22830
      1	22893
      1	22902
      1	22911
      6	22917
      2	22970
      1	22995
      2	23040
      1	23058
      1	23062
      5	23078
      1	23080
      1	23088
      3	23094
      1	23121
      2	23127
      5	23135
      1	23167
      1	23183
      1	23209
      1	23252
      1	23349
      1	23385
      1	23459
      1	23463
      1	23499
      2	23501
      3	23526
      1	23571
      1	23589
      1	23596
      1	23607
      1	23623
      2	23649
      1	23650
      1	23692
      1	23720
      2	23741
      1	23805
      2	23874
      1	23891
      5	23923
      1	23946
      8	23952
      1	23956
      1	23962
      1	24011
      1	24049
      1	24090
      1	24136
      1	24139
      9	24151
      1	24170
      1	24183
      2	24268
      1	24318
      3	24331
      8	24339
      1	24403
      2	24469
      1	24596
      1	24625
      4	24631
      2	24660
      1	24728
      1	24755
      1	24770
      2	24780
      1	24817
      9	24820
      1	24891
     14	24896
      2	24941
      1	24969
      2	24977
      2	24990
      1	25014
      1	25022
      1	25123
      2	25129
      1	25193
      3	25213
      1	25277
      1	25300
      2	25357
      2	25360
      1	25376
      3	25433
      1	25462
      1	25512
      1	25522
      3	25529
      1	25544
      1	25551
      1	25607
      1	25610
      1	25612
      3	25627
      1	25658
      3	25666
      1	25667
      1	25671
      2	25689
      1	25715
      1	25748
      1	25759
      1	25765
      2	25770
      1	25816
      1	25818
      7	25821
      1	25834
      1	25959
      1	26043
      2	26166
      1	26179
      1	26187
      1	26250
      2	26287
      2	26290
      1	26321
      2	26324
      1	26343
      7	26355
     29	26425
      7	26435
      1	26445
      1	26551
      1	26555
      2	26612
      1	26615
      7	26633
      1	26646
      3	26661
      2	26679
      4	26682
     15	26707
      1	26711
      1	26718
      1	26726
      3	26748
      2	26824
      2	26838
      1	26860
      1	26864
      4	26871
      1	26973
      2	26983
      1	27053
      2	27067
      1	27118
      1	27211
      1	27242
      1	27268
      2	27277
      4	27286
      4	27333
      1	27384
      2	27409
      1	27510
      1	27519
      1	27529
      2	27532
     10	27547
      2	27587
      1	27619
      1	27620
      3	27653
     16	27717
      4	27765
      1	27782
      1	27867
      2	27873
      2	27893
      1	27911
      1	27920
      3	27944
      1	27979
      1	28017
      1	28107
      1	28113
      1	28120
      1	28127
      1	28159
      1	28183
      2	28204
      2	28213
      2	28222
      2	28232
      1	28248
      2	28266
      1	28278
      1	28293
      2	28305
      1	28318
      1	28324
      1	28395
      1	28397
      2	28440
      1	28451
      1	28461
      1	28469
      2	28472
      2	28493
     56	28504
      1	28545
      1	28556
      1	28663
      3	28666
      1	28683
      1	28701
      1	28716
      2	28733
      2	28807
      1	28842
      3	28882
      1	28895
      1	28914
      1	28974
      1	28990
      1	28996
      1	29002
      2	29008
      1	29024
      5	29025
      2	29041
      3	29042
      1	29103
      3	29135
      3	29137
      1	29168
      1	29188
      5	29211
      3	29226
      1	29228
      1	29251
      3	29257
      1	29265
      1	29289
      3	29310
      2	29311
      1	29341
      7	29365
      2	29373
      1	29384
      1	29395
      3	29482
      1	29488
      1	29500
      1	29523
      1	29561
      1	29626
      2	29632
      1	29670
      1	29713
      1	29715
      1	29724
      2	29760
      3	29801
      1	29808
      1	29837
      1	29844
      1	29880
      1	29883
      1	29907
      2	29936
      1	29954
      1	29964
      1	29993
      5	30066
      1	30092
      1	30114
     18	30117
      1	30159
      2	30177
      3	30211
      1	30250
      1	30285
      1	30288
      1	30306
      1	30335
      1	30352
      1	30396
      6	30404
      1	30432
      1	30439
      1	30462
     15	30484
      1	30495
      1	30534
      1	30564
      2	30613
      1	30637
      1	30719
      1	30747
      1	30770
      1	30836
      1	30859
      1	30909
      1	30929
      1	30941
      1	30962
      3	30983
      3	30990
      3	31001
      2	31006
      1	31011
      1	31025
      1	31049
      1	31063
      1	31078
      1	31113
      1	31164
      1	31174
      3	31178
      1	31202
      1	31205
      1	31238
      1	31280
      1	31312
      1	31343
      1	31358
      5	31367
      1	31397
      1	31416
      1	31438
      2	31451
      2	31458
      1	31510
      3	31515
      1	31527
      1	31531
      1	31535
      1	31589
      1	31606
      1	31613
      4	31630
      2	31656
      2	31691
      1	31779
      1	31786
      1	31793
      3	31915
      1	31949
      1	31957
      3	31960
      1	31961
      1	32038
      1	32045
      6	32055
      2	32064
      1	32069
     51	32117
      1	32119
      1	32180
      1	32252
      4	32278
      1	32279
      1	32345
      1	32389
      1	32431
      3	32446
      1	32540
      1	32551
      5	32568
      3	32580
      1	32634
      1	32636
      1	32657
      2	32659
      1	32662
      1	32671
      3	32709
      1	32724
      4	32737
      2	32770
      1	32778
      3	32781
      1	32832
      1	32851
      1	32863
      1	32918
      1	32932
      3	32983
      1	32991
      2	33012
      1	33029
      1	33098
      5	33100
      1	33137
      1	33143
      2	33176
      1	33203
      1	33207
      1	33241
      3	33260
      1	33291
      2	33292
      1	33303
      2	33317
      3	33362
      1	33364
      4	33450
      2	33497
      1	33499
      1	33525
      1	33535
      1	33537
      1	33586
      1	33587
      1	33619
      1	33630
      1	33658
      2	33659
      1	33661
      2	33662
      2	33665
      7	33675
      1	33682
      1	33722
      1	33736
      2	33738
      3	33758
      1	33814
      2	33857
      1	33879
      1	33892
      2	33925
     41	33972
      1	33992
      1	33997
      2	34040
      5	34055
      1	34084
      1	34090
      1	34133
      1	34148
      3	34151
      5	34164
      3	34227
      1	34257
      2	34284
      3	34321
      1	34335
      1	34374
      1	34428
      1	34443
      6	34491
      1	34501
      1	34551
      1	34577
      2	34590
      1	34636
      1	34649
      2	34750
      2	34786
      2	34819
      2	34836
      1	34848
      4	34865
      4	34898
      1	34905
      1	34928
      1	34930
      1	34984
      1	35024
      1	35051
      1	35056
      1	35087
      2	35119
      1	35166
      2	35169
      1	35184
      1	35186
      2	35212
      2	35223
      3	35234
      1	35254
      2	35258
      1	35310
      1	35385
      2	35392
      5	35434
      7	35496
      1	35506
      2	35509
      1	35527
      1	35692
      1	35723
     16	35731
      1	35765
      1	35797
      1	35810
      8	35824
      1	35833
      2	35838
      1	35839
      1	35891
      2	35908
      1	35935
      1	35968
      2	36028
      3	36036
      2	36054
      1	36069
      1	36071
      1	36077
      2	36082
      2	36084
      1	36094
      2	36166
      1	36200
      4	36213
      1	36240
      1	36334
      4	36359
      2	36368
      1	36381
      1	36403
      2	36425
      6	36437
      1	36534
      1	36538
      5	36574
      1	36587
      1	36627
      1	36658
      2	36663
      1	36717
      2	36719
      3	36723
      1	36795
      1	36812
      1	36823
      2	36831
      1	36850
      1	36862
      2	36870
      2	36884
      1	36887
      1	36905
      1	36940
      5	36991
      1	37062
      1	37066
      1	37076
      1	37128
      2	37174
      1	37215
      1	37233
      1	37243
      1	37265
      1	37267
      1	37305
      2	37316
      2	37329
      7	37348
      1	37357
      1	37363
      1	37382
      2	37407
      1	37408
      1	37465
      1	37471
      1	37472
      3	37504
      2	37531
      1	37610
      9	37617
     15	37640
      1	37653
      1	37731
      2	37768
      1	37775
      1	37776
      2	37800
      3	37841
      3	37854
      2	37885
      1	37895
      1	38002
      1	38031
      1	38034
      1	38047
      2	38052
      1	38054
      1	38056
      1	38059
      4	38080
      6	38160
      1	38181
      1	38190
      1	38237
      6	38296
      1	38302
      2	38330
      1	38331
      1	38370
      1	38464
      1	38480
      1	38520
      1	38545
      1	38592
      2	38648
      2	38662
      1	38665
      2	38676
      1	38691
      1	38764
      6	38838
      1	38855
      1	38863
      1	38884
      9	38926
      2	38935
      1	39009
      1	39012
      3	39024
      1	39048
      1	39098
      3	39143
      2	39159
      2	39176
      1	39200
      3	39204
      1	39219
      1	39239
      1	39254
      5	39338
      1	39340
      1	39344
      1	39379
      2	39386
      1	39398
      1	39403
      1	39440
      1	39451
      1	39472
      1	39509
      3	39525
      2	39702
      1	39749
      3	39781
      2	39804
      1	39809
      2	39843
      1	39846
      1	39851
      1	39862
      2	39870
      1	39931
      1	40010
      1	40017
      1	40056
      4	40063
      1	40070
      1	40116
      1	40120
      4	40128
      1	40170
      1	40251
      3	40314
      5	40350
      2	40358
      5	40362
      1	40475
      1	40477
      1	40510
      1	40522
      1	40529
      3	40585
      1	40587
      2	40641
      1	40652
      1	40735
      2	40815
      4	40820
      2	40845
      4	40863
      1	40864
      1	40876
      1	40895
      1	40897
      1	40942
      3	41021
      1	41047
      1	41051
      4	41063
      1	41083
      3	41133
      1	41139
      1	41166
      3	41185
      1	41234
      1	41262
      1	41266
      3	41267
      2	41316
      1	41333
      1	41345
      2	41363
      1	41372
      2	41439
      1	41473
      1	41490
      1	41532
      3	41540
      2	41554
      1	41618
      2	41622
      3	41640
      1	41657
      1	41700
      1	41723
      2	41770
      3	41774
      1	41782
      1	41829
     13	41861
      4	41871
      2	41879
      2	41883
      1	41922
      1	41951
      1	41956
      1	41968
      8	41986
      2	41993
      3	42015
      1	42053
      3	42099
      3	42143
      1	42156
      1	42175
      2	42183
      1	42190
      1	42200
      1	42230
      1	42309
      1	42369
      1	42392
      1	42393
      1	42414
      2	42433
      1	42522
      1	42537
      2	42548
      1	42565
     15	42616
      3	42630
      3	42657
      1	42672
      2	42679
      3	42696
      2	42701
      1	42703
      2	42723
      1	42830
      2	42840
      1	42845
      1	42854
      1	42871
      1	42878
      1	42931
     16	43080
      7	43104
      1	43112
      1	43145
      1	43171
      1	43211
      2	43222
      1	43243
      1	43247
      3	43252
      2	43369
      1	43397
      1	43403
      4	43463
      3	43518
      4	43531
      1	43538
      1	43566
      2	43629
      1	43640
      1	43646
      5	43678
      1	43748
      1	43777
      4	43813
      3	43817
      1	43818
      2	43832
      3	43835
      2	43836
      1	43862
      1	43877
      1	43889
      1	43989
      1	43996
      1	44055
      1	44117
     27	44153
      2	44162
      1	44171
      1	44222
     13	44237
      1	44248
      1	44257
      1	44273
      2	44308
      1	44311
      3	44316
      1	44413
      2	44439
      1	44440
      2	44447
      1	44583
      3	44591
      2	44657
      1	44705
      2	44709
      3	44726
     15	44741
      1	44747
      1	44750
      1	44752
      2	44848
      6	44909
      1	44921
      1	44929
      1	44930
      1	44947
      2	45008
      1	45056
      1	45127
      1	45148
      1	45166
      7	45180
      1	45245
      1	45260
      2	45298
      1	45304
      2	45307
      2	45345
      2	45359
      1	45390
      2	45410
      1	45412
      3	45465
      1	45471
      1	45509
      1	45517
      1	45551
      1	45577
      2	45593
      1	45599
      3	45608
      1	45661
      4	45665
      1	45713
      2	45737
      7	45758
      1	45772
      1	45776
      3	45780
      1	45815
      5	45821
      3	45847
      1	45885
      2	45930
      2	45943
      4	45947
      1	45953
      2	45955
      3	46008
      2	46028
      1	46076
      1	46100
      2	46120
      1	46174
      2	46184
      1	46185
      2	46200
      2	46221
      2	46233
      1	46239
      1	46248
      3	46249
      1	46261
      2	46329
      1	46356
      2	46388
      1	46417
      4	46452
      2	46499
      2	46523
      1	46558
      2	46595
      6	46608
      4	46671
      2	46688
      3	46724
      1	46734
      1	46776
      1	46848
      1	46977
      4	46992
      1	47001
      3	47012
      1	47015
      1	47038
      1	47062
      3	47082
      1	47104
      1	47123
      3	47163
      1	47215
      1	47277
      1	47281
      1	47311
      1	47333
      3	47348
      3	47377
      1	47401
      2	47491
      1	47540
      1	47635
      1	47668
      1	47681
      1	47689
      2	47693
      1	47788
      3	47823
      6	47874
      1	47883
     11	47905
      2	47913
      1	47919
      1	47931
      1	47962
      2	47965
      1	47992
      1	48004
      1	48037
      4	48064
      1	48104
      1	48130
      1	48152
      3	48157
      6	48219
      1	48266
      1	48291
      1	48316
      4	48320
      4	48326
      1	48359
      5	48366
      1	48400
      2	48407
      1	48410
      1	48422
      1	48438
      1	48446
      1	48462
      1	48540
     38	48577
      1	48608
      1	48639
      1	48653
      3	48666
      2	48680
      2	48714
      6	48746
      1	48769
      1	48808
      1	48832
      1	48837
     12	48847
      1	48864
      1	48884
      1	48913
      1	48921
      1	48948
      2	48950
      2	48995
      2	49073
      1	49094
      1	49119
      1	49180
      1	49185
      2	49210
      4	49212
      1	49216
      1	49270
      3	49295
      3	49305
      1	49377
      1	49384
      1	49427
      1	49441
      5	49457
      2	49481
      1	49490
      2	49576
      2	49650
      1	49684
      2	49695
      1	49732
      1	49773
      2	49815
      1	49844
      3	49913
      4	49966
      1	49971
      1	50052
      1	50133
      1	50267
      1	50290
      2	50291
      2	50339
      1	50345
      1	50361
      1	50369
      1	50373
      5	50392
      3	50439
      1	50463
     29	50544
      2	50546
      1	50578
      5	50638
      4	50649
      1	50660
      1	50686
      1	50702
      2	50777
      1	50784
      3	50863
      5	50894
      1	51028
      4	51031
      1	51037
      1	51047
      2	51050
      1	51060
      1	51073
      3	51088
      1	51099
      1	51107
      1	51113
      1	51120
      3	51135
      1	51165
      1	51168
     10	51175
      1	51223
      1	51243
      4	51358
      6	51382
     14	51394
      1	51419
      1	51427
      1	51433
      3	51442
      2	51452
      2	51474
      1	51520
      1	51537
      3	51576
      1	51599
      1	51609
      1	51620
      1	51662
      1	51669
      1	51694
      1	51716
      7	51822
      6	51824
      1	51872
      1	51917
      1	52047
     28	52112
      3	52121
      1	52170
      1	52186
      1	52188
      1	52205
      1	52224
      1	52226
      1	52238
      1	52243
      1	52269
      4	52323
      1	52344
      1	52382
      1	52414
      1	52498
      2	52522
      1	52534
      2	52541
     10	52564
      3	52603
      5	52635
      1	52639
      1	52641
      1	52643
      1	52667
      3	52686
      1	52733
      1	52814
      2	52821
      1	52857
      1	52888
      3	53009
      2	53049
      1	53063
      1	53071
      1	53105
      1	53115
      1	53151
      1	53223
      1	53243
      1	53256
      1	53270
      1	53271
      1	53278
      1	53297
      1	53305
      1	53310
      1	53340
      1	53344
      1	53386
      9	53401
      1	53439
      1	53466
      1	53486
      1	53487
     17	53490
      1	53537
      1	53567
      1	53596
      2	53666
      1	53668
      1	53680
      3	53689
      1	53705
      1	53708
      2	53712
      1	53784
      3	53827
      3	53846
     11	53870
      1	53902
     16	53925
      1	53971
      1	54061
     15	54073
      1	54124
      1	54127
      2	54146
      1	54150
      1	54183
      1	54204
      2	54209
      1	54224
      1	54227
      2	54307
      1	54312
      3	54316
      1	54321
      1	54359
      1	54369
      1	54395
      1	54400
      3	54407
      1	54423
      1	54425
      2	54443
      1	54520
      1	54525
      3	54526
      1	54569
      1	54615
      1	54626
      2	54649
      1	54666
      1	54691
      1	54702
      2	54756
      2	54777
      1	54786
      1	54807
      1	54855
      1	54867
      3	54883
      1	54897
      1	54930
      1	54968
      1	54979
      4	55014
      1	55023
      5	55135
      1	55159
      1	55171
      1	55262
      1	55268
      1	55275
    195	55301
      3	55306
      1	55350
      1	55368
      1	55369
      5	55416
      6	55418
      2	55421
      9	55449
      1	55456
      1	55457
      1	55459
      2	55475
      1	55477
      1	55572
      1	55578
      2	55607
      1	55614
      1	55661
      1	55663
      1	55672
      1	55674
      1	55688
      3	55726
      1	55738
      3	55782
      1	55848
      2	55908
      1	55923
      3	55983
      1	56034
      1	56055
      1	56064
      2	56080
      1	56084
      1	56103
      1	56105
      1	56107
      1	56110
      1	56113
      2	56163
      6	56190
      3	56201
      1	56239
      3	56250
      1	56347
      1	56362
      7	56450
      1	56496
      1	56552
      1	56583
      1	56603
      1	56614
      1	56693
      9	56698
      1	56702
      1	56762
     23	56805
      1	56807
      1	56816
      3	56821
      1	56833
      1	56837
      1	56847
      1	56871
      1	56907
      3	56921
      1	56990
      1	57047
      1	57091
      2	57099
      1	57118
      1	57133
      1	57141
      1	57165
      4	57197
      1	57198
      1	57200
      2	57225
      2	57297
      2	57337
      5	57349
      8	57367
      5	57376
      1	57381
      1	57394
      5	57419
      2	57449
      1	57481
      1	57484
      1	57492
      1	57495
      1	57503
      1	57525
      1	57556
      1	57560
      2	57564
      1	57568
     42	57595
      1	57612
      1	57675
      1	57688
      1	57758
      1	57764
      1	57766
      1	57779
      2	57803
     29	57921
      1	57922
      1	57948
      1	57994
      1	58002
      2	58047
      1	58051
      1	58063
      1	58081
      1	58103
      2	58109
      1	58159
      1	58199
      1	58223
      3	58244
      1	58347
      8	58396
      1	58404
      1	58406
      2	58413
      2	58447
      2	58472
      1	58492
      2	58521
      1	58523
      2	58580
      1	58617
      2	58656
      1	58688
      1	58734
      1	58749
      1	58783
      2	58787
      1	58799
      4	58800
      1	58806
      1	58820
      2	58845
      1	58857
      1	58872
      1	58887
      1	58894
      1	58897
      1	58908
      1	58913
      2	58934
      1	58953
      2	59011
      3	59094
      3	59106
      3	59111
      1	59128
      1	59135
      1	59155
      1	59188
      2	59206
      4	59210
      1	59222
      3	59308
      1	59324
      1	59385
     12	59423
      2	59425
      1	59435
      1	59515
      2	59549
      1	59674
      2	59726
      1	59737
      3	59780
      1	59795
      1	59800
      1	59878
      2	59911
      1	59970
      1	59982
      1	60023
      1	60049
      3	60081
      1	60118
      1	60151
      1	60155
      1	60157
      1	60174
      1	60192
      1	60202
      3	60208
      2	60249
      1	60269
      1	60282
      1	60283
      1	60293
      1	60312
      1	60384
      1	60403
      1	60417
      2	60427
      1	60523
      1	60533
      2	60542
      1	60557
      6	60581
      2	60653
      3	60656
      4	60669
      1	60786
      1	60796
      3	60819
      2	60826
      1	61032
      1	61046
      1	61064
      1	61094
      1	61114
      1	61132
      7	61138
      1	61140
      1	61148
      3	61157
      1	61169
      2	61191
      2	61194
      1	61228
      2	61230
      5	61251
      3	61261
      2	61280
      1	61282
      2	61287
      1	61332
      4	61396
      3	61494
      1	61548
     56	61577
      1	61581
      1	61592
      1	61599
      2	61637
      1	61668
      1	61698
      1	61705
      1	61716
      1	61746
      2	61784
      1	61787
      1	61791
      1	61817
      1	61870
      3	61928
      2	61940
      2	61962
      1	62000
      1	62006
      5	62007
      1	62067
      2	62107
      2	62108
      5	62119
      1	62154
      1	62174
      3	62180
      2	62183
      1	62235
      1	62243
      1	62261
      1	62278
      1	62332
      1	62336
      3	62345
      1	62346
      1	62396
      2	62412
      2	62427
      1	62470
      2	62484
      1	62492
      1	62495
      1	62534
      1	62577
      1	62582
      2	62584
      1	62628
      1	62631
      2	62643
      1	62667
      3	62784
      3	62786
      2	62787
      2	62790
      1	62853
      2	62865
      1	62882
      1	62900
      1	62903
      1	62907
     15	62926
      1	62947
      1	62955
      1	63022
      1	63050
      4	63081
      1	63147
      1	63156
      1	63165
      2	63198
      1	63274
      1	63317
      1	63327
      2	63338
      2	63368
      2	63409
      4	63430
      1	63432
      1	63446
      1	63449
      1	63495
      1	63559
      3	63575
      1	63581
      6	63596
      3	63603
      1	63611
      2	63684
      1	63718
      3	63754
      1	63771
      1	63783
      1	63791
      1	63817
      1	63820
      1	63828
      4	63832
      3	63872
      1	63879
      1	63902
      1	63914
      1	63956
      1	63984
      5	63985
      1	63987
      7	63994
      2	64001
      1	64029
      1	64060
      1	64065
      1	64283
      1	64425
      2	64473
      2	64509
      1	64514
      3	64528
      1	64542
      1	64543
      4	64566
      1	64582
      1	64637
      1	64655
      1	64662
      1	64690
      1	64821
      1	64830
      1	64863
      5	64884
      1	64900
      7	64914
      2	64926
      1	65004
      1	65053
      1	65066
      1	65080
      1	65141
      4	65169
      1	65172
      1	65206
      1	65213
      2	65282
      1	65296
      1	65310
      2	65338
      2	65375
      1	65427
      2	65478
      2	65494
      1	65507
      5	65526
