      1	71
      1	77
      4	162
      3	240
      1	538
      1	567
      1	598
      1	631
      1	723
      1	779
      1	813
      1	845
      1	920
      1	946
      3	1070
      1	1155
      1	1167
      1	1361
      1	1497
      1	1503
      1	1656
      2	1673
      1	1732
      1	1802
      1	1818
      1	1856
      1	1977
      1	1996
      1	1998
      1	2031
      1	2087
      2	2093
      1	2325
      1	2386
      4	2417
      3	2503
      3	2505
      1	2511
      1	2538
      1	2574
      1	2661
      1	2705
      1	2824
      1	2898
      1	2955
      1	3013
      2	3026
      2	3072
      1	3227
      7	3243
      1	3486
      4	3543
      1	3552
      1	3583
      1	3691
      1	3840
      2	3842
      1	4139
      1	4318
      1	4681
      1	4853
      1	5099
      1	5118
      2	5161
      1	5164
      1	5267
      1	5314
      1	5319
      1	5358
      1	5475
      1	5495
      2	5587
      1	5658
      1	5733
      1	5817
      2	5823
      1	5825
      2	5830
      2	5981
      1	6311
      5	6512
      1	6711
      1	6915
      1	7042
      1	7376
      1	7467
      1	7561
      2	7675
      1	7769
      1	7825
      1	7869
      1	8023
      1	8036
      2	8121
      1	8313
      1	8332
      1	8365
      1	8411
      1	8513
      1	8558
      4	8667
      2	8777
      2	8892
      1	8922
      1	9121
      1	9133
      1	9178
      2	9234
      1	9301
      1	9307
      4	9317
      1	9324
      1	9345
      1	9427
      1	9463
      1	9476
      1	9491
      1	9498
      2	9545
      1	9547
      1	9752
      1	9806
      1	9888
      1	9900
      1	10172
      1	10447
      1	10563
      1	10570
      1	10722
      6	10724
      1	10788
      1	10825
      1	10905
      7	11090
      1	11304
      1	11553
      2	11584
      6	11762
      1	11964
      1	12098
      1	12196
      2	12356
      1	12405
      2	12435
      1	12472
      1	12660
      1	12674
      1	12680
      1	12804
      4	12915
      1	12967
      1	13130
      1	13209
      1	13388
      1	13440
      1	13457
      1	13523
      2	13561
      2	13738
      1	13774
      2	13806
      1	14058
      1	14098
      1	14137
      1	14166
      1	14188
      1	14343
      1	14359
      1	14385
      1	14498
      1	14648
      1	14939
      1	14961
      1	15029
      1	15120
      1	15355
      1	15437
      2	15461
      1	15748
      1	15754
      2	15831
      1	15852
      1	15959
      1	15985
      1	16076
      1	16188
      1	16383
      1	16421
      2	16554
      1	16560
      1	16637
      3	16704
      5	16738
      1	16740
      1	16904
      1	17015
      2	17165
      1	17210
      1	17267
      2	17302
      1	17338
      1	17375
      2	17592
      2	17668
      2	17736
      1	17807
      1	17824
      3	17879
      1	17901
      2	17929
      1	17989
      2	18391
      1	18414
      3	18590
      8	18660
      1	18867
      1	19121
      1	19197
      1	19459
      1	19483
      1	19512
      1	19568
      2	19582
      1	19630
      1	19923
      1	19941
      1	19943
      2	19976
      2	19991
      2	20024
     18	20267
      1	20364
      4	20506
      6	20609
      1	20612
      3	20658
      1	20960
      1	21042
      1	21507
      1	21552
      3	21605
      1	21756
      2	21766
      1	21822
      1	21830
      1	21908
      2	21989
      1	22049
      2	22204
      1	22294
      1	22336
      1	22340
      1	22358
      1	22360
      1	22389
      3	22392
      1	22428
      1	22547
      2	22598
      2	22661
      2	22832
      1	22976
      1	23029
      1	23179
      1	23210
      1	23219
      1	23237
      1	23333
      1	23401
      3	23419
      1	23494
      1	23526
      1	23720
      1	23743
      1	24038
      1	24331
      3	24334
      1	24353
      1	24412
      1	24668
      1	24708
      2	24807
      3	24817
      1	24990
      1	25007
      1	25129
      1	25211
      1	25242
      1	25390
      1	25450
      1	25543
      8	25556
      1	25663
      1	25666
      2	25689
      1	25757
      2	25774
      1	25899
      2	26111
      3	26202
      1	26244
      1	26280
      1	26293
      1	26368
      1	26666
      3	26806
      1	26828
      1	26913
      1	27039
      1	27313
      2	27349
      1	27500
      2	27693
      1	27773
      2	27784
      1	27873
      1	27880
      1	28058
      1	28117
      1	28521
      2	28605
      1	28615
      3	28692
      1	28792
      1	28807
      1	28817
      1	28824
     10	29028
      1	29125
      1	29191
      1	29333
      1	29514
      1	29516
      2	29596
      1	29784
      1	29945
      1	29994
      1	30021
      1	30055
      1	30061
      1	30085
      1	30109
      1	30422
      1	30427
      1	30450
      1	30533
      1	30534
      2	30611
      2	30623
      1	30653
      1	30733
      1	30885
      1	31213
      1	31276
      1	31447
      1	31481
      1	31562
      1	31571
      1	31623
      1	31626
      1	31712
      1	31844
      1	31919
      1	31981
      1	32032
      1	32114
      1	32147
      1	32245
      1	32345
      1	32814
      1	32863
      1	32967
      1	33027
      1	33137
      1	33170
      1	33292
      4	33306
      1	33417
      1	33446
      1	33454
      1	33472
      2	33484
      1	33485
      1	33640
      1	33682
      1	33693
      6	33768
      1	33887
      1	34110
      5	34219
      1	34228
      1	34284
      1	34295
      2	34440
      1	34604
      1	34608
      2	34708
      1	34723
      1	34750
      2	35065
      1	35152
      2	35208
      2	35313
      1	35405
      1	35498
      1	35601
      1	35656
      3	35659
      1	35667
      1	35836
      1	36048
      1	36173
      1	36305
      1	36414
      1	36430
      1	36454
      1	36493
      1	36556
      1	36587
      2	36600
      1	36930
      1	37149
      1	37167
      1	37213
      1	37321
      1	37382
      1	37392
      1	37432
      1	37469
      1	37490
      1	37640
      4	37680
      2	37709
      1	37784
      1	37795
      1	37838
      1	37869
      1	37895
      1	37997
      1	38181
      1	38206
      1	38289
      2	38293
      2	38447
      1	38479
      2	38480
      3	38520
      4	38544
      1	38592
      1	38713
      2	38757
      6	38839
      6	38909
      1	38993
      1	39149
      2	39243
      1	39302
      2	39898
      1	40067
      1	40170
      1	40387
      1	40626
      1	40647
      1	40821
      1	40868
      2	40879
      1	40907
      1	40918
      1	41119
      1	41185
      1	41188
      1	41297
      1	41364
      1	41377
      1	41435
      1	41495
      3	41582
      1	41598
      1	41770
      1	41801
      1	41813
      1	41860
      1	42011
      1	42049
      2	42136
      1	42181
      1	42218
      1	42329
      1	42369
      1	42389
      1	42399
      3	42408
      1	42541
      2	42628
      1	42656
      9	42669
      2	42677
      1	42855
      1	42884
      2	42959
      1	43397
      1	43441
      1	43518
      1	43535
      1	43565
      1	43645
      1	43693
      1	43764
      2	44141
      1	44153
      1	44329
      2	44443
      1	44657
      1	44666
      1	44725
      2	44833
      2	44879
      1	44896
      2	44912
      1	44961
      1	45059
      2	45220
      1	45274
      1	45324
      1	45425
      2	45570
      1	45655
      1	45751
      1	45847
      1	45860
     25	46025
      1	46486
      1	46505
      1	46530
      1	46692
      3	46827
      1	46850
      3	46884
      1	47027
      2	47054
      1	47055
      1	47104
      1	47159
      1	47193
      1	47204
      1	47222
      1	47229
      1	47376
      1	47429
      1	47475
      1	47497
      3	47692
      1	47716
      2	47883
      1	47913
      1	47985
      1	47999
      1	48005
      1	48096
      1	48292
      2	48316
      2	48320
      1	48333
      1	48359
      1	48427
      1	48458
      1	48513
      1	48630
      2	48651
      1	48714
      1	49209
      1	49251
      1	49333
      1	49424
      1	49450
      1	49564
      1	49596
      1	49693
      1	49722
      2	49922
      4	50040
      1	50070
      1	50147
      1	50209
      1	50294
      1	50340
      1	50366
      1	50484
      2	50508
      1	50565
      1	50660
      1	50777
      1	50798
      1	50810
      2	50900
      1	50940
      1	50955
      1	51112
      2	51198
      1	51394
      3	51434
      1	51549
      1	51668
      1	51724
      1	51822
      2	51841
      2	51890
      4	51920
      1	51941
      3	51946
      1	51952
      2	51959
      1	51992
      1	52305
      3	52323
      2	52330
      1	52398
      1	52415
      1	52445
      2	52459
      2	52848
      1	52917
      1	52939
      2	53020
      2	53145
      2	53405
      1	53439
      2	53660
      1	53746
      1	53774
      1	53820
      1	54222
      1	54430
      1	54525
      1	54807
      1	54813
      1	54834
      1	54950
      4	54992
      2	54999
      1	55023
      1	55165
      1	55207
      1	55278
      1	55398
      1	55401
      4	55460
      1	55566
      1	55587
      1	55814
      1	55987
      1	56034
      1	56052
      4	56073
      1	56084
      1	56122
      1	56144
      1	56194
      4	56371
      2	56434
      1	56533
      1	56560
      1	56564
      1	56566
      1	56574
      1	56681
      1	56762
      1	56829
      1	56861
      1	56930
      2	56940
      5	57279
      1	57294
      1	57361
      1	57459
      1	57705
      1	58216
      1	58567
      1	58647
      1	58721
      1	58750
      1	58857
      1	59111
      1	59126
      1	59140
      1	59208
      1	59291
      1	59466
      3	59567
      1	59609
      1	59659
      1	59726
      1	59739
      2	59878
      2	60210
      1	60214
      1	60284
      1	60343
      1	60379
      1	60461
      3	60501
      1	60523
      2	60557
      1	60581
      1	60693
      1	60878
      1	60909
      4	60919
      1	61066
      1	61140
      2	61226
      1	61230
      1	61647
      2	61664
      1	61665
      2	61683
      3	62095
      3	62098
      1	62108
      1	62183
      2	62252
      1	62384
      1	62485
      2	62532
      1	62584
      1	62650
      1	62849
      1	62861
      1	62882
      1	63002
      1	63047
      3	63097
      1	63140
      1	63198
      1	63313
      1	63338
      1	63411
      1	63413
      1	63503
      3	63696
      1	63806
      8	63807
      1	63830
      1	63987
      1	64081
      1	64153
      1	64306
      2	64424
      1	64459
      1	64474
      1	64637
      1	64700
      1	64995
      5	65009
      1	65014
      1	65116
      1	65171
      1	65249
      1	65251
      1	65352
      1	65502
