      1	162
      6	175
      1	538
      1	1175
      1	1248
      1	1562
      3	1702
      1	1896
      1	1913
      1	2087
      2	2093
      1	2125
      1	2338
      1	2511
      1	2992
      1	3114
      1	3552
      1	4244
      1	4609
      1	4641
      1	4810
      2	4926
      1	4930
      2	5161
      2	5475
      1	5717
      1	5778
      1	5823
      1	5888
      1	5999
      1	6291
      1	6293
      1	6370
      1	6439
      1	6860
      1	7013
      2	7403
      1	7466
      1	7612
      1	7970
      1	8332
      1	8472
      1	8626
      1	8901
      1	9147
      1	9149
      1	9188
      1	9411
      1	9440
      1	9896
      1	10245
      1	10275
      1	10346
      1	10586
      6	10724
      1	10844
      1	10875
      1	11100
      1	11146
      1	11272
      2	11524
      1	11750
      1	11967
      1	11986
      1	12049
      1	12418
      2	12435
      1	12762
      4	12809
      1	13235
      2	13252
      1	13270
      1	13481
      1	13653
      1	13787
      2	13871
      1	14226
      1	14923
      3	15479
      1	15985
     10	15995
      1	16148
      1	16209
      1	16227
      1	16367
      1	16421
      1	16560
      1	17018
      1	17056
      1	17062
      1	17077
      1	17105
      2	17164
      1	17210
      1	17311
      1	17314
      1	17656
      1	17736
      1	17916
      2	17928
      1	17975
      1	18413
      2	18504
      2	18538
      1	18572
      4	18590
      1	19692
      1	19825
      4	20024
      2	20172
      1	20268
      1	20287
      2	20506
      2	20609
      2	20808
      4	21042
      1	21285
      1	21378
      1	21754
      2	21814
      1	21822
      3	21926
      1	22235
      5	22336
      1	22744
      1	22806
      2	23321
      1	23473
      1	23577
      1	23606
      1	23678
      1	23993
      1	24097
      2	24136
      1	24429
      1	24623
      1	24805
      1	25054
      1	25689
      1	25695
      1	25944
      1	25985
      1	26111
      1	26246
      1	26359
      1	26633
      1	26777
      1	26826
      1	27263
      1	27440
      1	27773
      1	27920
      1	28396
      1	28521
      1	29002
      1	29164
      1	29207
      1	30119
      1	30427
      2	30555
      1	30565
      1	30578
      1	30595
      2	30877
      1	31090
      1	31140
      1	31370
      1	31472
      1	31493
      1	31557
      1	31927
      1	31983
      3	32148
      1	32364
      1	32514
      1	32515
      1	32648
      1	32863
      1	34084
      2	34110
      1	34190
      3	34241
      1	34395
      1	34510
      1	34521
      2	34627
      1	35000
      1	35126
      1	35869
      1	36280
      1	36470
      1	36559
      1	36565
      1	36587
      1	36713
      1	36810
      1	36946
      1	36960
      1	37061
      1	37149
      1	37308
      1	37471
      2	37542
      2	37743
      1	37784
      1	37855
      1	38038
      1	38099
      2	38224
      1	38232
      2	38259
      2	38480
      1	38640
      1	38855
      1	39206
      1	39302
      3	39325
      1	39339
      5	39340
      1	39785
      5	39856
      1	40067
      1	40100
      1	40149
      1	40188
      1	40284
      1	40661
      1	40746
      1	41478
      9	41582
      4	41760
      1	42281
      1	42355
      1	42369
      1	42517
      1	42847
      2	42884
      1	43498
      3	43832
      1	43985
      1	44031
      1	44117
      3	44252
      1	44617
      2	44725
      2	44961
      1	44972
      1	45943
      1	45965
      1	46174
      2	46437
      1	46632
      2	46680
      1	46724
      1	47011
      1	47090
      1	47126
      1	47275
      4	47311
      1	47376
      1	47475
      1	47597
      2	47602
      1	47650
      1	47729
      2	47858
      1	47899
      1	48235
      1	48834
      1	48858
      2	49180
      1	49206
      1	49267
      1	49371
      1	49493
      1	49558
      1	49842
      1	50072
      2	50200
      1	50267
      1	50366
      1	50401
      1	50468
      2	50533
      1	50539
      1	50874
      1	51151
      2	51392
      1	51427
      1	51493
      1	51645
      1	51905
      1	51920
      1	52255
      1	52273
      1	52370
      1	52457
      1	52512
      1	52575
      1	52794
      1	52928
      1	53147
      1	53349
      1	53357
      1	53479
      1	53947
      2	54272
      2	54786
      1	54883
      2	54989
      1	55345
      1	55355
      1	55460
      2	55500
      1	55565
      1	56038
      7	56187
      1	56359
      2	56434
      1	56564
      5	56855
      1	57064
      2	57144
      1	57420
      1	57459
      1	57541
      1	57566
      1	57804
      1	57836
      1	58468
      2	58506
      1	58654
      1	58679
      1	58722
      1	58815
      1	58860
      1	59177
      1	59180
      1	59672
      2	59715
      1	59758
      1	59973
      1	60000
      1	60100
      1	60282
      1	60523
      1	60557
      1	60660
      1	61068
      1	61261
      1	61489
      1	61562
      1	61829
      2	62056
      1	62427
      1	62665
      1	62841
      4	62965
      1	63002
      1	63077
      1	63092
      1	63363
      3	63696
      5	63807
      1	63844
      1	64131
      1	64339
      2	64398
      1	64738
      1	64884
      1	65410
