      1	40
      1	65
      8	66
      1	173
      5	366
      3	460
      1	478
      1	480
      1	492
      4	789
      1	893
      1	1091
      1	1139
      7	1172
      5	1368
      2	1496
      1	1595
      1	1617
      5	1781
      1	1862
      6	1991
      3	2068
      6	2164
      1	2172
      2	2221
      2	2247
     14	2284
      1	2396
      1	2426
      7	2490
     19	2600
      2	2664
     20	2827
      3	2857
      3	2863
      8	2949
      1	3020
      5	3073
      1	3119
      5	3141
      1	3239
      1	3322
     28	3458
      3	3491
      5	3630
      1	3675
      7	3820
      1	3878
      1	4047
      1	4292
      1	4434
      3	4486
      2	4541
      4	4557
      9	4589
      2	4808
      1	4815
      3	5059
      1	5109
      3	5195
      1	5257
      2	5317
      1	5472
      3	5581
      3	5720
      3	5748
      1	5753
      6	5892
      5	5989
      7	6002
      1	6089
      5	6115
      2	6429
      2	6457
      5	6480
      2	6487
      3	6731
     11	6762
     13	6949
      2	6988
      2	7054
      8	7114
      3	7115
      8	7125
     26	7173
      1	7377
      1	7550
      9	7603
      1	7678
      2	7705
      5	7988
      5	8151
      1	8353
      7	8498
      1	8584
      1	8715
      1	8810
      1	8888
      1	9099
      1	9186
      2	9209
      1	9304
      2	9317
      1	9370
      6	9644
      2	9772
      2	9780
      1	9813
      1	9935
      6	9985
      1	10102
      1	10141
      8	10174
      1	10245
     46	10281
      2	10283
     34	10413
      2	10453
     31	10456
     14	10525
      1	10528
      1	10628
      1	10741
      1	10819
      1	11016
      1	11085
      2	11126
      3	11347
      1	11382
      1	11451
     24	11467
      1	11477
      2	11503
     13	11589
      2	11603
      3	11630
      2	11981
     15	12029
      1	12117
      1	12125
      1	12293
      7	12323
      7	12350
      1	12369
     11	12381
     11	12488
     15	12499
      4	12677
     11	12697
     14	12722
      2	12768
      2	13185
      1	13271
      4	13294
      3	13304
     14	13322
      1	13411
     17	13439
      2	13459
      1	13510
      1	13589
      6	13599
      2	13735
      1	13805
      3	13937
      3	14079
      1	14126
      2	14140
     10	14292
     18	14437
      3	14483
      3	14580
      1	14593
     14	14733
     12	14993
      4	15086
      2	15201
     27	15266
     22	15345
      1	15451
      1	15509
      1	15622
     13	15972
      3	16099
      4	16151
      1	16297
      7	16344
      1	16538
      1	16558
      1	16654
      1	16762
      3	16787
      2	16818
      7	16942
      2	16956
      1	17088
      4	17107
      2	17390
      4	17410
      1	17482
      2	17596
      1	17746
      2	17825
      1	17889
      7	17964
      1	18020
      1	18114
     12	18208
      1	18465
      1	18564
     11	18616
      5	18692
      1	18712
      5	18759
     19	18870
      1	18934
      2	19243
      2	19276
      1	19326
     71	19441
      3	19462
      1	19486
      1	19777
      7	19886
      1	19960
     21	20015
      6	20085
      9	20227
      7	20370
      1	20484
     15	20516
      1	20611
     10	20620
      1	20667
      7	20668
      2	20671
      3	20807
      1	21158
      2	21277
      1	21389
     14	21461
      1	21481
     45	21518
      7	21612
      2	21621
      4	21750
      1	21802
      7	21901
      1	22062
      4	22126
      5	22161
      6	22162
      1	22178
     38	22230
      3	22238
      5	22357
      1	22450
      1	22522
      5	22600
      1	22678
      1	22860
      1	22888
      3	23066
      6	23078
     23	23235
      1	23259
      1	23368
      1	23370
      7	23407
      3	23490
      2	23571
      3	23618
      3	23647
      1	23895
      7	24010
     11	24049
      2	24082
      1	24121
      1	24157
     29	24342
      1	24492
     17	24589
      1	24705
      6	24726
      2	24758
      2	24853
      2	24991
      1	25199
     21	25219
      9	25232
      3	25364
      1	25498
      6	25529
      8	25600
      2	25706
      4	25709
      2	25759
      8	25898
      1	25913
      1	25942
      4	25955
      1	25996
      1	26041
      1	26212
     11	26306
      1	26340
      1	26377
      5	26418
     13	26463
      2	26531
      6	26679
      5	26701
      7	26705
      1	26726
      2	26756
      1	26777
      1	26875
      1	27082
     11	27142
      1	27177
      5	27238
     21	27276
      1	27277
      2	27439
      1	27530
      3	27686
      5	27897
      7	27967
     13	27992
     15	28013
      1	28113
      1	28186
      1	28332
     50	28403
      1	28459
      1	28489
      7	28491
      1	28496
      1	28667
      4	28738
      1	28834
      1	28847
      9	28875
      5	28882
      1	29024
      8	29050
      2	29137
     11	29265
     19	29326
      1	29359
      1	29392
      1	29481
      4	29500
      5	29575
      1	29593
     31	29760
      1	29773
      1	29826
      3	29917
      1	29925
      1	29980
      1	30035
      3	30096
     18	30104
      5	30125
      3	30147
      1	30161
      6	30202
      1	30248
      7	30394
      1	30428
      2	30627
      1	30708
      1	30857
      1	30950
      1	30990
      1	30993
      1	31185
      1	31302
     10	31313
      2	31376
      1	31411
      1	31431
      1	31480
      2	31578
      1	31885
      3	31954
      1	32125
      2	32257
     10	32296
      2	32350
      1	32368
      1	32370
      2	32425
      1	32520
      2	32825
      3	32905
      1	33059
      4	33175
     18	33201
      2	33520
      2	33587
     13	33825
      1	33874
      1	33889
      2	34164
      6	34188
      2	34263
      7	34321
      1	34383
      2	34398
      1	34414
     15	34439
      5	34574
      1	34592
      1	34844
      2	35074
      4	35220
      1	35232
      2	35292
      2	35311
      1	35344
      1	35428
      2	35451
      1	35496
      4	35731
      5	35812
      4	35874
      1	35919
      1	35973
      3	36044
      2	36222
     13	36327
      2	36428
      2	36651
      5	36726
      4	36778
      1	36796
      1	36819
      1	36893
      2	36987
      1	37105
      1	37109
      3	37117
      6	37205
      1	37243
      3	37407
      2	37481
     21	37511
      1	37557
      1	37565
      1	37601
      2	37805
     30	37817
      1	37839
      1	37854
     15	37900
      1	37967
      6	37983
      3	38050
      1	38122
      1	38152
      5	38194
      5	38228
      2	38398
      1	38486
     30	38495
      1	38822
      1	38884
     12	38925
      2	38943
      1	39047
      1	39109
      1	39159
      2	39200
      1	39227
      1	39492
      2	39547
      4	39707
      1	39727
      1	39734
      1	40195
      5	40314
      1	40502
      2	40624
      1	40682
     13	40710
      3	40810
      3	40869
      1	40899
      3	40989
      6	41096
     26	41133
     41	41139
      1	41614
      1	41637
      1	41726
     20	41759
      1	41871
      6	41923
      2	41927
      6	42096
      3	42130
      6	42143
      2	42251
      6	42457
      3	42479
      8	42630
      1	42657
     46	42661
      5	42845
     26	42876
      1	42925
      4	42957
      3	43030
      2	43146
      1	43252
      1	43255
      1	43457
      1	43503
      8	43536
     13	43640
      2	43730
      1	43808
      2	43817
      2	43832
      7	43858
     10	43906
      2	43931
     28	44123
      2	44153
      1	44232
      4	44297
      6	44322
     13	44360
      2	44530
      5	44636
      9	44741
     11	44750
      7	44800
      2	44982
      2	45296
      8	45317
      2	45449
      1	45506
      4	45529
      4	45620
      1	45815
      1	46239
      2	46303
      2	46376
      5	46607
      1	46743
      3	46822
      1	46904
      2	47050
      1	47054
      2	47056
      1	47062
      1	47089
      1	47144
      1	47215
      1	47231
      5	47360
      2	47410
      2	47457
      7	47847
      2	47856
      2	48013
      1	48080
      6	48181
     12	48251
      1	48260
      1	48264
      2	48327
      1	48353
      1	48462
      8	48579
      3	48590
      1	48764
     12	48889
      1	48937
      1	48941
      4	48946
      6	49080
      1	49104
      5	49247
      1	49268
      6	49566
      1	49575
      6	49696
      5	49758
      1	49770
      8	49905
      8	49968
      7	49993
      4	50104
      1	50109
     12	50139
      2	50210
      1	50290
      1	50717
      1	50738
      5	50863
      2	51047
      1	51052
      8	51067
      1	51136
      1	51152
      1	51175
      4	51557
      1	51745
      2	51787
      2	52000
      2	52300
      9	52304
      1	52567
      1	52680
      2	52686
      1	52723
      3	52754
      1	52797
      1	52966
      3	53001
     15	53243
      1	53398
      3	53538
      1	53617
      1	53633
      1	53730
      1	53748
      3	53811
      1	53984
      6	54256
      4	54280
      1	54285
      4	54332
      3	54690
      5	54761
      2	54777
     11	54784
     12	54908
      8	55158
      1	55285
      1	55306
     19	55312
     13	55429
     10	55452
      1	55529
     17	55578
      1	55585
     11	55586
      1	55678
      2	55767
      3	55833
      3	55895
      9	56035
      1	56084
     18	56113
     11	56189
      1	56250
      1	56279
     24	56292
      9	56812
      6	56837
      1	56871
      5	56932
      4	56990
      1	57206
      1	57271
      1	57363
      4	57367
      1	57476
      1	57484
      2	57552
      5	57663
     29	57708
      1	57714
      7	57737
      6	57917
      1	57971
     20	58470
      6	58483
      3	58517
      7	58732
     13	58757
     24	58790
      9	58798
      1	58872
      1	58879
     21	58886
      1	58913
     23	58915
      1	58934
      2	59105
      2	59118
     12	59286
      2	59370
    133	59593
      6	59718
      4	60029
      2	60065
      1	60145
      4	60191
     21	60216
      1	60276
      1	60364
      1	60403
      1	60449
      1	60490
      1	60519
      5	60656
      4	60822
     50	61107
      1	61182
     20	61261
      1	61274
      1	61291
      4	61395
      1	61530
      1	61584
      1	61655
      1	61740
      2	61789
      1	61954
      1	61984
     11	62006
      1	62063
     13	62109
      2	62140
      1	62225
      1	62294
      2	62315
     26	62382
     31	62412
     23	62428
      1	62432
      1	62489
      1	62614
     14	62669
      5	62730
      4	62752
      3	62796
     21	62980
      2	63032
      2	63145
      1	63150
      2	63171
     19	63189
      8	63231
      1	63398
      6	63510
      1	63603
     10	63817
      2	63859
      1	63997
      1	64065
      2	64174
      2	64322
      1	64334
      1	64590
      1	64981
      3	65010
      3	65081
      2	65384
      1	65399
