      1	11
      3	704
      1	767
      1	770
      1	779
      1	974
      1	1042
      2	1172
      1	1532
      1	2072
      1	2246
      2	2475
     32	2849
      4	3382
      1	3493
      2	3651
      2	3690
      1	3995
      1	4106
      1	4109
      2	4442
      1	4848
      6	4913
      2	4926
      1	4969
      1	5260
      2	5475
      1	5477
      1	5510
      1	5525
      1	5683
      1	5893
      1	6101
      5	7041
      1	7177
      1	7327
      3	7431
      1	7558
      1	7829
      1	7961
      1	7981
      1	8013
      1	8014
      1	8080
      1	8281
     12	8312
      2	8363
      1	8956
      2	8991
      2	9032
      2	9317
      2	9324
      1	9843
      1	9872
      1	10026
      1	10327
      1	10545
      1	10555
      4	10616
      2	10724
      1	10961
      1	11065
      1	11174
      1	11230
      1	11330
      1	11337
      1	11535
      1	11569
      1	11688
      2	12055
      1	12127
      1	12375
      1	12989
      1	13016
      3	13153
      3	13444
      1	13653
      1	13945
      1	14506
      1	14526
      3	14666
      1	14720
      3	14876
      1	15157
      1	15361
      1	15458
      1	15550
      1	15869
      1	15955
      1	15984
      1	16017
      1	16188
      1	16278
      2	16585
      1	16594
      1	16938
      1	17019
      1	17164
      1	17210
      1	17225
      3	17338
      1	17474
      1	17655
      1	17773
      3	18348
      1	18575
      3	18660
      1	18688
      1	18790
      5	19356
      3	20191
      1	20375
      2	20498
      1	20609
      1	20611
      1	20827
      1	21180
      1	21237
      1	21280
      1	21293
      1	21712
      1	21892
      1	21920
      1	22010
      2	22140
      1	22204
      2	22365
      1	22482
      1	22545
      2	22744
      2	22963
      1	22970
      1	23013
      3	23033
      1	23176
      1	23326
      1	23577
      4	23671
      1	23923
      1	24014
      1	24230
      1	24343
      7	24990
      2	25024
      2	25140
      1	25168
      1	25233
      3	25313
      1	25398
      1	25502
      1	25566
      3	25869
      1	26382
      1	26772
      1	27147
      1	27228
      1	27265
      1	27357
      1	27552
      2	27814
      1	28242
      1	28303
      1	28809
      1	28995
      1	29351
      1	29499
      1	30016
      1	30319
      1	30439
      1	30460
      6	30770
      4	30983
      2	31205
      1	32055
      1	32650
      1	32662
      3	32863
      1	32866
      1	32970
      2	33035
      1	33137
      1	33143
      1	33348
      1	33550
      1	33597
      1	33663
      2	33917
      1	34018
      2	34427
      2	34452
      1	34463
      1	34538
      1	35000
      4	35659
      1	35748
      2	35786
      1	35818
      8	35964
      1	36166
      1	36690
      1	36719
      1	36838
      3	37608
      1	37640
      1	37655
      1	37922
      1	37939
      1	38047
      1	38160
      1	38311
      1	38434
      1	38737
      1	38836
      3	38839
      1	38881
      2	39072
      1	39176
      1	39465
      2	39501
      1	39751
      1	39978
      1	40347
      2	40479
      1	40659
      1	40788
      1	41032
      1	41084
      1	41103
      1	41582
      2	41800
      3	41848
      1	42672
      1	42701
      1	43023
      1	43058
      1	43644
      3	43760
     14	43977
      2	44078
      1	44117
      1	44182
      1	44833
      1	45024
      1	45167
      1	45293
      3	45586
      1	45593
      1	45737
      1	45901
      1	46077
      1	46211
      1	46329
      2	46354
      1	46402
      2	46850
      1	47012
      1	47295
      1	47894
      1	47952
      2	48121
      1	48128
      1	48389
      1	49242
      1	49487
      1	49823
      1	50206
      1	50216
      1	50474
      1	50537
      1	50811
      2	51024
      2	51183
      1	51493
      2	51822
      1	51948
      7	51959
      1	52154
      1	52370
      1	52398
      2	52616
      1	52898
      1	53171
      1	53326
      1	53401
      2	53550
      2	53583
      1	53743
      1	53947
      3	53996
      1	54122
      1	54136
      1	54512
      1	54883
      1	55207
      1	55238
      2	55250
     10	55257
      1	55278
      1	55279
      1	55460
      1	55587
      5	55660
      1	55670
      1	55674
      1	55698
      1	56616
      1	57131
      1	57283
      1	57349
      1	58679
      1	58735
      1	58897
      1	59003
      2	59089
      1	59178
      1	59515
      1	59669
      1	60014
      2	60256
      1	60384
      1	60871
      1	60931
      1	61029
      1	61116
      2	61138
      2	61261
      1	61300
      1	61310
     12	61367
      2	61460
      1	61641
      2	61923
      1	62189
      2	62236
      3	62349
      1	63002
      1	63409
     10	63743
      1	63882
      2	63905
      2	64162
      1	64170
      1	64446
      1	64520
      1	64557
      1	64637
      1	64657
