      2	28
      1	45
      1	77
      1	79
      2	162
      2	303
      2	366
      3	379
      1	384
      1	391
      2	457
      1	509
      1	515
      1	524
      2	531
      1	532
      1	538
      9	590
      1	613
      3	633
      1	669
      1	762
      1	774
      3	779
      1	792
      1	809
      1	841
      1	865
      5	878
      1	880
      1	894
      5	897
      1	926
      1	934
      1	937
      1	946
      1	952
      1	982
      1	1032
      2	1046
      1	1106
      1	1188
      2	1232
      1	1234
      1	1261
      1	1269
      2	1274
      2	1317
      1	1369
      1	1371
      1	1531
      1	1532
      2	1569
      1	1570
      1	1595
      1	1806
      1	1856
      1	1892
      1	1929
     14	1930
      1	1948
      1	2057
      1	2065
      1	2087
      1	2093
      1	2095
      1	2148
      1	2149
      1	2164
      4	2183
      7	2188
      2	2216
      1	2238
      1	2320
      1	2386
      1	2387
      4	2417
      3	2440
      1	2456
      5	2479
      1	2490
      1	2503
      5	2521
      2	2522
      1	2548
      4	2556
     11	2566
      1	2575
      1	2659
      1	2724
      1	2753
      1	2766
      1	2782
      3	2817
      4	2827
      3	2844
      1	2866
      1	2879
      4	2889
      6	2916
      8	2925
      2	2999
      2	3002
      1	3110
      2	3114
      4	3144
      2	3155
      1	3242
      3	3244
      3	3255
      1	3267
      1	3328
      2	3382
      1	3457
      3	3499
      2	3513
      1	3577
      3	3621
      1	3644
      1	3661
      1	3732
     13	3745
      1	3758
      4	3763
      1	3764
      1	3792
      4	3815
      1	3826
      1	3841
      1	3870
      1	3872
      2	3954
      1	3977
      1	3995
      1	4011
      1	4024
      1	4030
      1	4038
      1	4046
      1	4060
      1	4072
      1	4087
      1	4091
      1	4106
      1	4148
      1	4152
      1	4153
      2	4173
     10	4178
      2	4299
     11	4316
      1	4362
      1	4372
      1	4544
      1	4604
      1	4649
      1	4672
      1	4732
      1	4762
      1	4796
      1	4834
      3	4856
      1	4861
      1	4945
      1	4955
      4	4983
      1	5021
      1	5133
      1	5194
      2	5216
      1	5222
      1	5232
      1	5271
      1	5309
      1	5384
      2	5403
      1	5427
      1	5431
      1	5436
      1	5486
      2	5511
      1	5522
      2	5542
      2	5555
      1	5580
      9	5645
      2	5696
      1	5751
      4	5757
      1	5792
      1	5870
      1	5874
      3	5905
      2	5923
      1	5933
      5	5955
      1	5956
      1	5963
      1	5967
      1	6004
     12	6012
      1	6020
      1	6031
      2	6045
      1	6062
      1	6068
      1	6095
      1	6116
      1	6174
      2	6183
      1	6216
      1	6219
      3	6226
      6	6275
      2	6353
      1	6371
      1	6394
      1	6396
      1	6429
      1	6494
     10	6497
      4	6572
     12	6575
      1	6584
      1	6596
      1	6621
      2	6642
      1	6657
      3	6663
     17	6676
      2	6691
      1	6767
      1	6768
      1	6781
      1	6783
      1	6804
      1	6840
      1	6856
      1	6860
      1	6869
      1	6955
      1	6961
      2	6968
      2	6969
      1	6990
      2	7011
      1	7015
      1	7030
      1	7063
      2	7069
      1	7071
      2	7115
      1	7120
      1	7141
      6	7199
      3	7229
      1	7287
      1	7339
      2	7366
      1	7373
      1	7399
      2	7403
      1	7443
      1	7478
      8	7485
      2	7486
      1	7487
      1	7503
      1	7515
      2	7544
      1	7567
      2	7572
      1	7579
      1	7616
      1	7648
      8	7709
      2	7718
      5	7746
      1	7770
      1	7822
      1	7840
      1	7853
      1	7884
      1	7891
      2	7892
      1	7959
      1	7964
     12	7981
      1	8054
      1	8096
      1	8105
      4	8121
      1	8133
      1	8141
      1	8172
      1	8185
     21	8201
      1	8236
      2	8264
      1	8267
      3	8281
      1	8310
      2	8321
      1	8401
      1	8402
      1	8432
      1	8483
      2	8504
      4	8515
      1	8584
      1	8656
      1	8692
      1	8710
      1	8717
      2	8739
      1	8749
      9	8782
      1	8800
      1	8821
      3	8876
      1	8930
      1	8936
      2	8962
      1	9020
      1	9103
      1	9109
      3	9133
      1	9139
      2	9200
      1	9220
      1	9232
      1	9251
      1	9254
      2	9276
      1	9281
      1	9300
      2	9317
      1	9334
      3	9345
      2	9359
      2	9374
      2	9411
      1	9414
      1	9478
      2	9483
      1	9498
      2	9499
      1	9514
     12	9662
      1	9666
      1	9673
      1	9675
      1	9690
      3	9705
      1	9764
      1	9768
      1	9811
      2	9813
      1	9842
      4	9851
      1	9928
      1	9949
      1	9977
      1	9979
      1	10031
      1	10037
      1	10045
      1	10063
      1	10075
      3	10101
      4	10102
      1	10106
      1	10121
      1	10122
      2	10156
      1	10192
      1	10202
      2	10214
      1	10266
      1	10283
      1	10324
      1	10353
      1	10365
      1	10433
      1	10476
      1	10552
      2	10553
      7	10557
      1	10559
      1	10570
      1	10587
      1	10600
      2	10610
      1	10685
      5	10704
      1	10724
      1	10752
      2	10780
      1	10827
      1	10862
      2	10872
      1	10874
      1	10877
      1	10913
      1	10915
      1	10927
      1	10981
      1	10986
      2	10987
      1	11035
      3	11059
      2	11084
      1	11095
      2	11109
     13	11122
      1	11204
      1	11210
      1	11211
      1	11232
      1	11292
      1	11321
      1	11337
      2	11354
      1	11380
      3	11382
      1	11422
     11	11432
      1	11467
      1	11477
      1	11494
      1	11515
      1	11525
      1	11531
      1	11535
      1	11566
      1	11573
      1	11606
      1	11611
      1	11677
      1	11705
      1	11711
      1	11718
      1	11740
      3	11751
      1	11776
      2	11782
      1	11812
      1	11890
     25	11919
      1	11981
      1	12012
      1	12043
      1	12059
      1	12100
      3	12101
      1	12103
      1	12124
      1	12130
      1	12159
      1	12186
      1	12195
      2	12211
      1	12215
      2	12287
      1	12290
      1	12301
      3	12313
      2	12334
      2	12342
      8	12350
      1	12355
      1	12397
      8	12408
      1	12410
      2	12436
      1	12447
      4	12450
      1	12467
      1	12499
      2	12584
      3	12585
      4	12597
      1	12603
      2	12610
     25	12684
      2	12703
      2	12750
      2	12751
      1	12845
      1	12871
      1	12896
      6	12898
      1	12910
      1	12915
      8	12935
      1	12952
      2	13025
      2	13026
      1	13049
      2	13064
      1	13068
      1	13189
      1	13252
      1	13290
      1	13309
      2	13332
      4	13337
      1	13342
      1	13343
      1	13356
     10	13399
      1	13414
      2	13423
      3	13439
      1	13440
      3	13515
      2	13555
      2	13567
      2	13579
      1	13581
      1	13612
      2	13655
      1	13695
      1	13737
      1	13818
      1	13822
      5	13937
      2	13940
      1	13943
      1	13972
      1	13976
      1	13979
      3	13992
      5	14070
      1	14074
      1	14079
      1	14163
      1	14174
      4	14177
      2	14201
      1	14213
      1	14280
      1	14292
      1	14343
      1	14356
      2	14385
      1	14449
      1	14458
      1	14486
      1	14494
      1	14538
      5	14606
      2	14702
      1	14703
      1	14712
      1	14714
      1	14749
      1	14767
      1	14775
      1	14803
      1	14821
      1	14848
      2	14870
      1	14883
      1	14993
      7	15010
      1	15018
      1	15040
      1	15098
      1	15104
      5	15147
      2	15150
      1	15151
      1	15180
      1	15182
      1	15272
      1	15341
      1	15355
      1	15399
      1	15437
      1	15442
      1	15511
      1	15530
      1	15536
      1	15593
      2	15633
      2	15645
      1	15702
      2	15704
      3	15748
      1	15749
      1	15770
      6	15789
      5	15923
      1	15955
      1	15958
      2	15970
      1	16023
      1	16076
      1	16099
    150	16117
      1	16126
      1	16164
      1	16230
      1	16231
      1	16280
      1	16297
      1	16327
      1	16332
      2	16368
      1	16415
      1	16479
      1	16501
      2	16503
      1	16522
      7	16532
      4	16554
      2	16597
      1	16612
      1	16620
      1	16679
      1	16704
      1	16715
      1	16721
      1	16738
      2	16790
      3	16894
      1	16945
      5	16955
      1	16998
      1	17055
      1	17058
      2	17090
      1	17105
      2	17173
     10	17225
      1	17267
      2	17301
      2	17302
      1	17323
      1	17338
      1	17349
      2	17394
      1	17440
      1	17466
      2	17485
      1	17498
      7	17510
      2	17580
      1	17586
      1	17592
      1	17618
      1	17632
      1	17643
      1	17686
      1	17698
      1	17717
      1	17732
      1	17736
      1	17738
      3	17739
      1	17769
      1	17895
      2	17901
      6	17935
      1	17987
      2	18010
      1	18011
      1	18133
      1	18144
      3	18177
      2	18186
      2	18194
      1	18202
      1	18222
      1	18262
      1	18283
      1	18292
      1	18305
      9	18354
      1	18376
      4	18387
      1	18411
      1	18421
      1	18422
      1	18435
      1	18444
      1	18496
      2	18512
      1	18522
      1	18558
      1	18590
      1	18616
      3	18641
      9	18660
      1	18768
      4	18770
      4	18885
      1	18896
      3	18907
      1	18948
      3	18980
      1	19081
      2	19198
      1	19216
      1	19225
      2	19241
      1	19336
      3	19340
      1	19364
      1	19417
      2	19454
      1	19489
      2	19513
      1	19547
      1	19579
      1	19616
      2	19620
      3	19622
      1	19625
      3	19664
      6	19688
      1	19732
      1	19743
      1	19752
      1	19760
      1	19851
      1	19879
      3	19891
      1	19904
      1	19919
      1	19943
      1	19967
      1	20007
      9	20020
      1	20035
      1	20142
      2	20148
      1	20200
      1	20267
      1	20288
      2	20347
      2	20364
      2	20385
      1	20390
      1	20414
      1	20449
     23	20450
      3	20458
      1	20483
      1	20484
      3	20611
     10	20655
      1	20726
      1	20752
      1	20800
      2	20861
      1	20871
      1	20917
      1	20925
      1	20956
      2	20965
      1	21026
      1	21050
      2	21059
      2	21079
      1	21082
      1	21121
      1	21135
      1	21180
      3	21235
      1	21236
      2	21276
      1	21284
      1	21318
      1	21321
      1	21334
      1	21400
      1	21447
      1	21456
      1	21499
      2	21526
      1	21598
      1	21604
      2	21625
      3	21628
      1	21651
      1	21652
      1	21686
      1	21696
      2	21717
      1	21718
      1	21777
      2	21800
      4	21822
      2	21845
      1	21897
      1	21926
      1	22010
     10	22059
      2	22097
      1	22106
      1	22134
      1	22188
      2	22192
      2	22202
      2	22219
      1	22220
      4	22227
      2	22290
      2	22292
      1	22300
      1	22329
      1	22347
      6	22351
      1	22355
      5	22405
      1	22428
      1	22443
      1	22508
      4	22520
      1	22632
      1	22670
      1	22678
      1	22692
     78	22719
      1	22818
      4	22819
      2	22830
      2	22860
      1	22902
      1	22973
      1	23033
      1	23072
      1	23091
     11	23100
      5	23111
      1	23239
      1	23308
      4	23320
      4	23333
      1	23339
      1	23350
      1	23381
      1	23435
      3	23444
      2	23490
      1	23498
      1	23501
      1	23503
      4	23509
      4	23526
      2	23593
      1	23653
      1	23702
      1	23768
      1	23804
      1	23813
      1	23851
      1	23881
      4	23906
      2	23923
      2	23938
      1	24023
      1	24034
      4	24058
      1	24155
      2	24158
      1	24208
      1	24228
      1	24258
      2	24270
      1	24333
      4	24334
      1	24363
      1	24381
      1	24394
      1	24402
      1	24409
      1	24417
      1	24506
      1	24550
      1	24555
      1	24556
      1	24571
      1	24625
      2	24631
      1	24728
      2	24748
      1	24755
      8	24817
      1	24818
      1	24826
      1	24925
      1	24942
      2	24990
      2	25011
      1	25017
      1	25022
      1	25061
      1	25069
      1	25079
      1	25114
      2	25120
      3	25163
      1	25172
      3	25187
      1	25197
      6	25198
      6	25207
      9	25221
      2	25259
      1	25357
      1	25359
      3	25376
      1	25392
      1	25406
      4	25421
      2	25439
      1	25451
      1	25496
      1	25516
      1	25523
      2	25620
      1	25639
      1	25647
      1	25656
      1	25659
      1	25689
      1	25821
      1	25834
      2	25891
      7	25959
      5	25974
      1	25985
      2	26017
      1	26034
      4	26039
      1	26069
      1	26091
      1	26111
     12	26135
      1	26182
      1	26185
      4	26202
      5	26240
      1	26267
      1	26280
      1	26287
      1	26293
      1	26340
      1	26356
      1	26376
      1	26382
      1	26391
      1	26425
      1	26445
      1	26458
      2	26465
      2	26484
      8	26492
     24	26611
      3	26633
      1	26640
      3	26646
      1	26650
      1	26666
      1	26672
      1	26680
      1	26682
      1	26690
      1	26712
      3	26732
      1	26772
      1	26776
      1	26805
      1	26818
     10	26857
      1	26860
      1	26899
      1	26912
      1	26948
      1	26964
      4	26998
      1	27005
      3	27015
      2	27031
      1	27044
      1	27047
      1	27097
      1	27117
      3	27159
      1	27257
      1	27286
      1	27293
      1	27297
      1	27309
      1	27324
      1	27333
      1	27359
      1	27409
      1	27411
      1	27439
      1	27517
      1	27519
      1	27525
      5	27580
      4	27599
      1	27615
      1	27731
      1	27790
      2	27810
     39	27847
      2	27856
      1	27915
      1	27925
      1	27959
      1	27967
      1	27993
     28	28025
      2	28084
      7	28094
      1	28113
      1	28124
      1	28144
      1	28191
      1	28213
      1	28238
      1	28240
      7	28291
      1	28321
      1	28349
      3	28440
      1	28459
      2	28463
      1	28469
      1	28491
      2	28522
      1	28556
      2	28560
      1	28583
      4	28615
      2	28624
      1	28632
      1	28683
      1	28691
      1	28701
      1	28709
      5	28728
      1	28745
      1	28815
      9	28824
      1	28834
      1	28842
      1	28849
      1	28867
      1	28872
      1	28910
      1	28913
      3	28919
      1	28998
      7	29007
      1	29025
     21	29043
      2	29078
      4	29090
      1	29113
      1	29186
      1	29193
     62	29226
      1	29244
      1	29257
      1	29298
      2	29311
      1	29342
      1	29386
      3	29396
      1	29449
      1	29467
     11	29478
      5	29484
      1	29491
      1	29593
      2	29596
      2	29629
      1	29670
      3	29703
      1	29790
      1	29794
      1	29798
      1	29802
      1	29889
      1	29907
      2	29938
      3	29948
      1	29994
     12	30027
      1	30092
      2	30097
      2	30101
      1	30104
      2	30108
      1	30161
      2	30296
      2	30313
      2	30315
      1	30340
      1	30344
      1	30352
      1	30363
      1	30396
      1	30431
      7	30443
      4	30460
     75	30474
      1	30488
      2	30522
      1	30525
      1	30539
      1	30554
      1	30583
      4	30589
      2	30637
      4	30719
      1	30726
      1	30748
      1	30754
      2	30777
      2	30788
      2	30808
      1	30810
      1	30852
      1	30909
      1	30939
      2	30951
      1	30957
      1	30980
      1	31003
      2	31004
      1	31012
      1	31029
      2	31041
      5	31047
      1	31055
      3	31063
      1	31068
      1	31090
      1	31140
      1	31241
      2	31312
      1	31334
      2	31370
      1	31377
      2	31409
      1	31522
      2	31535
      3	31557
     13	31573
      1	31578
      2	31588
      1	31670
      4	31700
      1	31722
      1	31773
      2	31810
      3	31833
      1	31888
      2	31917
      7	31943
      3	32004
      2	32008
      2	32019
      1	32023
      1	32038
      1	32045
      3	32046
      1	32060
      1	32069
      2	32083
      2	32088
      6	32177
      3	32204
      4	32206
      3	32224
      1	32230
      1	32273
      4	32278
      1	32290
      9	32345
      6	32464
      4	32520
      1	32521
      1	32551
      1	32560
     18	32568
      5	32575
     12	32611
      6	32631
      1	32646
      2	32705
      2	32735
      1	32736
      1	32737
      1	32773
      1	32809
      4	32863
      1	32912
      3	32913
      2	32927
      1	32932
      1	32967
      1	32969
      1	32983
      1	32993
      2	33055
      1	33064
      2	33100
      1	33102
      1	33160
      1	33171
      1	33175
     10	33292
      2	33318
      1	33331
      6	33332
      1	33342
      2	33362
      1	33378
      1	33400
      1	33426
      1	33428
      1	33436
      1	33446
      1	33456
      1	33460
      1	33475
      1	33497
      1	33500
      1	33511
      2	33514
      1	33520
      2	33549
      1	33577
      1	33602
      1	33661
      4	33662
      1	33687
      1	33692
      1	33759
      1	33767
      1	33888
      1	33923
      2	33925
      4	33992
      1	33995
      1	34010
      1	34034
      1	34058
      1	34078
      1	34092
      2	34104
      1	34133
      1	34181
      2	34190
      1	34261
      1	34273
      1	34296
      2	34313
      1	34326
      1	34428
      1	34444
      1	34495
      1	34520
      1	34526
      1	34543
      1	34576
      1	34605
      1	34606
      2	34633
      1	34699
      1	34714
      1	34761
      1	34786
      1	34795
      5	34846
      2	34949
      1	35000
      4	35026
      1	35030
      1	35083
      1	35166
      1	35179
      1	35183
      1	35223
      1	35237
      1	35308
      1	35313
      1	35318
      1	35321
      6	35336
      3	35348
      3	35385
      3	35420
      1	35428
      2	35434
      2	35543
      1	35563
      3	35593
      1	35635
      1	35663
      1	35666
      1	35761
      1	35777
      1	35786
     25	35824
      2	35826
      2	35829
      2	35856
      1	35886
      1	36053
      2	36055
      2	36056
      2	36062
      1	36073
      2	36082
      1	36084
      1	36106
      1	36112
      1	36129
      4	36144
      1	36147
      1	36162
      1	36193
      3	36215
      2	36318
      1	36428
      3	36437
      1	36438
      1	36446
      2	36477
      2	36491
      1	36495
      2	36527
      1	36536
      2	36566
      1	36571
      2	36623
      1	36630
      4	36656
      1	36713
      1	36744
      1	36781
      1	36783
      2	36810
      1	36835
      1	36838
      4	36850
      2	36870
      1	36880
      1	36911
      1	36932
      4	36960
     11	36981
      1	37020
      1	37052
      4	37062
      1	37105
      1	37121
      1	37124
      1	37126
      1	37174
      1	37217
      1	37240
      2	37263
      6	37264
      1	37321
      2	37329
      1	37333
      1	37355
      1	37358
      1	37385
      1	37388
      1	37422
      2	37449
      1	37479
      1	37516
      1	37540
      1	37544
      2	37566
      1	37593
      1	37601
      1	37637
      3	37640
      1	37672
      1	37723
      5	37762
      1	37795
      1	37808
      1	37904
      1	37969
      1	37973
      1	37985
      1	37998
      3	38042
      1	38048
      1	38054
      1	38120
      2	38122
      1	38133
      1	38152
      6	38160
      3	38163
      1	38181
      1	38199
      1	38237
      1	38267
      3	38281
      1	38290
      1	38302
      1	38305
      1	38306
      5	38311
      3	38324
      4	38395
      1	38439
      1	38468
      2	38480
      1	38486
      1	38520
      1	38582
      1	38662
      1	38687
      1	38745
      1	38777
      1	38779
      2	38822
      1	38839
      1	38874
      1	38884
      1	38897
      1	38916
      2	38926
      1	38937
      1	39000
      1	39003
      1	39005
      2	39032
      1	39049
      2	39055
      1	39071
      1	39098
      1	39103
      1	39172
      1	39200
      1	39204
      2	39275
      2	39377
      4	39379
      1	39391
      1	39485
      2	39502
      1	39525
      1	39621
      1	39629
      1	39638
      1	39659
      1	39727
      1	39783
      2	39809
      1	39819
     10	39851
      2	39854
      1	39856
      1	39861
      1	39950
      2	40038
      1	40042
      1	40051
      4	40063
      1	40065
      3	40080
      1	40100
      1	40103
      3	40104
      1	40115
      1	40141
      1	40202
      1	40205
      1	40224
      1	40230
      1	40261
      2	40288
      1	40382
      1	40383
      1	40387
      1	40483
      3	40496
      1	40529
      1	40531
      2	40537
      1	40539
      1	40624
      2	40626
      3	40637
      3	40641
      1	40656
      1	40659
      1	40677
      3	40819
      1	40820
      4	40867
      1	40878
      1	40895
      1	40945
      1	41103
      7	41122
      1	41133
      2	41185
      1	41216
     13	41241
      1	41267
      3	41279
      1	41315
      1	41319
      1	41325
      1	41331
      7	41345
      2	41412
      3	41438
      1	41554
      1	41600
      1	41622
      1	41628
      1	41759
      1	41784
      1	41801
      1	41827
      1	41848
      1	41883
      2	41918
      1	41992
      1	42128
      2	42168
      1	42214
      1	42231
      3	42236
      2	42248
      1	42251
      1	42354
      1	42419
      3	42433
      1	42549
      5	42555
      1	42579
      1	42583
      1	42585
      3	42616
      1	42651
      3	42672
      2	42679
      1	42719
      1	42778
      1	42863
      2	42888
      1	42914
      1	42957
      1	43080
      1	43094
      1	43102
      1	43192
      1	43204
      1	43207
      2	43221
      3	43249
      1	43255
      1	43271
      1	43277
      1	43279
      1	43295
      1	43317
      1	43389
      2	43395
      1	43432
      1	43463
      1	43510
      2	43536
      7	43538
     20	43558
      2	43599
      1	43616
      1	43629
      1	43674
      4	43679
      1	43680
      1	43691
      3	43699
      4	43757
      1	43832
      1	43913
      1	43953
      3	43977
      1	44003
      1	44004
      1	44020
      1	44038
      1	44094
      1	44117
      1	44224
      1	44260
      1	44291
      1	44316
      1	44354
      1	44385
     20	44407
      1	44415
      1	44583
      2	44615
      1	44621
      1	44633
      3	44674
      1	44716
      1	44758
      1	44770
      1	44777
      1	44785
      3	44833
      1	44896
      2	44930
      1	44939
      7	44947
      1	44991
      7	45005
      1	45051
      1	45056
      1	45059
      1	45086
      1	45125
      2	45220
      2	45247
      2	45298
      1	45307
      1	45356
      1	45358
      7	45390
      2	45407
      2	45457
      2	45465
      5	45466
      1	45491
      1	45550
      1	45603
      2	45644
      4	45682
      1	45715
      1	45732
      1	45748
      3	45765
      1	45767
      1	45776
      2	45793
      1	45818
      6	45828
      4	45840
      4	45847
      1	45913
      2	45943
      1	45990
      1	46008
      2	46062
      1	46067
      1	46073
      2	46142
      1	46149
      1	46150
      2	46163
      1	46213
      2	46224
      2	46329
      5	46432
      1	46443
      1	46461
      1	46479
      1	46485
      1	46509
      3	46554
      1	46635
      1	46688
      1	46692
      5	46711
      1	46713
      2	46721
      1	46850
      5	46853
      2	46856
      1	46885
      3	46950
      1	46994
      1	47001
      4	47012
      5	47038
      1	47101
      1	47124
      1	47129
      1	47144
      2	47185
      1	47212
      8	47215
      6	47281
      1	47289
      1	47311
      1	47323
      1	47351
      1	47378
      2	47447
      1	47497
      1	47504
      1	47522
      3	47634
      1	47640
      3	47692
      2	47713
      3	47748
      1	47820
      1	47826
      2	47873
      1	47883
      4	47893
      1	47952
      1	47975
      3	48080
      2	48127
      1	48219
      1	48251
      2	48266
      1	48283
      1	48316
      1	48319
      1	48346
      1	48353
      1	48369
      4	48383
      3	48491
      3	48577
      1	48583
      1	48604
      1	48608
      1	48615
      1	48626
      3	48707
      1	48714
      1	48756
      1	48813
      2	48877
      1	48903
      1	48937
      1	48940
      1	48949
      1	48950
      1	48965
      1	48979
      2	48995
      1	49100
      1	49102
      3	49113
      1	49162
      2	49180
      1	49200
      1	49272
      2	49278
      1	49285
      1	49305
      8	49312
      1	49349
      1	49400
      1	49403
      1	49413
      1	49427
      7	49452
      1	49481
      1	49528
      2	49549
      3	49562
      4	49568
      1	49570
      1	49577
      9	49595
      1	49672
      1	49692
      1	49722
      1	49728
      1	49746
      1	49758
      1	49773
      2	49831
      3	49844
      1	49890
      1	49907
      2	49922
      1	49951
      1	49965
      2	49966
      3	49974
     16	49989
      2	50009
      2	50039
      1	50046
      4	50072
      1	50095
      2	50104
      1	50206
     15	50269
      1	50282
      1	50314
      1	50350
      4	50361
      1	50424
      2	50441
      1	50446
     10	50539
      5	50550
      1	50584
      1	50613
      1	50629
      1	50640
      2	50686
      1	50704
      1	50733
      1	50737
      1	50738
      1	50742
      2	50777
      4	50793
      4	50810
      1	50814
      2	50883
      1	50901
      2	50910
      1	50940
      1	50999
      1	51026
      2	51065
      1	51100
      3	51106
      5	51134
      1	51144
      1	51183
      2	51198
      1	51253
      1	51254
      1	51261
      1	51279
      1	51291
      1	51326
      1	51350
      4	51394
      1	51423
      5	51434
      3	51435
      2	51475
      2	51478
      1	51482
      1	51490
      5	51576
      1	51599
      1	51645
      1	51669
      5	51686
      1	51695
      1	51707
      1	51741
      1	51761
      1	51793
      1	51812
      1	51822
      3	51869
      1	51890
      3	51920
      2	51936
      1	51959
      1	51981
      4	52024
      1	52027
      2	52037
      1	52060
      2	52074
      1	52087
      1	52121
      2	52145
      1	52181
      1	52232
      5	52259
      1	52304
      2	52323
      1	52345
      1	52370
      3	52414
      1	52434
      2	52451
      1	52481
      1	52505
      1	52522
      4	52526
      2	52541
      1	52600
      1	52603
     10	52645
      1	52777
      4	52819
      1	52828
      1	52848
      1	52894
      1	52945
      1	52966
      1	52997
      1	53020
      1	53028
      1	53070
      1	53071
      2	53140
      1	53145
      2	53151
      1	53165
      1	53169
     10	53202
      2	53257
      1	53258
      1	53278
      1	53280
      1	53317
      1	53329
      1	53379
      1	53470
      1	53472
      1	53501
      2	53578
      1	53596
      1	53618
     13	53622
      2	53632
      1	53689
      1	53705
      1	53846
      4	53865
      5	53882
      1	53899
      1	53925
      3	53928
      1	53939
      1	53947
      1	53951
      2	53971
      9	54052
      1	54091
      2	54103
      1	54105
      1	54113
      1	54124
      3	54136
      1	54140
      1	54150
      1	54178
      1	54270
      1	54321
      1	54395
      1	54398
      2	54407
      1	54463
      2	54473
      1	54481
      1	54506
     16	54507
      1	54608
      1	54613
      2	54622
      7	54654
      3	54726
      1	54743
      2	54777
      1	54787
      2	54841
      1	54875
      1	54968
      1	55017
      1	55019
      1	55045
      1	55073
      1	55105
      1	55109
     10	55134
      1	55184
      3	55217
     17	55222
      2	55226
      1	55275
      2	55292
      1	55299
      1	55302
      1	55303
      1	55332
      1	55398
      2	55416
      9	55418
      2	55421
      1	55429
      1	55437
      1	55444
      3	55460
      1	55544
      1	55554
      1	55567
      1	55578
      2	55591
      3	55609
      1	55640
      1	55674
      3	55765
      2	55782
      5	55817
      1	55853
      1	55884
      1	55899
      1	55939
      1	55945
      1	55970
      1	56052
      1	56062
      1	56073
      1	56099
      3	56113
      1	56122
      3	56187
      1	56275
      1	56350
      1	56430
      1	56434
     18	56441
      2	56578
      1	56583
      1	56606
      1	56614
      3	56658
      1	56672
      1	56749
      1	56807
      1	56811
      1	56907
      2	56916
      1	56960
      1	57041
      2	57044
      1	57078
      1	57119
      1	57177
      2	57195
      1	57212
      1	57234
      1	57299
      2	57353
      7	57354
      1	57362
      1	57381
      1	57455
      1	57482
      1	57490
      1	57552
      1	57564
      1	57608
      1	57612
      1	57629
      1	57714
      1	57746
      1	57771
      1	57843
      1	57891
      1	57913
      1	57919
      1	57921
      2	57922
      1	57951
      1	57996
      1	58132
      1	58191
      1	58223
      2	58235
      1	58244
      1	58308
      1	58372
      1	58383
      1	58403
      3	58468
     10	58478
      1	58524
      1	58545
      1	58555
      1	58602
     13	58618
      2	58688
      5	58723
      1	58737
      1	58749
      2	58766
      1	58787
      2	58857
      1	58872
      1	58887
      1	58890
      2	58953
      1	58968
      1	59011
      1	59034
      1	59117
      1	59134
      1	59178
      6	59217
      1	59222
      1	59364
      1	59398
      1	59407
      1	59423
      2	59435
      2	59494
      1	59515
      3	59538
      1	59541
      1	59585
      1	59599
      3	59647
      1	59667
      8	59673
      5	59674
      1	59677
      1	59698
      2	59720
      2	59726
      1	59758
      1	59783
      1	59795
      1	59811
      2	59858
      1	59887
      2	59902
      1	59944
     13	59950
      1	59967
      2	59999
      1	60026
      1	60054
     10	60061
      2	60085
      1	60114
      1	60120
      1	60155
      1	60167
      1	60197
      1	60207
      1	60208
      1	60249
      1	60250
      1	60276
      1	60389
      2	60396
      1	60472
      2	60490
      1	60536
      1	60553
      7	60557
      3	60563
      2	60565
     27	60581
      1	60597
      1	60653
     14	60669
      1	60670
      1	60693
      2	60700
      1	60720
      2	60745
      6	60749
      1	60753
      1	60808
      1	60837
      1	60890
      1	60914
      1	60922
      9	60926
      1	60982
      1	60996
      2	61132
      9	61140
      1	61169
      3	61191
      1	61196
      1	61199
      4	61230
      1	61231
     13	61261
      1	61291
      1	61307
      2	61310
      1	61330
      1	61339
     12	61367
      1	61406
      3	61413
      3	61426
      1	61519
      1	61568
      1	61592
      1	61598
      1	61612
      1	61647
      1	61701
      2	61705
      1	61707
      1	61733
      1	61734
      1	61764
      1	61772
      2	61818
      1	61829
      1	61835
      1	61928
      1	61941
      1	61953
      3	61961
      1	61964
      1	62005
      1	62006
      3	62095
      1	62108
      2	62189
      2	62214
      1	62225
      1	62259
      1	62297
      2	62318
      1	62343
      1	62374
      3	62427
      1	62448
      2	62526
      2	62527
      1	62535
      2	62551
     12	62593
      1	62595
      1	62676
      1	62679
      1	62697
      1	62730
      3	62771
      1	62800
      1	62846
      1	62853
      1	62867
      2	62882
      3	62893
      1	62900
      1	62930
      2	62947
      1	62955
      1	63031
      1	63047
      1	63082
      3	63097
      1	63113
      1	63131
      1	63142
      2	63145
      1	63160
      1	63169
      2	63178
      1	63180
      2	63181
      1	63185
      1	63235
      2	63291
      1	63302
      1	63317
      1	63338
      1	63418
      1	63449
      1	63480
      3	63495
      3	63514
      1	63519
      1	63545
      1	63569
      2	63611
      3	63680
      1	63690
      1	63737
      1	63759
      5	63807
      2	63823
      1	63849
      1	63918
      1	63984
      5	63987
      1	64007
      1	64060
      1	64065
      1	64094
      1	64170
      1	64191
      2	64196
      1	64225
      1	64237
      1	64246
      1	64287
      1	64295
      3	64382
      1	64414
      1	64438
     21	64446
     16	64504
      3	64528
      1	64530
      1	64537
      1	64647
      1	64675
      1	64770
      1	64794
      5	64820
      8	64884
      2	64908
     16	64918
      1	64951
      1	64991
      1	65002
      1	65039
      5	65049
     13	65051
      6	65053
      1	65057
      1	65081
      1	65088
      1	65102
      8	65110
      2	65136
      2	65137
      1	65160
      3	65206
     15	65229
      1	65234
      1	65238
      1	65256
      1	65259
      1	65296
      1	65339
      1	65353
      1	65372
      1	65408
     10	65461
      2	65494
      1	65502
