      1	105
      1	351
      1	363
      1	509
      2	782
      1	1130
      1	1369
      1	1570
      1	1715
      2	1803
      1	1873
      1	1988
      1	2051
      1	2132
      1	2643
      1	2644
      1	2689
      1	2709
      1	2825
      1	2834
      1	3243
      1	3267
      1	3368
      1	3448
      1	3551
      1	3936
      1	4024
      1	4072
      1	4138
      1	4161
      1	4286
      1	4344
      1	4386
      1	4424
      1	4505
      1	4896
      1	4942
      1	4967
      1	5021
      1	5122
      1	5133
      1	5225
      1	5307
      1	5475
      1	5693
      1	5923
      1	6000
      1	6037
      1	6095
      1	6244
      1	6447
      1	6545
      1	6621
      1	6764
      1	6805
      1	7015
      1	7191
      1	7579
      1	7853
      1	8073
      1	8299
      1	8313
      1	8472
      1	8492
      1	8760
      1	8799
      1	8827
      1	9297
      1	9564
      1	9638
      1	10052
      1	10135
      1	10685
      1	10710
      1	10752
      1	11211
      1	11246
      1	11512
      1	11597
      1	11640
      1	11975
      1	12011
      1	12042
      1	12132
      1	12410
      1	12552
      1	12733
      1	12891
      1	13023
      1	13252
      1	13434
      1	14055
      5	14074
      2	14222
      1	14646
      1	14778
      1	14938
      1	15070
      1	15168
      1	15328
      1	15353
      1	15673
      1	15826
      1	16154
      1	16231
      1	16368
      1	16388
      1	16503
      1	16662
      1	16862
      1	17027
      1	17058
      1	17138
      1	17184
      1	17242
      1	17323
      1	17580
      1	17984
      1	18505
      1	19339
      1	19345
      1	19402
      1	19914
      1	19967
      1	20260
      2	20277
      1	20323
      1	20364
      1	20912
      1	21045
      1	21082
      1	21205
      1	21532
      1	21604
      1	21873
      1	21897
      1	22686
      1	22902
      1	23339
      1	23449
      1	23946
      1	24222
      1	24234
      1	24339
      1	24434
      1	24469
      1	24550
      1	24670
      1	24762
      1	25046
      1	25135
      1	25189
      1	25197
      1	25224
      1	25822
      2	25880
      1	25980
      1	26230
      1	26250
      1	26376
      1	26633
      1	26661
      1	26680
      1	26805
      1	26818
      1	26883
      1	27047
      1	27231
      1	27409
      1	27419
      1	27736
      1	27782
      1	27862
      1	28349
      1	28556
      1	28557
      1	28632
      1	28929
      1	28998
      1	29318
      1	29435
      1	29470
      1	29484
      1	29907
      1	30108
      1	30242
      1	30621
      1	30724
      1	30793
      1	31025
      1	31083
      1	31175
      1	31535
      1	31557
      1	31574
      1	31761
      1	31917
      1	32083
      1	32147
      1	32173
      1	32249
      1	32505
      1	32793
      1	32809
      1	33093
      1	33095
      1	33102
      1	33230
      2	33338
      1	33446
      1	33517
      1	33602
      1	33619
      1	33628
      1	33753
      1	33803
      1	33805
      1	34148
      1	34296
      1	34369
      1	34481
      1	34884
      1	35193
      1	35212
      1	35223
      1	35325
      1	35343
      1	35506
      1	35560
      1	35586
      1	35792
      1	35908
      1	36395
      1	36702
      1	36777
      2	36810
      1	36986
     11	37010
      1	37120
      1	37263
      1	37355
      1	37382
      1	37388
      1	37422
      1	37499
      1	37536
      1	37670
      1	37712
      1	37841
      1	37850
      1	38120
      1	38563
      1	38665
      1	38747
      1	38765
      1	38874
      1	39524
      1	39621
      1	39856
      1	39881
      1	39917
      1	40101
      1	40294
      1	40531
      1	40659
      1	40733
      1	40758
      1	40895
      1	41107
      1	41123
      1	41319
      1	41393
      1	41526
      1	41744
      1	42231
      1	42579
      1	42699
      1	43061
      1	43271
      1	43272
      1	43691
      1	43882
      1	43966
      1	43982
      1	44260
      1	44305
      1	44554
      1	44796
      1	44876
      1	44939
      1	44989
      1	45109
      2	45501
      1	45778
      1	45958
      1	46008
      1	46479
      1	46485
      1	46499
      1	46552
      1	46713
      1	46950
      1	47289
      1	47396
      1	47445
      1	47489
      1	47491
      1	47556
      1	47600
      1	47823
      1	48127
      1	48322
      1	48473
      2	48535
      1	48553
      1	48615
      1	48638
      1	48813
      1	48986
      1	49078
      1	49162
      1	49349
      1	49380
      1	49390
      1	49528
      1	49623
      1	49627
      1	49746
      1	49779
      1	49992
      1	50206
      2	50236
      1	50339
      1	50386
      1	50387
      3	50544
      1	50890
      1	50945
      1	51115
      1	51291
      1	51362
      2	51493
      1	51576
      1	51614
      1	51761
      1	51812
      1	51822
      1	51908
      1	52496
      1	52505
      1	52758
      1	53029
      1	53202
      1	53368
      1	53472
      1	53632
      1	53651
      1	54105
      1	54143
      1	54249
      1	54481
      1	54617
      1	54739
      1	55137
      1	55205
      1	55437
      1	55441
      1	55507
      1	55520
      1	55526
      1	55997
      1	56266
      1	56350
      1	56366
      1	56372
      1	56743
      1	56813
      2	56911
      1	57553
      1	57786
      1	57836
      1	57919
      1	58111
      1	58116
      1	58235
      1	58238
      1	58329
      1	58372
      1	58533
      1	58545
      1	58616
      1	58725
      1	58791
      1	59364
      1	59484
      1	59688
      1	59788
      1	59795
      1	59799
      1	60017
      1	60197
      1	60244
      1	60371
      1	60890
      1	61111
      1	61169
      1	61312
      2	61547
      1	61554
      1	61592
      1	61707
      1	61927
      1	61931
      1	62119
      2	62145
      1	62317
      1	62846
      1	62947
      1	63213
      1	63803
      1	63806
      1	63918
      1	64233
      2	64402
      1	64464
      1	64470
      1	64510
      1	64844
      1	65191
      1	65353
      1	65410
      1	65427
      1	65502
