      5	11
      1	29
      1	42
      2	45
      2	48
      1	55
      1	64
      1	66
      3	71
      1	76
      1	77
      1	86
     37	91
      1	97
      2	111
      1	113
      1	161
     20	162
      1	171
      1	173
      3	175
      1	179
      2	182
      1	197
      2	202
      1	210
      2	222
      1	242
      2	257
      2	259
      1	269
      1	282
      1	297
      3	322
      1	343
      3	346
      2	363
      1	365
      1	372
      1	377
      3	401
      1	405
      1	426
      3	436
      1	440
      1	472
      1	478
      2	505
      1	512
      3	515
      5	524
      2	531
      1	537
     19	538
      1	546
      3	550
      1	558
      1	591
      8	593
      1	599
      1	607
      2	645
      4	664
      1	668
      1	686
      3	704
      2	707
      3	708
      1	709
      1	717
      1	725
      1	740
      1	749
      1	753
      5	758
      1	766
     12	767
      1	770
     13	779
      1	782
      1	792
      2	797
      3	823
      1	826
      1	834
      3	837
      1	850
      2	851
     11	865
      1	867
      1	868
      8	880
      1	886
      1	887
      2	895
      1	902
      2	920
      5	926
      1	935
      4	938
      2	944
      1	974
      1	977
      1	984
      2	1015
      2	1016
      1	1023
      2	1042
      2	1048
      1	1049
      2	1065
      1	1068
      1	1070
      1	1072
      1	1074
      3	1079
      1	1091
      1	1103
      1	1111
      1	1121
      2	1130
      1	1136
      1	1142
      2	1144
      2	1149
      3	1158
      1	1169
      1	1173
      1	1175
      1	1178
      2	1182
      1	1183
      1	1184
      2	1190
      2	1219
      8	1232
      1	1236
      1	1239
      3	1248
      1	1254
      4	1261
      1	1271
      4	1288
      1	1296
      1	1348
      1	1358
      1	1359
      1	1368
      5	1387
      1	1389
      1	1392
      1	1397
      1	1402
      1	1405
      1	1410
      1	1440
      1	1441
      1	1452
      1	1457
      1	1486
      4	1496
      1	1497
      1	1505
      6	1508
      2	1511
      1	1518
      5	1532
      3	1544
      6	1552
      1	1556
      8	1558
      1	1574
      1	1588
      1	1597
      1	1614
     13	1616
      1	1620
      1	1633
      1	1638
      1	1641
      5	1645
      2	1649
     12	1656
      4	1662
      1	1663
      1	1673
      4	1687
      1	1702
      1	1715
      2	1763
      2	1777
      2	1785
      1	1813
      3	1818
      1	1830
      1	1831
      1	1834
      1	1841
      2	1844
      2	1848
      1	1853
      3	1857
      2	1859
      1	1866
      2	1872
      2	1873
      1	1877
      2	1886
      2	1906
      1	1911
      2	1913
      1	1930
      3	1937
      1	1994
      3	1998
      1	2012
      3	2020
      1	2022
      1	2024
      1	2029
      2	2041
      2	2051
      3	2057
      2	2067
      5	2074
      2	2077
      4	2087
      2	2090
     19	2093
      1	2131
      2	2150
      1	2151
      1	2159
      1	2169
     12	2175
      1	2176
      2	2182
      1	2188
      1	2222
      1	2229
      1	2236
      2	2251
      4	2261
      1	2267
      1	2270
      1	2274
      1	2280
      1	2297
      1	2307
      1	2327
      1	2335
      2	2356
      1	2380
      2	2382
      1	2452
      2	2473
      3	2475
      1	2484
      1	2486
      2	2493
      1	2496
      2	2503
      3	2504
      1	2505
      1	2511
      1	2525
      3	2532
      1	2544
      2	2550
      2	2558
      6	2566
      1	2574
      1	2577
      1	2584
      1	2586
      2	2589
      1	2595
      7	2600
      4	2613
      1	2614
      1	2629
      1	2634
      1	2644
      2	2648
      1	2649
      1	2654
      1	2662
      1	2667
      1	2677
      1	2687
      4	2688
      1	2700
      1	2720
      3	2738
      1	2766
      1	2767
      1	2773
      7	2774
      1	2775
      2	2778
      1	2780
      2	2795
      3	2803
      1	2806
      1	2811
      6	2819
      1	2824
      2	2836
     91	2849
      1	2866
      1	2891
      1	2902
      1	2906
      4	2916
      1	2933
      2	2934
      1	2970
      1	2977
      1	2983
      1	2984
      1	2994
      1	3003
      6	3004
      5	3005
      1	3008
      1	3010
      1	3013
      7	3014
      1	3025
      1	3058
      1	3068
      4	3078
      1	3079
      1	3093
      6	3114
      1	3123
      1	3126
      1	3144
      1	3148
      1	3152
      1	3155
      5	3162
      2	3176
      1	3181
      1	3184
      1	3190
      1	3191
      6	3195
     15	3198
      1	3204
      1	3210
      2	3213
      3	3221
      4	3242
      1	3244
      1	3246
      1	3256
      1	3260
      1	3272
      1	3283
      1	3305
      1	3325
      1	3328
      1	3339
      1	3340
      3	3351
      1	3358
      1	3370
      1	3371
      1	3373
      1	3375
      3	3376
      1	3378
      1	3382
      1	3384
      1	3406
      1	3407
      1	3425
      1	3430
      1	3434
      1	3458
      1	3461
      1	3467
      1	3483
      3	3486
      5	3493
      1	3506
      1	3517
      1	3519
      1	3524
      1	3525
      1	3538
      1	3543
      2	3549
      5	3552
      2	3553
      1	3564
      1	3584
      3	3592
      2	3595
      3	3607
      1	3622
      2	3624
      2	3646
      1	3648
      1	3663
      4	3675
      1	3688
      7	3690
      1	3691
      1	3693
      1	3698
      3	3732
      3	3737
     10	3745
      3	3764
      1	3770
      1	3792
      3	3830
      2	3842
      5	3843
      2	3872
      1	3874
      2	3886
      1	3932
      1	3935
      1	3946
      1	3954
      1	3958
      1	3977
      3	3995
     10	4014
      5	4024
      2	4034
      8	4036
      3	4072
      3	4073
      9	4106
      7	4109
      2	4113
      1	4127
      1	4129
      2	4134
      1	4139
      1	4146
      1	4153
      2	4174
      1	4187
      1	4195
      1	4224
      2	4238
      1	4245
      1	4248
      1	4249
      1	4263
      1	4273
      3	4279
      4	4286
      1	4292
      2	4293
      1	4299
      1	4300
      2	4308
      2	4316
      1	4318
      3	4327
      3	4334
      1	4336
      1	4345
      1	4368
      1	4370
      2	4379
      1	4388
      2	4391
      1	4409
      1	4411
      1	4430
      1	4436
      1	4437
      2	4442
      1	4447
      1	4449
      1	4460
      1	4462
      1	4464
      1	4469
      1	4473
      1	4481
      1	4522
      2	4523
      1	4527
      1	4528
      1	4534
      1	4538
      1	4546
      1	4552
      1	4591
      2	4592
      1	4596
      1	4601
      5	4604
      3	4621
      1	4645
      1	4649
      6	4664
      1	4668
      2	4679
      1	4681
      2	4695
      1	4713
      2	4730
      8	4732
      1	4733
      2	4744
      1	4751
      1	4754
      1	4762
     11	4780
      1	4785
      1	4787
      1	4790
      1	4796
      3	4801
      2	4804
      1	4808
      2	4812
      2	4841
      1	4843
      1	4848
      1	4853
      3	4856
      1	4888
      2	4896
      2	4907
      1	4915
     19	4926
      6	4930
      1	4935
      1	4942
      2	4950
      3	4951
      1	4953
      1	4959
      1	4961
      2	4967
      2	4969
      1	4976
      1	4985
      2	5007
      2	5021
      4	5023
      5	5026
      1	5030
      1	5033
      1	5043
      2	5059
      1	5069
      2	5109
      1	5113
      1	5118
      1	5126
     12	5161
      4	5163
      9	5166
      2	5187
      1	5214
      3	5219
      3	5222
      1	5228
      1	5237
      2	5253
      2	5260
      1	5271
      1	5276
      7	5287
      1	5291
      1	5300
      1	5310
      2	5314
      2	5319
      1	5323
      1	5325
      1	5327
      1	5329
      2	5330
      1	5346
      1	5358
      1	5375
      1	5403
      2	5430
      1	5432
      1	5443
      2	5444
      1	5449
      1	5452
      2	5474
      8	5475
      1	5480
      1	5483
      1	5495
      2	5510
      1	5511
      1	5519
      1	5520
      2	5533
      3	5541
      1	5542
      1	5547
      1	5548
      1	5565
      4	5595
      2	5613
      1	5640
      1	5643
      1	5652
      2	5656
      1	5658
      1	5672
     12	5697
      1	5699
      1	5720
     10	5731
      2	5736
      1	5744
      1	5754
      2	5758
      1	5761
      1	5766
      4	5768
      1	5776
      1	5778
      1	5782
      4	5792
      2	5809
      7	5819
      3	5820
      7	5823
      1	5836
      2	5852
      1	5853
      1	5856
      4	5874
      1	5875
      1	5876
      2	5888
      4	5892
      1	5893
      1	5907
      1	5933
      1	5951
      1	5954
      1	5967
      3	5974
      1	5976
      1	5981
      4	6012
      2	6032
      6	6045
      6	6055
      1	6072
      2	6073
      1	6076
      1	6081
      1	6108
      1	6111
      1	6115
      1	6117
      1	6120
      2	6124
      1	6126
      4	6128
      1	6150
      3	6156
      3	6162
      1	6172
      1	6174
      2	6175
      1	6179
      2	6180
      2	6181
      4	6183
      1	6196
      1	6217
      1	6219
      4	6226
     13	6239
      1	6247
      7	6256
      2	6266
      8	6275
      1	6293
      2	6302
      5	6330
      2	6338
      1	6343
      2	6346
      1	6347
      1	6349
      1	6357
      1	6358
      1	6360
      1	6361
      6	6363
      5	6366
      1	6368
      1	6377
      1	6382
      1	6389
      3	6394
      1	6396
      1	6417
      1	6423
      1	6457
      2	6486
     16	6494
      1	6504
      1	6505
      1	6512
      1	6518
      1	6541
      1	6551
      7	6558
      1	6569
      2	6575
      1	6586
      3	6596
      2	6601
      1	6612
      1	6622
      1	6645
      2	6647
      1	6654
      1	6657
      1	6669
      5	6689
      4	6691
      1	6695
      1	6700
      1	6711
      3	6727
      7	6731
      1	6736
      4	6746
      4	6753
      1	6764
      1	6781
      1	6805
      1	6806
      1	6836
      1	6839
      2	6854
      2	6861
      1	6898
      1	6899
      1	6900
      1	6906
      1	6941
      1	6945
      2	6949
      4	6956
      1	6959
      1	6964
      1	6969
      6	6980
      1	6985
      1	7001
      2	7002
      1	7003
      2	7011
      1	7012
      4	7013
      1	7067
      2	7069
      1	7083
      1	7101
      1	7109
      3	7113
      3	7115
      1	7117
      8	7120
      1	7129
      1	7176
      2	7177
      1	7178
      2	7181
      4	7185
      1	7189
      1	7195
      2	7199
      1	7206
      1	7210
      2	7211
      2	7229
      1	7242
      1	7252
      3	7254
      1	7276
      1	7278
      5	7287
      3	7289
      2	7303
      1	7313
      1	7315
      1	7326
      1	7356
      1	7369
      2	7386
     11	7403
      1	7424
      2	7435
      1	7457
      2	7481
      1	7482
      2	7485
      4	7490
      1	7494
      1	7512
      2	7513
      1	7533
      1	7554
      1	7558
      1	7566
      2	7572
      2	7594
      2	7603
      1	7613
      2	7615
      1	7646
      3	7647
      1	7667
      1	7673
      1	7675
      1	7677
      1	7678
      1	7705
      2	7706
      3	7720
      1	7774
      1	7793
      1	7798
      1	7820
      2	7834
      1	7835
      1	7842
      1	7846
      1	7858
      1	7876
      3	7893
      1	7910
      1	7930
      3	7935
      1	7942
      1	7946
      1	7955
      1	7969
     10	7970
      2	7981
      1	7990
      1	8009
      6	8011
      1	8013
      3	8014
      1	8017
      1	8031
      1	8040
      1	8045
      1	8046
      1	8051
      2	8061
      2	8062
      1	8076
      1	8092
      1	8096
      1	8101
      1	8111
      5	8121
      1	8123
      2	8129
      1	8147
      2	8153
      6	8159
     13	8172
      7	8201
      3	8223
      1	8236
      2	8239
      2	8243
      3	8264
      2	8276
      7	8281
      6	8287
      2	8293
      2	8313
      1	8332
      1	8337
      1	8351
      3	8370
      1	8394
      1	8399
      2	8411
      1	8492
      1	8500
      3	8515
      1	8527
      1	8532
      3	8560
      1	8579
      1	8585
      3	8589
      5	8617
      3	8618
      4	8622
      1	8639
      1	8652
      4	8657
      1	8658
      1	8672
      1	8677
     13	8700
      1	8712
      1	8730
      2	8736
      1	8739
      2	8740
      1	8748
      1	8753
      5	8760
      5	8782
      2	8809
      1	8812
      1	8815
      1	8827
      1	8832
      1	8839
      1	8840
      1	8844
      1	8847
      5	8859
      1	8873
      1	8878
      3	8887
      2	8891
      1	8896
      1	8900
      1	8920
      2	8921
      2	8934
      1	8954
      1	8955
      3	8956
      1	8962
      1	8970
      4	8974
      1	8979
     11	8983
      2	8987
      1	8993
      1	9002
      1	9005
      2	9006
      1	9011
      1	9032
      2	9058
      1	9060
      1	9089
      1	9104
      1	9116
      5	9120
      1	9125
      2	9133
      1	9143
      1	9148
      1	9149
      2	9152
      1	9154
      2	9157
      1	9164
      1	9175
      7	9182
      1	9186
      1	9200
      3	9211
      2	9212
      1	9217
      1	9218
      1	9230
      3	9234
      1	9241
      1	9260
      1	9276
      1	9284
      1	9287
      1	9300
      1	9301
      5	9304
      2	9312
      8	9317
      1	9319
      1	9324
      1	9326
      1	9327
      1	9337
      1	9343
      6	9345
      1	9347
      1	9355
      2	9374
      1	9377
      1	9384
      1	9411
      1	9416
      1	9424
      1	9441
      1	9445
      1	9452
      1	9456
      1	9467
      2	9474
      1	9484
      4	9486
      1	9491
      2	9496
      2	9498
      1	9538
      2	9539
      1	9542
      1	9555
      2	9556
      1	9562
      1	9564
      2	9572
      1	9583
      1	9590
      5	9610
      1	9621
      1	9638
      1	9650
      1	9653
      2	9705
      2	9708
      1	9713
      1	9731
      1	9735
      1	9738
      2	9750
      1	9752
      1	9754
      9	9758
      4	9765
      2	9772
      1	9773
      8	9797
      1	9798
      1	9805
      1	9811
      1	9817
      1	9819
      3	9824
      1	9825
      2	9831
      1	9861
      1	9869
      1	9872
      2	9873
      1	9883
      2	9884
      2	9892
     10	9900
      5	9921
      1	9953
      2	9965
      2	9985
      3	10007
     18	10026
      1	10034
      1	10044
      1	10045
      3	10062
      1	10064
      1	10069
      1	10070
      1	10072
      1	10077
      2	10104
      5	10123
      1	10135
      1	10156
      4	10174
      1	10175
      1	10190
      1	10191
      1	10198
      2	10214
      1	10216
      1	10241
      1	10243
      1	10244
      5	10245
      1	10251
      1	10255
      1	10259
      1	10274
      1	10280
      1	10281
      3	10338
      1	10346
      2	10363
      1	10365
      1	10381
      3	10385
      1	10387
      1	10389
      1	10391
      1	10399
      1	10401
      1	10402
      1	10407
      2	10413
      1	10416
      1	10422
      2	10424
      2	10427
      2	10443
     10	10447
      2	10453
      1	10462
      2	10465
      1	10466
      1	10482
      1	10483
      6	10487
      1	10491
      1	10493
      1	10510
      1	10520
      1	10525
      3	10528
      1	10531
      1	10537
      1	10538
      1	10545
      1	10549
      1	10555
      1	10570
      1	10576
      1	10591
      1	10601
      2	10603
      2	10610
      1	10611
      1	10625
      1	10652
      5	10660
      1	10705
      2	10722
     19	10724
      1	10732
      2	10744
      2	10759
      1	10762
      1	10765
      1	10790
      1	10815
      1	10827
      1	10830
      1	10843
      2	10847
      7	10859
      4	10864
      1	10885
      1	10898
      1	10899
      1	10900
      1	10914
      1	10916
      1	10918
      1	10919
      1	10933
      4	10942
      1	10943
      9	10950
      1	10958
      1	10967
      1	10974
      1	10986
      4	10987
      9	10998
     20	11058
      2	11059
     10	11071
      2	11077
      1	11078
      1	11082
      1	11090
      2	11095
      1	11126
      1	11155
     14	11159
      1	11169
      2	11171
      1	11189
      1	11230
      1	11231
      1	11235
      1	11240
      1	11272
      1	11276
      1	11278
      1	11297
      1	11304
      2	11307
      1	11308
      2	11321
      1	11330
      2	11336
      5	11337
      1	11345
      1	11358
      3	11382
      3	11391
      3	11398
      1	11417
      1	11419
      1	11427
      1	11430
      2	11432
      2	11446
      1	11453
      3	11477
      8	11490
      1	11494
      5	11506
      4	11524
      2	11525
      4	11535
      1	11545
      1	11546
      9	11548
      2	11567
      7	11584
      1	11593
      1	11608
      1	11621
      1	11645
      5	11652
      1	11709
      1	11748
      1	11750
      5	11751
      3	11759
      1	11767
      1	11776
      2	11781
      1	11800
      1	11806
      1	11830
      2	11837
      1	11867
      1	11876
      1	11879
      1	11892
      1	11904
      2	11926
      1	11933
      2	11953
      1	11961
     18	11964
      1	11967
      1	11985
      1	11986
      1	11991
      5	11995
      1	12005
      1	12020
      1	12024
      2	12037
      2	12038
      1	12042
      3	12050
      1	12055
      1	12072
      1	12081
      1	12087
      1	12098
      4	12108
      1	12113
      1	12122
      1	12123
      1	12125
      1	12155
      1	12183
      1	12186
      2	12195
      1	12204
      1	12223
      1	12230
      1	12232
      1	12253
      1	12259
      2	12281
      1	12284
      1	12288
      1	12295
      1	12317
      1	12323
      1	12334
      1	12337
      2	12339
      1	12344
      4	12356
      1	12361
      1	12375
      1	12390
      2	12394
      4	12397
      1	12404
      2	12418
      1	12424
      3	12447
      4	12450
     10	12505
      2	12510
      1	12532
      1	12534
      2	12585
      1	12596
      4	12597
      1	12603
      1	12611
      2	12623
      2	12627
      1	12680
      9	12684
      1	12688
      7	12689
      1	12695
      1	12708
      1	12709
      1	12710
      2	12722
      1	12723
      4	12747
      2	12754
      1	12755
      2	12759
      2	12786
      1	12792
      2	12804
      7	12809
      2	12814
      2	12818
      1	12826
      1	12848
      1	12851
      1	12862
      1	12881
      3	12915
      1	12936
      1	12941
      1	12942
      5	12945
      6	12952
      1	12960
      1	12970
      1	12973
      1	12975
      2	12989
      2	12993
      1	13014
      6	13024
      1	13026
      2	13031
      2	13035
      1	13049
      1	13053
      2	13055
      1	13064
      4	13118
      1	13136
      1	13140
      1	13153
      1	13184
      3	13185
      1	13188
      1	13194
      1	13218
      1	13221
      1	13257
      1	13267
     11	13273
      1	13288
      1	13291
      1	13299
      2	13300
      2	13304
      1	13309
      4	13315
      2	13319
      1	13322
      1	13329
      1	13333
      3	13335
      3	13345
      1	13365
      1	13369
      1	13376
      1	13388
      2	13402
      1	13403
      1	13414
      3	13416
     11	13419
      1	13421
      1	13424
      1	13427
      5	13439
      1	13451
      1	13461
      4	13462
      1	13478
      1	13481
      2	13486
     54	13490
      1	13495
      1	13503
      1	13515
      1	13523
      1	13570
      1	13572
      4	13591
      1	13594
      6	13595
      1	13599
      2	13600
      1	13642
      4	13653
      1	13672
      1	13678
      1	13682
      2	13699
      1	13717
      4	13723
      6	13724
      2	13737
      4	13738
      2	13768
      1	13771
      1	13775
      1	13787
      2	13801
      2	13806
      1	13819
      1	13825
      1	13839
      4	13871
      1	13879
      1	13885
      1	13921
      1	13929
      1	13933
      1	13934
      1	13938
      2	13945
     10	13952
      3	13954
      2	13975
      1	13991
      1	14003
      1	14033
      2	14053
      2	14070
      2	14095
      1	14104
      1	14111
      4	14127
      2	14128
      2	14137
      1	14141
      1	14153
      1	14155
      1	14159
      3	14166
      2	14169
      1	14171
      1	14178
      1	14179
      1	14182
      1	14184
      2	14191
     11	14213
      1	14215
      1	14222
      1	14256
      1	14271
      1	14275
      7	14287
      1	14289
      1	14292
      2	14295
      1	14297
      1	14302
      2	14312
      1	14315
      1	14326
      2	14332
      1	14335
      2	14340
      1	14343
      1	14352
      1	14353
      2	14364
      5	14385
      1	14389
      7	14392
      1	14416
     16	14429
      1	14430
      1	14468
      1	14472
      3	14475
      1	14478
      7	14492
      4	14506
     11	14509
      3	14513
      1	14515
      2	14540
      1	14550
      2	14565
      1	14576
      1	14591
      1	14592
      3	14606
      3	14619
      3	14626
      1	14629
      3	14648
      1	14654
      1	14660
      1	14661
      1	14665
      1	14666
      1	14677
      1	14681
      2	14684
      1	14700
      1	14711
      2	14714
      3	14720
      1	14745
      1	14762
      1	14770
      2	14771
      2	14775
      1	14790
      3	14791
      1	14793
      2	14795
      1	14798
      1	14800
      1	14801
      1	14819
      1	14821
      1	14849
      2	14872
      1	14882
      3	14883
      1	14908
      1	14910
      2	14938
      1	14939
      1	14945
      3	14986
      2	14989
      3	14993
      1	15017
      1	15020
      1	15021
      2	15033
      1	15041
      2	15047
      1	15059
      1	15064
      1	15070
      1	15086
      1	15092
      2	15093
      1	15095
      1	15112
      1	15123
      1	15131
      1	15135
      1	15142
      2	15147
      1	15159
      2	15183
      4	15188
      1	15190
      1	15202
      1	15215
      1	15236
      1	15244
      1	15257
      1	15261
      1	15263
      1	15266
      2	15282
      1	15297
      4	15303
      4	15306
      2	15310
      1	15321
      1	15325
      1	15334
      1	15344
      2	15355
      1	15361
      1	15366
      2	15371
      2	15375
      2	15386
      1	15399
      1	15408
      1	15414
      1	15420
      1	15430
      1	15437
      2	15443
      3	15458
      2	15461
      1	15479
      2	15492
      1	15498
      1	15518
      1	15525
      4	15535
      1	15558
      3	15567
      2	15587
      3	15592
      1	15593
      1	15600
      1	15601
      1	15604
      1	15605
      1	15607
      1	15618
      2	15639
      1	15644
      2	15661
      2	15666
      1	15688
      1	15696
     10	15702
      2	15704
      1	15725
      1	15748
      1	15754
      3	15789
      1	15820
      1	15868
      1	15869
      1	15870
      1	15892
      1	15902
      1	15939
      2	15952
      1	15955
      1	15958
      1	15959
      2	15964
      3	15972
      1	15982
      6	15985
      1	16000
      1	16002
      7	16007
      1	16015
      3	16017
      1	16024
      1	16033
      1	16036
      2	16047
      1	16049
      1	16059
      1	16063
      1	16076
      1	16086
      1	16108
      5	16110
      1	16122
      5	16148
      2	16164
      2	16188
      3	16192
      1	16195
      2	16199
      1	16200
      2	16219
      1	16256
      1	16264
      1	16265
     10	16276
      4	16277
      1	16285
      1	16290
      2	16354
      6	16368
      1	16377
      1	16388
      1	16397
      5	16400
      1	16412
      3	16414
      5	16418
      1	16426
      2	16442
      1	16454
      3	16461
     10	16479
      3	16503
      1	16513
      1	16529
      1	16530
      3	16532
      1	16548
      9	16554
      2	16559
      1	16561
      1	16568
      2	16571
      1	16585
      1	16588
      1	16589
      2	16594
      4	16614
      1	16620
      5	16628
      1	16644
      1	16682
      2	16704
      1	16715
      1	16724
      5	16738
      2	16749
      1	16757
      2	16769
      2	16775
      1	16778
      1	16788
      2	16790
      1	16793
      1	16794
      1	16805
      4	16806
      1	16810
      1	16828
      1	16831
      1	16851
      1	16852
      5	16862
      9	16887
      1	16897
      2	16920
      1	16929
      3	16934
      1	16944
      1	16955
      1	16956
      1	16958
      3	16968
      4	17005
      1	17009
      1	17018
      1	17020
      1	17026
      2	17027
      1	17044
      1	17047
      1	17062
      1	17064
      1	17066
      1	17079
      1	17080
      1	17088
      1	17093
      1	17105
      1	17115
      1	17117
      1	17125
      1	17145
      1	17156
      2	17164
      2	17168
      6	17210
     15	17214
      3	17220
      8	17225
      1	17245
      3	17267
      1	17271
      3	17282
      4	17283
      1	17293
      1	17295
      2	17310
      9	17314
      2	17323
      3	17331
     17	17338
      1	17341
      3	17343
      1	17345
      3	17352
      1	17356
      1	17381
      1	17404
      1	17450
      1	17452
      1	17454
      4	17465
      1	17474
      1	17487
      1	17498
      1	17507
      1	17527
      1	17534
      4	17540
      1	17558
      1	17560
      1	17565
      1	17574
      2	17578
      5	17592
      1	17624
      1	17625
      1	17645
      1	17648
      2	17655
      1	17661
      1	17666
      1	17668
      1	17681
      1	17682
      1	17715
      9	17736
      1	17765
      2	17773
      1	17778
      2	17801
      3	17807
      1	17829
      1	17833
      3	17840
      1	17848
      4	17864
      2	17879
     21	17884
      1	17887
      4	17895
      2	17912
      3	17916
      1	17918
      6	17921
      1	17928
      2	17929
      2	17934
      1	17938
      1	17957
      1	17964
      1	17965
     14	17975
      1	17984
      2	17989
      4	17990
      1	17998
      3	18004
      5	18020
      2	18023
      2	18035
      1	18040
      1	18050
      1	18054
      1	18056
      1	18069
      1	18073
      3	18077
      1	18108
      1	18135
      1	18160
      1	18161
      1	18168
      1	18169
      1	18174
      3	18179
      5	18180
      2	18186
      1	18188
      2	18203
      3	18207
      1	18212
      1	18251
      1	18257
      1	18264
      1	18279
      1	18296
      1	18304
      1	18315
      1	18333
      2	18340
      5	18348
      1	18352
      2	18353
      1	18356
      1	18361
      2	18366
      1	18377
      1	18387
      1	18396
      6	18406
      2	18413
      1	18422
      1	18436
      1	18443
      1	18455
      1	18487
      8	18498
      1	18507
      1	18511
      1	18513
      1	18515
      1	18530
      1	18538
      1	18567
      1	18589
     11	18590
      1	18599
      3	18616
      2	18636
      1	18641
      3	18660
      1	18662
      1	18674
      1	18676
      2	18677
      1	18688
      5	18696
      1	18749
      1	18768
      1	18778
      2	18792
      7	18802
      1	18803
      2	18842
      1	18843
      1	18857
      1	18867
      5	18885
      1	18888
      4	18905
      2	18907
      2	18912
      4	18937
      1	18939
      1	18944
     16	18981
      9	18992
      1	18993
      2	19001
      1	19004
      1	19011
      5	19016
      1	19025
      1	19033
      3	19049
      3	19066
      1	19076
      3	19124
      1	19134
      1	19168
      2	19174
      1	19195
      3	19198
      2	19200
      1	19205
      7	19212
      1	19237
      1	19247
      3	19248
      2	19249
      1	19255
      2	19265
      1	19268
      2	19269
      3	19271
      3	19277
      1	19282
      3	19285
      1	19288
      1	19292
      1	19301
      2	19305
      1	19319
      2	19335
      2	19339
      1	19340
      2	19345
      1	19354
      3	19372
      1	19378
      1	19402
      1	19417
      2	19422
      1	19425
      2	19441
      1	19481
      2	19525
      2	19539
      1	19572
      4	19578
      2	19582
      5	19585
      1	19586
      1	19588
      1	19595
      1	19616
      7	19622
      1	19624
      1	19629
      1	19631
      2	19633
      1	19645
      4	19678
      1	19683
      1	19684
      2	19692
      1	19707
      2	19711
      1	19728
      1	19744
      1	19763
      1	19785
      1	19790
      2	19800
      2	19810
      2	19825
      2	19851
      1	19854
      1	19859
      1	19869
      2	19879
      2	19889
      1	19891
      2	19897
      9	19904
      2	19911
      1	19918
      1	19919
      1	19928
      1	19944
      1	19947
      3	19960
      1	19962
      1	19970
      6	19976
      1	19978
      2	19991
      1	19994
      1	20003
      1	20024
      1	20031
      2	20056
      2	20080
      1	20084
      1	20085
      1	20089
      1	20145
      7	20162
      1	20170
      3	20191
      1	20195
      1	20204
      1	20206
      1	20226
      2	20227
      2	20267
      7	20268
      1	20274
      1	20280
      1	20284
      1	20285
      1	20307
      1	20308
      2	20320
      3	20323
      1	20347
      1	20364
      1	20382
      3	20390
      1	20401
      1	20414
      4	20422
      3	20438
      1	20440
      2	20480
      3	20483
      3	20487
      2	20515
      1	20531
      1	20539
      1	20546
      1	20599
      1	20606
      2	20609
      3	20611
      1	20612
      1	20616
      1	20649
      1	20653
      3	20658
      1	20678
      1	20683
      1	20686
      1	20700
      2	20711
      1	20713
      1	20716
      1	20718
      2	20721
      2	20785
      1	20787
      1	20800
      1	20805
      1	20818
      3	20827
      7	20837
      1	20855
      1	20861
      2	20865
      1	20871
      2	20882
      1	20915
      1	20925
     13	20939
      1	20946
      4	20955
      1	20978
      1	20991
      6	20994
      1	20995
      6	20997
      1	21018
      1	21022
      3	21034
      2	21050
      2	21060
      3	21079
      1	21082
      1	21115
      2	21134
      1	21137
      3	21138
      2	21142
      1	21149
      1	21153
      2	21156
      1	21164
      1	21170
      1	21173
     11	21180
      1	21183
      1	21207
      1	21220
      1	21221
      3	21251
      2	21253
      1	21266
      2	21271
      2	21276
      1	21284
      1	21297
      1	21300
      3	21303
      3	21312
      1	21318
      1	21321
      1	21325
      1	21334
      1	21337
      1	21342
      1	21364
      1	21369
      1	21370
      2	21378
      2	21393
      2	21400
      1	21432
      1	21438
      2	21463
      1	21465
      1	21466
      2	21471
      1	21476
      6	21483
      3	21493
      2	21503
      3	21507
      2	21518
      1	21530
      2	21532
      3	21552
      2	21563
      1	21571
      2	21602
     19	21605
      4	21607
      2	21621
      5	21623
      3	21628
      3	21646
      1	21650
      1	21660
      1	21664
      3	21665
      1	21670
      1	21681
      1	21733
      1	21740
      1	21783
      1	21784
      1	21789
      3	21802
      1	21805
      2	21821
     21	21822
      1	21866
      1	21869
      1	21874
      1	21885
      1	21892
      1	21909
      4	21911
      1	21915
      1	21920
      3	21926
      1	21930
      2	21939
      1	21981
      2	21988
      1	21989
      1	21995
      1	22005
      4	22010
      1	22027
      1	22028
      1	22055
      1	22063
      1	22070
      1	22073
      1	22078
      2	22097
      1	22122
      3	22131
      1	22134
      1	22144
      1	22148
      6	22164
      2	22176
      1	22187
      6	22188
      2	22194
      4	22204
      1	22206
      1	22219
      2	22220
      1	22224
      6	22230
      1	22238
      1	22241
      1	22288
      1	22290
      5	22292
      1	22293
      8	22305
      1	22306
      1	22309
      1	22315
      2	22330
      1	22347
     13	22365
      3	22367
      1	22374
      3	22392
      1	22400
      1	22402
      1	22409
      1	22417
      3	22423
      2	22426
      1	22427
      1	22433
      1	22436
      1	22445
      7	22447
      1	22494
      2	22495
      1	22501
      1	22505
      1	22511
      2	22515
      2	22532
      1	22561
      1	22573
      1	22579
      1	22589
      2	22590
      1	22600
      1	22621
      2	22625
      1	22626
      1	22631
      1	22633
      1	22666
      3	22670
      1	22675
      1	22682
      1	22689
     12	22699
      3	22713
      2	22719
      1	22720
      1	22722
      1	22733
      3	22738
      3	22741
      3	22743
      8	22744
      1	22761
      2	22792
      1	22795
      2	22800
      3	22812
      1	22823
      1	22829
      1	22856
      1	22859
      1	22862
      1	22869
      1	22902
      1	22905
      2	22910
      1	22911
      1	22915
      1	22919
      1	22933
      1	22935
      1	22944
      2	22958
      1	22960
      1	22961
      3	22970
      1	22975
      3	22977
      1	22978
      8	22980
      1	22984
     10	22995
      1	23013
      2	23015
      1	23023
     11	23029
      2	23033
      1	23039
      2	23050
      1	23055
      2	23070
      1	23082
      3	23092
      1	23094
      2	23095
      1	23101
      3	23105
      4	23114
      1	23119
      4	23168
      1	23176
      1	23179
      1	23180
      1	23181
      1	23183
      3	23216
      1	23219
      1	23221
      1	23227
      2	23237
      1	23238
      1	23244
      1	23247
      2	23251
      1	23259
      1	23268
      3	23309
      2	23311
      1	23321
      2	23333
      1	23335
      2	23349
      1	23351
      4	23353
      1	23354
      1	23371
      1	23376
      1	23383
      1	23387
      1	23399
     11	23412
      1	23429
      2	23435
      2	23436
      2	23443
      1	23446
      3	23449
      1	23453
      1	23472
      1	23473
      1	23483
      1	23485
      4	23526
      1	23535
      3	23547
      1	23549
      1	23565
     12	23577
      2	23580
      1	23594
      2	23611
      3	23620
      1	23653
      1	23680
      1	23692
      2	23694
      1	23709
      1	23710
      4	23720
      1	23736
      3	23741
      1	23753
      2	23798
      1	23799
      1	23806
      2	23808
      3	23828
      2	23839
      1	23851
      1	23852
      2	23853
      3	23864
      1	23869
      1	23881
      2	23895
      1	23918
      1	23940
      2	23946
      3	23961
      1	23990
      2	24002
      3	24026
      2	24037
      3	24038
      1	24044
      1	24049
      1	24054
      9	24058
      1	24062
      1	24063
      1	24068
      1	24089
      1	24102
      2	24114
      2	24121
      5	24136
      1	24138
      3	24141
      1	24146
      4	24157
      1	24162
      1	24207
      1	24228
      1	24230
      2	24265
      3	24274
      1	24276
      5	24279
      1	24288
      2	24298
      6	24302
      1	24311
      3	24324
      6	24334
      4	24339
      2	24342
      3	24345
      1	24353
      2	24356
      1	24360
      1	24363
      3	24376
      5	24384
      1	24390
      1	24394
      3	24406
      8	24412
      2	24418
      1	24422
      1	24425
      1	24440
      1	24448
      1	24466
      7	24469
      1	24479
      2	24489
      2	24506
      2	24519
      1	24529
      2	24546
      1	24550
      1	24553
      1	24566
      3	24567
      2	24570
      1	24573
      1	24583
      3	24586
      2	24596
      2	24608
      1	24613
      3	24622
      1	24638
      1	24644
      1	24656
      1	24668
      5	24672
      2	24685
      2	24703
      1	24714
      1	24718
      1	24747
      1	24749
      4	24750
      4	24800
      2	24801
      2	24804
      2	24806
      1	24807
      1	24812
     27	24817
      1	24821
      1	24830
      1	24837
      8	24839
      5	24849
      1	24852
      1	24893
      6	24911
      1	24914
      1	24922
      3	24931
      1	24943
      1	24950
      1	24958
      7	24990
      1	24994
      1	25004
      1	25016
      1	25024
      2	25046
      6	25054
      3	25096
      1	25101
      1	25125
      3	25129
      1	25133
      1	25144
      2	25163
      1	25173
      1	25192
      1	25193
      1	25195
      1	25226
      1	25232
      1	25233
      1	25253
      3	25256
      2	25276
      1	25289
      1	25293
      2	25312
      1	25324
      1	25325
      6	25338
      1	25346
      1	25347
      1	25348
      1	25363
      2	25366
      1	25379
      1	25381
      2	25390
      1	25398
      1	25411
      1	25437
      1	25439
      2	25448
      1	25455
      1	25474
      3	25475
      1	25507
      4	25515
      1	25516
      1	25523
      1	25530
      3	25533
      2	25535
      7	25556
      6	25563
      1	25571
      1	25573
      3	25596
      2	25598
      1	25600
      1	25610
      3	25620
      1	25628
      2	25639
      1	25640
      1	25647
      1	25650
      1	25654
      1	25656
      1	25658
      2	25659
      1	25661
      1	25663
      1	25664
      1	25678
      1	25685
     13	25689
      1	25694
      1	25695
      1	25697
      2	25700
      2	25714
      1	25724
      1	25728
      2	25743
      1	25755
      1	25768
      1	25776
      2	25781
      1	25785
      2	25787
      1	25797
      2	25810
      3	25813
      2	25816
      2	25821
      1	25838
      2	25842
      1	25869
      2	25871
      2	25875
      1	25880
      2	25892
      5	25899
      1	25935
      1	25944
      3	25946
      3	25953
      2	25960
      1	25967
      1	25981
      2	25985
      5	26002
      1	26012
      1	26016
      1	26045
      1	26053
      2	26060
      1	26070
      2	26080
      1	26088
      3	26108
     10	26111
      1	26115
      1	26126
      1	26130
      1	26135
      1	26139
      1	26144
      1	26166
      1	26173
      1	26174
      1	26192
      4	26202
      7	26207
      2	26211
      1	26216
      1	26219
      3	26246
      2	26250
      1	26258
      1	26260
      1	26263
      1	26267
      1	26286
      5	26290
      1	26293
      1	26296
      2	26306
      1	26340
      1	26341
      3	26349
      3	26359
      1	26376
      1	26399
      1	26414
      2	26416
      2	26418
      1	26434
      6	26435
      1	26445
      4	26458
      1	26460
      1	26468
      1	26471
      1	26488
      2	26497
      1	26525
      1	26534
      1	26546
      2	26564
      1	26568
      8	26583
      1	26597
      4	26625
      1	26636
      2	26641
      1	26642
      1	26646
      1	26648
      1	26666
      3	26685
      3	26711
      1	26713
      2	26714
      2	26733
      1	26734
      4	26739
      3	26748
      6	26777
      1	26791
      1	26796
      2	26805
      1	26806
      1	26818
      1	26821
      1	26824
      1	26829
      6	26838
      1	26856
      2	26857
      1	26869
      1	26874
      2	26883
      1	26886
      1	26899
      1	26900
      1	26917
      1	26927
      1	26928
      1	26940
      1	26947
      3	26959
      3	26964
      1	26965
      5	27039
      2	27052
      1	27069
      1	27071
      2	27090
      1	27095
      1	27097
      1	27117
      3	27127
      1	27148
      4	27155
      1	27182
      1	27230
      1	27235
      1	27245
      1	27246
      2	27248
      2	27257
      2	27263
      1	27268
      2	27272
      1	27277
      1	27285
      7	27286
      2	27289
      2	27302
      1	27305
      1	27310
      1	27313
      3	27316
      2	27317
      2	27323
      1	27324
      1	27325
      1	27331
     12	27349
      4	27350
      4	27357
      2	27361
      1	27367
      2	27374
      1	27378
      3	27382
      1	27384
      3	27409
      1	27419
      1	27429
      2	27432
      1	27440
      4	27443
      2	27462
      1	27469
      1	27474
      2	27485
      2	27495
      1	27509
      2	27510
      2	27514
      6	27519
      1	27529
      1	27563
      2	27567
      1	27569
      1	27579
      6	27586
      1	27596
      4	27598
      9	27615
      1	27620
      1	27622
      1	27642
      1	27649
      1	27660
      1	27661
      1	27705
      1	27724
      1	27731
      1	27740
      1	27766
      3	27773
      1	27787
      8	27790
      2	27816
      1	27822
      1	27828
      1	27830
      1	27848
      1	27853
      1	27854
      2	27856
      1	27858
      1	27862
      2	27867
      5	27868
      1	27873
      3	27890
      1	27891
      1	27925
      1	27936
      1	27938
      1	27943
      1	27944
      2	27960
      1	27966
      1	27967
      1	27979
      3	27991
      2	27992
      1	27994
      1	28010
      1	28011
      1	28015
      2	28025
      2	28027
      3	28034
      1	28049
      1	28052
      1	28070
      1	28079
      1	28094
      2	28117
      2	28137
      2	28140
      1	28166
      1	28203
      2	28209
      2	28231
      1	28233
      5	28244
      1	28250
      1	28252
      1	28272
      1	28273
      2	28277
      1	28279
      1	28284
      1	28293
      1	28301
      1	28303
      2	28305
      1	28331
      3	28349
      1	28358
      3	28365
      1	28370
      7	28376
      2	28383
      1	28393
      1	28395
      2	28397
      1	28403
      1	28412
      1	28429
      3	28438
      8	28440
     16	28442
      2	28461
      3	28463
      1	28478
      1	28479
      1	28487
      1	28489
      5	28493
      7	28495
      1	28498
      3	28517
      1	28520
      1	28521
      1	28522
      2	28531
      3	28541
      1	28550
      1	28556
      1	28558
      2	28567
      3	28603
      1	28605
     21	28615
      1	28621
      4	28665
      2	28675
      2	28683
      1	28685
      2	28693
      1	28731
      1	28740
      2	28749
      1	28763
      1	28769
      3	28802
      2	28803
      1	28809
      1	28813
      5	28824
      1	28855
      1	28863
      3	28867
      1	28871
      1	28877
      1	28878
      3	28879
      3	28885
      2	28889
      1	28895
      1	28898
      1	28905
      1	28906
      1	28929
      1	28937
      1	28948
      1	28952
      9	28960
      1	28962
      1	28963
      2	28973
      1	28993
      1	28995
      2	28998
      3	29002
      1	29018
      5	29025
      1	29028
      1	29040
      1	29048
      1	29051
      1	29068
      3	29090
      1	29101
      1	29105
      1	29110
      1	29153
      1	29164
      1	29166
      1	29168
      1	29187
      2	29202
      1	29207
      1	29211
      2	29227
      1	29246
      1	29257
      1	29265
      1	29268
      1	29271
      1	29272
      1	29276
      1	29284
      1	29286
      1	29289
      3	29311
      1	29320
      1	29323
      1	29351
      3	29353
      1	29373
      1	29374
      2	29377
      1	29385
      1	29386
      1	29396
      5	29426
      1	29431
      1	29440
      1	29443
      1	29449
      6	29456
      1	29478
      2	29481
      1	29490
      1	29497
      3	29499
      2	29514
      2	29517
      1	29524
      1	29535
      3	29538
      1	29540
      2	29558
      1	29592
      5	29596
      3	29611
      1	29635
      2	29639
      2	29646
      1	29653
      3	29657
      1	29667
      1	29677
     54	29683
      5	29686
      1	29703
      3	29713
      1	29715
      1	29724
      1	29738
      1	29760
      2	29781
      1	29784
      2	29789
      2	29794
      1	29799
      2	29819
      5	29826
      1	29853
      1	29854
      1	29880
      2	29892
      2	29907
      1	29922
      1	29930
      1	29936
      2	29938
      1	29942
      2	29946
      5	29948
      1	29964
      1	29972
      2	29988
      7	29994
      1	30024
      2	30040
      1	30062
      1	30067
      3	30081
      3	30090
      1	30091
      3	30096
      1	30102
      2	30104
      1	30114
      1	30131
      2	30134
      1	30143
      1	30147
      1	30151
      1	30161
      1	30177
      1	30216
      1	30225
      1	30229
      1	30236
      2	30250
      2	30269
      1	30272
      1	30280
      1	30284
      1	30285
      1	30306
      4	30313
      1	30319
      1	30332
      2	30342
      2	30344
      1	30352
      8	30360
      1	30386
      2	30388
      1	30389
      1	30390
      5	30394
     18	30427
      1	30439
      1	30443
      1	30445
      2	30450
      1	30453
      9	30460
      1	30462
      1	30484
      1	30509
      4	30515
      2	30552
      1	30555
      1	30556
      1	30559
      9	30565
      1	30569
      6	30578
      4	30590
      1	30594
      1	30595
      1	30599
      8	30613
      2	30624
      6	30637
      3	30661
      1	30669
      1	30672
     12	30682
      3	30703
      1	30716
      3	30733
      1	30734
      1	30737
      7	30754
      1	30764
      2	30776
      1	30778
      2	30782
      2	30788
      4	30801
      1	30817
      3	30824
      1	30829
      1	30832
      2	30847
      1	30854
      1	30857
      1	30861
      2	30867
      4	30874
      1	30880
      1	30903
      1	30913
      1	30921
      1	30927
      1	30937
      2	30941
      2	30946
      1	30951
      1	30954
      1	30955
      1	30964
      1	30981
     10	30983
      1	30986
      2	31000
      1	31005
      1	31008
      1	31011
      7	31025
      1	31032
      1	31049
      4	31050
      1	31061
      1	31063
      1	31074
      3	31079
      3	31088
      1	31097
      1	31111
      1	31119
      3	31140
      1	31143
      1	31148
      1	31158
      1	31165
      1	31178
      2	31203
      3	31205
      1	31212
      1	31221
      3	31238
      1	31240
      1	31249
      2	31252
      2	31256
      1	31259
      1	31261
      1	31272
      1	31277
      1	31323
      2	31327
      2	31333
      2	31360
      1	31364
      2	31370
      1	31376
      9	31395
     10	31397
      1	31416
      1	31432
      3	31438
      1	31456
      3	31480
      1	31487
      3	31511
     10	31513
      1	31527
      2	31531
      3	31550
      1	31562
      2	31563
      1	31564
      1	31566
      1	31571
      3	31578
      1	31585
      1	31588
      1	31589
      1	31601
      1	31602
      2	31606
      5	31613
      1	31615
      1	31626
      1	31634
      1	31649
      1	31666
      1	31691
      1	31697
      1	31712
      2	31766
      1	31774
      1	31778
      1	31790
      1	31806
      1	31831
      2	31833
      1	31848
      1	31868
      1	31869
      1	31896
      1	31903
      1	31909
      1	31911
      2	31926
      1	31936
      1	31937
      4	31943
      1	31958
      1	31962
      4	31979
      6	31982
      4	31983
      1	31985
      2	31989
      8	32032
      2	32037
      7	32038
      2	32043
      1	32058
      1	32079
      1	32093
      1	32098
      2	32114
      2	32118
      1	32124
      1	32129
      1	32147
      2	32148
      1	32154
      1	32156
      1	32188
      1	32191
      1	32194
      2	32200
      2	32204
      1	32206
      1	32219
      8	32224
      3	32235
      6	32249
      2	32257
      1	32265
      4	32266
      1	32267
      3	32278
      1	32279
      3	32308
      2	32309
      1	32315
      1	32316
      1	32322
      1	32339
      2	32345
      1	32350
      1	32357
      2	32377
      1	32385
      2	32389
      1	32404
      4	32405
      4	32410
      1	32441
      2	32456
      1	32461
      1	32464
      2	32465
      1	32479
      2	32483
      1	32497
      1	32509
      2	32510
      3	32515
      2	32517
      1	32520
      2	32533
      8	32551
      1	32554
      1	32574
      2	32580
      2	32598
      1	32605
      1	32611
      1	32620
      1	32639
     11	32657
      1	32661
      2	32666
      1	32674
      1	32683
      1	32684
      4	32687
      1	32709
      1	32719
      2	32735
      1	32746
      2	32747
      1	32782
      3	32789
      1	32790
      1	32795
      1	32802
      1	32811
      1	32831
      1	32857
     19	32863
      3	32864
      7	32871
      3	32876
      1	32899
      4	32900
      3	32912
      1	32944
      1	32946
      1	32966
      2	32967
      2	32970
      1	32976
      1	32979
      3	33027
      2	33030
      2	33035
      1	33044
      3	33057
      3	33065
      5	33074
      1	33080
      1	33086
      1	33092
      1	33094
      1	33096
      2	33125
      4	33143
      2	33153
      1	33160
      1	33165
      1	33170
      2	33175
      1	33178
      2	33194
      5	33196
      1	33198
      2	33201
      1	33220
      1	33224
      1	33226
      1	33238
      1	33241
      1	33259
      5	33260
      1	33261
      1	33270
      1	33272
      1	33281
      1	33291
      3	33292
      1	33303
      3	33306
      4	33317
      2	33327
      1	33329
      3	33337
      1	33338
      1	33348
      2	33354
      1	33356
      2	33362
      1	33367
      2	33379
      2	33388
      1	33392
      2	33400
      1	33410
      1	33417
      1	33424
      1	33461
     12	33484
      1	33499
      2	33502
      1	33516
      1	33520
      2	33523
      6	33527
      1	33538
      1	33565
      1	33570
      1	33575
      1	33579
      6	33584
      1	33586
      2	33597
      1	33611
      1	33630
      1	33632
      2	33640
      2	33651
      2	33662
      2	33669
      7	33674
      2	33675
      1	33682
      1	33685
      2	33692
      1	33694
      1	33699
      1	33700
      1	33704
      1	33708
      1	33713
      4	33718
      1	33721
      1	33724
      1	33738
      1	33741
      1	33756
      1	33768
      1	33779
      1	33783
      2	33786
      1	33788
      1	33792
      1	33814
      1	33820
      1	33844
      1	33847
      1	33865
      1	33869
      1	33874
      1	33876
      1	33881
      2	33889
      1	33894
      1	33904
      5	33917
      8	33971
      8	33972
      1	33976
      1	33991
     11	33992
      1	33997
      1	33999
      3	34010
      2	34035
      2	34040
      1	34042
      2	34060
      1	34101
      3	34103
      4	34105
      3	34110
      4	34133
      1	34158
      1	34159
      1	34165
      3	34170
      4	34188
      3	34190
      1	34194
      1	34203
      2	34205
      1	34207
      1	34218
      2	34219
      1	34223
      1	34225
      2	34227
      4	34241
      1	34265
      1	34281
      1	34285
      2	34286
      1	34297
      8	34303
      1	34313
      1	34326
      6	34332
      1	34333
      2	34340
      2	34355
      4	34359
      2	34374
      1	34375
      1	34378
      2	34380
      1	34391
      1	34401
      3	34402
      3	34405
      2	34412
      3	34428
      1	34439
      1	34440
      4	34452
      2	34457
      2	34460
      5	34462
      3	34463
     11	34479
      1	34483
      3	34521
      1	34531
      1	34538
      2	34545
      4	34550
      1	34552
      1	34566
      1	34569
      2	34576
      3	34591
      3	34599
     10	34608
      1	34627
      1	34648
      3	34674
      1	34676
      1	34691
      1	34692
      1	34708
      1	34721
      2	34723
      1	34725
      1	34750
      7	34763
      2	34773
      1	34775
      1	34776
      1	34787
      3	34803
      1	34804
      2	34809
      1	34816
      1	34827
      1	34836
      1	34865
      1	34872
      1	34876
      1	34905
      1	34914
      1	34945
      1	34962
      3	34963
      1	34971
      2	34972
      1	34974
      1	34975
      1	34979
      1	34981
      4	34997
      1	35000
      1	35004
      4	35021
      1	35024
      1	35025
      1	35037
      1	35051
      1	35052
      1	35062
      1	35063
      1	35068
      1	35074
      1	35085
      3	35087
      1	35122
      2	35130
      1	35162
      2	35166
      1	35169
      3	35183
      2	35192
      1	35198
      1	35207
      3	35212
      2	35223
      1	35230
      1	35231
      1	35233
      2	35237
      1	35239
      1	35249
      1	35254
      2	35263
      2	35298
      1	35307
      1	35308
      1	35317
      2	35327
      1	35336
      1	35343
      1	35353
      1	35362
      2	35367
      1	35376
      2	35384
      2	35385
      3	35391
      1	35392
      1	35393
      1	35405
      2	35416
      2	35424
      1	35432
      1	35495
      1	35496
      3	35512
      1	35516
      1	35527
      2	35529
      1	35542
      1	35543
     11	35545
      3	35551
      1	35563
      1	35582
     10	35591
      8	35601
      6	35613
      1	35616
      1	35618
      5	35622
      1	35630
      4	35635
      1	35644
      3	35659
      7	35667
      1	35671
      2	35717
      2	35719
      3	35748
      2	35750
      2	35754
      1	35757
      1	35764
      1	35779
      4	35780
      1	35791
      1	35797
      1	35806
      1	35809
      1	35813
      2	35814
      7	35818
      4	35824
      1	35829
      4	35836
      1	35856
      1	35864
      1	35869
      2	35882
      1	35894
      1	35904
      2	35906
      1	35908
      1	35916
      1	35918
      1	35949
      1	35954
      1	35959
      1	35968
      1	35976
      1	35978
      1	35980
      2	36005
      1	36007
      1	36015
      2	36029
      3	36030
      1	36038
      1	36048
      2	36054
      4	36056
      1	36077
      7	36084
      1	36091
      1	36096
      5	36098
      1	36137
      1	36141
      3	36146
      3	36150
      2	36151
      1	36152
      1	36173
      2	36190
      1	36193
      1	36202
      1	36215
      2	36231
      1	36234
      1	36244
      1	36247
      1	36253
      1	36256
      1	36262
      2	36267
      1	36280
      1	36296
      2	36318
      1	36327
      1	36351
      1	36359
      3	36368
      1	36371
      1	36390
      2	36395
      1	36402
      1	36405
      1	36411
      4	36414
     10	36421
      1	36435
      3	36437
      3	36438
      2	36443
      1	36454
      1	36468
      1	36472
      1	36509
      1	36515
      1	36543
      1	36548
      2	36549
      2	36553
      2	36554
     12	36559
      1	36578
      1	36579
      1	36580
      4	36587
      4	36600
      1	36606
      1	36628
      1	36630
      1	36639
      2	36640
      1	36642
      7	36658
      1	36671
      2	36674
      1	36676
      1	36680
      4	36685
      4	36690
      1	36706
      4	36719
      2	36733
      1	36740
      2	36747
      1	36759
      1	36773
      1	36775
      2	36779
      1	36784
      1	36796
      9	36810
      1	36820
      1	36825
      1	36831
      2	36833
      3	36838
      2	36859
      1	36870
      1	36875
      3	36883
      1	36884
      1	36893
      1	36905
      1	36906
      2	36951
      3	36960
      1	36969
      3	36973
      3	36981
      4	36982
      1	36984
      1	36987
      3	36989
      2	36990
      1	36999
      3	37000
      1	37005
      3	37006
      2	37009
      1	37021
      1	37030
      1	37034
      1	37039
      1	37042
      1	37048
      1	37061
      2	37062
      1	37070
      1	37102
      1	37103
      3	37111
      4	37127
      2	37132
      1	37140
      1	37149
      1	37156
      2	37226
      1	37238
      1	37244
      3	37247
      2	37256
      1	37268
      1	37271
      2	37277
      1	37279
      1	37281
      7	37308
      1	37312
      1	37316
      7	37321
      2	37341
      1	37351
      3	37355
      2	37358
      1	37367
      1	37368
      1	37381
      1	37382
      1	37387
      4	37393
      1	37409
      1	37410
      2	37414
      1	37422
      1	37439
      1	37446
      1	37448
      1	37454
      6	37481
      4	37490
      1	37493
      5	37495
      1	37497
      1	37499
     11	37504
      1	37516
      2	37539
      2	37550
      2	37552
      7	37570
      1	37592
      2	37609
      3	37617
      1	37620
      2	37626
      1	37628
      1	37634
     13	37640
      2	37651
      1	37659
      1	37670
      2	37672
      1	37682
      1	37685
      1	37700
      2	37712
      1	37716
      1	37718
      2	37734
      1	37739
      1	37743
      3	37744
      2	37775
      1	37777
      2	37784
      2	37788
      8	37795
      2	37808
      2	37817
      1	37819
      1	37836
      1	37846
      1	37859
      1	37869
      1	37871
      2	37883
      3	37885
      1	37895
      2	37904
      1	37916
      1	37918
      1	37921
      1	37922
      1	37925
      1	37927
      1	37930
      1	37935
      1	37946
      1	37952
      1	37966
      1	37976
      1	37980
      4	37983
      2	38007
      1	38018
      1	38050
      1	38058
      1	38088
      1	38098
      2	38099
      1	38100
      2	38120
      1	38127
      1	38138
      1	38163
      3	38171
      1	38181
      3	38184
      1	38189
      1	38190
      1	38206
      1	38216
      7	38224
      1	38236
      2	38238
      1	38259
      2	38265
      2	38269
      5	38285
      1	38309
      2	38311
      2	38315
      1	38319
      1	38332
      6	38346
      1	38372
      1	38381
      1	38395
      2	38398
      1	38411
      1	38430
      7	38439
      2	38444
      4	38447
      1	38466
      1	38468
     14	38480
      1	38491
      1	38496
      1	38498
      1	38503
      2	38515
      6	38520
      1	38521
      1	38530
      1	38531
      3	38544
      1	38547
      1	38559
      1	38571
      2	38574
      4	38582
      1	38587
      1	38592
      1	38595
      1	38599
      1	38620
      1	38625
      1	38627
      1	38640
      1	38642
      1	38652
      4	38654
      1	38662
      1	38665
      3	38676
      3	38681
      1	38692
      1	38704
      6	38716
      1	38719
      2	38727
      1	38730
      1	38737
      1	38747
      4	38756
      1	38764
      1	38772
      3	38781
      1	38785
      1	38794
      1	38809
      1	38814
      3	38822
      2	38830
      1	38836
     13	38839
      1	38852
      1	38853
      1	38854
      3	38856
      2	38871
      3	38874
      1	38877
      1	38905
      1	38909
      1	38916
      6	38925
      2	38926
      1	38928
      1	38932
      1	38939
      1	38950
      1	38993
      1	39002
      1	39018
      5	39032
      1	39043
      4	39047
      2	39049
      1	39051
      1	39060
      3	39072
      1	39075
      2	39077
      1	39078
      1	39086
      2	39089
      1	39098
      1	39106
      1	39116
      4	39119
      2	39134
      3	39157
      4	39159
      1	39160
      3	39176
      1	39182
      7	39184
      1	39199
      1	39200
      3	39213
      1	39216
      1	39217
      1	39219
      1	39225
      2	39234
      1	39243
      1	39245
      6	39265
      2	39285
      1	39295
      2	39296
      1	39301
      1	39302
      1	39320
      1	39321
      1	39325
      7	39330
      1	39340
      1	39345
      1	39348
      2	39361
      1	39366
      1	39372
      4	39379
      1	39390
      1	39392
      1	39400
      3	39410
      2	39414
      1	39419
      1	39428
      2	39436
      1	39447
      2	39448
      1	39451
      1	39455
      5	39460
      1	39465
      1	39471
      1	39472
      1	39479
      1	39485
      1	39519
      3	39521
      2	39524
      1	39527
      1	39557
      1	39565
      2	39569
      1	39571
      2	39578
      1	39581
      1	39594
      2	39598
      1	39616
      2	39624
      2	39638
      1	39646
      1	39674
      1	39689
      1	39698
      2	39714
      1	39727
      1	39750
      1	39783
      1	39785
      1	39798
      1	39804
      1	39807
      3	39817
      2	39827
      4	39843
     10	39846
      2	39851
      1	39856
      1	39868
      1	39877
      2	39886
      1	39890
      1	39917
      4	39920
      1	39931
      9	39938
      1	39952
      1	39967
      2	39972
      2	39977
      6	39978
      1	39988
      2	40005
      1	40013
      1	40031
      4	40038
      4	40063
      3	40067
      2	40081
      1	40082
      1	40085
      4	40093
      1	40100
     11	40101
      1	40105
      1	40107
      1	40119
      1	40120
      1	40126
      2	40132
      1	40143
      1	40169
      6	40170
      3	40184
      2	40186
      1	40195
      1	40201
      3	40202
      1	40204
      1	40220
      3	40223
      1	40230
      1	40246
      2	40269
      1	40279
      4	40284
      1	40286
      1	40294
      1	40297
      1	40315
      2	40324
      1	40329
      1	40340
      1	40354
      1	40376
      3	40387
      4	40394
      1	40404
      1	40412
      1	40428
      1	40437
      1	40445
      2	40460
      1	40479
      1	40483
      1	40490
      1	40502
      1	40527
      1	40531
      2	40533
      6	40537
      2	40542
      2	40544
      1	40546
      1	40564
      1	40565
      3	40574
      5	40592
      1	40594
      1	40596
      1	40616
      5	40630
      1	40635
      2	40637
      1	40639
      3	40641
      1	40653
      2	40659
      3	40661
      1	40666
      2	40682
      2	40684
      1	40687
      1	40694
      1	40698
      1	40712
      1	40718
      2	40725
      2	40746
      3	40748
      1	40750
      1	40751
      1	40756
      2	40757
      3	40779
      1	40781
      2	40789
      1	40794
      2	40802
      1	40814
      1	40816
      3	40817
      1	40821
      2	40836
      1	40838
      1	40839
      1	40841
      1	40845
      1	40847
      1	40874
      1	40876
      1	40891
      1	40893
      3	40907
      3	40933
      2	40938
      1	40945
      1	40957
      1	40961
      1	40970
      1	40975
      1	41007
      3	41021
      2	41022
      1	41027
      1	41034
      1	41041
      1	41068
      1	41070
      1	41077
      8	41080
      1	41086
      1	41087
      1	41094
      1	41102
      1	41103
      1	41115
      1	41132
      1	41136
      1	41138
      1	41142
      1	41143
      2	41159
      1	41165
      7	41185
      4	41190
      3	41202
      2	41206
      2	41226
      1	41233
      1	41262
      1	41272
      1	41315
      1	41318
      1	41319
      2	41333
      1	41347
      7	41355
      3	41361
      1	41363
      1	41394
      4	41405
      1	41425
      3	41427
      2	41451
      3	41466
      1	41471
      2	41478
      1	41482
      1	41491
      1	41502
      5	41515
      1	41533
      1	41537
      1	41569
      8	41582
      3	41592
      1	41600
      1	41605
      1	41611
      4	41640
      1	41654
      1	41657
      9	41669
      2	41682
      1	41692
      1	41694
      3	41723
      1	41724
      2	41733
      1	41735
      1	41749
      5	41760
      1	41771
      1	41782
      1	41784
      7	41801
      1	41802
      1	41810
      2	41836
      3	41848
      3	41849
      1	41851
      1	41876
      1	41916
      1	41918
      1	41922
      1	41923
      1	41964
      6	41965
      2	41970
      1	41983
      2	41985
      1	41988
      1	42002
      1	42006
      1	42008
      1	42011
      1	42013
      1	42016
      2	42021
      6	42027
      3	42040
      1	42052
      1	42077
      2	42086
      1	42089
      1	42128
      1	42161
      1	42166
      1	42178
      1	42181
      2	42185
      2	42187
      1	42192
      3	42207
      1	42210
      1	42231
      1	42232
      1	42233
      1	42237
      1	42248
      1	42251
      3	42261
      1	42262
      1	42265
      1	42267
      1	42275
      5	42277
      1	42329
      2	42338
      1	42343
      2	42346
      1	42355
      7	42369
      3	42372
      1	42389
      1	42399
      1	42404
      3	42408
      1	42414
      5	42419
      2	42425
      1	42434
      1	42453
      1	42458
      1	42523
      1	42525
      1	42529
      2	42530
      1	42536
      1	42537
      1	42538
      1	42540
      2	42555
      1	42571
      1	42576
      1	42578
      1	42583
      1	42595
      1	42597
      1	42608
      2	42630
      8	42640
      1	42644
      1	42650
      1	42655
      1	42657
      1	42661
      1	42662
      3	42669
      1	42687
      2	42689
      1	42691
      1	42695
      3	42699
      1	42703
      1	42707
      3	42723
      1	42732
      1	42735
      6	42751
      1	42758
      1	42763
      2	42768
      1	42778
      2	42780
      7	42797
      1	42802
      2	42820
      3	42842
      1	42847
      1	42848
      1	42876
      1	42878
      4	42888
      1	42897
      2	42910
      2	42914
      1	42915
      1	42953
      4	42957
      2	42966
      1	42982
      1	42996
      1	43024
      1	43026
      1	43030
      2	43037
      1	43039
      3	43053
      1	43055
      1	43061
      2	43080
      1	43098
      2	43106
      2	43127
      6	43148
      1	43154
      1	43168
      5	43169
      1	43171
      1	43188
      4	43204
      1	43210
      1	43213
      1	43221
      1	43233
      1	43240
      1	43247
      2	43270
      1	43272
      1	43277
      3	43289
      2	43300
      1	43315
      1	43326
      1	43336
      1	43342
      1	43347
      1	43379
      5	43388
      2	43397
      1	43400
      2	43419
      1	43440
      2	43441
      1	43449
      2	43498
      1	43501
      1	43504
      2	43510
      5	43518
      1	43524
     13	43531
      1	43538
      1	43548
      1	43565
      1	43571
      1	43580
      1	43589
      2	43605
      1	43609
      1	43614
      1	43626
      1	43631
      4	43632
      1	43645
      1	43651
      3	43653
      1	43665
      4	43669
      1	43680
      1	43681
      1	43691
      4	43693
      1	43700
      1	43734
      1	43735
      2	43757
      1	43760
      1	43761
      5	43763
      2	43765
      2	43803
      5	43811
      5	43819
      1	43830
      7	43832
      1	43842
      1	43856
      1	43873
      1	43890
      3	43898
      2	43905
      4	43906
      1	43913
      1	43914
      1	43931
      1	43932
      4	43933
      2	43953
      7	43957
      1	43967
      1	43972
      1	43976
      1	43977
      1	43995
      1	44001
      1	44007
      1	44016
      1	44019
      1	44021
      3	44027
      1	44028
      1	44034
      3	44047
      1	44049
      1	44051
      1	44061
      1	44063
      1	44072
      1	44073
      2	44078
      1	44087
      1	44088
      3	44094
      1	44104
      1	44110
      1	44112
      4	44117
      1	44126
      2	44137
      1	44139
      7	44141
      1	44147
      2	44148
      1	44149
      1	44150
      1	44152
      1	44153
      1	44195
      1	44197
      2	44211
      2	44217
      1	44228
      5	44252
      1	44256
      1	44272
      3	44291
      1	44297
      1	44300
      1	44311
      4	44313
      1	44315
      1	44317
      1	44323
      3	44324
     19	44329
      1	44335
      1	44355
      3	44380
      1	44381
      1	44389
      1	44390
      4	44410
      1	44413
      1	44423
      2	44429
      1	44432
      2	44434
      2	44440
      1	44443
      3	44453
      1	44457
      1	44468
      2	44480
      3	44489
      2	44493
      3	44536
      1	44558
      2	44562
      1	44570
      2	44572
      1	44579
      1	44600
      1	44615
      1	44617
      5	44622
      1	44643
      1	44658
      6	44666
      2	44675
      2	44687
      1	44703
      2	44709
      1	44715
      4	44716
      2	44722
      3	44724
      2	44726
      1	44728
      1	44747
      1	44748
      2	44752
      2	44758
      1	44759
      2	44770
      7	44777
      1	44785
      1	44787
      2	44789
      2	44812
      1	44817
      1	44828
      8	44830
      8	44833
      1	44843
      1	44862
      2	44872
      1	44875
      2	44879
      3	44896
      1	44897
      8	44907
      3	44909
      4	44912
      2	44919
      4	44927
      2	44929
      1	44939
      6	44947
      1	44951
      3	44959
      7	44961
      1	44968
      1	44972
      1	44987
      1	44989
      5	45018
      1	45021
      1	45022
      2	45036
      2	45043
      1	45056
      1	45060
      1	45070
      2	45083
      1	45086
      1	45120
      1	45127
      1	45135
      1	45160
      1	45162
      1	45164
      1	45170
      1	45179
      1	45188
      1	45215
      2	45219
      2	45221
      1	45232
      1	45247
      2	45250
      2	45251
      1	45252
      1	45253
      1	45266
      1	45268
      1	45278
      1	45296
      1	45307
      1	45317
      1	45322
      1	45324
      1	45326
      2	45333
      5	45335
      1	45345
      1	45359
      1	45378
      1	45390
      1	45408
      3	45425
      1	45443
      2	45449
      2	45450
      2	45455
      7	45457
     13	45464
      3	45466
      1	45469
      1	45472
      1	45485
      1	45496
      1	45503
      1	45506
      4	45529
      1	45540
      5	45547
      1	45548
      1	45550
      4	45570
      1	45582
      2	45596
      1	45603
      2	45620
      2	45645
      2	45683
      3	45687
      1	45713
      1	45724
      3	45748
      1	45750
      2	45753
      1	45757
      1	45776
      5	45778
      1	45797
      3	45808
      2	45818
     10	45847
      1	45876
      2	45885
      1	45891
      1	45924
      1	45930
      2	45943
      1	45944
      1	45955
      1	45965
      2	45977
      1	45981
      1	45997
      1	46008
      1	46012
      4	46019
      1	46028
      1	46043
      1	46060
      1	46061
      1	46070
      2	46075
      4	46077
      1	46092
      2	46102
      1	46113
      2	46122
      1	46123
      1	46139
      3	46145
      1	46149
      4	46163
      1	46168
      1	46169
      4	46185
      1	46207
      2	46217
      3	46234
      1	46245
      1	46248
      2	46254
      4	46258
      6	46261
      1	46262
      1	46274
      3	46290
      3	46302
      1	46304
      1	46315
      2	46329
      2	46353
      1	46354
      1	46357
      2	46359
      1	46363
      1	46364
      2	46372
      3	46380
      1	46398
      5	46402
      1	46405
      1	46409
      1	46413
      1	46414
      1	46417
      3	46418
      1	46435
      2	46454
      1	46471
      1	46478
      2	46479
      2	46488
      1	46492
      1	46497
      1	46498
      4	46499
      1	46505
      1	46511
      3	46530
      1	46544
      6	46554
      1	46559
      1	46561
      1	46568
      6	46595
      1	46606
      1	46615
      1	46621
      1	46646
      2	46656
      1	46663
      4	46667
      1	46673
      1	46676
      2	46680
      1	46694
      1	46698
      2	46724
      1	46733
      1	46734
      2	46767
      1	46773
      2	46774
      1	46776
      1	46782
      1	46786
      1	46788
      1	46792
      4	46793
      1	46801
      1	46804
      2	46806
      1	46809
      1	46819
      4	46821
      1	46827
      1	46840
      1	46849
      1	46856
      8	46884
      3	46887
      9	46921
      3	46924
      1	46928
      1	46937
      1	46948
      3	46950
      1	46962
      1	46977
      1	46978
      1	46980
      1	46992
      5	47025
     16	47038
      3	47045
      2	47053
      1	47054
      1	47055
      1	47059
      1	47060
      4	47077
      1	47082
      1	47086
      1	47089
      1	47097
      1	47098
      1	47099
      1	47101
      3	47104
      1	47124
      1	47131
      3	47181
      1	47189
      1	47197
      1	47216
      1	47248
      3	47260
      1	47270
      1	47286
     15	47311
      2	47312
      1	47318
      1	47323
      6	47351
      2	47376
      2	47377
      1	47380
      1	47384
      1	47394
      1	47410
      1	47412
      1	47421
      1	47425
      3	47429
      1	47447
      1	47465
      1	47475
      1	47478
      4	47486
      1	47497
      1	47509
      1	47526
      1	47579
      1	47582
      2	47593
      1	47597
      1	47602
      3	47610
      1	47621
      3	47634
      1	47643
      1	47644
      5	47650
      1	47660
      2	47713
      1	47716
      1	47720
      1	47721
      1	47730
      1	47748
      1	47750
      1	47753
      1	47756
      1	47769
      1	47772
      1	47778
      1	47784
      3	47787
      1	47804
      6	47826
      1	47844
      2	47855
      6	47857
      1	47858
      1	47873
      3	47883
      1	47897
      1	47899
      4	47905
      1	47938
      1	47940
      1	47945
      1	47954
      1	48013
      1	48037
     10	48064
      1	48077
      1	48083
      1	48086
      1	48096
      2	48104
      2	48128
      5	48135
      1	48139
      1	48147
      1	48158
      2	48164
      1	48177
      2	48180
      1	48181
      1	48202
      1	48216
      2	48247
      6	48251
      1	48279
      1	48290
      1	48305
      2	48307
      1	48308
      6	48316
      1	48319
      3	48326
      4	48339
      1	48353
      2	48354
      1	48359
      1	48367
      3	48369
      1	48381
      3	48390
      1	48391
      1	48398
      2	48400
      1	48408
      2	48412
      1	48434
      1	48435
      1	48458
      3	48462
      1	48470
      1	48473
      1	48485
      1	48487
      3	48513
      1	48529
      3	48535
      1	48538
      1	48547
      1	48559
      1	48570
      1	48577
      2	48579
      1	48598
      1	48607
      1	48623
      1	48630
      1	48639
      3	48651
      2	48653
      1	48671
      2	48674
      1	48688
      1	48695
      6	48708
      1	48714
      3	48746
      1	48749
      2	48755
      1	48759
      1	48776
      1	48794
      2	48795
      6	48834
      1	48839
      1	48844
      4	48847
      1	48862
      1	48870
      1	48874
      1	48884
      1	48889
      1	48900
      1	48908
      1	48913
      1	48927
      1	48943
      5	48946
      1	48950
      1	48951
      3	48974
      1	49022
      1	49025
      1	49044
      3	49046
      7	49073
      1	49078
      2	49080
      1	49081
      1	49094
      1	49105
      2	49107
      1	49113
      1	49116
      2	49119
      2	49120
      1	49126
      1	49131
      1	49136
      1	49140
      1	49145
      1	49162
      1	49163
      1	49169
      1	49176
      1	49185
      1	49188
      3	49200
      1	49201
      1	49208
      1	49210
      1	49214
      2	49236
      2	49282
      1	49295
      1	49305
      5	49330
      1	49333
      1	49336
      1	49342
      1	49349
      2	49361
      4	49362
      1	49377
      8	49382
      1	49398
      1	49405
      1	49408
      1	49427
      1	49444
     17	49458
      1	49470
      1	49481
      2	49491
      2	49494
      1	49510
      1	49513
      1	49518
      1	49521
      1	49525
      1	49526
      1	49533
      3	49536
      2	49556
      4	49560
      1	49563
      2	49567
      1	49568
      1	49590
      1	49592
      1	49594
      1	49595
     12	49598
      1	49600
      1	49601
      1	49606
      3	49607
      3	49614
      1	49623
      1	49629
      1	49676
      1	49680
      5	49682
      3	49713
      1	49721
      1	49744
      1	49753
      2	49755
      1	49758
      1	49761
      1	49779
      1	49787
      1	49796
      1	49799
      2	49804
      8	49816
      1	49827
      1	49834
      3	49842
      6	49844
      3	49884
      1	49905
      9	49922
      1	49926
      1	49929
      1	49933
      2	49943
      1	49956
      5	49966
      1	49968
      1	49987
      1	49989
      1	49993
      2	50001
      2	50015
      2	50049
      1	50064
      1	50087
      1	50132
      2	50139
      2	50147
      1	50149
      1	50163
     11	50209
      2	50210
      1	50214
     12	50216
      1	50231
      1	50238
      1	50267
      1	50268
      2	50269
      1	50282
      1	50294
      1	50323
      1	50327
      1	50339
      1	50351
      3	50372
      1	50375
      1	50385
      1	50388
      2	50394
      1	50416
      4	50419
      1	50429
      1	50477
      2	50499
      1	50500
      3	50506
      1	50508
      2	50511
      1	50522
      1	50527
      1	50535
      5	50537
      2	50539
      2	50544
      5	50550
      1	50557
      1	50565
      1	50572
      1	50584
      2	50602
      1	50604
      3	50648
      1	50649
      9	50660
      1	50682
      2	50686
      2	50694
      1	50701
      1	50714
      1	50719
      1	50720
      2	50721
      2	50725
      1	50733
      3	50738
      2	50757
      2	50769
      3	50771
      1	50777
      1	50792
      1	50794
      6	50798
      6	50811
      1	50815
      1	50835
      2	50844
      3	50853
      1	50868
      1	50870
      1	50879
      1	50880
      1	50887
      1	50894
      8	50901
      1	50905
      1	50910
      1	50911
      1	50916
      2	50926
      3	50940
      1	50951
      2	50955
      1	50984
      1	50997
      1	51018
      1	51024
      1	51037
      1	51041
      8	51042
      1	51044
      2	51062
      6	51065
      1	51073
      2	51085
      1	51088
      1	51093
      1	51106
      4	51111
      1	51115
      1	51116
      1	51120
      1	51144
      1	51145
      2	51183
      1	51194
      1	51198
      1	51205
      3	51206
      2	51216
      1	51218
      2	51243
      1	51255
      3	51263
      1	51264
      2	51268
      1	51294
      2	51305
      1	51314
      1	51321
      4	51325
      3	51334
      1	51342
      3	51354
      7	51392
      6	51394
      1	51395
      2	51417
      1	51427
      2	51430
      1	51434
      2	51440
      1	51452
      2	51474
      6	51475
      1	51478
      1	51483
      1	51493
      2	51509
      1	51521
      5	51524
      1	51532
      1	51563
      1	51566
      1	51574
      2	51577
      1	51599
      1	51601
      2	51612
      2	51625
      2	51644
      1	51655
      1	51669
      1	51694
      1	51720
      2	51745
      1	51748
      1	51761
      2	51766
      1	51769
      1	51770
      1	51771
      6	51800
      1	51806
      1	51808
      1	51810
      2	51812
      1	51813
      8	51822
      3	51823
      1	51826
      1	51841
      1	51852
      2	51855
      1	51856
      2	51872
      1	51881
      1	51888
      1	51890
      4	51898
      1	51905
      1	51908
      6	51920
      2	51925
      1	51935
      4	51949
      7	51959
      1	51988
      3	52023
      1	52029
      1	52064
      2	52067
      1	52081
      1	52099
      1	52100
      6	52112
     12	52121
      2	52133
      3	52140
      1	52166
      1	52169
      2	52178
      2	52181
      2	52183
      1	52186
      3	52210
      3	52224
      1	52243
      1	52246
      1	52249
      1	52258
      1	52267
      3	52304
      2	52311
      2	52323
      1	52330
      3	52344
      1	52347
      1	52358
     12	52370
      1	52375
      1	52376
      1	52385
      2	52388
      1	52397
      2	52400
      1	52405
      3	52414
      1	52417
      1	52434
      1	52439
      1	52441
      1	52445
      1	52450
      4	52457
      1	52458
      2	52459
      1	52477
      1	52483
      1	52505
      1	52506
      1	52513
      3	52528
      4	52532
      1	52540
      2	52551
      1	52561
      2	52563
      1	52564
      1	52596
      1	52603
      1	52607
      1	52613
      2	52616
      3	52620
      4	52635
      2	52641
      1	52654
      2	52667
      2	52685
      1	52687
      1	52694
      1	52715
      1	52720
      2	52730
      1	52734
      1	52758
      1	52772
      1	52792
      2	52794
      1	52807
      5	52811
      1	52819
      1	52822
      1	52831
      1	52832
      1	52850
      1	52857
      1	52860
      3	52863
      1	52871
      1	52892
      1	52906
      1	52917
      2	52926
      1	52928
      1	52936
      1	52954
      1	52959
      1	52985
      2	53001
      3	53004
      1	53007
      2	53009
      1	53045
      1	53063
      1	53076
      2	53091
      1	53109
      1	53112
      1	53118
      2	53121
      2	53147
     11	53160
      1	53166
      1	53167
      1	53176
      1	53204
      1	53205
      1	53222
      1	53229
      1	53234
      1	53235
      3	53242
      8	53243
      2	53257
      1	53265
      3	53276
      2	53289
      1	53293
      1	53301
      7	53324
      4	53326
      2	53336
      1	53339
     12	53349
      4	53357
      2	53368
      1	53373
      1	53383
      2	53401
      2	53409
      3	53420
      1	53423
      1	53449
      2	53450
      2	53477
      4	53479
      1	53481
      1	53486
      1	53505
      1	53514
      4	53517
      2	53519
      2	53521
      1	53524
      3	53538
      2	53552
      1	53569
      2	53583
      1	53614
      1	53617
      2	53632
      1	53649
      2	53654
     81	53660
      1	53661
      2	53676
      1	53680
      1	53681
      1	53693
      1	53705
      1	53720
      2	53723
      1	53733
      1	53739
      1	53749
      1	53782
      1	53786
      1	53790
      2	53796
      1	53798
      1	53810
      1	53811
      1	53827
      1	53831
      1	53832
     12	53846
      1	53855
      6	53865
      1	53873
      1	53882
      2	53906
      2	53908
     20	53925
      2	53945
      1	53947
      2	53951
      3	53980
      1	54000
      1	54001
      1	54007
      1	54058
      1	54059
      1	54097
      1	54127
      1	54132
      1	54135
      3	54136
      3	54146
      1	54156
      1	54175
      4	54180
      1	54182
      3	54183
      2	54192
      1	54197
      1	54206
      1	54210
      1	54222
      2	54227
      1	54232
      1	54234
      1	54235
      4	54245
     10	54272
      4	54280
      6	54345
      3	54357
      1	54370
      6	54395
      3	54401
      3	54407
      2	54414
      1	54420
      2	54425
     16	54430
      1	54435
      1	54451
      2	54454
      1	54455
      1	54470
      1	54473
      1	54495
      2	54507
      1	54508
      2	54509
      5	54513
      1	54521
      6	54525
      1	54528
      1	54545
      1	54552
      2	54573
      1	54584
      1	54592
      1	54612
      2	54622
      1	54632
      1	54654
      1	54662
      1	54666
      1	54679
      1	54681
      1	54684
      4	54700
      2	54703
      3	54726
      3	54743
     10	54745
      1	54753
      1	54776
      1	54778
      1	54789
      2	54803
      1	54807
      2	54834
      2	54855
      1	54856
      2	54861
      1	54867
      1	54877
      2	54889
      1	54894
      1	54896
      1	54908
      1	54916
      1	54938
      1	54945
      3	54950
      1	54952
      1	54961
      1	54965
      9	54968
      1	54970
      1	54980
      2	54989
      4	54995
      1	54999
      2	55007
      1	55008
      2	55023
      2	55037
      1	55044
      1	55099
      7	55118
      2	55120
      3	55135
      1	55156
      1	55161
      2	55182
      1	55199
      5	55217
      1	55224
      1	55231
      1	55237
      5	55238
      1	55257
      3	55275
      2	55276
      2	55282
      1	55301
      2	55332
      1	55345
      1	55367
      1	55369
      2	55377
      1	55382
      2	55396
      4	55398
      3	55410
      1	55421
      1	55438
      2	55444
      1	55451
     13	55460
      2	55478
      2	55486
      1	55491
      2	55502
      3	55524
      1	55525
      2	55526
      1	55528
      1	55535
      7	55565
      1	55574
      1	55578
      4	55584
     12	55587
      2	55592
      1	55608
      1	55609
      1	55612
      1	55619
      1	55643
      1	55663
      1	55674
      3	55676
      1	55682
      1	55688
      1	55693
      1	55697
      2	55698
      3	55728
      1	55734
      1	55739
      1	55741
      3	55749
      2	55763
      1	55780
      2	55814
      2	55828
      2	55830
      1	55833
      1	55844
      2	55847
      1	55848
      1	55859
      2	55861
      1	55864
      1	55879
      1	55881
      3	55887
      2	55894
      1	55899
      4	55908
      2	55910
      1	55912
      1	55919
      6	55920
      1	55956
      1	55975
      1	55979
      1	55981
      1	55987
      1	56010
      1	56015
     10	56027
      2	56028
      1	56035
      1	56039
      5	56052
      1	56067
      1	56084
      1	56090
      3	56091
      1	56105
      7	56113
      1	56129
      1	56147
      2	56152
      2	56171
      1	56179
      5	56187
      2	56189
      1	56191
      6	56196
      1	56202
      1	56205
      2	56228
      4	56239
      1	56245
      1	56260
      1	56264
      2	56266
      1	56274
      3	56279
      1	56287
      4	56300
      1	56313
      1	56316
      2	56334
      2	56339
      1	56350
      1	56359
      1	56366
      5	56371
      2	56386
      2	56399
      2	56404
      1	56410
      1	56429
      2	56431
     12	56434
      1	56442
      1	56486
      1	56502
      1	56504
      1	56510
      1	56514
      2	56533
      1	56564
      1	56567
      5	56569
      2	56579
      3	56583
      1	56590
      2	56614
      2	56621
      1	56629
      1	56630
      1	56631
      1	56655
      1	56663
      1	56675
      2	56694
      1	56697
      1	56704
      1	56718
      1	56735
      1	56751
      3	56762
      1	56795
      1	56802
      5	56807
      1	56810
      1	56812
      4	56813
      1	56829
      1	56837
      2	56847
      4	56855
      1	56861
      1	56873
      1	56874
      1	56889
      1	56912
      1	56915
      3	56921
      1	56930
      2	56932
      1	56940
      1	56947
      1	56950
      2	56952
      4	56956
      1	56961
      1	56986
      1	56992
      2	56995
      1	57008
      2	57011
      2	57025
      1	57041
      1	57060
      1	57064
      1	57068
      1	57072
      5	57074
      1	57086
      1	57099
      1	57101
      1	57114
      1	57119
      1	57131
      4	57133
      4	57138
      1	57141
     12	57144
      2	57165
      1	57177
      1	57178
      5	57188
      1	57212
      8	57218
      1	57226
      1	57246
      1	57258
      2	57279
      1	57280
      1	57315
      1	57321
      1	57332
      1	57349
      3	57376
      1	57395
      4	57419
      1	57435
      4	57449
      2	57451
      5	57459
      1	57464
      3	57470
      1	57475
      1	57476
      1	57480
      2	57489
      1	57499
      2	57513
      7	57514
      1	57519
      7	57525
      1	57528
      1	57533
      1	57557
      1	57558
      1	57563
      7	57566
      1	57594
      2	57601
      1	57608
      1	57621
      2	57622
      1	57630
      1	57638
      1	57643
      1	57652
      1	57654
      1	57675
      1	57679
      4	57688
      1	57705
      1	57709
      1	57718
      1	57734
      1	57737
      1	57740
      2	57743
      5	57746
      1	57757
      1	57764
      1	57779
      1	57786
      1	57791
      2	57798
      8	57836
      4	57843
      1	57892
      2	57894
      1	57897
      2	57904
      3	57906
      5	57922
      1	57923
      1	57943
      2	57944
      5	57951
      1	57965
      1	57976
      1	57988
      1	58009
      1	58034
      1	58041
      2	58063
      1	58104
      1	58109
      1	58110
      3	58111
      3	58118
      1	58119
      2	58124
      4	58128
      2	58132
      1	58133
      3	58155
      7	58180
      2	58192
      2	58208
      3	58216
      2	58219
      1	58222
      2	58223
      3	58224
      2	58244
      1	58258
      1	58274
      3	58281
      1	58287
      1	58289
      1	58296
      5	58297
      2	58299
      3	58324
      1	58330
      1	58338
      1	58341
      1	58349
      1	58351
      1	58361
      2	58370
      1	58372
      1	58373
      2	58396
      1	58406
      1	58419
      1	58425
      1	58431
      1	58435
      1	58452
      3	58466
      1	58471
      2	58476
     11	58477
      4	58483
      1	58495
      2	58506
      1	58515
      1	58516
      1	58517
      1	58521
      1	58524
      1	58537
      2	58545
      1	58548
      1	58556
      1	58557
      7	58569
      1	58575
      2	58578
      1	58580
      1	58589
      1	58616
      2	58617
      1	58621
      1	58636
      1	58640
      1	58647
      1	58651
      2	58677
      3	58679
      1	58682
      1	58697
      2	58722
      1	58723
      6	58735
      6	58750
      1	58760
      1	58761
      4	58766
      1	58768
      3	58790
      2	58800
      3	58805
      2	58808
      6	58815
     10	58857
      3	58860
      2	58870
      2	58876
      2	58880
      1	58882
     12	58887
      3	58895
      2	58901
      1	58908
      1	58909
      2	58913
      1	58914
      2	58947
      3	58950
      1	58951
      4	58953
      3	58968
      1	58988
      1	58996
      1	58997
      1	59001
      3	59003
      1	59010
      1	59012
      1	59026
      1	59031
      1	59034
      1	59036
      1	59044
      4	59045
      1	59049
      1	59055
      1	59060
      1	59064
      3	59094
      2	59096
      1	59106
      4	59107
      1	59108
      1	59118
      1	59122
      1	59134
      1	59139
      1	59144
      3	59145
      1	59148
      3	59158
      1	59163
      1	59177
      1	59180
      1	59186
      1	59201
      1	59206
      4	59208
      1	59209
      1	59210
      1	59212
      2	59222
      2	59231
      2	59236
      1	59249
      2	59252
      1	59262
      1	59286
      2	59291
      1	59294
      1	59304
      1	59329
      2	59371
      1	59382
      3	59396
      1	59436
      1	59448
      2	59466
      1	59478
      2	59482
      1	59509
      1	59515
      1	59517
      1	59518
      1	59522
      1	59525
      1	59535
      4	59536
      1	59561
      2	59567
      2	59568
      7	59571
      1	59575
      3	59577
      2	59590
      1	59591
      2	59593
      1	59608
      1	59613
      3	59627
      1	59644
      1	59655
      4	59659
      2	59660
      1	59671
      1	59672
     10	59687
      1	59691
      4	59715
      1	59718
      5	59720
      3	59726
      1	59730
      1	59739
      5	59744
      5	59758
      4	59764
      2	59775
      1	59780
      1	59795
      1	59827
      4	59848
      1	59854
      4	59858
      1	59876
      1	59878
      1	59903
      1	59906
      1	59908
      1	59923
      1	59931
      1	59938
      1	59944
      1	59948
      1	59952
      1	59967
      3	59979
      2	59983
      3	59989
      1	59992
      1	59996
      1	60000
      2	60002
      1	60005
      1	60006
      4	60020
      1	60023
      5	60034
      2	60072
      2	60074
      1	60081
      1	60089
      1	60095
      5	60120
      1	60123
      1	60131
      1	60140
      1	60143
      1	60151
      3	60172
      1	60203
      5	60204
      1	60208
      3	60210
      1	60214
      1	60215
      2	60238
      2	60265
      1	60266
      1	60269
      1	60271
      2	60276
      1	60284
      3	60287
      1	60307
      4	60312
      2	60321
      3	60328
      1	60334
      2	60335
     39	60338
      1	60344
      1	60352
      1	60367
      1	60379
      1	60386
      1	60407
      2	60409
      1	60427
      1	60433
      1	60434
      1	60488
      1	60496
      1	60499
      5	60501
      4	60505
      5	60513
      1	60519
      5	60523
      1	60524
      2	60525
      1	60527
      3	60557
      2	60563
      1	60576
      1	60580
      1	60581
      4	60584
      1	60585
      4	60605
      2	60627
      1	60628
      1	60630
      3	60631
      1	60635
      1	60652
      1	60658
      1	60664
      3	60669
      1	60671
      4	60679
      1	60692
      1	60693
      3	60696
      2	60708
      1	60710
      3	60716
      1	60719
      1	60732
      1	60738
      1	60743
      1	60753
      1	60764
      1	60766
      1	60772
      1	60793
      6	60796
      1	60813
      1	60846
      2	60852
      2	60862
      1	60863
      2	60882
      1	60893
      3	60909
      1	60915
      1	60934
      1	60943
      2	60975
      4	60983
      1	60984
      2	60995
      1	61008
      2	61021
      1	61034
      3	61037
      1	61040
      1	61055
      2	61057
      2	61063
      1	61064
      5	61066
      3	61073
      2	61086
      1	61089
      1	61103
     21	61106
      1	61116
      1	61117
      1	61119
      1	61126
      1	61131
      3	61138
      3	61140
      2	61147
     10	61152
      1	61169
      1	61188
      7	61191
     10	61195
      3	61203
      1	61219
      1	61229
      9	61230
      4	61234
      1	61251
      1	61254
     18	61261
      1	61277
      1	61293
      1	61300
      1	61312
      1	61322
      2	61327
      1	61330
      1	61336
      2	61339
      2	61340
      1	61358
      1	61366
     18	61367
      1	61369
      1	61374
      1	61376
      2	61383
      1	61426
      1	61431
      6	61445
      2	61460
      1	61469
      1	61487
      1	61492
      1	61505
      1	61507
      1	61528
      4	61557
      1	61559
      3	61567
      7	61568
      1	61590
      1	61592
      7	61641
      1	61665
      1	61683
      3	61686
      1	61691
      2	61697
      1	61705
      1	61716
      1	61734
      3	61744
      3	61752
      3	61772
      1	61774
      1	61782
      4	61787
      1	61809
      1	61817
      2	61829
      1	61832
      1	61836
      2	61838
      1	61843
      1	61844
      1	61849
      1	61854
      1	61869
      1	61875
      1	61884
      1	61891
      1	61928
      1	61931
      1	61949
      2	61957
      1	61959
      1	62004
      1	62017
      2	62024
      1	62031
      3	62051
      3	62053
      1	62056
      2	62063
      1	62073
      1	62083
      4	62095
      4	62106
      1	62134
      1	62145
      1	62154
      1	62155
      2	62160
      2	62179
      7	62183
     12	62189
      1	62194
      1	62195
      1	62205
      4	62223
      1	62226
      1	62236
      1	62237
      1	62242
      2	62252
      1	62288
      2	62296
      1	62373
      2	62377
      1	62382
      1	62396
      4	62401
      3	62412
      1	62413
      1	62428
      2	62444
      1	62446
      2	62463
      3	62492
      6	62497
      1	62499
      1	62504
      1	62510
      1	62514
      1	62532
      3	62534
      3	62537
      1	62543
      3	62561
      1	62570
      1	62575
      1	62576
      1	62623
      4	62647
      3	62654
     10	62664
      1	62667
      1	62681
      1	62701
      1	62726
      1	62730
      2	62741
      3	62752
      3	62759
      2	62761
      2	62778
      4	62796
      2	62800
      1	62812
      1	62830
      1	62833
      3	62846
      1	62849
      1	62877
      2	62882
      5	62890
      1	62893
      2	62899
      1	62909
      1	62927
      1	62929
      4	62930
      2	62948
      3	62965
      2	62967
      1	62975
      3	63002
      1	63041
      2	63050
      1	63056
      3	63060
      1	63083
      4	63097
      3	63101
      1	63107
      3	63120
     12	63134
      1	63143
      1	63147
      1	63173
      1	63175
      4	63177
      1	63178
      1	63235
      1	63240
      1	63248
      1	63253
      7	63262
      2	63264
      1	63276
      2	63278
      1	63288
      2	63298
      1	63310
      2	63314
      2	63316
      1	63318
      1	63337
      2	63338
      1	63339
      1	63361
      9	63363
      1	63372
      2	63390
      1	63398
      8	63409
      1	63410
      2	63411
      1	63418
      3	63421
      1	63428
      1	63429
      2	63432
      1	63450
      1	63461
      1	63484
      1	63543
      1	63551
      2	63559
      1	63585
      1	63603
      1	63606
      1	63607
      5	63617
      1	63644
      1	63657
      1	63665
      1	63674
      2	63690
      1	63693
     12	63696
      1	63698
      1	63702
      1	63705
      1	63709
      1	63718
      1	63737
      6	63743
      1	63775
      1	63776
      6	63780
      1	63784
      1	63791
      1	63792
      1	63798
      1	63802
      1	63804
     26	63807
      1	63822
      1	63824
      1	63825
      1	63827
      1	63830
      2	63832
      1	63840
      4	63859
      1	63872
      5	63881
      1	63888
      1	63889
      1	63898
      3	63912
      1	63918
      3	63935
      5	63950
      1	63956
      1	63957
      1	63976
      1	63980
      1	63983
     26	63987
      1	64001
      1	64002
      4	64003
      1	64024
      3	64032
      1	64037
      1	64038
      1	64043
      1	64056
     11	64066
      1	64082
      1	64086
      2	64094
      2	64101
      1	64102
      1	64120
      1	64126
      1	64129
      1	64131
      1	64138
      1	64140
      1	64146
      2	64149
      2	64153
      1	64161
      1	64163
      1	64165
      1	64170
      1	64177
      1	64189
      1	64193
      1	64195
      1	64196
      1	64205
      1	64208
      1	64237
      1	64238
      2	64239
      1	64242
      1	64253
      1	64258
      2	64261
      1	64262
      2	64267
      1	64274
      1	64278
      1	64286
      3	64304
      5	64316
      1	64325
      4	64337
      2	64339
      1	64343
      2	64344
      1	64386
      2	64402
      2	64424
      1	64435
      2	64446
      1	64447
      1	64465
      1	64470
     23	64485
      3	64496
      2	64502
      1	64520
      2	64522
      2	64525
      1	64526
      6	64528
     10	64530
      1	64539
      1	64552
      1	64557
      1	64581
      1	64590
      2	64593
      3	64598
      1	64604
      1	64609
      3	64627
      9	64637
      1	64655
      3	64657
      2	64677
      1	64679
      2	64680
      1	64699
      1	64702
      3	64738
      2	64750
      1	64751
      1	64769
      1	64794
      4	64829
      1	64837
      1	64845
      1	64873
      1	64876
      1	64884
      1	64896
      1	64908
      1	64909
      1	64919
      1	64920
      3	64931
      1	64942
      3	64991
      1	64995
      1	64996
      1	65002
      1	65012
      1	65014
      2	65023
      1	65029
      1	65041
      1	65046
      2	65053
      1	65060
      1	65080
      1	65081
      3	65116
      1	65131
      1	65137
      1	65138
      1	65145
      1	65168
      1	65169
      1	65180
      1	65206
      1	65221
      2	65236
      2	65249
      2	65251
      1	65256
      7	65257
      3	65258
      1	65263
      1	65265
      2	65294
      1	65304
      1	65310
      2	65328
      2	65334
      1	65339
      3	65353
      1	65372
      3	65401
      1	65402
      2	65408
      1	65412
      1	65413
      1	65418
      1	65420
      1	65433
      2	65436
      2	65443
      2	65449
      1	65467
      1	65506
      1	65521
