      9	1
      4	11
      1	17
      3	67
      1	69
      2	97
      1	106
      4	157
      4	231
      1	379
      1	391
      1	401
      1	408
      1	430
      1	433
      1	460
      2	468
      1	492
      2	528
      1	538
      2	547
      1	550
      5	564
      2	583
      2	664
      1	718
      1	746
      1	749
      1	755
      1	865
      1	887
      5	921
      1	979
      1	1004
      5	1007
      2	1104
      1	1142
      1	1171
      7	1219
      1	1232
      2	1258
      1	1274
      1	1317
      1	1330
      2	1411
      6	1421
      1	1503
      1	1556
      1	1614
      3	1616
      1	1641
      1	1646
      1	1738
      1	1800
      1	1809
      6	1844
      1	1858
      1	1874
      6	1937
      1	1943
      2	1959
      1	1963
      1	1983
      1	1992
      7	2008
      1	2020
      1	2069
      5	2077
      7	2096
      1	2114
      2	2163
      2	2164
      1	2172
      2	2196
      1	2232
      1	2276
      2	2302
      3	2426
      1	2461
      2	2503
      1	2565
      1	2640
      1	2688
      5	2725
      4	2792
      2	2799
      1	2836
      1	2857
      1	2882
      1	2900
      1	2958
      5	2979
      2	2985
      1	2994
      1	3008
      3	3011
      2	3044
      1	3087
      4	3123
      2	3136
      2	3239
      2	3245
      2	3328
      2	3344
      2	3351
      5	3418
      5	3483
      2	3486
     13	3576
      8	3677
      1	3688
      1	3690
      1	3719
      5	3750
      1	3765
      2	3770
      1	3812
      4	3830
     10	3842
      1	3872
      1	3881
      1	3908
      1	3929
      1	3962
      1	3979
     48	3989
      1	3998
      1	4011
      4	4064
      1	4083
     17	4106
      2	4165
      6	4260
      2	4269
      1	4279
      2	4301
      1	4348
      1	4388
      1	4454
      1	4600
      2	4606
      3	4609
      1	4651
      3	4670
      1	4762
      1	4792
      6	4807
      1	4830
      1	4878
      1	4904
      1	4913
      1	4917
      6	4993
      1	5015
      1	5161
      1	5172
      1	5179
      6	5232
      1	5257
      1	5282
      1	5287
      1	5338
      1	5348
      1	5540
      1	5565
      3	5631
      1	5671
      2	5691
      1	5702
      2	5707
      1	5713
      2	5737
      3	5753
      3	5823
      1	5824
      1	5874
      2	5894
      2	5941
      2	5967
      2	5980
      1	5993
      1	5998
      1	6010
      1	6011
      1	6102
      1	6124
      1	6152
      6	6169
      5	6177
      1	6225
      1	6243
      1	6263
      1	6284
      1	6318
      1	6328
      3	6332
      4	6366
      5	6446
      1	6484
      1	6486
      2	6497
      1	6519
     27	6551
      1	6572
      1	6575
      2	6584
      1	6591
      3	6596
      1	6625
      1	6651
      1	6655
      1	6670
      3	6725
      3	6755
      1	6811
      1	6821
      7	6937
      1	6968
      4	6971
      4	6980
      1	6989
      1	7082
      4	7109
      2	7132
      2	7170
      1	7182
      1	7206
      1	7214
      1	7246
      1	7303
      1	7323
      1	7332
      1	7350
      2	7359
      2	7377
      1	7386
      2	7435
      2	7517
     23	7566
      2	7687
      2	7702
      2	7718
      2	7774
      1	7797
      3	7858
      2	7872
      7	7890
      1	7902
      1	7908
      1	7948
      1	7981
      1	8015
      2	8040
      2	8045
      1	8051
      1	8073
      5	8087
      1	8141
      1	8193
      1	8197
      1	8239
      2	8288
     13	8305
      1	8310
      1	8315
      1	8356
      7	8374
      1	8375
      1	8376
      1	8382
      1	8436
      5	8584
      1	8617
      2	8662
      1	8664
      2	8677
      1	8680
      1	8681
      1	8777
      1	8823
      4	8847
      2	8855
      1	8877
      6	8930
      1	8999
      4	9017
      1	9031
      1	9041
      1	9073
      1	9115
      1	9167
      3	9212
      2	9230
      1	9281
      1	9334
      3	9345
      1	9440
      1	9474
      2	9516
      1	9517
      1	9556
      4	9558
     12	9562
      2	9571
      2	9585
      2	9603
      1	9604
      1	9653
      3	9689
      2	9745
      1	9750
      1	9760
      1	9854
      1	9896
      1	9920
      1	10063
      1	10111
      2	10118
      2	10128
      1	10175
      1	10216
      1	10263
      3	10266
      3	10275
      2	10296
      1	10308
      2	10363
      1	10365
      1	10382
      3	10395
      1	10397
      1	10409
      2	10470
      2	10480
      2	10519
      5	10539
      2	10695
      3	10762
      2	10769
      4	10892
      1	10916
      1	10933
      1	10940
      1	10966
      7	10970
      1	11057
      2	11082
      1	11098
     15	11108
      5	11119
      1	11127
      2	11203
      1	11213
      3	11215
      1	11290
      1	11356
      2	11430
     10	11433
      2	11454
      1	11491
      1	11531
      1	11535
      1	11574
      8	11583
      1	11623
      1	11636
      2	11642
      1	11650
      1	11699
      1	11710
      1	11718
      1	11749
      1	11754
     15	11766
      2	11770
      3	11849
      1	11903
      8	11919
      1	11979
      2	12008
      1	12072
     20	12093
     11	12136
      5	12186
      1	12214
      1	12247
      1	12288
      1	12301
      1	12303
      2	12342
      1	12350
      1	12382
      1	12397
      1	12455
      1	12457
      3	12467
      2	12538
      1	12584
      1	12703
      1	12708
      1	12750
      1	12751
      2	12756
      1	12818
      2	12869
      1	12881
     12	12936
      1	12941
      1	12952
      1	12960
      1	13020
      1	13025
      1	13057
      2	13083
      1	13096
      2	13098
      1	13175
      1	13179
      1	13186
      1	13188
      1	13238
      1	13252
      2	13270
      7	13294
      3	13330
      1	13388
      1	13399
      1	13417
      2	13436
      1	13439
      1	13518
      1	13525
      1	13598
      1	13633
      1	13653
      1	13664
     14	13680
      1	13681
      1	13697
      1	13699
      1	13738
      2	13763
      5	13787
      1	13788
      5	13790
      1	13802
      1	13843
      1	13920
      1	13937
      1	14003
      1	14070
      1	14072
     10	14105
      1	14128
      1	14171
      1	14249
      1	14302
      1	14305
      2	14310
      1	14322
      1	14343
      8	14352
      1	14385
      1	14401
      1	14476
      1	14562
      4	14580
      2	14688
      1	14716
      1	14730
      2	14790
      7	14819
      1	14887
      2	14898
      1	14938
      2	14951
      1	15084
      2	15159
      2	15252
      1	15272
      1	15314
      1	15343
      2	15355
      1	15401
      4	15429
      1	15465
      1	15489
      7	15504
      6	15633
     10	15661
      2	15680
      1	15701
      1	15733
      1	15772
      2	15773
      1	15784
      1	15821
      2	15833
      1	15844
      1	15975
      1	15980
      1	15996
      1	16006
      3	16030
     10	16039
      1	16063
      4	16112
     10	16148
      1	16164
      1	16193
      5	16203
      8	16225
      2	16227
      4	16276
      2	16305
      1	16312
      1	16410
      5	16465
      4	16469
      1	16503
      1	16512
      1	16529
      1	16545
      5	16620
      1	16666
      1	16675
      1	16679
      1	16684
      1	16721
      2	16724
      2	16729
      2	16767
      1	16781
      1	16825
      2	16826
      1	16837
      1	16845
      2	16885
      1	16935
      5	16969
      2	17059
      1	17184
      2	17210
      2	17229
      2	17305
      3	17314
      2	17334
      2	17352
      1	17365
      5	17375
      3	17401
      1	17417
      1	17472
      3	17509
      5	17524
      1	17536
      2	17548
      1	17553
      1	17569
      2	17572
      2	17613
      1	17616
      4	17662
      3	17719
      2	17736
      1	17761
      1	17799
      1	17809
      1	17835
      1	17849
      3	17864
      3	17889
      1	17923
      1	17937
      2	17955
      3	18011
      1	18076
      4	18117
      2	18148
      1	18149
      4	18186
      1	18209
      1	18222
      1	18289
      1	18315
      1	18351
      1	18354
      2	18376
      1	18422
      1	18435
      1	18447
      2	18448
      1	18498
      1	18519
      1	18542
      1	18553
      1	18583
      2	18660
      1	18677
      1	18731
      7	18735
      1	18737
      1	18799
      3	18846
      1	18881
      1	18893
      1	18897
      1	18907
      1	18949
      3	19053
      2	19074
      1	19090
      1	19138
      1	19228
      1	19248
      1	19285
      1	19326
      1	19338
      1	19418
      3	19454
      2	19480
      1	19481
      1	19496
      1	19510
      1	19525
      1	19620
      1	19634
      1	19641
      3	19652
      1	19683
      1	19775
      1	19873
      1	19911
      2	19957
      1	19970
      1	20007
      2	20023
      3	20030
      1	20085
      1	20137
     11	20212
      1	20236
      3	20238
      1	20250
      2	20282
      1	20301
      4	20324
      1	20390
      1	20469
      9	20546
      2	20603
      1	20605
      1	20606
      7	20688
      1	20711
      2	20758
      1	20805
      4	20806
      1	20861
      1	20865
      1	20887
      1	20907
      1	20924
      1	20925
      2	20977
      4	21009
      4	21014
      1	21037
     17	21134
      3	21157
      1	21188
      1	21195
      3	21215
      1	21238
      1	21293
      1	21297
      1	21314
      1	21318
      2	21340
      1	21443
      1	21444
      3	21455
      1	21463
      1	21470
      3	21481
      3	21504
      1	21643
      1	21651
      1	21653
      2	21662
      1	21686
      6	21743
     14	21845
      1	21888
      3	21931
      1	22041
      3	22074
      1	22107
      2	22190
      1	22192
      1	22220
      4	22233
      1	22309
      1	22347
      1	22388
      4	22402
      2	22446
      1	22447
      1	22482
      3	22516
      1	22678
      4	22713
      1	22742
      3	22771
      1	22827
      2	22887
      1	22915
      1	22940
      2	22977
      1	22992
      4	23053
      1	23076
      3	23114
      4	23180
      7	23183
      1	23188
      2	23228
     26	23291
      3	23293
      1	23320
      1	23321
      2	23328
      1	23370
      6	23381
      2	23383
      2	23391
      3	23413
      1	23435
      1	23444
      1	23466
      1	23501
      1	23560
     17	23593
      3	23594
      4	23596
      1	23625
      5	23692
      1	23768
      3	23805
      1	23875
      5	23907
      1	23911
      1	23922
      1	23940
      1	23960
      1	24014
      1	24032
      1	24049
      1	24079
      1	24152
      1	24166
      1	24170
      1	24194
      1	24214
      3	24245
      1	24263
      1	24331
      1	24342
      1	24352
      2	24376
      1	24384
      2	24385
      1	24418
      1	24431
      1	24470
      3	24483
      2	24523
      2	24549
      1	24567
      1	24584
      1	24614
      1	24622
      1	24625
      6	24635
      1	24642
      1	24766
      1	24866
      2	24869
      1	24921
      1	24941
      1	24956
      1	24967
      1	25003
      1	25079
      1	25207
      1	25219
      8	25220
      1	25253
      3	25277
     11	25285
      1	25324
      5	25338
     14	25360
      1	25368
      1	25451
      1	25496
      1	25508
      2	25538
      2	25539
      1	25551
      6	25566
      4	25607
      1	25612
      1	25618
      2	25627
      3	25630
      3	25662
      4	25702
      1	25728
      1	25813
      2	25866
      3	25880
      5	25888
      1	25913
      1	25960
      1	25996
      1	26033
      1	26045
      1	26060
      9	26126
      1	26127
      1	26135
      1	26179
      1	26190
     15	26231
      1	26287
      2	26352
      1	26356
      1	26359
      1	26445
      2	26449
      1	26568
      1	26640
     10	26679
      1	26685
      1	26688
      1	26706
      2	26782
      2	26850
      1	26860
      1	26869
      2	26934
      2	26954
      1	27015
      1	27049
      1	27069
      1	27104
      2	27150
      1	27262
      1	27276
      1	27286
      2	27291
      2	27357
      1	27385
      1	27429
      2	27464
      1	27495
      1	27622
      1	27645
      2	27647
     10	27661
      1	27714
      4	27765
      2	27824
      1	27837
      2	27898
      4	27917
      7	27944
      2	27952
      2	28008
      1	28052
      2	28091
      1	28257
      1	28304
      2	28318
      2	28329
      2	28410
      1	28480
      1	28486
      1	28496
      3	28506
      1	28522
      1	28531
      1	28545
      1	28560
      1	28605
      2	28621
     13	28624
      1	28705
      1	28741
      1	28809
      5	28822
      1	28824
      2	28838
      1	28842
      6	28867
      1	28889
      8	28911
      1	28935
      1	28990
      3	29040
      1	29069
      1	29078
     16	29125
      1	29165
      1	29168
      1	29197
      1	29226
      4	29233
     61	29257
      1	29258
      2	29266
      3	29328
      6	29342
      9	29373
      5	29484
      1	29500
      1	29516
      1	29517
      1	29558
      2	29576
      3	29629
      2	29643
      1	29686
     20	29781
      1	29813
      1	29851
      2	29892
      1	30075
      1	30123
      3	30131
      2	30134
      1	30237
      2	30303
      3	30355
      2	30384
      2	30401
      1	30427
      1	30441
      1	30453
      3	30460
      1	30462
      1	30487
      1	30516
      1	30524
      1	30547
      1	30564
     14	30570
      1	30573
      1	30590
      3	30693
      4	30707
      3	30708
      1	30716
      2	30748
      8	30749
      2	30778
      1	30780
      2	30810
      1	30820
      3	30836
      2	30850
      2	30907
      2	30909
      1	30983
      1	30986
      3	31000
      1	31006
      1	31054
      1	31115
      1	31144
      3	31153
      1	31254
      2	31256
      1	31259
      1	31269
     20	31280
      2	31303
      1	31344
      1	31374
      1	31405
      5	31407
      1	31432
      1	31455
      1	31480
      2	31544
      1	31586
      1	31713
      1	31725
      1	31773
      2	31787
      3	31803
      1	31867
      3	31908
     13	31915
      1	31949
      1	31954
      1	31962
      1	31979
      1	32003
      1	32038
      1	32045
      1	32069
      1	32079
      2	32097
      1	32112
      4	32149
      1	32215
      1	32230
      1	32233
      2	32243
      1	32259
      1	32266
      2	32278
      1	32280
      1	32293
      1	32310
      2	32343
      1	32350
      1	32389
      2	32392
      9	32414
      2	32487
      1	32512
      1	32522
      1	32572
      5	32589
      1	32667
      1	32672
      1	32675
      1	32707
      1	32748
      9	32767
      1	32778
      1	32857
      1	32978
      1	32991
      1	33039
     55	33100
      1	33111
      1	33113
      1	33126
      3	33202
      1	33203
      1	33217
      9	33260
      1	33261
      1	33278
      1	33292
      1	33316
      1	33354
      1	33368
     12	33419
      4	33441
      1	33462
      6	33476
      1	33494
      2	33500
      1	33566
     14	33570
      1	33586
      1	33651
      1	33661
      2	33679
      1	33705
      6	33767
      1	33822
      1	33890
      2	33987
     11	34056
      1	34114
      3	34188
      1	34190
      1	34207
      1	34223
      1	34260
      3	34262
      1	34279
      2	34358
      1	34382
      2	34395
      1	34415
      1	34443
      1	34475
      1	34490
      1	34491
      1	34495
      1	34536
      5	34553
      3	34592
      1	34699
      1	34701
      1	34745
      1	34800
      1	34809
      1	34844
      1	34848
      2	34898
      2	34903
      1	34930
      1	34972
      3	34983
      9	35101
      3	35109
      1	35186
      1	35217
      1	35222
      1	35258
     17	35310
      1	35401
      1	35506
      6	35564
      5	35622
      1	35666
      6	35693
      1	35708
      2	35731
      2	35754
      1	35776
      1	35821
      1	35847
      1	35869
      2	36028
      1	36048
      3	36053
      1	36056
      1	36073
      1	36112
      1	36371
      1	36377
      1	36404
      1	36413
      4	36466
      2	36480
      2	36553
      1	36566
      1	36661
      2	36674
      3	36697
      1	36833
      1	36850
      2	36885
      1	36887
      2	36957
     10	36985
      1	36987
      1	37037
      2	37061
      1	37062
      1	37126
      3	37201
      1	37211
      1	37267
      1	37268
      1	37300
      2	37305
      1	37328
      1	37363
      4	37403
      1	37425
      1	37449
      1	37464
      1	37465
      3	37470
      1	37487
      2	37503
      1	37511
      3	37519
      2	37575
      5	37632
      3	37709
      2	37741
      2	37800
      1	37804
      1	37919
      7	37925
      1	37998
      1	38018
      1	38025
      1	38047
      1	38054
      1	38080
      2	38107
      1	38152
      1	38156
      6	38160
      1	38172
      1	38221
      1	38226
      1	38243
      1	38266
      2	38285
      3	38291
      5	38313
      4	38316
      2	38319
      1	38427
      1	38542
      1	38552
      4	38589
      1	38614
      1	38654
      2	38662
      1	38715
      1	38793
      1	38822
      1	38860
     17	38867
      7	38876
      1	38959
      1	39033
      1	39048
      1	39078
      1	39102
      1	39119
     10	39127
      2	39159
      1	39189
      2	39193
      1	39204
      3	39218
      2	39219
      2	39265
      2	39269
      2	39297
      1	39400
      2	39472
      1	39492
      1	39521
      1	39525
      1	39621
      1	39643
      1	39650
      1	39674
     11	39796
      1	39800
      1	39846
      1	39897
      4	39929
      3	39988
      3	40014
      1	40063
      1	40104
      1	40120
      4	40132
      1	40196
      1	40204
      1	40256
      1	40258
      1	40277
      2	40284
      6	40298
      3	40378
      3	40394
      1	40425
      1	40437
      2	40540
      2	40545
      9	40570
      4	40658
      1	40664
      5	40674
      1	40730
      1	40733
      4	40810
      1	40825
      5	40830
      2	40905
      2	40916
      1	41003
      1	41133
      1	41198
      3	41264
      2	41267
      1	41288
      1	41315
      4	41333
      1	41355
      9	41393
      2	41414
      4	41460
      3	41507
      1	41526
      1	41617
      1	41669
      6	41701
      4	41753
      1	41771
      3	41892
      3	41983
      1	41986
      1	42024
      1	42027
      1	42051
      5	42186
      1	42201
      1	42217
      1	42248
      1	42309
      1	42372
      1	42433
      1	42439
      1	42500
      3	42511
      6	42517
      1	42529
      1	42541
      1	42569
     14	42575
      2	42701
      1	42715
      1	42733
      1	42755
      9	42802
      5	42819
      4	42851
      2	42864
      1	42965
      2	42968
      4	43030
     13	43065
      2	43068
      7	43148
      2	43243
      2	43250
      1	43274
      1	43289
      1	43305
      5	43337
      1	43354
      1	43436
      4	43472
      1	43503
      1	43530
      5	43531
      1	43555
      1	43658
      1	43665
      2	43722
      1	43737
      5	43777
      1	43832
      2	43851
      5	43874
      1	43989
      1	44074
      3	44135
      2	44166
      3	44190
      1	44203
      4	44228
     17	44316
      2	44318
      1	44324
      1	44351
      4	44380
      1	44389
      4	44437
      1	44447
      1	44467
      1	44569
     22	44607
      2	44632
      1	44657
      1	44676
      1	44716
      1	44794
      1	44797
      1	44804
      9	44853
      4	44856
      1	44896
      1	44899
      1	44912
      1	44924
      1	44930
      5	44959
      5	45014
      2	45031
      1	45054
      1	45058
      1	45061
      2	45089
      9	45135
      2	45141
      1	45145
      1	45152
      1	45157
      2	45160
      1	45196
      4	45219
     10	45220
      1	45327
      1	45328
      9	45345
      1	45359
      4	45465
      3	45495
      2	45496
      1	45536
      1	45611
      1	45624
      2	45642
      1	45643
      2	45660
      2	45665
      5	45671
      1	45710
      5	45727
      2	45796
     10	45911
      1	45935
     24	46008
      2	46077
      1	46090
      1	46100
      4	46185
      7	46225
      1	46234
      2	46246
      1	46248
      1	46253
      1	46261
      1	46263
      3	46285
      2	46388
      1	46393
      2	46402
      1	46419
      4	46452
      1	46474
      1	46485
      2	46589
      1	46595
      1	46647
      1	46701
      2	46781
      3	46841
      1	46848
      2	46901
      2	46929
      1	46981
      1	46991
      1	47010
      3	47027
      3	47091
      1	47095
      1	47099
      6	47104
      2	47124
     12	47131
      4	47163
      1	47164
      2	47186
      2	47254
      2	47272
      4	47311
      2	47315
      1	47320
      1	47323
      1	47343
      1	47421
      1	47442
      1	47497
      1	47563
      1	47640
      1	47670
      1	47677
      1	47693
      1	47775
      1	47803
      1	47811
      1	47842
      1	47905
      3	47908
      1	47911
      1	47920
      1	47926
      1	47939
      1	47946
      2	47983
      1	47985
      1	47989
      4	47995
      9	47999
      1	48000
      1	48059
      1	48064
      2	48085
      1	48086
      5	48115
      1	48235
      3	48241
      1	48265
      1	48266
      1	48293
      1	48401
      4	48404
      3	48476
      6	48495
      1	48529
      1	48625
      1	48702
      2	48729
      1	48745
      1	48771
      1	48776
      2	48832
      1	48860
      1	48877
      1	48894
      2	48924
      1	48933
      1	48943
      1	48996
      1	49025
      1	49041
      1	49083
      1	49094
      2	49131
      1	49134
     10	49180
      2	49196
      1	49216
      1	49217
      1	49234
      4	49268
      1	49361
      2	49382
      1	49390
      1	49450
      1	49469
      1	49488
      1	49513
      1	49538
      2	49564
      9	49585
      5	49601
      1	49647
      1	49655
      1	49722
      1	49774
      1	49810
      3	49850
      2	49893
      3	49897
      1	49965
      4	49966
      1	50155
      4	50216
      2	50217
      1	50231
      1	50244
      6	50314
      1	50331
      1	50401
      1	50408
      2	50453
      1	50481
      1	50537
      2	50539
      2	50561
      1	50564
      5	50640
      1	50648
      2	50663
      4	50690
      2	50708
      2	50727
      1	50771
      3	50820
      3	50827
      6	50829
      1	50834
      2	50839
      2	50856
      1	50915
      4	50948
      1	51026
      2	51061
      1	51065
      1	51088
      1	51172
      1	51186
      1	51221
      1	51233
      6	51273
      1	51305
      1	51307
      1	51334
      1	51447
      1	51469
      1	51588
      1	51619
      1	51620
      1	51652
      1	51664
      7	51672
      5	51886
      2	52020
     26	52044
      2	52068
      1	52108
      3	52121
      3	52181
      2	52186
      1	52230
      1	52261
      1	52300
      1	52305
      1	52445
      1	52459
      2	52498
      1	52518
      6	52522
      1	52567
      3	52626
      1	52734
      1	52777
      1	52797
      6	52801
      1	52813
      1	52892
      1	52894
      1	52896
      1	52927
      1	53033
      6	53053
      1	53201
      2	53237
      3	53271
      3	53283
      1	53284
     15	53309
      2	53324
      1	53357
      1	53374
      1	53379
      1	53404
      1	53405
     13	53439
      1	53476
      1	53519
      1	53520
      1	53534
      1	53666
      1	53708
      8	53730
      1	53745
      2	53770
      1	53783
      3	53814
      2	53833
      1	53848
      3	53874
      2	53925
      2	53938
      1	53943
      1	54018
      2	54088
      1	54091
      1	54097
      4	54102
      1	54150
      1	54226
      1	54250
      1	54255
      1	54287
      6	54315
      1	54321
      2	54369
     10	54399
      1	54493
      1	54508
      1	54525
      2	54557
      2	54631
      2	54636
      1	54653
      1	54712
      1	54748
      1	54749
      1	54753
      6	54811
      1	54919
      1	54931
      3	54934
      3	54943
      1	54960
      1	54984
      1	55018
      2	55026
      1	55053
      1	55054
      1	55085
      2	55114
      2	55173
      4	55203
      1	55210
      1	55245
      1	55278
      6	55299
      1	55408
      1	55418
      1	55421
      2	55436
      1	55450
     47	55475
      1	55486
      7	55539
      1	55544
      1	55557
      1	55565
     12	55587
      1	55592
      1	55597
      3	55608
      1	55609
      1	55614
      1	55615
      1	55630
      1	55635
      4	55642
      2	55646
      1	55667
      1	55714
      3	55734
      1	55777
      1	55798
      1	55814
      1	55872
      1	55945
      1	55970
      3	56028
      2	56034
      1	56094
      1	56143
      2	56177
      1	56187
      1	56200
      1	56221
      1	56232
     51	56255
      6	56260
      1	56261
      4	56269
      1	56418
      3	56463
      2	56469
      1	56513
      1	56574
      1	56679
      1	56697
      1	56702
      1	56705
      1	56733
      1	56781
      1	56889
      1	56913
      3	56965
      6	56992
      1	57033
      1	57041
      1	57132
      2	57136
      1	57137
      1	57144
      1	57178
      1	57207
      1	57223
      2	57261
      1	57272
      1	57298
      2	57332
      4	57362
      1	57381
      4	57383
      1	57391
      1	57395
      1	57398
      1	57402
      1	57415
      1	57423
      3	57428
      3	57442
      1	57445
      2	57558
      4	57566
      1	57575
      2	57579
      2	57612
      2	57622
      1	57679
      1	57683
      1	57691
      1	57709
      1	57778
      1	57791
      1	57917
      2	57981
      1	58002
      1	58053
      1	58074
      1	58088
      1	58094
      3	58147
      1	58226
      6	58267
      2	58299
      4	58303
      1	58360
      1	58413
     13	58466
      2	58479
      3	58488
     10	58503
      9	58580
      2	58622
      1	58649
      1	58678
      7	58699
      4	58746
      2	58753
      1	58783
     12	58796
      4	58820
      1	58872
      1	58886
      5	58908
      1	58953
      1	59014
      2	59160
      1	59175
      1	59182
      1	59463
      1	59469
      2	59559
      2	59672
      5	59689
      4	59715
      1	59842
      4	59895
      1	59897
      1	59919
      1	59941
      3	59970
      2	59972
      5	59973
      1	60000
      4	60007
      1	60022
      1	60023
      1	60058
      1	60061
      1	60090
      1	60137
      2	60155
      2	60217
      1	60230
      1	60238
      2	60249
      1	60266
      1	60269
      5	60331
      5	60376
      2	60416
      1	60422
      1	60462
      1	60490
      1	60538
      3	60565
      1	60615
      3	60643
      1	60660
      1	60661
      1	60682
      9	60687
      2	60716
      1	60738
      1	60847
      1	60864
      2	60907
      8	60917
      4	60952
      1	60975
      5	60984
      1	60997
      1	61032
      2	61039
      2	61050
      1	61069
      1	61129
      2	61132
      1	61137
     12	61158
      1	61191
      2	61194
      1	61207
      1	61211
      5	61231
      1	61257
      2	61277
      4	61331
      1	61332
      1	61365
      2	61396
      1	61424
      1	61541
      1	61592
     47	61599
      1	61610
      2	61668
      1	61679
      1	61772
      1	61774
      1	61839
      1	61843
      1	61853
      1	61925
      1	61945
      3	61964
      6	61968
      1	61972
      1	62000
      1	62004
      1	62057
      1	62070
      1	62119
      1	62130
      1	62131
      1	62180
      1	62189
      1	62203
      2	62268
      1	62336
      1	62442
      1	62527
      1	62586
      2	62631
      2	62654
      1	62664
      1	62668
      1	62681
      1	62721
      1	62740
      1	62742
      1	62784
      1	62844
      1	62864
      6	62867
      4	62942
      2	62956
      1	62963
      1	62965
      1	62980
      1	63047
      2	63124
      3	63130
      1	63156
      2	63177
      3	63197
     21	63276
      3	63322
      1	63338
      1	63402
      1	63409
      1	63449
      1	63450
      2	63471
      2	63480
      1	63495
      1	63509
      1	63519
      1	63575
      1	63600
      1	63612
      1	63635
      3	63642
      1	63660
      1	63684
      1	63695
      1	63704
      1	63812
      1	63846
      1	63872
      1	63874
      2	63938
      1	63997
      1	64037
      2	64054
      3	64065
      1	64084
      3	64086
      1	64088
      3	64125
     10	64146
      1	64171
      3	64221
      1	64271
      2	64278
      1	64306
      1	64425
      1	64447
      1	64504
      1	64532
      3	64624
      2	64637
      1	64677
      1	64685
      1	64738
      1	64763
      1	64884
      1	64951
      6	64963
      2	64966
      1	65005
      1	65017
      1	65048
      8	65053
      2	65066
      1	65099
     14	65137
      1	65150
      3	65169
      1	65206
      1	65278
      3	65324
      1	65334
      1	65352
      2	65376
      1	65381
      1	65392
      1	65410
      1	65449
      5	65462
      5	65464
      2	65469
      3	65489
      1	65494
      2	65507
