      2	11
      1	30
      1	45
      2	56
      1	67
      1	120
      1	152
      2	162
      1	202
      2	207
      1	221
      1	238
      1	294
      1	322
      1	366
      8	375
      1	376
      1	377
      2	483
      1	484
      1	512
      1	558
      1	564
      3	620
      1	627
      1	646
      1	700
      1	712
      1	715
      1	767
      4	779
      3	823
      1	845
      2	894
      1	907
      1	965
      2	1009
      2	1020
      1	1058
      1	1069
      1	1121
      1	1139
      1	1157
      2	1180
      3	1248
      2	1284
      1	1285
      1	1402
      1	1411
      1	1473
      1	1511
      2	1532
      3	1558
      2	1564
      1	1606
      1	1616
      2	1656
      1	1683
      2	1794
      1	1842
      1	1848
      1	1937
      1	2062
      1	2064
      3	2065
      2	2077
      1	2141
      1	2242
      1	2372
      1	2383
      2	2400
      1	2416
      1	2482
      1	2589
      1	2592
      1	2629
      1	2654
      1	2661
      1	2685
      2	2774
      1	2861
      1	2862
      1	2890
      1	2892
      1	2894
      1	2910
      1	2984
      1	2989
      1	3083
      1	3110
      2	3124
      1	3188
      1	3212
      1	3264
      1	3330
      1	3431
      1	3448
      1	3459
      2	3493
      1	3552
      1	3622
      2	3648
      1	3672
      1	3690
      1	3702
      1	3745
      1	3822
      1	3824
      1	4001
      1	4011
      1	4022
      1	4025
      1	4034
      1	4050
      1	4064
      1	4109
      1	4128
      1	4250
      1	4256
      1	4286
      1	4303
      2	4308
      2	4334
      2	4358
      1	4379
      2	4388
      1	4398
      1	4460
      1	4475
      6	4485
      1	4486
      1	4509
      1	4576
      1	4582
     21	4652
      1	4662
     11	4664
      1	4779
      2	4780
      1	4790
      1	4798
      1	4834
      1	4877
      1	4942
      1	4951
      1	4989
      1	5067
      1	5083
      1	5133
      3	5161
      1	5187
      1	5208
      1	5253
      4	5260
      1	5287
      2	5300
      1	5314
      1	5322
      1	5336
      1	5457
      1	5459
      2	5465
      1	5475
      3	5510
      1	5568
      1	5637
      3	5652
      1	5709
      1	5731
      1	5790
      1	5792
      1	5794
      3	5823
      1	5874
      1	5894
      5	5930
      1	5954
      1	5957
      1	6012
      1	6023
      2	6072
      1	6073
      1	6076
      1	6086
      7	6095
      1	6110
      1	6149
      1	6174
      1	6257
      4	6275
      2	6281
      2	6293
      3	6343
      1	6366
      3	6396
      1	6424
      2	6510
      2	6601
      1	6669
      1	6671
      1	6831
      1	6857
      1	6864
      1	6895
      1	6924
      1	6964
      3	6980
      1	7055
      1	7153
      1	7178
      1	7206
      1	7282
      1	7317
      1	7348
     26	7403
      1	7412
      1	7422
      1	7499
      1	7576
      1	7635
      1	7726
      4	7780
      1	7832
      2	7842
      1	7861
      1	7875
      2	7876
      1	7920
      1	7955
      1	8030
      4	8062
      3	8234
      1	8252
      1	8308
      1	8310
      1	8382
      1	8399
      1	8415
      1	8583
      1	8675
      1	8700
      1	8702
      1	8710
      1	8715
      1	8740
      3	8760
      1	8774
      3	8859
      1	8887
      1	8900
      4	8916
      1	8956
      1	8958
      2	8978
      1	8983
      2	9006
      1	9038
      1	9058
      2	9103
      1	9115
      1	9123
      1	9139
      1	9143
      1	9162
      1	9173
      5	9182
      1	9211
      1	9232
      1	9269
      1	9284
      1	9287
      1	9309
      1	9317
      1	9351
      2	9411
      1	9441
      1	9444
      1	9456
      1	9474
      1	9483
      1	9546
      1	9564
      1	9576
      1	9604
      1	9650
     14	9653
      1	9687
      1	9709
      2	9873
      1	9874
      1	9877
      3	9878
      1	9905
      1	10018
      6	10026
      2	10075
      1	10077
      1	10158
      1	10172
      1	10190
      1	10214
      1	10245
      1	10324
      2	10365
      1	10407
      1	10514
      2	10570
      3	10576
      4	10577
      2	10612
      1	10628
      1	10632
      1	10664
      1	10777
      1	10900
      3	10908
      1	10931
      1	10961
      1	10965
      4	10986
      1	10995
      1	11032
      1	11048
      2	11127
      1	11226
      2	11276
      1	11285
      1	11347
      3	11355
      1	11490
      2	11524
      2	11548
      1	11572
      1	11664
      1	11685
      1	11742
      2	11751
      1	11754
      1	11838
      4	11964
      2	11995
     19	12005
      1	12021
      7	12025
      1	12037
      1	12047
      1	12122
      1	12163
      1	12195
      2	12234
      1	12317
      1	12370
      1	12397
      1	12486
      1	12501
      3	12505
      1	12520
      1	12615
      1	12641
      1	12656
      1	12689
      1	12703
     12	12818
      2	12826
      1	12851
      2	12869
      1	12915
      1	12919
      1	12933
     17	12952
      1	12970
      1	13016
      2	13055
      1	13118
      1	13129
      1	13153
      1	13167
      1	13235
      1	13288
      1	13294
      1	13332
      1	13344
      1	13413
      2	13556
      1	13567
      2	13595
      1	13639
      1	13671
      1	13724
      1	13755
      2	13806
      1	13861
      1	13883
      1	13889
      2	13929
      1	13937
      1	13952
      1	14023
      9	14053
      1	14061
      1	14098
      1	14112
      1	14177
      1	14210
      2	14239
      1	14246
      1	14292
      1	14359
      2	14365
      1	14376
      1	14392
      1	14576
      2	14592
      1	14606
      2	14619
      1	14626
      2	14643
      2	14654
      1	14677
      2	14688
      2	14793
      1	14847
      1	14908
      1	14922
      1	15029
      1	15038
      1	15059
      1	15070
      2	15072
      1	15121
      1	15161
      1	15185
      5	15188
      1	15202
      1	15234
      4	15256
      1	15397
      1	15408
      1	15479
      1	15481
      1	15498
      3	15516
      3	15530
      1	15607
      1	15626
      1	15656
      2	15684
      1	15696
      1	15847
      1	15898
      1	15964
      5	15981
      1	16007
      1	16036
      1	16102
      3	16112
      1	16122
      1	16174
      2	16188
      2	16227
      1	16319
      1	16321
      1	16368
      1	16435
      4	16444
      1	16445
      1	16456
      1	16478
      1	16545
      6	16554
      1	16557
      1	16609
      2	16610
      1	16638
      1	16713
      1	16738
      1	16753
      1	16758
      1	16791
      1	16811
      1	16885
      1	16909
      1	16980
      2	16984
      1	17010
      1	17019
      1	17023
      1	17027
      1	17131
      1	17185
      5	17214
      1	17219
      6	17225
      1	17242
      1	17258
      6	17315
      2	17338
      1	17349
      1	17368
      1	17381
      1	17389
      6	17393
      1	17401
      1	17424
      1	17470
      1	17509
      1	17537
      2	17560
      1	17610
      1	17634
      1	17904
      1	17990
      1	18003
      1	18271
      1	18277
      1	18340
      1	18391
      1	18392
      3	18422
      1	18443
      1	18486
      1	18488
      2	18498
      1	18519
      1	18636
      1	18718
      2	18720
      3	18781
      1	18851
      1	18864
      1	18880
      2	18915
      1	18945
      1	18968
      1	18990
      2	18992
      2	19016
      2	19033
      2	19041
      3	19049
      1	19090
      1	19150
      3	19215
      1	19226
      1	19228
      2	19229
      1	19268
      1	19353
      1	19388
      2	19402
      1	19455
      2	19462
      1	19475
      4	19525
      1	19578
      5	19580
      5	19622
      1	19685
      1	19693
      1	19707
      1	19720
      1	19807
      1	19818
      1	19836
      2	19844
      1	19859
      1	19890
      1	19916
      1	19929
      1	19944
      1	20056
      1	20068
      1	20189
     16	20267
      1	20308
      1	20333
      1	20390
      1	20432
      1	20458
      1	20579
      1	20597
      1	20609
      1	20617
      1	20618
      1	20655
      2	20658
      1	20688
      1	20844
      3	20905
      1	20953
      1	20980
      1	20994
      1	21010
      3	21060
      1	21062
      2	21079
      1	21115
      1	21133
      4	21180
      1	21189
      4	21221
      1	21247
      1	21287
      1	21290
      1	21322
      1	21337
      4	21340
      1	21383
      2	21393
      1	21499
      1	21569
      1	21594
      1	21599
      4	21602
      1	21686
      1	21710
      1	21864
      1	21869
      1	21895
      3	21922
      1	21981
      3	22029
      1	22070
      2	22164
      1	22171
      3	22206
      2	22344
      1	22365
      1	22428
      4	22447
      3	22501
      3	22532
      3	22601
      1	22609
      1	22676
      1	22696
      1	22713
      1	22716
      5	22867
      2	22870
      1	22908
      3	22910
      1	22923
     89	22944
      1	22957
      2	22970
      1	22995
      4	23006
      2	23029
      1	23059
      1	23080
      1	23084
      2	23114
      1	23162
      1	23166
      1	23176
      1	23185
      1	23219
      1	23258
      2	23267
      1	23285
      1	23309
      1	23320
      1	23354
      2	23394
      3	23419
      1	23435
      2	23473
      1	23552
      2	23585
      1	23653
      2	23683
      1	23726
      1	23772
      1	23828
      1	23864
      1	23870
      1	23873
      1	23964
      1	23988
      1	23997
      2	24014
      1	24015
      1	24068
      2	24088
      1	24135
      4	24228
      1	24266
      1	24339
      1	24420
      1	24432
      1	24469
      1	24482
      2	24501
      1	24613
      1	24650
      1	24672
      1	24703
      1	24738
      1	24750
      2	24817
      1	24818
      1	24829
      1	24838
      1	24839
      1	24921
      1	24931
      1	24990
      1	25198
      1	25395
      1	25448
      1	25455
      1	25484
      1	25515
      1	25519
      4	25563
      2	25592
      1	25620
      1	25628
      1	25630
      1	25650
      1	25652
      1	25687
      1	25706
      2	25714
      1	25803
     37	25805
      1	25824
      1	25827
      1	25830
      1	25833
      1	25891
      1	25894
      1	25899
      1	25933
      1	25943
      2	25967
      1	25971
      1	25976
      1	26043
      1	26058
      1	26090
      1	26096
      3	26160
      1	26216
      1	26246
      3	26290
      2	26293
      1	26365
      1	26375
      1	26435
      2	26466
      1	26475
      1	26488
      1	26492
      1	26530
      1	26538
      1	26548
      1	26563
      6	26564
      1	26565
      1	26569
      1	26670
      1	26674
      2	26685
      1	26711
      1	26738
      3	26806
      2	26887
      1	26909
      1	26929
      1	26931
      1	26962
      1	26964
      2	27017
      2	27041
      1	27069
      1	27084
      2	27228
      1	27230
      2	27269
      2	27286
      1	27297
      1	27305
      1	27333
      1	27374
      1	27411
      1	27431
      1	27469
      1	27474
      1	27569
      2	27586
      1	27610
      1	27649
      3	27660
      1	27691
      1	27720
      1	27731
      1	27761
     40	27773
      1	27844
      1	27903
      1	27946
      1	28071
      1	28077
      1	28091
      1	28279
      1	28344
      1	28349
      2	28369
      1	28393
      1	28412
      1	28524
      1	28532
      1	28604
      1	28613
      2	28615
      1	28632
      1	28655
      1	28763
      1	28939
      1	28963
      1	28980
      1	29024
      1	29046
      2	29068
      1	29114
      1	29134
      1	29138
      1	29170
      1	29227
      1	29288
      1	29306
      2	29456
      1	29467
      1	29547
      2	29595
      1	29626
      1	29670
      1	29682
      1	29797
      1	29819
      1	29828
      1	29859
      1	29876
      2	29879
      1	29938
      1	29944
      1	29992
      1	29997
      1	30050
      1	30065
      1	30097
      1	30131
      1	30173
      2	30211
      1	30213
      1	30241
      1	30304
      1	30313
      1	30321
      2	30360
      1	30366
      1	30415
      1	30427
      1	30447
      1	30449
      2	30458
      1	30460
      1	30515
      1	30541
      1	30555
      3	30565
      1	30595
      2	30613
      3	30661
      1	30665
      1	30718
      1	30724
      2	30843
      1	30903
      1	30937
      1	30964
      1	31022
      3	31025
      2	31082
      1	31226
      1	31280
      1	31290
      1	31360
      1	31397
      1	31418
      1	31449
      1	31493
      1	31511
      1	31562
      2	31585
      1	31602
      1	31718
      1	31797
      1	31873
      1	31876
      1	31890
      1	31917
      1	31927
      1	31949
      1	31962
      7	32052
      1	32071
      1	32084
      1	32137
      1	32156
      1	32205
      2	32240
      1	32249
      1	32267
      3	32345
      1	32386
      2	32459
      2	32568
      1	32585
      1	32671
      2	32684
      1	32704
      1	32722
      1	32743
      1	32746
      1	32747
      1	32751
      1	32756
      1	32950
      1	32957
      1	32967
      1	33092
      1	33165
      1	33202
      1	33317
      2	33425
      1	33494
      1	33503
      1	33521
      1	33527
      2	33538
      1	33584
      1	33611
      1	33693
      1	33762
      1	33810
      1	33908
      1	33976
      1	33992
      1	34091
      1	34103
      1	34110
      6	34133
      1	34170
      1	34212
      2	34241
      1	34291
      3	34303
      1	34381
      1	34440
      1	34589
      1	34717
      1	34749
      1	34788
      5	34872
      1	34874
      1	34981
      2	35004
      1	35038
      1	35062
      1	35120
      2	35197
      2	35212
      1	35250
      1	35319
      1	35371
      1	35379
      1	35494
      1	35582
      1	35590
      1	35613
      1	35618
      1	35622
      1	35727
      1	35737
      6	35745
      1	35770
      1	35792
      1	35810
      2	35814
     10	35836
      1	35934
      1	35980
      1	35989
      3	35999
      1	36035
      1	36076
      1	36090
      1	36129
      1	36188
      3	36202
      1	36234
      1	36246
      1	36350
      1	36372
      1	36559
      6	36578
      1	36612
      1	36632
      6	36655
      1	36659
      1	36681
      1	36726
      1	36784
      1	36810
      1	36975
      1	36989
      3	37021
      2	37030
      1	37127
      1	37278
      1	37281
      1	37284
      2	37285
      5	37311
      1	37320
      1	37355
      1	37414
      3	37499
      1	37553
      3	37573
      1	37601
      1	37617
      1	37640
      1	37672
      2	37682
      5	37760
      3	37795
      1	37814
      1	37825
      2	37883
      1	37904
      1	37916
      1	37976
      1	38034
      5	38058
      1	38062
      1	38153
      1	38160
      1	38163
      1	38171
      1	38188
      1	38192
      2	38196
      4	38213
      1	38297
      1	38343
      1	38356
      1	38370
      1	38389
      8	38447
      2	38480
      1	38520
      1	38582
      3	38599
      1	38642
      2	38747
      1	38794
      1	38849
      1	38874
      1	38888
      1	38904
      1	38913
      1	38968
      1	39071
      1	39119
     35	39159
      1	39184
      1	39206
      1	39234
      2	39251
      2	39327
      1	39392
      1	39428
      1	39480
      1	39485
      1	39521
      1	39565
      1	39569
      1	39644
      1	39650
      1	39669
      1	39747
     10	39775
      1	39841
      1	39843
      1	39856
      2	39946
      1	39964
      2	40031
      1	40065
      1	40067
      1	40071
      2	40085
      1	40132
      1	40169
      1	40202
     10	40269
      1	40302
      1	40307
      1	40309
      1	40360
      1	40362
      2	40408
      1	40432
      1	40475
      3	40537
      1	40574
      1	40592
      1	40661
      2	40757
      1	40770
      1	40839
      1	40933
      1	40950
      1	40975
      2	41006
      3	41032
     12	41080
      1	41108
      1	41125
      1	41147
      2	41159
      1	41176
      1	41209
      2	41262
      1	41354
      1	41355
      1	41361
      1	41363
      1	41396
      1	41439
      1	41495
      1	41565
      1	41611
      1	41621
      1	41690
      1	41720
      1	41753
      9	41760
      2	41770
      1	41848
      1	41849
      1	41958
      1	41960
      1	41986
      1	42040
      1	42107
      2	42122
      2	42136
      1	42185
      1	42215
      1	42248
      1	42268
      2	42297
      1	42329
      1	42389
      2	42408
      2	42502
      1	42517
      1	42562
      2	42569
      1	42573
      1	42576
      1	42601
      1	42669
      1	42707
      1	42755
      1	42758
      1	42763
      1	42797
      1	42808
      1	42952
      1	42992
      1	43033
      2	43037
      1	43171
      1	43188
      2	43204
      1	43208
      1	43257
      5	43272
      3	43329
      1	43365
      3	43417
      1	43449
      1	43510
      1	43519
     15	43531
      1	43565
      1	43588
      2	43631
      1	43681
      1	43763
      1	43803
      1	43810
      1	43832
      1	43953
      1	44019
      2	44032
      6	44094
      3	44105
      4	44137
      2	44169
      1	44175
      1	44329
      1	44345
      1	44346
      1	44380
      1	44443
      1	44449
      1	44457
      3	44481
      2	44566
      1	44570
      1	44609
      1	44615
      1	44664
     12	44666
      1	44696
      3	44716
      3	44787
      1	44830
      1	44896
      2	44907
      1	44952
     14	44959
      1	44968
      1	45001
      1	45014
      1	45055
      1	45164
      1	45248
      1	45308
      1	45411
      1	45448
      2	45469
      1	45471
      1	45555
      1	45623
      1	45627
      1	45733
      1	45759
      1	45781
      2	45808
      1	45835
      2	45845
      1	45847
      1	45911
      1	46073
      1	46086
      1	46150
      2	46193
      1	46274
      2	46389
      1	46417
      1	46428
      1	46488
      2	46499
      1	46530
      1	46561
      1	46593
      3	46652
      1	46656
      2	46667
      1	46713
      1	46750
      1	46887
      1	46902
      1	46921
      1	46937
      1	46986
      2	46992
      1	47017
      1	47053
      1	47062
      1	47089
      5	47104
      2	47138
      1	47245
      1	47258
      1	47293
      1	47429
      1	47524
      1	47540
      1	47549
      1	47564
      1	47635
      3	47666
      1	47692
      1	47696
      1	47744
      1	47857
      1	47858
     12	47883
      3	47893
      1	47905
      2	47913
      1	47981
      1	47985
      2	47996
      2	48002
      1	48057
      1	48064
      3	48128
      2	48205
      1	48242
      5	48279
      1	48305
      1	48348
      1	48354
      1	48473
      1	48490
      1	48513
      1	48533
      1	48538
      1	48623
      2	48636
      1	48692
      1	48735
      2	48742
      2	48746
      7	48776
      2	48787
      2	48795
      1	48806
      1	48839
      1	48844
      1	48863
      1	48887
      1	48916
      1	48924
      2	48992
      1	49006
      1	49007
      1	49010
      1	49062
      5	49073
      1	49108
      1	49120
      1	49123
      2	49131
      1	49178
      1	49272
      1	49278
      1	49362
      1	49375
      2	49424
      1	49430
      5	49457
      4	49477
      1	49517
      1	49553
      1	49560
      1	49588
      1	49592
      2	49595
      1	49608
      1	49623
      2	49640
      1	49746
      2	49752
      1	49764
      1	49773
      1	49788
      2	49804
      1	49842
      1	49925
      1	50110
      1	50172
      2	50294
      1	50366
      1	50370
      1	50372
      1	50387
      1	50389
      1	50401
      4	50419
      1	50466
      1	50490
      1	50537
      1	50574
      1	50577
      1	50609
      6	50648
      1	50677
      1	50703
      1	50718
      2	50719
      1	50771
      3	50773
      1	50784
      2	50798
      1	50804
      1	50808
      1	50859
      1	50925
      1	50970
      1	51028
      1	51034
      1	51037
      1	51112
      1	51144
      1	51151
      2	51172
      1	51175
      1	51216
      2	51263
      2	51286
      1	51296
      1	51326
      5	51342
      1	51377
      1	51475
      2	51478
      1	51531
      1	51563
      1	51608
      1	51644
      1	51664
      1	51676
      1	51700
      1	51741
      1	51805
      1	51841
      1	51868
      1	51889
      1	52093
      1	52100
      2	52114
      1	52162
      1	52178
      1	52179
      1	52249
      2	52278
      4	52323
      2	52325
      3	52370
      1	52452
      1	52614
      2	52635
      1	52641
      1	52673
      1	52733
      1	52734
      1	52757
      2	52758
      1	52770
      1	52793
      1	52794
      1	52888
      2	52954
      1	52975
      1	53091
      1	53097
      5	53121
      1	53147
      1	53170
      1	53212
      2	53224
      1	53276
      2	53324
      1	53337
      5	53338
      1	53372
      1	53384
      5	53423
      2	53450
      1	53479
      1	53521
      2	53584
      1	53630
      2	53636
      1	53666
      3	53692
      1	53701
      1	53781
      1	53782
     10	53846
      1	53902
     11	53925
      2	53965
      2	53978
      2	53980
      1	54100
     12	54102
      2	54103
      1	54105
      1	54146
      1	54161
      2	54212
      1	54248
      1	54366
      2	54495
      1	54525
      1	54528
      1	54565
      1	54661
      1	54662
      1	54698
      1	54720
      1	54753
      1	54789
      1	54826
      1	54834
      1	54845
      6	54861
      1	54892
      1	55026
      2	55057
      1	55099
      1	55120
      2	55148
      1	55207
      1	55215
      4	55217
      1	55244
      1	55292
      1	55303
      1	55345
      1	55362
      1	55432
      1	55486
      1	55515
      1	55525
      1	55531
      1	55561
      1	55587
      1	55672
      1	55751
      1	55809
      1	55873
      6	55894
      2	55902
      1	55908
      3	56027
      1	56075
      1	56146
      1	56201
      3	56209
      1	56230
      4	56239
      1	56240
      1	56281
      1	56332
      1	56338
      1	56347
      1	56434
      1	56519
      1	56555
      1	56563
      1	56617
      1	56646
      1	56659
      1	56697
      1	56762
      1	56805
      1	56806
      3	56807
      1	56855
      1	56956
      1	57129
      1	57170
      1	57177
      3	57178
      1	57211
      1	57281
      1	57367
      2	57375
      1	57380
      1	57393
      2	57435
      2	57449
      1	57457
      1	57459
      1	57492
      1	57528
      1	57541
      4	57566
      1	57601
      3	57609
      1	57675
      3	57720
      3	57836
      4	57843
      1	57891
      1	57956
      1	57975
      1	58062
      1	58101
      4	58104
      1	58155
      1	58179
      1	58244
      1	58251
      2	58287
      1	58425
      1	58427
      1	58434
      7	58473
      1	58477
      2	58496
      1	58545
      1	58594
      2	58735
      1	58772
      1	58804
      1	58815
      3	58860
      1	58875
      4	58887
      1	58968
      1	59003
      1	59026
      1	59086
      1	59131
      1	59181
      6	59208
      1	59210
      1	59293
      1	59332
      2	59340
      2	59472
      1	59488
      1	59512
      1	59531
      3	59536
      1	59571
      2	59577
      2	59613
      2	59715
      1	59720
      4	59739
      4	59758
      2	59774
      1	59843
      1	59858
      2	60000
      1	60040
      1	60089
      3	60120
      3	60271
      1	60274
      1	60287
      4	60312
      1	60352
      1	60379
      1	60386
      1	60403
      1	60488
      1	60499
      4	60501
      1	60525
      1	60569
      1	60631
      1	60675
      3	60692
      1	60740
      1	60750
      1	60779
      1	60808
      1	60880
      1	60931
      2	60983
      1	61009
      2	61066
      1	61088
      1	61138
      3	61152
      1	61167
      2	61230
      1	61231
      1	61234
      1	61312
      1	61360
      1	61361
      2	61377
      1	61405
      1	61406
      1	61424
      1	61445
      1	61451
      1	61492
      1	61522
      1	61548
      1	61611
      2	61702
      1	61727
      1	61755
      1	61776
      1	61787
      1	61833
      1	61957
      1	61993
      1	62013
      1	62017
      1	62099
      1	62120
      1	62158
      1	62163
      1	62180
      1	62207
      1	62208
      1	62279
      3	62288
      1	62490
      1	62514
      1	62533
      2	62534
      1	62558
     18	62593
      1	62606
      2	62664
      1	62711
      1	62730
      1	62800
      1	62859
      1	62879
      1	62924
      2	63022
      5	63060
      3	63083
      1	63101
      1	63107
      2	63139
      1	63178
      1	63221
      1	63257
      1	63293
      1	63369
      6	63409
      1	63444
      1	63458
      1	63513
      1	63639
      1	63641
      1	63709
      1	63766
     27	63807
      1	63818
      1	63884
      1	63889
      1	63914
      2	63982
      6	63987
      1	64031
      1	64032
      1	64043
      1	64095
      1	64142
      1	64152
      1	64294
      1	64422
      1	64432
      1	64447
      2	64485
      1	64504
      2	64528
      1	64539
      1	64542
      2	64637
      1	64691
      1	64706
      1	64728
      1	64765
      1	64769
      1	64883
      1	64937
      2	64995
      2	65046
      1	65061
     24	65206
      1	65232
      6	65258
      1	65284
      1	65289
      1	65339
      1	65443
      2	65449
      1	65464
      1	65521
