      3	28
      1	29
      1	39
      1	172
      1	202
      3	322
      1	351
      2	366
      1	595
      1	620
      2	664
      1	737
      1	758
      2	779
      1	837
      2	1031
      1	1119
      1	1230
      2	1248
      1	1261
      1	1330
      1	1361
      2	1369
      2	1410
      2	1532
      1	1645
      1	1728
      1	1752
      1	1779
      1	1818
      1	1836
      2	1872
      1	1900
      1	1937
      1	2020
      1	2159
      1	2188
      5	2471
      1	2529
      1	2555
      1	2916
      1	3124
      1	3198
      1	3246
      1	3552
      1	3607
      1	3690
      1	3852
      1	3872
      2	3991
      1	3995
      3	4106
      1	4286
      1	4345
      1	4424
      1	4562
      2	4664
      1	4751
      2	4780
      2	4787
      1	4796
      1	5015
      1	5077
      1	5137
      1	5161
      3	5194
      1	5260
      1	5287
      1	5314
      1	5337
      1	5445
      2	5475
      1	5541
      1	5542
      1	5750
      1	5896
      1	5905
      1	5923
      1	6128
      1	6226
      1	6338
      1	6513
      2	6860
      1	6898
      1	6960
      1	7013
      1	7191
      1	7359
      1	7466
      2	7494
      1	7572
      1	7626
      1	7695
      2	7736
      2	7778
      1	7795
      1	7833
      1	7891
      2	8121
      1	8163
      1	8384
      2	8450
      1	8707
      1	8764
      1	8782
      2	8812
      1	8934
      1	8938
      1	9182
      5	9211
      1	9317
      1	9327
      2	9345
      1	9411
      1	9428
      1	9456
      1	9486
      2	9546
      1	9606
      2	9638
      1	9886
      1	9921
      6	10026
      1	10062
      1	10122
      1	10156
      1	10177
      1	10298
      1	10366
      1	10447
      4	10610
      5	10724
      1	10744
      2	10750
      2	10788
      1	10824
      1	10974
      1	10977
      3	10986
      1	10987
      1	11303
      1	11402
      2	11439
      1	11569
      5	11759
      3	11935
      1	12006
      1	12179
      1	12295
      3	12316
      1	12390
      1	12418
      4	12450
      1	12502
      1	12545
      1	12597
      1	12613
      1	12660
      1	12776
      1	12982
      1	13042
      1	13064
      1	13074
      1	13186
      1	13339
      3	13390
      1	13414
      1	13453
      7	13499
      1	13567
      1	13577
      4	13595
      1	13656
      1	13695
      1	13724
      1	13738
      1	13787
      1	13844
      2	14053
      1	14111
      2	14332
      1	14389
      1	14540
      1	14622
      1	14765
      1	14813
      1	14890
      2	14923
      1	14960
      1	14969
      1	15029
      1	15033
      1	15168
      1	15184
      1	15261
      1	15275
      1	15621
      1	15634
      1	15674
      1	15836
      1	15875
      1	16007
      1	16241
      1	16276
      1	16503
      1	16532
      1	16559
      1	16620
      1	16628
      1	16704
      7	16738
      1	17011
      1	17017
      3	17058
      1	17164
      2	17225
      1	17338
      1	17342
      1	17349
      1	17439
      1	17474
      1	17580
      1	17615
      1	17717
      1	17736
      1	17895
      1	17975
      1	17984
      1	18003
      1	18135
      1	18228
      1	18425
      1	18455
      8	18677
      1	18798
      1	18985
      1	18992
      1	19016
      1	19269
      3	19339
      1	19402
      8	19471
      1	19582
      1	19585
      3	19622
      1	19631
      1	19707
      3	19716
      1	19787
      1	19844
      1	19861
      1	19897
      1	19904
      1	19911
      3	19976
      1	20056
      1	20082
      3	20162
      3	20267
      2	20268
      1	20277
      2	20323
      2	20364
      7	20422
      1	20487
      1	20515
      1	20599
      1	20615
      1	20655
      3	20658
      1	20855
      1	21045
      1	21079
      1	21098
      1	21135
      1	21158
      1	21289
      1	21378
      1	21411
      1	21476
      1	21483
      3	21532
      1	21570
      1	21623
      1	21652
      1	21713
      1	21814
      1	21864
      2	21892
      1	21926
      1	21930
      7	22010
      1	22032
      1	22063
      2	22087
      1	22188
      1	22204
      1	22219
      1	22287
      3	22336
      1	22347
      1	22355
      1	22419
      2	22447
      1	22649
      2	22670
      1	22867
      1	22902
      1	23006
      1	23033
      2	23050
      1	23092
      1	23114
      3	23219
      2	23435
      1	23453
      2	23577
      1	23589
     20	23594
      1	23595
      1	23676
      2	23853
      1	24014
      9	24058
      1	24092
      1	24136
      1	24339
      1	24345
      3	24356
      1	24384
      4	24394
      1	24406
      1	24451
      1	24469
      2	24485
      1	24695
      1	24990
      1	25007
      1	25069
      1	25129
      1	25163
      1	25193
      1	25253
      1	25439
      1	25475
      1	25689
      2	25695
      1	25774
      1	25801
      1	25818
      1	25854
      1	25880
      1	26053
      1	26111
      1	26152
      3	26258
      1	26368
      1	26451
      2	26458
      1	26460
      1	26497
      6	26534
      1	26563
      2	26583
      1	26803
      1	26917
      1	26923
      2	26940
      1	26993
      5	27039
      1	27047
      1	27247
      1	27257
      1	27263
      1	27286
      1	27310
      1	27315
      1	27399
      2	27443
      1	27519
      1	27535
      1	27561
      1	27579
      2	27642
      1	27727
      1	27731
      2	27773
      4	27784
      1	27790
      1	27810
      1	27867
      1	27943
      1	27944
      1	27966
      1	28089
      2	28141
      1	28157
      1	28220
      1	28272
      1	28303
      1	28305
      1	28339
      1	28467
      2	28556
      1	28615
      1	28716
      1	28895
      1	29025
      1	29114
      1	29168
      1	29244
      1	29257
      1	29264
      3	29311
      1	29484
      1	29561
      1	29564
      1	29647
      2	29657
      1	29707
      2	29722
     11	29945
      1	29964
      1	30055
      1	30102
      1	30184
      2	30285
     14	30344
      1	30363
      1	30414
      1	30565
      2	30578
      1	30590
      2	30704
      2	30754
      1	30769
      3	30801
      2	30843
      2	31011
      2	31022
      1	31029
      1	31068
      5	31103
      2	31186
      1	31272
      1	31281
      1	31360
      1	31613
      1	31670
      1	31703
      5	31983
      1	32038
      1	32126
      2	32140
      1	32148
      1	32160
      1	32224
      1	32249
      1	32299
      1	32333
      2	32477
      2	32497
      1	32633
      1	32674
      1	32687
      1	32749
      1	32779
      1	32793
      1	32814
      5	32871
      1	32970
      1	33102
      1	33107
      1	33226
      1	33272
      1	33354
      1	33362
      2	33378
      1	33442
      1	33620
      1	33698
      1	33738
      1	33803
      1	33957
      1	33965
      1	33971
      1	33976
      1	33992
      1	33998
      1	34010
      1	34042
      1	34144
      1	34148
      1	34158
      3	34165
      1	34322
      1	34333
      1	34479
      2	34521
      1	34591
      1	34599
      1	34713
      1	34917
      1	35000
      1	35021
      1	35063
      4	35166
      3	35192
      2	35212
      1	35239
      3	35644
      1	35986
      1	36038
      1	36082
      1	36113
      2	36289
      1	36381
      1	36443
      1	36595
      1	36659
      2	36733
      1	36747
      1	36810
      1	36946
      1	37173
      1	37188
      1	37263
      1	37276
      2	37321
      1	37381
      1	37388
      3	37499
      1	37552
      1	37593
      1	37640
      1	37763
      1	37838
      1	37980
      1	38139
      1	38439
      1	38468
      4	38480
      1	38520
      2	38839
      5	38874
      1	38887
      1	39049
      1	39085
      1	39105
      1	39176
      1	39190
      1	39392
      1	39436
      1	39448
      1	39619
      1	39621
      2	39779
      1	39790
      2	39827
      2	39856
      2	39920
      1	39939
      1	39978
      2	40062
      4	40063
      1	40067
      1	40093
      1	40169
      2	40180
      1	40284
      2	40404
      1	40483
      1	40531
      1	40659
      1	40661
      2	40779
      1	40874
      1	40876
      1	41002
      1	41006
      4	41119
      2	41174
      1	41185
      1	41355
      1	41361
      1	41363
      1	41537
      1	41602
      1	41611
      4	41760
      2	41784
      1	42025
      1	42110
      1	42124
      1	42261
      3	42408
      1	42493
      1	42578
      2	42797
      1	42803
      1	42820
      1	43080
      1	43148
      1	43213
      1	43247
      1	43272
      1	43277
      1	43285
      1	43429
      2	43441
      1	43518
      1	43646
      2	43668
      1	43687
      1	43729
      1	43818
      1	43832
      1	44061
      1	44117
      2	44252
      4	44329
      1	44432
      3	44449
      1	44481
      1	44651
      1	44682
      1	44776
      2	44833
      1	44959
      1	44968
      3	45135
      1	45411
      1	45550
      1	45627
      1	45715
      1	45778
      1	45808
      1	45847
      1	45913
      7	45943
      1	46040
      1	46102
      1	46142
      1	46150
      5	46261
      1	46329
      1	46412
      2	46499
      2	46554
      2	46692
      1	46713
      2	46734
      1	46950
      1	47009
      1	47149
      1	47203
      1	47281
      1	47291
      1	47547
      1	47865
      2	47883
      1	47893
      1	47911
      1	48086
      1	48147
      5	48294
      1	48368
      1	48578
      1	48649
      1	48746
      2	48776
      1	48844
      1	48887
      1	48989
      1	49073
      1	49078
      1	49131
      2	49172
      2	49200
      1	49361
      1	49362
      1	49375
      1	49560
      1	49659
      4	49696
      1	49773
      1	49779
      1	49844
      1	50070
      2	50291
      2	50323
      2	50339
      1	50466
      1	50477
      1	50537
      2	50584
      1	50613
      2	50648
      1	50748
      1	50771
      1	50885
      1	50899
      1	50940
      4	50960
      2	51065
      1	51144
      1	51314
      1	51325
      1	51429
      1	51475
      1	51483
      1	51493
      1	51710
      2	51766
      1	51823
      1	51908
      1	51920
      1	52087
      5	52121
      1	52208
      2	52224
      6	52370
      9	52414
      1	52441
      2	52457
      1	52496
      1	52563
      1	52709
      1	52796
     30	52848
      2	53147
      1	53338
      2	53357
      1	53379
      2	53450
      1	53535
      1	53545
      1	53579
      1	53584
      1	53823
      1	53837
      2	53923
      1	54024
      1	54102
      3	54103
      1	54105
      1	54150
      1	54195
      1	54249
      1	54331
      1	54454
      1	54507
      2	54632
      1	54677
      1	54813
      1	54968
      1	54999
      1	55097
      1	55217
      1	55342
      3	55368
      2	55398
      1	55421
      2	55460
      7	55565
      1	55814
      1	55861
      1	55920
      3	56027
      1	56080
      1	56084
      1	56145
      1	56185
      4	56187
      1	56264
     15	56309
      1	56347
      1	56366
      1	56559
      1	56583
      1	56706
      1	56718
      1	56756
      1	56801
      2	56813
      1	56814
      1	56911
      2	56947
      1	57131
      1	57211
      1	57248
      2	57319
      1	57350
      1	57375
      1	57384
      2	57397
      1	57419
      1	57420
      2	57507
      1	57617
      1	57622
      1	57679
      2	57720
      1	57764
      1	57808
      1	57891
      1	57898
      2	57922
      1	58128
      1	58168
      1	58208
      1	58216
      1	58251
      3	58313
      1	58766
      1	58768
      1	58805
      2	58815
      1	58829
      1	58852
      4	58887
      1	58953
      1	58997
      2	59003
      1	59010
      1	59018
      1	59177
      1	59208
      1	59264
      1	59372
      2	59418
      1	59536
      1	59671
      1	59715
      1	59717
      2	59758
      1	59858
      1	59887
      1	59997
      6	60002
      1	60020
      3	60026
      1	60044
      1	60128
      1	60131
      1	60208
      1	60210
      1	60249
      1	60271
      4	60287
      1	60312
      2	60326
      2	60462
      1	60675
      1	60716
      1	60806
      1	60870
      1	60911
      1	61034
      2	61169
      2	61196
      3	61230
      2	61234
      1	61277
      1	61329
      1	61340
      2	61563
      1	61659
      1	61697
      2	61705
      1	61764
      1	61897
      1	61931
      1	61946
      1	61953
      1	61959
      1	62012
      1	62019
      1	62053
      1	62056
      1	62119
      1	62217
      1	62278
      1	62293
      2	62543
      1	62559
      2	62664
      1	62792
      1	63031
      1	63050
      3	63060
      1	63092
      1	63107
      1	63124
      5	63147
      1	63200
      1	63278
      1	63338
      3	63368
      1	63409
      2	63635
      1	63696
      2	63737
      1	63806
      2	63807
      1	63864
      1	63872
      1	63873
      2	63882
      1	63884
      2	63889
      2	63962
      4	63987
      1	64043
      1	64140
      1	64146
      1	64247
      1	64286
      1	64432
      1	64447
      1	64578
      1	64674
      1	64769
      1	64896
      1	65121
      4	65249
      1	65353
      2	65372
      1	65401
      2	65408
      1	65412
      1	65449
