      1	11
      1	18
      1	22
     10	29
      1	41
      1	45
      3	77
      2	162
      1	171
      1	175
      2	197
      1	208
      2	223
      1	322
      1	358
      2	464
      2	512
      2	515
      1	538
      1	558
      2	664
      1	712
      1	731
      1	753
     10	758
      1	767
      1	770
      4	779
      1	823
      1	834
      1	851
      1	865
      1	867
      2	873
      1	880
      1	895
      2	926
      1	960
      1	984
      3	1038
      2	1068
      1	1103
      3	1104
      2	1106
      1	1153
      1	1167
      1	1248
      1	1261
      1	1280
      2	1330
      1	1357
      1	1371
      3	1373
      7	1387
      1	1405
      1	1418
      1	1532
      2	1554
      2	1558
      1	1616
      1	1634
      1	1641
      1	1642
      1	1662
      1	1795
      1	1818
      2	1872
      2	1955
      1	1966
      2	2009
      1	2020
      2	2051
      1	2077
      3	2087
     15	2093
      1	2131
      2	2169
      1	2213
      3	2267
      2	2302
      2	2386
      3	2388
      1	2395
      1	2475
      1	2516
      1	2532
      1	2550
      1	2566
      1	2574
      1	2629
      1	2648
      1	2671
      1	2688
      1	2724
      1	2761
      1	2766
      2	2774
      4	2817
      1	2820
      1	3005
      1	3020
      1	3103
      1	3114
      3	3124
      1	3173
      1	3219
      1	3236
      1	3256
      1	3351
      1	3360
      1	3382
      2	3486
      2	3499
      1	3509
      2	3519
      2	3558
      1	3583
      1	3648
      6	3690
      6	3708
      7	3709
      2	3723
      3	3737
      2	3745
      1	3830
      1	3872
     10	3932
      1	3995
      1	3997
      3	4036
      1	4064
      1	4106
      1	4223
      1	4249
      1	4274
      1	4286
      2	4308
      1	4334
      1	4379
      2	4388
      1	4453
      1	4470
      1	4604
      1	4649
      1	4652
      1	4733
      1	4751
      1	4760
      1	4780
      2	4796
      1	4873
      1	4889
     13	4926
      2	4930
      1	5021
      1	5022
      2	5077
      1	5112
      1	5119
      2	5122
      2	5222
      2	5260
      1	5287
      1	5314
      1	5457
      1	5475
      2	5510
      5	5640
      2	5697
     19	5731
      1	5770
      3	5817
      2	5819
      3	5823
      2	5874
      3	5876
      1	5880
      1	5888
      1	5905
      1	5930
      4	6012
      1	6020
      1	6031
      3	6045
      2	6117
      1	6128
      3	6175
      1	6181
      1	6217
      2	6226
      1	6276
      2	6289
      4	6293
      4	6366
      1	6394
      1	6494
      1	6497
      1	6575
      2	6596
      3	6629
      1	6638
      1	6647
      1	6677
      1	6856
      1	6858
      1	6937
      4	6980
      3	7002
      2	7013
      1	7042
      5	7071
      1	7074
      2	7182
      1	7280
      1	7347
      7	7403
      3	7533
      2	7579
      2	7649
      1	7706
      1	7746
      1	7810
      1	7817
      1	7834
      1	7955
      2	7970
      3	8016
      2	8040
      3	8121
      1	8172
      1	8201
      2	8222
      1	8281
      2	8296
      1	8332
      1	8500
      5	8515
      1	8532
      1	8617
      1	8626
      1	8676
      3	8700
      1	8718
      4	8736
      1	8764
      8	8782
      1	8835
      1	8847
     16	8983
      2	9006
      2	9058
      2	9139
      1	9157
      1	9188
      1	9204
      3	9211
      1	9214
      1	9234
      1	9284
      1	9301
     12	9304
     10	9317
      2	9327
     17	9345
      1	9411
      1	9435
      2	9461
      1	9491
      1	9496
      5	9498
      1	9519
      1	9556
      1	9643
      1	9653
      1	9730
      1	9793
     15	9797
      1	9846
      1	9874
      2	9900
      3	9965
      2	10026
      1	10037
      4	10075
      2	10121
      1	10123
      2	10280
      2	10324
      1	10365
      1	10389
      3	10447
      1	10454
      1	10465
      1	10520
      4	10570
      3	10576
      3	10610
      2	10673
      6	10724
      1	10875
      2	10950
      1	10974
      1	10987
      1	11074
      1	11116
      1	11297
      1	11301
      1	11358
      1	11490
      4	11524
      1	11535
      5	11570
      5	11584
      2	11702
      1	11735
      1	11751
      1	11763
      1	11800
      6	11964
      1	11967
      3	12005
      1	12043
      1	12159
      1	12192
      1	12288
      1	12316
      1	12383
      1	12394
      2	12397
      1	12418
      7	12505
      3	12507
      1	12545
      1	12603
      2	12667
      1	12681
     26	12684
      3	12708
      1	12743
      1	12818
      1	12915
      2	12948
      3	12960
      8	13024
      2	13118
      3	13153
      1	13166
      1	13270
      3	13273
      2	13315
      1	13321
      1	13329
      2	13382
      2	13388
      1	13450
      1	13453
      3	13481
      1	13581
      2	13595
      1	13653
      1	13678
      2	13699
      1	13702
      1	13723
      2	13745
     13	13806
      1	14074
      1	14081
      7	14127
      2	14128
      1	14166
      1	14371
      4	14385
      1	14389
      1	14392
      1	14472
      1	14550
      1	14569
      1	14576
      1	14626
      1	14677
      1	14720
      1	14898
      1	14923
      1	14939
      2	14960
      1	15018
      1	15033
      2	15147
      1	15163
      2	15204
      3	15271
      2	15282
      1	15291
      1	15313
      2	15334
      1	15372
      1	15403
      1	15558
      1	15585
      1	15590
      1	15593
      1	15604
      4	15621
      1	15646
      3	15679
     12	15702
      1	15789
      3	16007
      1	16015
      1	16047
      1	16126
      2	16276
      1	16277
      3	16368
      1	16414
      1	16478
     14	16503
      4	16554
      2	16614
      1	16620
      5	16738
      2	16792
      1	16805
      1	16839
      3	16862
      1	16887
      1	16934
      1	16951
      2	17018
      1	17077
      1	17105
      1	17210
      6	17214
      3	17225
      1	17267
      1	17282
      4	17323
      8	17338
      1	17341
      1	17439
      2	17454
      2	17498
      1	17586
      2	17592
      1	17632
      1	17736
      1	17770
      1	17771
      1	17813
      3	17864
      7	17895
      1	17918
      1	17955
      2	18054
      1	18094
      1	18179
      3	18207
      1	18413
      3	18442
      1	18522
      1	18590
      1	18688
      2	18696
      2	18710
      1	18747
      5	18778
      1	18842
      1	18893
      1	18905
      1	18907
      3	18937
      2	18962
      5	18992
      4	19016
      2	19049
      1	19078
      1	19111
      3	19212
      1	19228
      1	19402
      1	19539
      5	19585
      1	19588
      2	19616
      2	19622
      1	19633
      4	19641
      1	19763
      1	19788
      7	19790
      1	19891
      1	19955
      2	19976
      6	20082
      3	20084
      1	20093
      5	20162
      3	20268
      1	20273
      3	20323
      4	20375
      1	20483
      1	20616
      1	20625
      9	20658
      1	20721
      1	20736
      1	20768
      1	20787
      2	20800
      1	20837
      1	20855
      1	20868
      1	20924
      3	20955
      4	20997
      1	21018
      2	21037
      1	21050
      1	21129
      5	21180
      1	21295
      1	21378
      1	21380
      4	21476
      8	21623
      1	21628
      4	21647
      7	21650
      1	21665
      2	21724
      1	21822
      1	21833
      1	21869
      1	21882
      1	21911
      1	21920
      1	22010
      1	22027
      1	22077
      1	22097
      1	22131
      2	22134
      3	22164
      1	22188
      1	22219
      1	22227
      1	22235
      1	22287
      3	22305
      3	22336
      3	22365
      1	22392
      1	22417
      3	22447
      2	22484
      2	22515
      2	22525
      1	22625
      1	22631
      1	22670
      5	22713
      1	22742
      4	22744
      2	22902
      1	22905
      1	22910
      2	22958
      1	22960
      1	22970
      1	23013
      3	23029
      4	23050
      1	23052
      1	23058
      1	23114
      1	23201
      3	23219
      1	23311
      1	23326
      1	23330
      1	23352
      1	23385
      8	23412
      1	23449
      4	23526
      5	23577
      1	23589
      1	23611
      2	23613
      1	23628
      1	23638
      1	23653
      1	23673
      2	23692
      1	23843
      1	24044
      1	24058
      1	24114
      3	24136
      1	24234
      1	24370
      3	24372
      9	24412
      2	24458
      1	24553
      1	24560
      1	24567
      1	24685
      6	24817
      1	24839
      1	24852
      5	24931
      3	24981
      3	24990
      2	25046
      1	25096
      1	25129
      2	25140
      1	25193
      1	25233
      1	25242
      1	25272
      4	25338
      3	25439
      1	25445
      1	25533
      1	25556
      1	25585
      2	25620
      2	25689
      2	25695
      1	25749
      1	25757
      3	25768
      3	25805
      1	25813
      1	25818
      1	25837
      1	25856
      1	25899
      1	26043
      1	26045
      1	26065
      1	26069
      1	26107
      1	26108
      1	26166
      1	26267
      3	26290
      4	26359
      2	26364
      2	26435
      1	26438
      1	26444
      1	26458
      1	26496
      1	26559
      2	26563
      1	26565
      2	26583
      1	26644
      1	26703
      1	26748
     12	26777
      1	26799
      1	26806
      3	26824
      1	26900
      1	26917
      3	26940
      2	26947
      1	27024
      3	27039
      2	27191
      1	27208
      1	27228
      2	27241
      3	27257
      1	27263
      5	27286
      1	27289
      1	27323
      2	27324
      1	27411
      1	27429
      1	27474
      1	27546
      6	27552
      1	27579
      3	27586
      2	27773
      1	27790
      1	27830
      1	27854
      3	27856
      2	27880
      1	27890
      1	27944
      1	27951
      1	27959
      3	27991
      1	28012
      3	28015
      1	28095
      1	28107
      1	28231
      1	28244
      1	28256
      1	28293
      1	28328
      1	28344
      2	28405
      1	28438
      1	28461
      1	28467
      1	28556
      1	28605
      9	28615
      2	28655
      1	28803
      1	28855
      1	28879
      1	28889
      1	28906
      6	28960
      1	28995
      1	29028
      1	29068
      1	29197
      1	29202
      1	29255
      2	29257
      1	29268
      4	29311
      1	29564
      1	29670
      1	29715
      1	29789
      1	29794
      1	29844
      1	29892
      2	29917
      1	29970
      1	30119
      2	30313
      1	30319
      1	30324
      1	30352
      1	30424
      2	30427
      1	30443
      1	30450
      4	30460
      1	30501
      1	30533
      1	30555
      2	30565
      1	30578
      4	30613
      2	30733
      1	30742
      3	30760
      1	30819
      1	30824
      2	30958
      5	30983
      1	31022
      1	31025
      1	31038
      1	31205
      1	31397
      1	31423
      2	31474
      1	31493
      2	31577
      1	31602
      1	31603
      2	31623
      1	31654
      1	31722
      1	31774
      2	31787
      1	31903
      1	31946
      1	32038
      2	32147
      1	32206
      2	32224
      1	32279
     10	32345
      1	32389
      1	32547
      2	32608
      1	32611
      1	32646
      9	32657
      5	32674
      4	32687
      1	32709
     18	32718
      2	32735
      1	32831
      1	32857
      2	32863
      2	32871
      2	32967
      1	33067
      5	33074
      1	33143
      6	33194
      2	33229
      1	33272
      1	33274
      8	33292
      2	33317
      6	33354
      1	33446
      2	33549
      3	33628
      1	33651
      1	33682
      1	33713
      2	33803
      1	33820
      4	33992
      1	34032
      1	34042
      1	34054
      1	34105
      2	34133
      1	34158
      1	34210
      1	34241
      1	34294
     14	34303
      1	34332
      1	34335
      1	34380
      1	34428
      1	34440
      1	34457
      2	34521
      1	34531
      1	34546
      2	34550
      1	34569
      1	34702
      1	34708
      1	34721
      1	34750
      2	34763
      1	34773
      1	34905
      1	34921
      1	34974
      1	35008
      2	35021
      3	35086
      1	35093
      1	35114
      2	35126
      1	35183
      2	35192
      1	35193
      2	35212
      3	35223
      1	35233
      1	35263
      3	35264
      1	35325
      1	35391
      2	35416
      3	35520
      1	35613
      2	35622
      1	35782
      2	35829
      3	35856
      1	35862
      1	35906
      1	35999
      2	36028
      1	36030
      2	36056
      2	36062
      1	36105
      1	36141
      1	36181
      4	36188
      6	36280
      1	36337
      2	36417
      1	36437
      4	36438
      1	36495
      2	36509
      1	36515
      4	36559
      1	36600
      1	36655
      1	36656
      2	36674
      2	36688
      1	36719
      1	36744
      1	36768
      1	36786
      3	36810
      1	36838
      1	36878
      1	36960
      1	36999
      1	37006
      1	37021
      1	37062
      4	37111
      1	37124
      1	37149
      2	37253
      1	37263
      1	37308
      1	37312
      1	37335
      1	37348
      1	37368
      1	37382
      1	37414
      1	37493
      2	37553
      1	37586
      1	37617
      1	37640
      2	37672
      1	37743
      3	37760
      1	37763
      6	37795
      1	37895
      1	37966
      1	38013
      1	38044
      2	38047
      1	38120
      1	38171
      1	38184
      3	38224
      1	38238
      8	38311
      1	38315
      2	38389
      1	38395
      1	38439
      1	38468
      1	38473
      6	38480
      1	38514
      2	38520
      1	38582
      1	38614
      1	38652
      1	38665
      3	38712
      2	38747
      2	38757
      1	38839
      4	38874
      1	38916
      1	38926
      1	38997
      1	39049
      1	39075
      1	39098
      1	39157
      4	39159
      1	39197
      2	39302
      1	39432
      1	39500
      1	39524
      1	39598
      1	39619
      1	39621
      1	39750
      1	39785
      2	39804
     10	39807
      1	39843
      2	39856
      1	39977
      1	39978
      5	40063
      1	40071
      1	40080
      1	40093
      5	40132
      2	40170
      1	40395
      1	40412
      1	40483
      2	40527
      7	40537
      1	40565
      3	40574
      4	40661
      3	40733
      2	40770
      2	40779
      1	40878
      1	41119
      1	41126
      1	41185
      1	41215
      2	41315
      6	41333
      1	41355
      1	41356
      1	41361
      2	41363
      1	41405
      1	41584
      1	41602
      1	41609
      1	41611
      2	41632
      1	41640
      1	41654
      1	41733
      4	41760
      1	41791
      1	41832
      1	41848
      1	41928
      1	41985
      2	42021
      3	42040
      1	42211
      1	42261
      1	42338
      9	42408
      2	42419
      3	42517
      1	42530
      1	42628
      2	42649
      1	42672
      1	42679
      2	42699
      2	42723
      2	42735
      1	42768
      1	42820
      2	42842
      2	42914
      1	43047
      1	43110
      1	43157
      1	43204
      1	43289
      1	43397
      5	43441
      1	43510
      1	43518
      7	43531
      1	43567
      2	43585
      3	43632
      1	43653
      1	43669
      1	43764
      1	43811
     13	43832
      1	43834
      1	43842
      2	43933
      2	43977
      1	43996
      3	44094
      1	44126
      1	44217
      1	44291
      5	44329
      2	44392
      1	44410
      1	44442
      3	44489
      2	44570
      1	44579
      3	44666
      1	44725
      1	44777
      1	44812
      2	44833
      1	44884
      7	44896
      1	44897
      3	44907
      1	44909
      2	44959
      2	44961
      1	44975
      1	45056
      1	45083
      1	45128
      1	45219
      3	45324
      1	45333
      1	45368
      1	45435
      1	45450
     18	45464
      3	45466
      1	45485
      2	45660
      2	45683
      1	45687
      3	45847
      1	45955
      4	45986
      2	46075
      1	46248
      1	46252
      2	46261
      1	46267
      2	46380
      1	46402
      3	46554
      1	46586
      6	46595
      1	46646
      2	46656
      4	46680
      1	46724
      2	46734
      2	46793
      1	46884
      1	46887
      2	46921
      1	47009
      3	47025
      1	47049
      1	47104
      1	47164
      1	47193
      1	47250
      1	47291
      5	47311
      1	47351
      1	47389
      1	47429
      1	47440
      6	47486
      7	47497
      1	47526
      1	47529
      5	47634
      1	47660
      1	47697
      6	47858
      2	47883
      1	47905
      1	47911
      3	47945
      2	47960
      1	47994
      1	48011
      2	48064
      2	48086
      1	48104
      1	48235
      1	48339
      1	48348
      1	48359
      3	48368
      1	48369
      1	48553
      6	48607
      2	48655
      1	48689
      1	48719
      1	48746
      1	48759
      1	48776
      1	48794
      1	48852
      1	48887
      4	49073
      1	49078
      2	49107
      5	49131
      1	49134
      2	49180
      1	49287
      1	49295
      1	49358
      6	49361
      8	49362
      5	49556
      4	49560
      2	49781
      1	49831
      4	49844
      1	49884
      1	49926
      1	49966
      1	50069
      2	50079
      2	50184
      3	50216
      1	50291
      4	50312
      1	50323
      1	50366
      1	50394
      1	50401
      2	50419
      1	50537
      1	50539
      2	50584
      1	50587
      3	50648
      1	50653
      1	50660
      1	50717
      5	50771
      1	50794
      3	50901
     11	50940
      1	51044
      3	51065
      1	51100
      4	51113
      1	51206
      2	51263
      6	51325
      4	51326
      3	51342
      1	51369
      4	51394
      1	51427
      1	51442
      1	51449
      2	51474
      2	51475
      1	51478
      1	51567
      3	51644
      2	51716
      1	51720
      2	51795
      1	51813
      1	51822
      1	51920
      2	51948
      1	51958
      1	51992
      1	52067
      1	52112
      7	52121
      3	52323
      4	52370
      1	52409
      1	52414
      1	52457
      2	52563
      4	52580
      1	52603
      2	52616
      3	52635
      1	52641
      6	52794
      1	52801
      1	52856
      1	52857
      1	52917
      1	52926
      6	52954
      2	52991
      1	53009
      2	53091
      1	53098
      1	53121
      1	53147
      1	53199
      1	53324
      1	53325
      1	53356
      2	53357
      2	53368
      1	53441
     25	53479
      1	53494
      2	53521
      2	53545
      1	53583
      1	53584
      1	53661
      1	53759
      1	53854
      1	53870
      1	53883
      1	53908
      1	53947
      2	54044
      4	54102
      1	54136
      1	54139
      2	54146
      1	54345
      1	54366
      1	54401
      1	54414
      1	54430
      2	54507
      1	54508
      1	54573
      1	54601
      1	54700
      6	54726
      4	54752
      1	54778
      1	54855
      9	54889
      1	54906
      1	54916
      1	54961
      1	54968
      1	54991
      1	54995
      1	55174
      2	55217
      1	55303
      2	55396
      4	55418
      1	55421
      2	55444
      5	55460
      1	55496
      1	55502
      1	55565
      9	55587
      1	55592
      1	55661
      4	55674
      1	55716
      4	55814
      1	55873
      9	55920
      1	55944
      3	55979
      9	56027
      2	56052
      2	56084
      4	56105
      1	56152
      1	56187
      1	56209
      1	56264
      8	56266
      1	56350
      5	56434
      2	56553
      1	56603
      7	56614
      1	56701
      1	56704
      2	56807
      1	56874
      1	56902
      1	56911
      1	56921
      3	57144
      1	57212
      1	57234
      2	57332
      1	57345
      2	57349
      2	57419
      3	57420
      3	57449
      1	57489
      4	57513
      1	57541
      6	57566
      1	57608
      4	57622
      1	57635
      1	57688
      3	57749
      2	57764
      1	57786
      9	57836
      4	57843
      2	57951
      1	58002
      3	58109
      1	58118
      2	58120
      1	58128
      1	58155
      3	58216
      1	58217
      2	58297
      1	58313
      1	58338
      2	58352
      1	58502
      7	58506
      1	58543
      1	58594
      1	58616
      1	58723
      3	58750
      3	58766
      1	58773
      4	58805
      1	58807
      1	58852
      1	58887
      2	58901
      1	58953
      1	59048
      1	59049
      1	59094
      3	59107
      1	59120
      1	59142
      2	59177
      5	59180
      1	59201
      1	59208
      1	59210
      1	59304
      1	59308
      1	59425
      1	59488
      1	59515
      1	59571
     12	59608
      1	59659
      1	59660
      1	59715
      4	59720
     22	59758
      4	59765
      1	59854
     10	59858
      4	59923
      1	59999
      6	60002
      1	60023
      3	60043
      1	60074
      8	60120
      4	60131
      2	60210
      1	60211
      4	60287
      3	60312
      1	60337
      1	60352
      2	60367
      1	60454
      1	60462
      3	60499
      1	60517
      1	60580
      2	60653
      1	60738
      2	60909
      6	60963
      1	60983
      1	61032
      2	61054
      1	61064
      1	61110
      2	61140
      5	61152
      5	61191
      1	61219
     13	61230
      1	61234
      3	61249
      9	61261
      3	61277
      3	61367
      1	61464
      1	61492
      1	61568
      1	61579
      3	61632
      1	61638
     40	61641
      1	61746
      1	61787
      1	61855
      1	61875
      1	61928
      1	62021
      3	62024
      1	62036
      1	62063
      2	62092
      1	62099
      3	62119
      2	62183
      3	62189
      1	62243
      1	62311
      3	62374
      3	62427
      1	62510
      3	62534
      5	62543
      1	62615
      1	62629
      2	62664
      1	62800
      2	62808
      1	62819
      2	62846
      1	62879
      1	62899
      3	62967
      1	63022
      1	63050
      1	63056
      1	63073
      1	63169
      1	63178
      2	63198
      9	63248
      1	63253
      1	63254
     18	63363
      1	63398
      1	63400
      4	63409
      3	63426
      1	63430
      7	63432
      1	63611
      1	63637
      5	63693
      4	63792
     15	63807
      2	63884
      9	63950
     24	63987
      1	64094
      1	64102
      1	64153
      1	64212
      1	64269
      1	64321
      1	64393
      1	64424
      1	64470
      1	64473
      1	64485
      1	64499
      1	64504
      1	64513
      3	64530
      2	64557
      3	64637
      1	64721
      1	64752
      1	65014
      1	65046
      1	65049
      5	65080
      1	65110
      3	65137
      2	65138
      3	65176
      1	65249
      1	65263
      1	65338
      1	65353
      1	65375
      2	65381
      1	65401
      2	65414
      1	65418
      2	65433
      1	65462
