      1	11
      1	29
      1	45
      1	48
      2	70
      2	77
      7	91
      1	150
     11	162
      5	175
      1	239
      1	331
      2	378
      1	440
      1	538
      2	593
      1	596
      1	614
      4	634
      1	645
      3	708
      1	709
      1	722
      2	758
      2	823
      1	826
      1	845
      1	873
      2	880
      1	1079
      3	1158
      1	1248
      1	1254
      1	1261
      1	1270
      1	1330
      1	1497
      2	1645
      1	1702
      1	1886
      1	1968
      1	1985
      9	2074
      2	2087
      1	2093
      1	2386
      1	2452
      1	2471
      1	2474
      1	2648
      2	2695
      1	2702
      1	2743
      1	2906
      1	2938
      1	2976
      2	3013
      1	3020
      1	3058
      2	3091
      1	3204
      4	3311
      1	3427
      1	3458
      1	3534
      1	3625
      2	3644
      1	3671
      1	3684
      3	3745
      1	3764
      2	3779
      1	3842
      1	3843
      1	3902
      1	3920
      1	3952
      4	3954
      2	3995
      2	3997
      1	4060
      1	4086
      2	4106
      4	4109
      1	4139
      1	4262
      1	4286
      1	4306
      1	4308
      1	4359
      2	4388
      1	4456
      1	4621
      1	4644
      1	4664
      1	4672
      1	4732
      1	4748
      1	4780
      1	4815
      1	4856
     12	4926
      1	4967
      1	4969
      1	5098
      1	5110
      1	5140
      1	5163
      1	5169
      1	5174
      1	5505
      1	5585
      1	5656
      3	5819
      1	5846
      1	5867
      1	5876
      1	5907
      2	5946
      1	5992
      2	6073
      1	6124
      1	6128
      1	6175
      8	6275
      2	6330
      1	6362
      1	6366
      1	6403
      2	6429
      1	6638
      1	6654
      1	6689
      1	6691
      1	6700
      1	6707
      1	6710
      2	6717
      1	6843
      2	6915
      1	6945
      1	6980
      4	7013
      1	7403
      1	7466
      1	7616
      1	7635
      1	7651
      1	7798
      1	7935
      1	8054
      1	8101
      1	8114
      1	8121
      1	8123
      3	8281
      1	8296
      1	8308
      2	8370
      1	8394
      1	8451
      1	8515
      2	9020
      1	9120
      1	9182
      1	9211
      4	9271
      2	9345
      1	9765
      1	9787
      2	9797
      1	9859
      1	9869
      1	9888
      1	9960
      2	10026
      3	10097
      1	10174
      1	10216
      1	10321
      1	10389
      1	10444
      1	10525
      1	10570
      4	10844
      1	10908
      1	11071
      1	11089
      1	11126
      1	11283
      1	11308
      1	11364
      1	11490
      1	11558
      1	11602
      1	11652
      1	11680
      1	11732
      3	11759
      1	11770
      1	11964
      1	12113
      1	12215
      1	12334
      1	12375
      1	12394
      1	12505
      1	12567
      3	12708
      1	12711
      3	12809
      2	12819
      1	12826
      1	12854
      1	12977
      2	13235
      3	13322
      1	13450
      1	13464
      2	13490
      1	13591
      1	13749
      1	13783
      1	13871
      1	14058
      2	14166
      1	14246
      1	14287
      3	14392
      1	14443
      1	14457
      1	14490
      1	14494
      1	14569
      1	14619
      1	14666
      1	14692
      1	14996
      2	15029
      1	15033
      1	15125
      1	15188
      1	15272
      2	15361
      1	15374
      1	15420
      1	15598
      1	15617
      1	15619
      1	15639
      2	15666
      1	15702
      3	15972
      2	15985
      1	16110
      2	16188
      1	16529
      6	16554
      1	16560
      1	16689
      3	16704
      1	16718
      1	16769
      1	16805
      1	16811
      1	16835
      1	16853
      1	16862
      1	16920
      1	16925
      1	16934
      1	17035
      1	17055
      1	17058
      1	17172
      1	17183
      2	17210
      3	17214
      1	17216
      1	17225
      1	17258
      1	17316
      1	17474
      1	17580
      3	17592
      1	17599
      2	17654
      1	17697
      1	17771
      1	17887
      1	17895
      2	17916
      1	17928
      6	17989
      1	17990
      1	18056
      1	18341
      4	18366
      1	18420
      1	18504
      1	18530
      1	18572
      1	18590
      1	18607
      1	18696
      1	18747
      1	18768
      1	18770
      1	18782
      1	18812
      2	18885
      1	18905
      1	18992
      1	19138
      1	19150
      1	19223
      1	19237
      7	19305
      1	19410
      1	19503
      1	19588
      1	19621
      2	19622
      1	19630
      1	19645
      1	19800
      1	19849
      1	19911
      3	19947
      2	19976
      1	20015
      2	20160
      1	20206
      1	20267
      4	20268
      2	20323
      1	20364
      1	20393
      1	20445
      1	20625
      1	20784
      1	20821
      1	20865
      1	20960
      1	21170
      1	21268
      1	21280
      1	21285
      1	21623
      1	21646
      1	21686
      1	21712
      1	21719
      1	21817
      5	21822
      1	21911
      1	21925
      3	22010
      1	22188
      1	22198
      3	22206
      1	22281
      1	22292
      1	22329
      1	22481
      1	22515
      1	22523
      1	22653
      1	22654
      3	23023
      2	23029
      1	23059
      1	23070
      1	23094
      1	23311
      1	23320
      1	23412
      1	23566
      2	23577
      1	23709
      1	23776
      1	23851
      1	23852
      2	23869
      1	24058
      1	24067
      1	24114
      1	24121
      1	24136
      1	24162
      1	24274
      2	24284
      3	24345
      1	24353
      1	24406
      1	24412
      1	24429
      1	24451
      1	24469
      1	24574
      1	24740
      4	24806
      2	24817
      1	24947
      3	24990
      1	25046
      1	25116
      1	25129
      1	25173
      1	25193
      1	25202
      1	25240
      2	25289
      2	25455
      1	25502
      1	25507
      2	25517
      1	25571
      1	25600
      1	25689
      1	25934
      1	25944
      1	25979
      3	25983
      1	25985
      5	26111
      9	26174
      1	26202
      1	26206
      1	26226
      1	26244
      1	26258
      2	26290
      1	26307
      3	26488
      1	26703
      1	26777
      1	26795
      1	26826
      1	26959
      4	27021
      1	27082
      1	27294
      4	27316
      1	27331
      1	27357
      1	27421
      1	27530
      1	27698
      1	27750
      1	27773
      1	27862
      2	27867
      1	27880
      1	27944
      3	27966
      4	27992
      1	28012
      2	28070
      1	28220
      1	28238
      1	28293
      1	28365
      1	28391
      1	28417
      1	28430
      1	28489
      3	28615
      1	28637
      2	28673
      4	28704
      1	28885
      2	28889
      1	28967
      1	29025
      1	29046
      1	29061
      1	29105
      1	29128
      1	29166
      1	29211
      1	29268
      2	29316
      1	29357
      1	29431
      2	29484
      1	29513
      7	29596
      1	29713
      1	29723
      2	29790
      1	29938
      1	29945
      1	30313
      2	30352
      1	30360
      1	30460
      1	30534
      1	30541
      2	30555
      1	30595
      2	30613
      1	30676
      1	30719
      1	30754
      1	30770
      1	30801
      1	30819
      1	30824
      1	30964
      1	31050
      1	31061
      1	31088
      2	31147
      1	31254
      1	31256
      1	31360
      1	31492
      1	31511
      1	31613
      1	31615
      1	31642
      2	31695
      1	31919
      1	31985
      1	32021
      1	32032
      1	32096
      1	32114
      1	32128
      2	32204
      1	32212
      1	32224
      1	32229
      2	32266
      8	32345
      1	32431
      1	32515
      1	32614
      2	32621
      1	32684
      1	32685
      1	32844
      1	32857
      2	32969
      1	32999
      1	33064
      1	33074
      1	33092
      1	33129
      2	33137
      1	33270
      1	33272
      1	33451
      1	33475
      1	33484
      1	33643
      1	33675
      1	33709
      2	33917
      1	33972
      2	33992
      1	34035
      1	34063
      3	34133
      1	34190
      1	34303
      2	34440
      1	34479
      1	34536
      1	34576
      3	34608
      1	34723
      2	34827
      1	34974
      1	35092
      1	35124
      1	35166
      1	35187
      3	35192
      1	35233
      1	35249
      1	35308
      1	35376
      1	35382
      2	35391
      1	35484
      1	35576
      2	35644
      1	35659
      1	35916
      1	35964
      1	35999
      1	36052
      1	36062
      1	36078
      1	36098
      1	36112
      1	36186
      8	36421
      1	36565
      1	36566
      1	36578
      1	36622
      1	36640
      1	36658
      1	36659
      1	36688
      1	36747
      1	36779
      1	36808
      1	36863
      1	36901
      1	36945
      1	36950
      1	36961
      1	36989
      1	37024
      2	37086
      1	37270
      1	37308
      2	37316
      1	37354
      2	37414
      1	37448
      3	37481
      1	37529
      1	37596
      1	37640
      6	37743
      1	37769
      2	37784
      1	37795
      1	37802
      2	37817
      2	37885
      1	38044
      1	38134
      1	38162
      1	38163
      1	38171
      1	38184
      1	38224
      1	38295
      1	38305
      2	38311
      1	38346
      1	38439
      1	38447
      1	38468
      1	38480
      3	38520
      1	38544
      2	38582
      1	38600
      1	38605
      1	38611
      1	38665
      2	38757
      2	38781
      3	38839
      2	38992
      1	39016
      1	39032
      1	39156
      1	39213
      1	39250
      2	39265
      1	39325
      1	39377
      1	39458
      1	39469
      1	39515
      1	39664
      1	39751
      1	39827
      1	39938
      5	40038
      1	40057
      1	40063
      2	40093
      1	40132
      1	40149
      1	40152
      1	40184
      1	40223
      1	40313
      2	40317
      1	40460
      1	40519
      1	40527
      1	40537
      2	40538
      1	40544
      1	40619
      1	40661
      1	40770
      2	40830
      1	40847
      1	40855
      1	40970
      2	40994
      3	41086
      1	41124
      1	41250
      2	41289
      1	41299
      1	41570
      5	41582
      1	41600
      1	41768
      1	41771
      3	41800
      1	41922
      1	41972
      1	42041
      1	42069
      1	42185
      1	42248
      1	42261
      1	42267
      1	42329
      1	42340
      1	42419
      1	42425
      1	42476
      1	42571
      1	42640
      2	42679
      4	42820
      5	42863
      1	42970
      1	43019
      1	43098
      1	43192
      1	43204
      1	43247
      1	43272
      2	43289
      1	43441
      2	43632
      2	43763
      1	43811
      6	43832
      1	43839
      1	43977
      1	44049
      1	44117
      1	44156
      1	44248
      1	44256
      1	44328
      1	44329
      1	44355
      1	44360
      1	44489
      1	44533
      1	44783
      1	44787
      7	44833
      3	44878
      1	44961
      1	45437
      1	45457
      1	45460
      1	45506
      2	45708
      2	45748
      4	45943
      1	46019
      1	46123
      1	46145
      1	46154
      1	46173
      1	46261
      1	46353
      1	46417
      1	46420
      1	46530
      1	46595
      2	46645
      1	46656
      1	46780
      1	46793
      1	46853
      3	46884
      1	46887
      1	46975
      2	47025
      2	47038
      2	47089
      1	47270
      1	47295
      1	47497
      1	47499
      1	47584
      1	47636
      1	47784
      1	47787
      2	47894
      2	47905
      1	48086
      1	48133
      1	48215
      2	48251
      1	48462
      1	48523
      2	48607
      1	48727
      1	48776
      1	48807
      2	48808
      1	48844
      1	48870
      1	48906
      1	49034
      2	49073
      1	49180
      1	49200
      1	49273
      1	49362
      2	49387
      1	49555
      3	49598
      1	49673
      1	49682
      1	49755
      1	49770
      2	49933
      1	49943
      1	49966
      1	49994
      1	50067
      3	50139
      2	50209
      1	50349
      1	50366
      1	50387
      2	50419
      1	50506
      6	50537
      1	50564
      1	50574
      3	50899
      1	50901
      1	51028
      3	51102
      1	51196
      1	51205
      1	51325
      1	51394
      1	51427
      1	51452
      2	51483
      1	51532
      1	51549
      1	51609
      1	51644
      2	51800
      1	51813
      1	51823
      1	51888
      1	51890
      2	51920
      2	51959
      1	52024
      2	52067
      3	52121
      2	52181
      1	52224
      1	52323
      8	52370
      1	52406
      5	52414
      1	52457
      1	52532
      1	52551
      1	52563
      4	52635
      1	52641
      1	52673
      6	52791
      1	53085
      1	53121
      1	53243
      1	53357
      1	53375
      2	53450
      1	53494
      1	53538
      1	53584
      1	53596
      1	53639
      1	53743
      1	53865
      1	53947
      1	53965
      1	54105
      2	54249
      1	54261
      1	54272
      1	54345
      1	54446
      1	54507
      1	54513
      1	54595
      1	54622
      1	54672
      2	54682
      1	54699
      1	54745
      2	54777
      5	54784
      1	54786
      2	54813
      1	54867
      3	54883
      1	54888
      1	54970
      1	54999
      1	55136
      1	55207
      1	55217
      1	55276
      1	55287
      1	55444
      1	55584
      1	55674
      1	55678
      3	55861
      1	55870
      2	55979
      1	56144
      9	56187
      5	56371
      1	56396
      2	56434
      1	56533
      1	56617
      1	56734
      1	56756
      1	56972
      1	57144
      2	57177
      1	57480
      2	57622
      1	57629
      1	57688
      1	57743
      1	57757
      1	57823
      2	57836
      1	57843
      1	57859
      1	57899
      2	57922
      2	58180
      1	58208
      1	58251
      1	58281
      1	58372
      1	58466
      2	58521
      1	58543
      2	58634
      1	58679
      1	58698
      1	58750
      1	58809
     15	58887
      4	58950
      1	58960
      2	59003
      2	59145
      2	59287
      1	59304
      3	59327
      1	59434
      1	59599
      1	59600
      1	59636
      1	59720
      2	59748
      1	59758
      1	59853
      1	60020
      1	60040
      1	60100
      1	60172
      2	60204
      1	60282
      2	60312
      1	60344
      1	60399
      3	60427
      2	60527
      1	60724
      1	60793
      1	61021
      5	61054
      1	61059
      1	61081
      4	61152
      2	61230
      2	61261
      2	61275
      1	61398
      6	61464
      1	61531
      1	61612
      1	61734
      1	61829
      1	61869
      1	61953
      1	62030
      1	62063
      1	62095
      3	62108
      2	62189
      1	62305
      1	62332
      1	62384
      1	62413
      1	62427
      1	62492
      1	62497
      1	62582
      1	62593
      1	62595
      1	62766
      1	62783
      1	62796
      2	62923
      1	63056
      1	63060
      1	63097
      1	63105
      1	63177
      1	63198
      1	63323
      1	63363
      1	63413
      1	63434
      2	63509
      1	63554
      2	63637
      1	63642
      1	63674
      6	63696
      1	63859
      1	63884
      1	63889
      3	63950
      2	63987
      1	64032
      1	64091
      1	64108
      4	64259
      1	64261
      1	64269
      2	64298
      2	64304
      2	64325
      1	64387
      1	64411
      5	64502
      1	64520
      1	64530
      2	64557
      1	65029
      1	65080
      1	65322
      1	65408
      4	65413
