     12	11
      1	26
      1	29
      1	58
      5	64
      2	66
      1	67
      2	69
      2	98
      1	113
      1	128
      1	157
      1	163
      3	173
      1	174
      6	199
     10	219
      2	243
      3	248
      1	306
      1	308
      1	318
      1	322
      1	323
      1	331
      2	352
      1	360
      2	361
      1	372
      2	384
      4	408
      3	460
      1	480
      1	492
     17	505
      4	547
     24	550
      1	553
      1	561
     11	574
      2	584
      3	645
      1	646
      4	648
      1	649
      6	658
      1	664
      3	669
      2	687
      3	707
      4	719
      1	721
      1	733
      1	758
      2	782
      2	789
      1	804
      4	809
      1	811
      3	823
      4	830
      3	865
     11	894
      1	907
      2	945
      3	959
      4	982
      1	1016
      4	1022
      2	1047
      1	1063
      1	1072
      1	1073
      6	1079
      1	1089
      1	1092
      1	1104
      7	1123
      2	1139
      2	1140
      2	1156
      1	1169
      1	1170
      8	1172
      1	1178
      1	1180
      3	1184
      1	1188
      1	1191
      4	1196
      1	1198
      9	1213
      1	1232
     12	1236
      1	1248
      1	1251
      2	1258
     92	1290
      6	1348
      2	1368
      1	1369
      1	1394
      1	1418
      1	1432
      1	1455
      5	1489
      1	1496
      7	1500
      2	1527
      4	1537
      1	1553
      1	1572
      1	1574
      1	1596
     15	1606
      1	1608
      1	1612
      1	1616
      1	1628
      1	1640
      1	1670
      2	1694
      1	1720
      1	1728
      1	1731
      3	1735
      1	1742
      1	1756
      2	1781
      1	1791
      2	1801
      1	1822
      1	1834
      1	1849
      1	1862
      2	1867
      1	1870
      1	1883
      4	1889
      1	1896
      1	1899
      1	1914
      1	1953
      1	1966
      1	1972
      2	1991
      1	2028
      4	2068
      1	2087
      1	2092
      2	2093
      1	2107
      6	2114
     10	2116
      2	2139
      1	2144
      1	2164
      2	2172
      5	2175
      1	2198
      1	2221
      1	2251
      1	2254
      1	2279
      1	2302
      2	2319
      4	2335
      1	2336
      2	2372
      1	2375
      2	2386
      1	2396
      1	2402
      7	2426
      1	2456
      2	2469
      2	2490
      2	2492
      1	2494
      2	2525
      1	2527
      4	2551
      1	2555
      1	2566
      1	2573
     23	2594
      1	2610
      1	2612
      8	2619
      4	2635
      1	2644
      1	2646
      3	2654
      1	2657
      1	2729
      1	2776
      1	2796
      1	2812
      2	2817
      1	2827
      1	2849
      1	2900
      1	2908
      6	2913
      3	2918
      1	2933
      1	2934
      1	2951
      5	2985
      4	2992
      1	2994
      5	3000
      4	3010
      1	3040
      3	3044
      1	3057
      1	3073
      2	3083
      1	3084
      1	3109
      2	3119
     10	3123
      2	3136
      1	3138
      1	3141
      2	3142
      1	3154
      2	3175
      1	3184
      4	3188
      1	3190
      1	3244
      1	3245
      1	3250
      1	3252
      1	3257
      1	3281
      3	3287
      1	3296
      1	3311
      1	3312
     26	3332
      3	3339
      5	3353
      1	3355
      1	3406
      1	3414
      2	3424
      1	3434
      2	3442
      2	3457
      2	3458
      1	3462
      1	3479
      1	3486
      4	3491
      1	3502
      2	3503
      1	3551
      6	3569
     14	3570
      1	3583
      5	3607
      7	3677
      8	3681
      9	3693
      2	3694
      1	3696
      1	3706
      1	3716
      3	3750
      2	3758
      6	3764
      8	3780
      1	3797
      1	3812
      3	3820
      2	3835
      1	3839
      5	3841
      1	3843
      2	3878
      1	3884
      2	3917
      1	3920
      1	3954
      3	3962
      5	4030
      2	4046
      1	4047
      1	4099
      3	4112
      1	4128
      4	4129
      2	4137
      1	4146
      1	4152
     19	4184
      7	4190
      2	4218
      3	4231
      1	4263
      2	4273
      1	4299
      1	4313
      1	4370
      1	4382
      1	4386
      1	4391
      2	4400
      3	4409
      1	4424
      7	4445
      2	4448
      7	4480
      1	4485
      2	4486
     17	4523
      4	4589
      1	4598
      1	4606
     11	4613
      1	4655
      2	4664
      7	4668
      1	4672
      2	4717
      1	4733
      1	4745
      3	4766
      1	4773
      1	4780
      1	4785
      1	4798
      5	4810
      1	4815
      2	4845
      8	4853
      2	4878
      1	4880
      5	4926
      2	4928
      1	4956
      7	4972
      1	4989
      1	5020
      1	5022
      1	5023
      1	5028
      1	5059
      1	5062
      1	5067
      1	5077
      4	5116
      1	5137
      1	5143
      1	5179
      3	5206
      3	5207
      3	5212
      1	5221
      4	5265
      3	5267
      7	5291
      1	5303
      2	5310
      1	5311
      2	5317
      1	5361
      1	5362
      5	5424
      1	5427
      1	5450
      1	5472
     18	5522
      1	5540
      4	5547
      2	5549
      4	5555
      1	5585
      1	5595
      2	5597
     13	5612
      1	5636
      1	5640
      3	5645
      3	5670
      5	5673
      1	5696
      1	5697
      3	5707
      5	5719
      4	5720
      1	5726
      2	5727
      2	5737
      1	5740
      5	5748
      1	5753
      5	5756
      1	5771
      1	5785
      4	5797
      1	5808
      2	5819
      2	5823
      1	5837
      1	5844
      1	5870
      1	5892
      1	5905
      1	5928
      1	5973
      1	5977
      2	5981
      1	6002
      1	6010
      7	6045
      2	6099
      2	6115
      1	6129
      3	6148
      4	6171
      2	6179
      9	6183
      2	6194
      3	6217
      1	6241
     21	6242
      2	6243
      4	6254
      4	6256
      1	6275
      1	6283
      1	6293
      1	6302
      4	6321
      1	6325
      1	6338
      1	6345
      2	6354
      1	6358
      1	6415
     14	6429
      1	6455
      1	6463
      1	6486
      1	6523
      2	6537
      1	6543
      3	6564
      1	6568
      5	6582
      5	6586
      1	6596
      1	6611
      1	6614
      5	6622
      3	6736
      1	6745
      4	6750
      1	6752
      2	6762
      6	6768
      4	6775
     49	6787
      1	6796
      5	6838
      1	6854
      1	6856
      1	6914
      1	6922
      1	6936
      1	6946
      1	6947
      1	6949
      3	6968
      3	6988
      1	7015
      3	7024
      1	7047
      1	7057
      1	7067
      4	7071
      1	7075
      4	7076
      1	7106
      1	7107
      1	7109
      1	7115
      1	7121
      1	7129
      3	7135
      3	7166
      8	7173
      1	7178
      5	7206
      1	7211
     18	7231
      2	7236
      6	7254
      4	7276
      1	7287
      1	7288
      1	7299
     22	7300
      3	7302
      1	7303
      8	7332
      5	7339
      5	7376
      1	7381
      2	7403
      1	7409
      2	7414
     14	7419
      1	7430
      1	7440
      1	7448
     48	7457
      8	7472
      1	7490
      1	7493
      7	7496
      1	7549
      4	7554
      2	7559
      1	7560
      6	7566
      2	7574
      7	7587
      4	7603
      2	7615
      1	7651
      2	7669
      8	7704
      3	7705
      2	7710
      1	7714
      5	7718
      2	7723
      1	7778
      3	7795
      1	7817
      1	7825
      5	7832
      6	7863
      1	7872
      4	7892
      1	7894
      1	7955
      3	7964
      1	7981
      4	7984
      1	7988
      2	7990
      7	8009
      1	8029
      1	8057
      1	8092
      1	8125
      2	8129
      4	8139
      1	8146
      1	8147
      1	8151
      3	8172
      1	8200
      1	8201
      1	8232
      1	8235
      1	8236
      1	8241
      1	8260
      2	8281
      1	8283
      6	8315
      1	8353
      1	8354
      1	8365
      6	8367
     25	8376
      1	8378
      1	8383
      2	8393
     19	8399
     21	8403
      1	8440
      1	8469
      1	8485
      2	8498
     11	8504
      2	8508
      2	8526
      1	8574
      2	8579
      9	8583
      1	8584
      9	8589
      1	8620
      1	8631
      2	8639
      1	8657
      2	8662
     14	8675
      1	8695
      2	8717
      5	8718
      2	8731
      1	8739
      2	8741
      1	8742
      1	8772
      1	8779
      2	8782
      1	8808
      1	8819
      6	8834
      1	8839
      1	8840
      1	8845
      1	8846
      7	8870
      2	8876
      1	8878
      1	8888
      8	8901
      1	8902
      1	8906
      4	8930
      6	8936
      1	8953
      1	8956
      5	8977
      1	8989
      1	8995
      1	8998
      1	9024
      1	9029
      2	9038
      1	9046
      4	9135
      1	9138
      1	9140
      1	9153
      1	9167
      1	9175
      1	9178
      1	9182
      1	9207
      1	9251
      4	9269
      2	9281
      1	9303
      2	9304
      4	9314
      5	9334
      1	9345
      2	9370
      2	9374
      4	9384
      2	9388
      5	9406
      6	9472
      1	9474
      1	9475
      1	9494
      1	9496
      2	9509
      1	9510
      2	9516
      1	9519
      1	9547
      1	9556
      1	9568
      2	9571
      2	9603
      1	9607
      2	9644
      8	9666
      1	9667
      1	9674
      2	9689
      2	9690
     12	9729
      1	9744
      1	9764
      1	9770
      1	9780
     14	9784
      4	9797
     10	9813
      1	9864
      1	9868
      1	9883
      4	9884
      2	9896
      2	9900
      1	9933
      1	9950
      1	9953
      4	9985
     18	10001
      1	10009
      2	10031
      1	10053
      6	10064
      2	10094
      1	10100
      1	10102
      4	10119
      4	10148
      1	10165
      2	10174
      2	10192
      2	10202
      1	10224
      6	10240
      2	10244
      7	10245
      1	10263
      5	10266
      1	10281
      2	10283
      1	10286
      1	10305
      3	10324
      1	10327
      1	10328
      2	10361
      1	10374
      7	10378
      2	10385
      3	10398
      1	10399
      1	10413
      1	10420
     12	10428
     14	10456
      3	10470
      1	10476
      2	10505
      1	10515
      1	10528
      1	10548
      1	10563
      1	10570
      1	10610
      1	10654
     13	10659
      2	10673
      1	10678
      1	10711
      1	10713
      1	10741
      1	10756
     13	10762
      1	10769
      1	10791
      1	10796
      1	10803
      2	10810
      1	10819
      1	10820
      6	10827
      1	10832
      2	10872
      2	10892
      1	10895
      1	10916
      1	10934
      1	10955
      1	10957
      1	10961
      2	10965
      4	10980
      1	10987
      1	11010
      2	11058
      1	11065
      1	11070
      1	11083
      4	11095
      1	11096
      4	11106
      3	11126
      4	11170
      4	11174
      3	11203
      2	11211
     11	11213
      3	11216
      1	11231
      1	11278
      1	11289
      1	11300
      3	11347
     22	11382
     11	11398
      1	11427
      1	11432
      1	11441
      1	11445
      1	11454
      3	11461
      2	11491
      3	11501
      1	11509
      1	11524
      1	11529
      1	11531
      2	11548
      1	11556
      1	11583
      1	11584
      1	11587
      1	11589
     13	11603
     13	11650
      1	11672
      4	11676
      3	11718
      1	11726
      1	11749
      1	11766
      1	11795
      1	11829
      1	11876
      1	11881
      3	11890
      2	11891
      4	11892
      1	11949
      1	11951
      6	11953
     19	11969
      3	11981
      1	12005
      1	12027
      1	12028
      2	12029
      8	12041
      4	12059
      1	12067
      3	12084
      1	12142
      4	12158
      1	12189
      1	12205
      1	12212
      1	12217
      1	12258
      1	12265
      2	12284
      1	12288
    511	12290
      2	12301
      4	12312
      2	12313
      1	12326
      1	12337
      5	12342
      1	12369
      1	12394
      1	12412
      2	12418
      1	12433
      1	12455
      1	12503
      5	12553
      1	12562
      1	12570
      1	12573
      1	12591
     25	12593
      3	12603
      1	12652
      1	12670
      1	12671
      3	12677
      1	12686
      3	12689
      1	12697
      1	12710
      4	12722
      1	12724
      1	12736
      3	12751
      1	12776
      1	12792
      3	12799
      1	12814
      3	12816
      3	12860
      8	12896
      4	12918
      1	12930
      5	12941
      1	12948
      2	12968
      1	12970
      1	12985
      2	12997
      2	13007
      1	13017
      1	13024
      1	13047
      1	13059
      1	13068
      1	13076
      4	13098
      1	13123
      1	13152
      1	13153
      1	13182
      4	13185
      1	13198
      1	13231
      3	13271
      2	13294
      1	13300
      2	13304
      1	13322
     23	13335
      1	13384
      1	13386
      1	13421
      2	13446
      1	13461
      1	13480
      3	13481
      1	13483
      3	13495
      1	13512
      2	13515
      3	13518
      4	13528
      1	13544
      7	13545
      1	13555
      1	13564
      2	13585
      3	13586
      1	13590
      1	13601
      6	13633
      1	13636
      5	13643
      5	13647
      3	13662
      1	13672
      1	13733
      1	13735
      6	13742
      7	13762
      1	13771
      2	13788
      1	13799
      1	13801
      1	13810
      2	13843
     18	13846
      1	13871
      1	13937
     12	13952
      1	13974
      1	13992
      2	14000
      7	14008
      5	14020
      1	14025
      2	14034
      1	14039
      1	14044
      4	14062
     10	14100
      1	14118
      2	14126
      1	14141
     11	14164
      1	14179
      2	14188
      6	14201
      1	14206
      1	14213
      1	14227
      1	14239
      1	14254
      4	14258
      1	14290
      2	14292
      2	14310
      3	14322
      1	14341
      1	14370
      1	14381
      2	14385
      1	14392
      2	14437
      1	14444
      6	14447
      1	14454
      1	14483
      2	14529
      4	14539
      1	14569
      1	14577
      1	14592
      1	14597
      1	14606
      2	14653
      3	14667
      1	14681
      3	14726
      4	14746
      2	14755
      1	14765
      3	14786
      1	14790
      1	14791
      1	14803
      1	14809
     19	14829
      4	14850
     14	14872
      1	14874
      1	14880
      4	14897
      1	14921
      1	14938
      1	14940
      1	14961
      1	14962
      5	14985
      1	14996
     39	15034
     16	15058
      4	15069
      1	15086
      1	15098
      3	15099
      4	15103
      6	15108
     15	15121
      1	15168
      1	15180
      1	15182
      2	15185
      2	15188
      1	15200
      1	15223
      1	15234
      1	15235
      2	15249
      4	15252
      1	15266
      1	15335
      4	15343
      1	15355
      4	15357
      3	15362
     15	15371
      2	15397
      8	15446
      1	15489
      1	15501
      6	15509
      2	15511
      1	15525
      1	15534
      4	15552
      1	15599
      1	15606
      2	15622
      1	15631
      2	15635
      1	15660
      2	15680
      2	15684
      3	15722
      1	15730
      3	15749
     10	15752
      3	15763
      1	15776
     11	15784
      4	15815
      2	15833
      5	15847
      1	15925
      1	15975
      2	15985
      1	15986
      1	15989
      1	16002
      2	16007
      1	16024
      1	16042
      2	16059
      3	16060
      6	16139
      1	16153
      1	16193
      1	16209
      8	16219
      2	16223
      1	16224
      1	16266
      1	16276
      1	16279
      1	16291
      2	16305
      2	16344
      2	16345
      1	16346
      1	16388
      2	16414
      1	16418
      1	16437
      1	16454
      2	16469
      1	16490
      1	16503
      3	16514
      2	16516
      4	16553
      1	16574
      3	16684
      1	16693
      2	16718
      2	16721
      1	16723
      3	16729
      6	16734
      1	16746
      3	16753
      1	16758
      2	16762
      1	16769
      1	16771
      1	16778
      2	16787
      1	16793
      1	16802
      8	16818
     28	16827
      3	16851
      5	16875
      1	16879
      1	16887
      1	16903
      9	16916
      2	16920
      1	16942
      1	16952
      2	16968
      2	16972
      1	17027
      1	17033
      1	17057
      6	17080
      1	17104
      2	17107
      1	17115
      1	17117
      1	17126
      1	17136
      4	17149
      2	17192
      1	17207
      1	17214
      2	17220
      4	17225
      2	17228
      1	17274
      1	17291
      1	17293
      1	17306
     14	17313
      1	17331
      1	17337
      4	17357
      1	17396
      5	17408
      3	17451
      1	17498
      1	17584
      2	17596
      7	17613
      1	17621
      1	17636
      1	17644
      2	17665
      1	17667
      1	17671
      4	17682
      1	17690
      4	17699
      1	17705
      1	17744
      1	17746
      3	17757
      1	17796
      1	17802
      3	17807
      2	17809
      1	17811
      2	17831
      4	17840
      2	17867
     12	17882
      1	17889
      1	17926
     19	17934
      1	17938
      1	17964
      1	17965
      3	17968
     12	17982
      1	18009
      1	18024
      3	18041
      1	18052
      1	18057
      1	18074
      7	18076
      2	18081
      1	18107
      1	18109
     13	18114
      1	18119
      1	18125
      1	18133
      2	18156
     27	18170
      1	18175
      2	18183
      4	18188
      1	18210
      2	18212
      1	18222
      5	18244
      1	18277
      3	18321
      4	18342
      2	18351
      1	18366
      1	18381
      1	18399
      1	18406
      2	18408
      1	18427
      5	18435
      2	18436
      4	18441
      5	18443
      2	18448
      1	18466
      1	18472
      1	18487
      1	18491
      1	18492
      1	18505
      1	18507
     10	18529
      2	18553
      1	18561
      2	18564
      1	18590
      1	18611
      1	18613
      1	18617
     10	18621
      4	18624
      1	18627
      1	18660
      5	18673
      2	18722
      2	18735
      1	18745
      7	18776
      1	18792
      7	18798
      1	18814
      1	18816
      3	18842
      1	18847
      1	18878
      1	18880
      1	18904
      2	18937
      1	18945
      5	18958
      4	18968
      2	18976
      2	18977
      1	18980
      1	19011
      1	19024
      1	19028
      1	19057
      1	19058
      5	19079
      1	19090
      3	19091
      1	19113
     71	19124
      1	19131
      1	19143
      1	19148
      3	19179
      1	19190
      6	19207
      2	19229
      1	19233
      1	19241
      1	19243
      2	19247
      1	19276
      6	19277
      9	19290
     10	19301
      1	19323
      2	19326
      2	19336
      4	19353
      1	19385
      1	19402
      2	19405
      1	19417
      1	19441
      4	19454
      1	19460
      1	19462
      1	19475
      2	19481
      1	19533
      3	19578
      1	19586
      4	19587
      2	19588
      3	19593
      4	19608
      4	19615
      1	19616
      5	19644
      1	19649
      2	19652
      4	19668
      3	19683
      1	19693
      1	19718
      1	19760
      9	19773
      1	19775
      5	19777
      2	19782
      1	19788
      1	19797
      1	19849
      1	19882
      1	19889
      1	19897
      1	19948
     12	19958
      3	19978
      1	19983
      7	19989
      2	19994
      1	20009
      7	20050
      2	20053
      1	20071
      1	20073
      2	20117
      1	20154
      3	20180
      3	20188
      1	20195
      4	20205
      4	20213
      2	20241
      1	20270
      3	20271
      1	20281
      1	20284
      1	20288
      1	20304
      1	20318
      4	20333
      6	20348
      1	20368
      1	20370
      1	20382
      1	20390
      1	20392
      8	20398
      1	20432
     15	20469
      1	20483
      1	20487
      4	20493
      1	20497
      1	20502
      2	20515
      3	20524
      4	20536
      1	20546
      1	20565
      1	20584
      1	20617
      2	20618
      4	20620
      2	20629
      1	20645
      1	20653
     12	20658
      1	20667
      1	20671
      1	20736
      1	20746
      2	20756
     18	20799
      1	20800
      3	20803
      2	20810
      1	20825
      1	20827
      4	20850
      1	20855
      1	20865
      1	20896
      1	20908
      1	20915
      4	20917
      1	20928
      3	20965
      2	20977
      2	20991
      2	21009
      1	21010
      2	21014
      2	21017
      2	21033
      4	21046
      2	21065
      1	21069
      2	21072
      2	21083
      4	21105
      1	21124
      2	21149
      1	21173
      1	21180
      7	21183
      1	21184
      1	21195
      1	21200
      5	21231
      1	21243
      3	21256
      1	21262
      2	21271
      2	21279
     53	21284
      5	21285
      1	21311
      1	21318
      1	21341
      1	21342
      4	21370
      2	21374
      6	21375
      6	21389
      6	21412
      2	21416
      1	21419
      1	21420
      1	21444
      1	21461
     10	21463
      2	21481
      1	21517
      1	21518
      1	21531
      1	21538
      1	21589
      9	21599
      4	21612
      1	21619
      2	21638
      1	21650
      5	21651
      5	21655
      2	21662
      1	21663
      3	21664
      1	21665
      2	21682
      2	21686
      2	21699
      4	21710
      1	21712
      3	21717
      1	21727
      1	21749
      2	21750
      1	21800
      3	21802
      1	21804
      2	21822
      4	21823
      1	21842
      6	21850
      1	21854
      1	21902
      1	21903
      3	21958
      2	21982
      1	22012
      4	22047
      1	22070
      1	22085
      8	22096
      1	22107
      1	22108
     10	22130
      2	22138
      1	22175
      1	22178
     31	22185
      1	22186
      3	22192
      1	22233
      1	22236
      1	22253
      4	22270
      4	22275
      1	22277
      4	22292
      1	22315
      1	22337
      1	22364
      1	22367
      1	22374
      1	22383
      2	22394
      1	22415
      1	22419
      2	22423
      8	22450
      1	22491
      2	22529
      1	22530
      1	22538
      8	22539
      1	22564
      1	22569
      1	22584
      2	22590
      1	22593
      1	22674
     14	22696
      1	22700
      1	22713
      1	22717
      2	22719
      5	22731
      1	22732
      1	22734
      1	22743
      2	22782
      1	22822
      4	22823
      1	22830
      3	22860
      1	22874
      3	22887
      1	22888
      1	22889
     10	22893
      2	22902
      3	22915
      2	22944
      6	22948
      3	22957
      2	22976
      9	23053
      1	23059
      7	23066
      1	23077
      2	23078
      2	23079
     18	23080
      3	23086
      2	23099
      1	23103
     41	23118
      1	23122
      1	23135
      1	23146
      1	23147
      1	23158
      1	23182
      3	23191
      1	23195
      2	23235
      1	23253
      1	23291
      1	23318
      4	23336
      1	23363
      2	23370
      4	23381
      1	23382
      3	23391
      4	23407
     14	23411
      4	23412
      6	23464
      1	23490
      3	23501
      3	23526
      1	23528
      1	23545
      1	23548
      1	23560
      1	23576
      1	23618
      7	23623
      1	23639
      3	23640
      1	23647
      8	23650
      1	23653
      2	23655
      2	23698
      1	23707
      1	23764
      1	23771
      5	23787
      1	23797
      1	23811
      1	23822
      1	23833
      2	23853
      1	23864
     10	23881
      3	23891
      3	23931
      2	23932
      1	23938
      3	23939
      1	23944
      4	23948
      2	23960
      6	23962
      1	23963
      2	23972
     23	23990
      1	23991
      2	23996
      1	23999
      2	24036
      1	24043
      2	24049
      1	24063
      1	24079
      2	24109
      4	24121
      1	24130
      2	24149
      4	24160
      3	24176
      1	24182
      1	24200
      1	24225
      3	24228
      1	24251
      2	24279
     27	24288
      3	24331
      1	24369
      1	24378
      2	24381
      1	24390
      1	24458
      2	24483
      3	24488
      2	24492
      4	24514
      2	24523
      1	24529
      2	24537
      1	24561
      1	24564
      1	24568
      1	24570
      1	24575
      1	24576
      4	24582
      3	24584
      5	24589
      1	24592
      6	24625
      1	24649
      1	24656
      1	24660
      1	24676
      2	24692
      1	24696
      1	24698
      6	24707
      2	24714
      7	24728
      4	24734
      3	24749
      1	24758
      6	24764
      1	24766
      5	24770
      4	24771
      1	24787
      3	24818
      3	24821
      1	24855
      1	24862
      1	24867
      1	24871
      6	24892
      3	24895
      4	24915
      1	24925
      2	24927
      1	24939
      2	24941
     15	24974
      1	24993
      2	25017
      6	25022
     13	25032
      5	25044
      2	25063
      1	25084
      8	25103
      4	25123
      1	25127
      1	25167
      1	25199
      3	25219
      1	25228
      1	25278
      1	25296
      1	25300
      2	25331
      1	25341
      1	25346
      4	25358
      1	25364
      4	25376
      2	25386
      1	25410
      1	25411
      2	25412
      1	25446
      1	25461
     21	25488
      1	25492
      2	25496
      3	25498
     14	25529
      2	25539
      6	25544
      5	25551
      1	25553
      3	25566
      1	25595
      2	25607
      1	25609
      5	25621
      1	25627
      3	25628
      2	25647
      1	25650
      1	25659
      1	25662
      1	25677
      1	25680
      1	25689
      1	25694
      2	25702
      1	25706
      4	25709
      1	25713
      3	25743
      1	25753
      1	25760
      1	25768
      2	25788
      2	25834
      1	25853
      1	25856
      1	25865
      3	25866
      3	25878
      2	25900
      1	25905
      2	25908
      1	25926
      2	25946
      2	25954
      2	25988
      2	25990
      1	26012
      1	26020
      2	26027
      1	26038
      1	26053
      1	26060
      1	26068
      1	26070
     23	26072
      1	26081
      1	26101
     20	26146
      2	26169
      1	26174
      2	26179
      1	26185
      1	26186
      1	26190
     16	26211
      1	26212
      1	26250
      1	26251
      1	26258
      1	26271
      1	26285
      1	26296
      4	26306
      1	26321
      1	26338
      1	26352
      1	26356
      1	26369
      1	26375
      1	26399
      1	26401
      1	26417
      2	26418
      6	26425
      8	26448
      2	26449
      1	26458
      1	26509
      2	26537
     18	26551
      4	26589
      2	26590
      2	26636
      1	26648
      3	26662
      2	26679
      2	26690
      1	26705
      2	26711
      1	26714
      3	26718
      1	26726
      1	26756
      1	26769
      1	26777
      3	26782
      1	26786
      1	26818
      1	26838
      1	26840
      1	26841
      1	26862
      1	26875
      1	26882
      2	26888
      1	26897
      5	26911
      2	26914
      1	26922
      2	26933
      5	27015
      1	27041
      1	27051
      1	27098
      1	27108
      2	27131
      4	27135
      2	27148
      2	27150
      1	27169
      1	27171
      9	27178
      1	27182
      1	27208
      1	27212
      1	27220
      1	27238
      1	27276
      9	27277
      4	27293
      1	27302
      1	27311
      1	27312
      1	27317
      5	27339
      2	27350
      5	27387
      5	27400
      1	27414
      4	27415
      1	27432
      1	27433
      4	27478
      1	27489
      1	27518
      1	27519
      1	27525
      1	27536
      1	27540
      2	27555
      2	27560
      1	27561
      1	27568
      1	27581
      2	27596
      2	27606
      1	27620
      2	27647
      1	27653
     17	27677
      1	27686
      1	27694
      3	27720
      1	27753
      1	27765
      1	27774
      2	27797
      2	27816
      1	27819
      2	27824
      1	27828
      1	27834
      1	27854
      1	27872
      1	27876
      2	27898
      1	27904
      2	27917
      1	27957
      1	27960
      3	27963
      1	27967
      5	27975
      1	27977
      1	28000
      2	28007
      3	28013
      1	28046
      2	28070
      1	28071
      1	28077
      2	28113
      1	28116
      1	28161
      1	28169
      1	28180
      5	28192
      1	28210
      1	28220
      4	28234
      6	28245
      1	28254
      3	28270
      1	28275
      2	28277
      1	28288
      3	28314
      2	28316
      1	28322
      2	28350
      1	28355
      1	28382
      2	28386
      5	28390
      2	28403
      2	28410
      3	28427
      1	28435
      1	28442
      2	28464
      8	28469
      1	28485
      7	28506
      1	28541
      1	28552
      4	28560
      1	28569
      8	28579
      5	28609
      1	28658
      1	28665
      1	28686
      2	28738
      1	28749
      1	28803
      5	28824
      2	28838
      1	28842
      1	28847
      4	28872
      2	28882
      5	28910
     12	28948
      1	28951
      1	28986
      3	28990
      2	29002
      1	29004
      2	29008
      1	29015
      1	29023
      1	29050
      2	29057
      8	29078
    109	29090
      1	29095
      1	29115
      2	29141
      1	29159
     12	29164
      1	29207
      1	29224
      6	29226
      2	29235
      2	29245
      2	29246
      8	29255
      1	29257
      3	29298
      1	29310
      1	29322
      2	29326
      2	29359
      1	29364
      5	29368
      1	29371
      1	29373
      1	29399
      1	29437
      1	29478
      1	29481
      1	29482
      1	29500
      2	29513
      5	29519
      1	29529
      8	29593
      1	29596
      1	29601
      6	29611
      2	29638
      5	29639
      1	29662
      1	29697
      2	29708
      3	29714
      2	29720
      3	29730
      1	29754
      1	29766
      6	29772
     14	29773
      2	29789
      1	29807
      2	29841
      2	29852
      3	29870
      2	29899
      1	29903
      1	29925
     13	29934
      2	29936
     11	29948
      2	29955
      1	29960
      2	29961
     10	30003
      1	30012
      2	30023
      1	30035
      3	30048
      1	30054
      3	30056
      3	30066
      5	30070
      6	30097
      1	30103
      6	30131
      1	30134
      1	30150
      1	30161
      1	30201
      3	30203
      2	30206
      2	30245
      1	30246
      1	30254
      5	30307
      1	30313
      3	30354
      1	30355
      1	30364
      1	30365
      2	30388
      1	30397
      5	30404
     13	30455
      4	30460
      5	30462
      5	30484
      1	30546
      1	30585
      6	30591
      2	30599
      6	30604
      1	30658
      3	30678
      1	30693
      1	30707
      1	30735
      2	30739
      2	30756
      2	30778
      1	30790
      3	30820
      1	30843
      2	30850
      1	30857
      2	30865
      1	30882
      1	30886
      2	30893
      1	30903
      2	30909
      1	30912
      1	30913
      2	30916
      1	30921
      2	30946
      2	30990
      6	31011
      1	31012
      1	31013
      1	31026
      4	31043
      9	31051
      1	31062
      3	31069
      1	31079
      1	31088
      2	31093
      1	31113
      2	31160
     20	31174
      7	31185
      1	31196
      5	31203
      1	31214
      1	31219
      1	31251
      1	31279
     20	31280
      2	31303
      2	31313
      1	31319
     14	31330
      1	31344
      1	31350
      1	31355
      5	31360
      1	31369
      1	31376
      1	31395
      4	31431
     11	31453
      1	31481
      1	31482
      1	31490
      3	31515
      8	31522
      2	31544
      1	31561
      4	31562
      1	31578
      1	31585
      1	31599
      1	31606
      1	31616
      1	31634
      2	31642
      2	31653
      1	31660
     13	31664
      4	31672
      1	31685
      1	31697
      3	31728
      2	31797
      2	31803
      1	31815
      2	31841
      1	31867
      4	31871
      5	31895
      5	31901
      1	31903
      2	31911
      5	31947
      1	31949
      2	31954
      4	31966
      1	32009
     28	32030
      3	32045
      1	32055
      1	32079
      3	32097
      2	32114
      3	32127
      1	32147
      1	32154
      1	32157
      2	32177
      1	32190
      2	32191
      2	32211
      1	32224
      1	32230
      3	32252
      1	32264
      8	32271
      1	32272
     16	32288
      4	32310
      2	32333
      1	32337
      3	32343
      5	32358
      1	32382
     44	32389
      4	32398
      1	32424
      2	32425
      1	32441
      2	32454
      2	32475
      2	32487
      1	32488
      3	32509
      1	32510
      2	32512
      1	32513
      1	32523
     10	32568
      1	32580
      6	32622
      1	32631
      2	32652
      1	32654
      6	32657
      3	32673
      1	32675
      1	32679
      2	32717
      1	32720
      2	32737
      1	32743
      1	32750
      3	32761
      1	32770
      1	32782
      1	32808
      1	32809
      1	32814
      1	32822
      2	32825
      1	32864
      1	32886
      1	32899
      1	32905
      1	32918
      3	32926
      8	32934
      4	32944
      1	32967
      3	32971
      4	32978
      3	32991
      1	32993
      1	33013
      1	33014
      2	33039
      1	33051
      1	33052
      2	33055
      4	33059
      5	33064
      2	33079
      1	33080
      3	33082
      1	33098
      6	33100
      1	33102
      2	33113
      2	33119
      2	33126
      1	33129
      2	33178
      2	33180
      1	33186
      1	33201
      2	33203
      1	33204
     91	33221
      1	33237
      1	33256
      4	33260
      2	33263
      1	33268
      1	33272
      3	33289
      4	33318
     15	33329
     12	33332
      2	33338
      1	33367
      1	33386
      3	33419
      1	33439
      4	33449
      3	33459
      4	33476
      7	33484
      1	33500
      1	33510
      2	33514
     16	33520
      1	33522
      1	33562
      2	33580
      4	33595
      2	33607
      1	33619
      1	33645
      1	33669
      6	33684
      1	33694
      3	33719
      2	33750
      1	33758
      6	33759
      4	33767
      1	33771
      2	33778
      2	33812
      2	33814
      1	33825
      1	33832
      2	33863
      1	33866
      5	33871
      1	33874
      5	33885
      1	33889
     10	33925
      1	33932
      1	33960
      3	33965
      1	33986
      1	34002
      3	34024
      1	34043
      6	34063
      1	34082
      1	34084
     50	34098
     27	34104
      3	34129
      2	34137
      1	34150
      3	34151
      1	34160
      1	34190
      1	34254
      4	34257
      1	34260
      2	34263
      2	34264
      1	34265
      3	34277
      1	34286
      1	34303
      2	34321
      1	34323
      1	34331
      1	34348
      5	34356
      2	34378
      4	34383
      1	34395
      4	34398
      1	34414
      1	34432
      8	34434
      1	34439
      4	34443
      1	34481
      5	34486
     10	34503
     11	34516
      1	34536
      1	34538
      3	34541
      1	34555
      1	34590
      5	34592
      1	34608
      1	34610
      1	34621
      3	34680
      2	34740
      1	34743
      1	34750
      1	34753
      7	34763
      1	34773
      1	34776
     11	34778
      1	34780
      1	34797
      1	34810
      2	34820
      4	34832
      1	34833
      1	34834
      1	34865
      1	34868
      2	34903
      5	34916
      2	34925
      3	34928
      4	34943
      1	35002
      1	35036
      2	35051
      1	35095
     12	35096
      2	35109
      7	35119
      5	35120
      1	35150
      7	35168
      1	35183
      6	35189
      1	35193
      1	35197
      2	35212
     11	35220
      1	35222
      1	35223
      5	35232
      2	35247
      2	35266
      1	35284
      3	35310
      2	35311
      1	35317
      7	35336
      1	35344
      3	35352
      1	35376
      2	35378
      1	35380
      1	35381
      2	35401
      1	35441
      2	35443
      2	35449
      2	35453
     26	35488
     24	35496
      4	35521
      1	35528
      1	35542
      2	35593
      1	35594
      2	35597
      1	35601
      1	35613
      2	35616
      1	35622
      1	35644
      1	35647
      1	35649
      1	35650
      1	35705
     16	35708
      1	35714
      1	35731
      1	35764
      3	35782
      1	35792
      2	35809
      5	35818
      3	35833
      1	35834
      5	35874
      1	35886
      1	35898
      1	35928
     12	35949
      2	35954
      2	35993
      2	35996
     28	36015
      1	36033
      4	36052
      2	36069
      4	36073
      2	36111
      2	36123
      2	36124
      2	36129
     10	36149
      1	36174
     22	36212
      7	36213
      1	36222
      2	36230
      5	36232
      1	36234
      1	36256
      2	36271
      1	36300
      1	36312
      1	36329
      1	36334
      1	36336
     10	36346
      1	36347
      1	36350
      2	36354
      1	36368
      1	36388
      1	36395
      1	36423
      6	36428
      1	36431
      1	36477
      3	36494
      1	36524
      2	36532
      1	36559
      1	36580
      1	36587
      1	36600
      5	36611
      1	36614
      1	36619
      2	36629
      1	36651
      1	36652
      1	36670
      5	36690
      2	36697
      2	36703
      1	36720
      1	36747
      1	36750
      2	36770
      1	36775
      3	36777
     19	36778
      4	36804
      4	36819
      1	36836
      1	36846
      8	36850
      3	36860
      1	36870
      2	36887
      4	36893
      3	36919
      4	36922
      2	36928
      1	36960
      2	36979
      1	36990
      1	37006
      1	37020
      6	37026
      1	37031
      1	37032
      4	37035
      1	37063
      1	37077
      1	37080
      6	37108
      2	37117
      2	37126
      1	37129
      1	37139
      1	37150
      1	37158
      1	37168
      1	37211
      1	37213
      1	37215
      1	37233
      8	37243
      2	37247
      2	37250
      4	37252
      1	37253
      6	37265
      1	37268
      1	37275
      2	37277
      1	37282
      1	37291
      1	37297
      1	37305
      1	37307
      3	37310
      1	37329
      4	37331
      1	37341
      1	37350
      2	37361
      2	37369
      6	37372
      2	37387
      1	37389
      2	37393
      1	37403
      9	37407
      3	37449
      1	37460
      1	37464
      5	37474
      2	37511
      1	37530
      1	37544
      1	37601
      1	37610
      1	37611
      9	37623
      1	37634
      3	37640
      1	37649
      1	37658
      4	37683
      1	37724
      1	37726
      3	37731
      1	37758
      1	37769
      1	37789
      2	37804
      3	37812
      1	37814
      1	37817
      1	37819
      1	37825
      1	37828
      3	37839
      2	37854
      2	37855
      3	37885
      6	37908
      1	37909
      2	37925
      1	37967
      4	37972
      1	37983
      2	37998
      4	38005
      4	38034
      1	38039
      5	38054
      2	38055
      1	38065
      6	38084
      1	38085
      1	38100
      3	38102
      2	38184
      1	38194
      2	38196
      1	38199
      2	38226
      2	38238
      1	38265
      1	38272
      2	38316
      2	38322
      2	38333
      1	38348
      1	38380
      1	38439
      2	38461
      1	38495
      1	38512
      8	38571
      3	38627
      2	38636
      1	38650
     11	38654
      1	38664
      1	38665
      1	38716
      8	38738
     23	38785
      1	38801
      6	38817
      1	38859
      2	38897
      2	38903
      1	38909
      1	38912
      1	38939
      4	38952
      1	38973
      1	38997
      1	39003
      1	39010
      3	39015
     12	39024
      1	39070
      1	39072
      1	39102
      1	39106
      1	39109
      5	39124
      8	39126
      1	39158
      1	39176
      1	39189
      2	39196
     14	39200
      1	39205
      6	39227
      1	39263
      1	39266
      1	39269
      1	39272
      5	39277
      4	39283
      1	39286
      3	39348
      2	39361
      1	39364
      2	39372
      3	39391
      1	39406
      1	39416
      1	39460
      1	39483
      3	39492
      1	39502
     13	39519
      3	39525
      5	39530
      1	39561
      2	39574
      1	39577
      1	39589
      2	39601
      1	39616
      1	39626
      1	39638
      1	39672
      4	39702
      2	39705
      1	39727
      1	39736
      8	39746
      1	39773
      5	39775
      2	39781
      1	39785
      1	39790
     10	39804
      1	39807
      2	39842
      2	39862
      1	39871
      1	39877
      1	39886
      1	39888
      2	39896
      1	39902
      4	39920
      1	39923
      1	39938
      3	39940
      1	39950
      2	40011
      4	40013
      1	40047
      1	40058
      3	40075
      4	40104
      5	40119
      3	40120
      7	40133
      3	40137
      3	40161
      1	40179
      1	40188
      1	40198
      5	40230
      1	40233
      1	40244
      1	40252
      1	40261
      2	40286
     22	40313
      3	40314
      8	40350
      2	40362
      1	40375
      1	40376
      1	40401
      1	40407
      2	40412
      2	40420
      4	40429
      1	40432
      1	40437
      3	40462
      1	40486
      1	40522
      1	40528
      1	40533
      1	40540
      1	40550
      1	40554
      3	40587
      1	40611
      1	40616
      4	40624
      7	40629
      1	40635
      3	40637
      1	40639
      2	40705
      1	40721
      1	40726
      2	40732
      6	40742
      2	40762
      1	40821
      3	40830
      1	40843
      3	40846
      1	40865
      4	40869
      4	40899
      2	40905
      6	40933
      1	40938
      1	40948
      1	40953
      7	40991
      1	41003
      2	41011
      4	41014
      1	41021
      1	41023
      1	41043
      1	41052
      1	41056
      1	41110
     13	41133
      1	41154
      1	41157
     31	41159
      1	41185
      1	41213
      1	41216
      1	41245
      7	41249
      3	41254
      1	41255
      1	41298
      1	41299
      1	41311
      9	41319
      2	41333
      1	41339
      1	41350
      1	41355
      1	41372
      1	41396
      2	41427
      1	41439
      4	41443
      2	41448
      2	41460
      1	41477
     10	41478
      1	41479
      1	41502
      1	41506
      3	41509
      4	41577
      1	41601
      2	41602
      1	41619
     13	41622
      1	41623
      2	41632
      1	41637
      1	41640
      1	41642
      1	41668
      1	41676
      8	41692
      1	41699
      4	41701
      3	41714
      1	41718
      1	41749
      1	41755
      1	41756
      2	41759
     21	41774
      7	41782
      3	41798
      1	41852
      1	41853
      1	41861
      1	41865
      8	41871
      2	41879
      4	41882
      4	41923
      2	41927
      1	41931
      4	41952
      1	41958
      1	41978
      1	41982
      1	41988
      1	41992
      1	41997
      1	42015
     54	42036
      1	42041
      1	42043
      1	42063
      1	42085
      5	42098
     13	42107
      2	42143
      7	42163
      1	42166
      1	42168
      1	42183
      1	42192
      4	42215
      1	42224
      1	42228
      1	42230
      1	42251
      5	42256
      1	42262
      1	42268
      1	42282
      7	42324
      1	42328
      5	42344
      1	42354
      2	42357
      1	42398
      3	42407
     12	42408
      1	42433
      3	42454
      4	42457
      3	42470
      2	42479
      1	42489
      6	42491
      1	42493
      2	42517
      1	42519
      2	42529
      9	42540
      2	42548
      7	42575
      1	42579
      3	42581
      2	42582
      1	42595
      2	42599
      3	42637
      1	42651
      2	42661
      4	42695
      2	42696
      4	42723
      1	42733
      1	42739
      6	42748
      1	42755
      1	42772
      1	42792
      2	42864
      2	42876
      1	42878
      9	42888
      1	42910
      1	42915
      1	42925
      1	42967
      7	43006
      2	43030
      1	43053
      1	43057
      2	43066
      1	43069
      1	43072
     29	43102
      1	43106
      1	43109
      3	43117
      7	43146
      1	43163
      1	43168
      5	43176
      1	43204
      2	43234
      1	43240
      1	43247
      1	43255
      1	43267
      1	43271
     10	43286
      1	43288
      2	43297
     12	43300
      1	43326
      2	43336
      1	43355
      1	43359
      3	43360
      8	43385
      1	43397
      1	43408
      2	43417
      1	43421
      2	43445
      1	43463
      1	43472
      1	43503
      3	43518
      2	43524
      1	43528
      6	43536
     11	43541
      1	43543
      1	43549
      1	43550
      1	43564
      1	43606
      1	43611
      4	43616
      4	43624
     13	43626
      1	43640
      1	43643
      1	43659
      1	43679
      1	43687
      1	43691
      2	43693
      1	43699
      9	43700
      1	43706
      1	43719
      1	43730
      1	43733
      1	43751
      1	43752
      6	43763
      1	43811
      2	43817
      1	43819
      2	43832
      1	43849
      1	43910
      1	43930
      1	43933
      1	43953
      2	43961
      5	43989
      4	43994
      1	43997
      4	44012
      1	44022
      1	44029
      1	44046
      5	44047
      1	44072
      1	44112
      1	44113
      5	44144
      1	44171
      1	44176
      1	44183
      1	44189
      5	44195
      2	44197
      1	44222
      1	44236
      1	44238
      1	44242
      2	44246
      1	44315
      1	44320
      1	44329
      1	44330
      2	44343
      2	44345
      1	44380
      1	44410
      3	44432
      2	44440
      1	44457
      1	44481
      1	44482
      1	44487
      1	44520
      6	44530
      1	44548
      2	44569
      1	44572
      2	44587
      1	44619
      3	44636
      4	44643
      1	44644
      1	44651
      1	44657
      1	44675
      3	44682
      2	44694
      1	44702
      1	44714
      1	44715
      1	44716
      1	44737
     11	44741
      2	44750
      1	44758
      1	44759
      3	44761
      2	44770
      2	44800
      2	44813
      2	44833
      1	44838
      1	44843
      1	44884
      1	44885
      3	44905
      2	44911
      6	44930
      1	44951
      1	44972
      1	44982
      2	45031
      1	45043
      1	45048
      3	45051
      2	45056
      3	45062
      2	45088
      2	45089
      1	45133
      1	45135
      1	45148
      1	45152
      1	45160
      1	45162
      4	45178
      9	45180
      2	45188
      2	45217
      5	45228
      3	45251
      4	45263
      1	45266
      1	45287
      1	45310
      2	45315
      4	45317
      1	45345
      1	45349
      3	45359
      1	45383
      2	45390
      1	45391
      7	45393
      4	45449
      1	45455
      1	45464
      1	45485
      5	45490
      6	45506
      3	45509
      1	45517
      1	45527
      1	45542
      1	45557
      2	45571
      1	45577
     12	45590
      1	45597
      1	45602
      2	45603
      2	45608
      2	45620
      1	45635
      2	45642
      2	45643
      2	45647
      1	45660
      1	45663
      4	45665
      1	45724
      1	45753
      1	45767
      2	45772
      2	45775
      4	45776
      1	45828
      1	45830
      1	45835
      1	45852
      1	45874
      1	45877
      5	45911
     10	45916
      1	45920
     34	45930
      6	45935
      1	45942
      1	45951
      4	45961
      1	45962
      1	45981
      1	46047
      2	46075
      1	46076
      2	46077
      1	46094
      1	46102
      1	46105
      1	46113
      1	46118
      1	46137
      1	46151
      1	46180
      1	46183
      2	46184
      1	46232
      2	46236
      2	46260
      4	46263
      1	46274
      7	46302
      1	46352
      3	46353
      2	46376
      1	46383
      1	46417
      1	46421
      1	46435
      1	46436
      1	46444
      1	46461
      1	46474
      5	46484
      1	46498
      1	46509
      1	46511
      1	46525
      1	46558
      2	46567
      1	46574
      2	46582
      1	46592
      1	46595
      1	46607
      3	46608
      1	46616
      7	46637
      1	46642
      3	46645
      1	46676
      1	46703
      1	46718
      1	46724
      5	46745
      2	46776
      5	46782
      1	46848
      1	46849
      1	46857
      1	46884
      1	46900
      1	46914
      2	46921
     41	46929
      1	46931
      2	46955
      3	46963
      1	46965
      1	46984
      6	46990
      1	47015
      1	47038
      2	47048
      2	47053
      2	47060
      4	47062
      5	47072
      2	47099
     28	47102
      1	47103
    393	47124
      5	47126
      1	47170
      2	47183
      1	47248
      2	47250
      1	47258
      4	47294
      4	47311
      1	47315
      1	47320
     13	47323
      1	47351
      1	47360
      1	47376
      2	47380
      1	47410
      9	47432
      2	47443
      1	47444
      1	47457
      3	47461
      1	47499
      1	47522
      2	47531
     16	47540
      5	47640
      9	47668
      1	47675
      1	47677
      5	47693
      3	47713
      2	47721
      3	47731
      2	47756
      4	47771
      4	47824
      1	47847
      1	47851
      2	47883
      3	47893
      6	47905
     13	47910
      5	47952
      1	47958
      4	47968
      1	47981
      3	47985
      1	47994
      1	47995
      1	48002
      1	48011
      1	48013
      2	48019
      2	48027
      1	48038
      2	48092
      2	48095
     12	48111
      1	48129
      1	48134
      4	48158
      2	48164
      2	48168
     14	48169
      1	48181
      1	48195
      2	48198
      3	48266
      2	48272
      1	48292
      1	48312
      1	48326
      1	48351
      1	48373
      1	48404
      5	48408
      2	48413
      1	48439
      1	48490
      1	48497
      1	48505
      4	48526
      1	48527
      1	48553
      1	48577
      1	48599
      1	48605
      2	48694
     13	48727
      1	48729
      6	48750
      1	48764
      1	48776
      1	48818
      1	48822
      2	48832
      1	48846
      1	48849
      1	48852
      1	48865
      1	48879
      4	48889
      1	48897
      1	48918
      1	48921
     14	48925
      2	48939
      1	48943
      1	48949
      1	48992
      1	48993
      1	49009
      2	49013
      2	49071
      2	49083
      1	49090
      3	49094
      2	49104
      1	49114
      1	49123
      1	49191
      1	49209
      1	49212
      1	49221
      2	49236
      2	49268
     48	49305
      1	49327
      1	49329
      2	49330
      1	49332
      1	49339
      4	49342
      1	49344
      4	49345
      1	49349
      1	49376
      4	49397
      1	49411
      5	49416
      5	49426
      5	49427
      1	49428
      4	49441
      1	49442
      2	49453
      1	49474
      1	49484
      2	49499
      2	49510
      1	49525
      1	49528
      1	49532
      1	49536
      1	49551
      4	49566
      1	49567
      1	49645
     13	49650
      1	49652
      5	49667
      1	49687
      1	49693
      9	49696
      2	49708
      1	49744
      1	49753
      2	49757
      2	49758
      1	49815
      1	49816
      1	49847
      2	49855
      1	49884
      1	49885
      1	49905
      1	49936
      1	49942
      4	49956
     10	49962
      4	49968
      1	49999
      2	50005
      1	50044
      4	50068
      2	50086
      4	50109
      1	50124
      1	50137
      1	50157
      1	50186
      5	50211
      2	50216
      2	50217
      1	50229
      1	50283
      1	50290
      1	50338
      4	50339
      1	50351
      1	50371
      1	50377
      1	50384
      1	50407
      1	50427
     18	50442
      3	50453
      3	50456
      1	50465
      1	50483
     18	50522
      4	50526
      1	50541
      2	50544
      3	50546
      4	50554
      1	50557
      3	50573
      1	50578
      2	50660
      1	50662
      2	50690
      1	50693
      2	50727
      2	50731
      2	50733
      2	50748
      1	50810
      1	50820
      3	50839
      2	50844
     10	50862
      2	50866
      2	50879
      1	50881
      1	50930
      7	50934
      1	50943
      6	50983
      1	50992
      5	51002
      4	51026
      1	51047
      2	51052
      1	51070
      1	51102
      1	51151
      3	51167
      2	51169
      4	51175
     10	51179
     11	51243
      2	51262
      4	51303
      1	51315
      6	51321
      1	51334
      1	51369
      1	51370
      3	51373
      1	51409
      2	51423
      1	51440
      1	51449
      1	51478
      1	51482
     13	51513
      1	51515
      3	51519
      2	51530
      3	51532
      7	51534
      1	51537
      1	51541
      1	51549
      2	51578
      5	51609
      1	51622
      1	51645
      1	51646
     10	51662
      1	51668
      1	51688
      1	51700
      7	51708
      7	51716
      1	51718
      2	51726
      1	51731
      1	51739
      1	51744
      2	51749
      1	51804
      1	51810
      1	51813
      2	51822
      2	51824
      1	51826
      1	51886
      1	51890
      1	51895
      7	51913
      1	51940
      2	51941
      1	51944
      2	51946
      6	51959
      4	52062
      4	52069
      1	52082
      1	52099
      1	52115
      1	52119
      3	52145
      1	52156
      1	52175
      1	52182
      1	52243
      2	52271
      1	52304
      1	52305
      3	52311
      1	52317
      1	52323
      1	52345
      1	52388
      3	52394
      1	52398
      1	52414
      5	52421
      1	52425
      2	52444
      1	52453
      2	52483
      1	52498
      4	52522
      2	52532
      1	52561
      1	52563
      4	52577
      2	52587
      1	52620
      1	52633
      3	52640
      2	52652
      1	52655
      1	52679
      3	52685
     15	52686
      4	52700
     17	52733
      1	52780
      4	52792
      2	52797
      1	52819
      1	52824
      2	52851
     14	52888
      1	52892
      1	52913
      2	52921
      1	52924
      1	52945
      1	52961
      2	52966
      2	52973
      1	52996
      1	53042
      4	53053
     19	53071
      2	53151
     11	53154
      1	53195
      2	53237
      3	53243
      5	53271
      4	53276
      7	53283
      2	53284
      1	53288
      1	53293
      1	53301
      1	53338
      3	53357
     21	53358
      1	53390
      4	53398
      1	53401
      6	53408
      3	53418
      1	53423
      1	53440
      4	53443
      1	53450
      1	53455
      1	53460
      1	53466
      1	53470
      1	53472
      3	53490
      1	53494
      1	53502
      1	53557
     10	53568
      6	53592
      4	53608
      1	53619
      3	53624
      1	53659
      1	53668
      3	53689
     25	53692
      1	53693
      1	53708
      3	53711
      1	53718
      1	53729
      1	53732
      4	53744
      1	53745
      2	53770
      1	53778
      1	53801
      2	53819
      3	53832
      1	53846
      1	53855
      1	53875
     18	53882
      4	53902
      2	53918
      7	53945
      1	53964
      2	53975
      1	53984
      1	54050
      1	54055
      1	54058
      1	54073
      3	54120
      4	54124
      3	54154
      2	54182
     76	54191
      1	54212
      1	54227
      4	54230
      1	54237
      2	54256
      3	54263
      2	54304
      1	54321
      1	54362
      1	54394
      1	54403
      1	54422
      1	54425
      6	54460
      2	54493
      1	54510
      1	54521
      1	54526
      1	54530
      2	54557
      1	54559
      1	54564
      2	54592
      1	54601
      1	54605
      1	54622
      1	54631
      1	54636
      1	54639
      1	54662
      1	54672
      1	54675
      2	54679
      1	54687
      8	54696
      1	54712
      1	54745
      2	54747
      2	54761
      1	54777
      4	54784
      3	54786
      1	54807
      1	54867
      7	54883
      1	54922
      1	54923
      1	54926
      6	54927
      1	54948
      1	54950
      1	54978
      2	54979
      1	54980
     18	54984
      2	54995
      3	55043
     22	55045
     14	55054
      1	55064
      2	55072
      2	55073
      1	55079
      2	55082
      2	55084
      2	55093
      1	55097
      1	55098
      3	55148
      1	55150
      2	55158
      1	55168
      1	55179
      2	55207
      1	55215
      1	55219
      4	55233
      1	55268
      1	55276
     27	55279
      2	55283
      4	55287
      4	55299
      2	55306
      1	55308
      1	55314
      1	55360
      1	55376
      1	55401
      2	55415
      1	55429
      1	55444
      2	55452
      1	55453
      3	55477
    185	55486
      1	55497
      4	55508
      1	55517
      2	55525
      1	55528
      4	55544
      1	55554
      1	55563
     25	55572
      3	55584
      2	55592
      1	55609
      2	55614
      1	55623
      2	55646
      5	55650
     16	55672
      1	55726
      1	55779
      2	55789
      1	55798
      6	55813
      1	55821
      1	55824
      2	55828
      1	55842
      2	55853
      2	55854
      7	55855
      1	55875
      1	55890
      2	55899
      1	55910
      4	55912
      4	55914
      1	55918
      8	55983
      2	56001
      4	56010
      5	56027
      1	56035
      1	56039
      3	56074
      1	56075
      1	56086
      1	56103
      3	56113
      1	56129
     10	56139
      1	56152
      1	56163
      5	56171
      8	56178
      6	56196
      4	56202
      2	56225
      2	56237
      4	56258
      1	56264
      1	56265
      1	56266
      1	56281
      1	56310
      1	56313
      1	56363
      1	56385
      3	56396
      4	56399
      1	56410
      3	56450
      5	56484
      1	56485
      1	56486
      1	56494
      4	56502
      2	56519
      3	56524
      3	56556
      1	56604
      1	56625
      1	56667
      1	56670
      2	56693
      2	56702
      2	56715
      2	56720
      1	56730
      1	56733
      6	56768
      1	56776
      1	56810
      4	56823
      1	56868
      1	56902
      4	56907
      1	56923
      3	56935
      1	56947
      1	56952
      1	56953
      1	56954
      1	56956
      1	56978
      2	56991
      1	57002
      1	57027
      5	57041
      1	57076
      2	57085
      1	57109
      1	57119
      1	57130
      1	57133
     15	57144
      1	57165
      3	57203
      3	57207
      1	57212
      2	57218
      3	57222
      1	57261
      1	57274
      1	57283
      3	57332
      1	57334
      2	57356
      1	57362
      1	57366
      2	57367
      1	57376
      8	57384
      1	57393
      1	57395
      1	57402
      1	57419
      3	57424
      5	57428
      2	57442
      1	57448
      3	57467
      2	57481
      1	57492
      2	57552
      1	57554
      2	57558
      1	57566
      1	57567
      9	57574
      1	57582
      1	57589
      1	57624
      1	57627
      1	57629
     18	57634
      4	57663
      5	57703
      2	57708
      1	57711
      2	57727
      1	57730
      1	57735
      4	57745
      1	57757
      1	57780
      1	57823
      2	57842
      2	57870
      2	57877
      1	57892
      1	57900
      1	57916
      6	57921
      6	57943
      1	57944
      1	57974
      1	57978
      5	58009
      3	58010
      1	58012
      1	58034
      1	58041
      1	58062
      4	58099
      8	58112
      6	58154
     13	58155
      1	58207
      5	58209
      3	58212
      1	58222
      1	58260
      4	58288
      1	58299
      1	58302
      8	58308
      1	58314
      5	58320
      1	58323
      4	58347
      2	58360
      1	58371
      1	58383
      1	58406
      1	58408
      3	58413
      2	58423
      1	58425
      1	58431
      1	58434
      1	58457
      2	58459
      1	58460
      2	58470
      2	58479
      2	58483
      1	58494
     43	58500
      1	58517
      1	58525
      2	58548
      1	58580
      2	58617
      1	58649
      3	58655
      5	58656
      1	58688
      1	58692
      1	58716
      1	58732
      1	58737
      2	58746
      1	58747
      1	58753
      5	58769
      2	58783
      1	58787
      1	58790
      1	58797
      4	58798
      2	58812
      1	58815
      1	58828
      1	58843
     68	58845
      2	58872
      1	58886
      1	58887
      6	58913
      1	58930
      2	58934
      1	58953
      1	58958
      1	58968
      1	58997
      1	59002
      3	59014
      8	59034
      1	59060
      1	59086
      4	59097
      2	59102
      1	59118
      1	59123
      1	59135
      2	59140
      2	59160
      4	59163
      2	59194
      4	59202
      5	59204
      1	59209
     57	59222
      2	59241
      3	59252
      1	59261
      4	59279
      2	59304
      2	59324
      1	59340
      1	59345
     13	59370
      1	59411
      2	59417
     86	59423
      1	59438
      1	59471
      1	59478
      2	59481
      2	59509
      1	59527
      1	59536
      1	59548
      2	59582
      1	59593
      6	59618
      1	59654
      2	59660
      1	59674
      3	59677
      2	59679
      2	59707
      6	59718
      4	59720
      1	59729
      3	59730
      1	59740
      2	59759
      1	59797
      1	59808
      1	59809
      8	59811
      4	59827
      5	59837
      1	59840
      1	59884
      1	59903
      5	59911
      1	59915
      2	59970
      1	60051
      2	60058
      1	60065
      4	60095
      1	60097
      4	60127
      1	60149
      2	60153
      1	60156
      1	60160
      2	60173
      3	60191
      1	60216
      1	60224
      4	60226
      1	60260
      2	60268
      1	60283
      1	60313
      4	60327
      1	60338
      5	60345
      1	60380
      2	60390
      1	60427
      1	60434
      1	60443
      5	60448
     53	60457
      1	60465
      5	60489
      2	60490
      1	60501
      4	60531
      4	60555
      1	60558
      3	60605
      2	60646
     15	60656
      9	60664
      1	60700
      1	60719
      1	60738
      1	60744
      4	60753
      1	60784
      6	60796
      1	60803
      3	60814
      1	60822
      2	60852
      1	60853
      2	60864
      1	60876
      2	60910
      2	60914
      1	60915
      1	60922
      1	60932
     10	60935
      2	60978
      3	60984
      3	60992
      1	61000
      5	61009
      1	61019
      1	61032
      6	61073
      1	61091
      3	61101
      2	61107
      1	61109
      1	61119
      1	61121
      1	61129
      5	61132
      1	61147
      1	61152
      1	61165
      3	61180
      2	61191
      1	61207
      3	61220
      4	61227
     17	61232
      1	61234
     17	61261
      1	61267
      1	61300
      1	61310
      1	61312
      3	61322
      2	61340
      2	61362
      6	61377
      2	61382
      1	61388
      4	61396
      1	61409
      2	61472
      1	61494
      1	61507
      1	61516
      1	61530
      1	61531
      3	61548
      2	61584
     23	61598
      3	61602
      1	61605
      1	61614
      1	61628
      1	61664
      1	61665
      1	61668
      1	61679
      2	61683
      5	61699
      1	61700
      1	61703
      1	61748
     23	61753
      1	61758
      1	61763
      4	61771
      4	61774
      1	61785
      1	61789
      1	61809
      1	61812
      1	61836
      1	61904
      5	61910
      1	61912
      2	61922
      3	61934
      1	61963
      2	61973
      1	61981
      1	61997
      8	62007
      1	62017
      1	62040
      1	62048
      2	62073
      2	62094
     80	62107
      1	62119
      1	62123
      1	62134
      1	62158
      2	62174
      1	62183
      1	62189
      1	62194
      1	62217
      1	62218
      4	62232
      3	62236
      3	62238
      1	62270
      1	62296
      8	62298
      2	62303
      1	62311
      1	62328
      3	62336
      1	62345
      1	62364
      1	62396
      1	62400
      2	62428
      1	62444
      2	62446
      1	62467
     14	62503
      5	62527
      2	62530
      1	62537
      2	62560
      1	62591
      1	62607
      3	62608
      4	62631
      1	62645
      2	62659
      1	62680
      1	62681
      1	62703
      2	62704
      1	62711
     11	62730
     37	62754
      5	62756
      1	62759
      6	62763
      1	62788
      1	62849
      1	62853
      4	62860
      4	62867
      1	62872
      1	62875
      1	62879
      1	62893
     12	62930
      1	62936
      1	62961
     22	62964
      1	62980
      3	63013
     10	63022
      1	63043
      1	63047
      1	63101
      3	63112
      2	63120
      3	63173
      1	63189
      5	63197
      4	63204
      1	63220
      2	63231
      4	63247
      1	63249
      1	63251
      1	63267
      1	63274
     10	63315
      3	63317
      1	63337
      1	63348
      1	63384
      1	63430
      4	63440
      1	63454
      1	63464
      1	63480
      4	63519
      1	63554
     22	63565
      1	63580
      2	63581
     23	63585
      2	63586
      3	63603
      2	63630
      2	63642
      1	63656
      9	63657
      2	63661
      1	63680
      3	63706
      1	63727
      1	63743
      2	63754
      1	63771
      1	63773
      1	63778
      4	63792
      2	63796
      1	63807
      1	63817
      1	63827
      1	63847
      1	63862
      1	63898
      2	63900
      1	63907
      2	63914
      2	63935
      1	63962
      1	63987
     26	63999
      1	64008
      4	64020
     60	64065
      1	64066
      1	64073
      1	64086
      1	64102
      1	64106
      1	64142
      4	64145
      3	64146
      3	64152
     10	64170
      4	64174
      1	64208
      1	64271
      1	64281
      1	64283
      1	64286
      1	64291
      1	64304
      2	64321
      2	64322
      1	64334
      1	64403
      1	64458
      5	64465
      2	64486
      1	64502
      1	64513
      1	64515
      1	64522
      3	64526
      4	64531
      2	64543
      1	64545
      1	64563
      1	64578
      4	64585
      1	64592
      1	64597
      2	64624
      2	64627
      1	64637
      1	64641
      1	64657
     16	64670
      1	64671
     13	64682
      1	64699
      1	64702
      2	64705
      2	64706
      1	64726
      1	64738
      2	64757
     10	64760
      1	64764
      2	64788
      2	64797
      1	64807
      2	64809
      2	64814
      1	64816
      1	64821
      7	64829
      6	64851
      1	64884
      3	64927
     29	64942
      6	64953
     41	64963
      1	64965
      2	64966
      4	64968
      1	64975
      1	65002
      2	65010
      1	65011
      7	65032
      1	65039
      1	65040
      1	65051
      2	65067
      1	65099
      1	65109
      1	65149
      1	65150
      9	65160
      1	65164
      1	65179
      1	65199
      1	65201
      1	65206
      4	65215
      4	65230
      3	65256
      2	65259
      2	65289
      3	65290
      8	65296
      5	65324
      4	65328
      1	65338
      1	65371
      2	65384
      3	65408
      1	65412
      1	65427
      1	65443
      1	65444
      1	65453
      3	65458
      2	65461
      1	65462
      2	65465
      6	65466
      1	65469
      1	65483
      7	65489
      9	65492
      1	65506
      2	65529
      1	65534
