      2	1445
      1	1497
      1	1882
      2	2683
      1	3958
      1	4055
      1	4106
      1	4652
      1	5358
      1	5475
      1	5823
      1	6197
      1	6366
      1	6575
      1	6924
      1	7403
      1	7801
      1	7970
      1	8141
      2	8281
      1	8407
      1	8667
      1	9562
      1	9621
      1	9915
      1	10507
      1	10724
      1	11103
      1	12163
      1	12227
      2	12569
      1	12572
      1	12680
      1	12704
      2	12708
      1	12816
      1	12860
      1	13055
      1	13180
      1	13238
      1	13525
      1	13787
      2	14053
      1	14171
      1	14335
      1	14365
      1	15433
      1	15479
      1	16278
      1	16561
      1	16862
      3	17338
      1	17343
      1	17362
      1	17668
      1	17771
      1	17773
      1	17824
      1	18498
      1	18605
      1	19713
      1	20003
      1	20315
      1	20323
      1	20414
      1	20422
      1	20837
      1	20922
      1	21340
      1	21378
      1	21652
      1	21693
      1	21833
      1	22010
      1	22365
      3	22447
      1	22577
      1	22866
      1	23168
      3	23577
      1	23720
      1	23983
      1	24067
      1	24106
      1	24817
      1	25090
      1	25482
      1	25685
      1	25689
      1	25803
      2	25810
      1	25837
      1	25899
      1	26017
      1	26097
      2	26246
      1	26458
      1	26525
      1	26798
      1	27257
      1	27443
      1	27501
      1	27701
      2	27726
      5	27773
      1	27880
      1	27951
      1	28106
      1	28349
      1	28365
      1	28520
      1	28817
      1	29040
      1	29202
      1	29257
      1	29516
      1	29781
      1	30151
      1	30213
      1	30360
      1	30595
      1	30824
      2	30964
      1	31059
      1	31356
      1	31703
      2	31943
      2	31983
      1	32032
      1	32148
      1	32279
      1	32662
      1	32674
      1	32683
      1	33027
      1	33682
      1	34165
      1	34531
      1	34945
      1	35000
      1	35008
      1	35062
      1	35224
      1	35237
      1	35319
      1	35379
      1	35625
      1	35928
      2	35949
      1	36007
      1	36482
      1	37355
      1	37387
      1	37416
      1	37490
      1	37617
      1	37685
      1	37883
      1	37895
      1	37966
      1	38347
      1	38439
      1	38652
      1	39159
      2	39460
      1	39612
      1	39702
      1	40209
      1	40648
      1	40952
      1	41027
      1	41080
      1	41188
      1	41297
      1	41478
      3	41582
      1	41768
      1	41848
      1	42010
      1	42369
      1	42372
      1	42691
      1	42842
      1	43148
      1	43238
      1	43329
      1	44088
      1	44256
      1	44572
      1	44691
      1	44798
      1	44896
      2	44959
      1	45135
      1	45683
      1	45897
      1	45943
      1	46019
      1	46221
      1	46417
      1	46418
      1	46733
      1	47012
      1	47229
      1	47311
      1	47985
      1	48139
      1	48247
      1	48337
      1	48413
      1	48651
      2	48794
      1	49180
      1	49200
      1	49722
      1	49799
      1	49943
      2	49976
      1	49991
      1	50231
      1	50508
      1	51369
      1	51392
      1	51587
      1	52181
      1	52246
      1	52370
      1	52441
      1	52620
      1	52659
      1	52947
      1	53063
      1	53243
      1	53357
      1	53401
      1	53971
      1	54407
      1	54430
      1	54883
      1	55502
      1	55587
      1	56133
      1	56145
      1	56209
      1	56434
      1	56513
      2	56774
      1	57074
      1	57133
      1	57136
      1	57489
      1	57492
      1	57757
      1	58104
      1	58721
      1	58735
      1	58786
      2	58887
      1	58897
      1	59466
      1	59763
      1	60005
      1	60501
      1	60669
      1	60855
      1	61141
      1	61182
      1	61191
      1	61261
      1	61574
      1	62183
      1	62584
      1	62846
      1	63060
      1	63257
      1	63264
      1	63338
      1	63503
      1	63607
      1	64020
      1	64219
      1	64342
      1	64568
      1	64649
      1	65119
      1	65206
      1	65232
      1	65408
