      2	11
      1	22
      1	29
      1	48
      2	64
      2	66
      1	159
      3	273
      3	322
      1	384
      3	431
      1	458
      1	492
      3	505
      4	550
      1	558
      1	574
      1	603
      1	645
      1	696
      1	758
      5	770
      1	792
      1	823
      6	865
      2	880
      1	934
      1	990
      1	1016
     64	1079
      1	1111
      1	1172
      1	1174
      1	1222
      5	1236
      1	1248
      4	1397
      3	1459
      4	1553
      1	1558
      5	1616
      1	1874
      2	1984
      1	1991
      1	2015
      1	2020
      1	2096
      5	2164
      1	2172
      1	2241
      1	2378
      1	2388
      1	2407
      1	2426
      2	2490
      1	2549
      6	2551
      1	2556
      1	2566
      1	2589
      1	2621
      1	2774
      1	2806
      1	2857
      2	2902
      1	2992
      1	3087
      1	3114
      1	3141
      2	3187
      1	3283
      1	3293
      3	3340
      1	3398
      1	3404
      1	3491
      1	3543
      1	3577
      1	3607
      5	3681
      2	3737
      2	3745
      2	3878
      3	3905
      2	3917
      1	4073
      1	4106
      1	4109
      1	4184
      3	4286
      1	4308
      1	4342
      1	4391
      2	4445
      1	4478
      1	4485
      2	4527
      1	4604
      1	4668
      1	4713
      1	4841
      1	4856
      2	4878
      1	4943
      1	5033
      1	5067
      4	5077
      1	5253
      1	5260
      1	5322
      1	5487
      3	5510
      1	5522
      1	5612
      1	5640
      3	5697
      1	5728
      1	5770
      1	5792
      9	5819
      4	5820
     10	5823
      2	5875
      5	5876
      1	5989
      1	5992
      1	5995
      1	6045
      1	6073
      1	6179
      7	6242
      1	6243
     15	6275
      1	6302
      2	6345
      1	6429
      1	6457
      1	6494
      4	6586
      3	6622
      1	6653
      1	6736
      2	6762
      1	6770
      9	6787
      1	6805
      1	6937
      1	6941
      1	6945
      1	6948
      1	6961
      1	6980
      1	7041
      1	7071
      2	7109
      1	7119
     36	7300
      1	7332
      1	7457
      1	7616
      1	7735
      1	7846
      1	7892
      1	7900
      6	7910
      3	8036
      8	8123
      1	8151
      1	8172
      2	8201
      1	8222
      1	8236
      1	8243
      1	8264
      1	8288
      1	8297
      2	8345
      3	8393
      1	8435
      1	8504
      2	8583
      6	8589
     10	8617
      8	8639
      1	8662
      2	8700
      1	8772
      2	8782
      3	8956
      3	8983
      1	9009
      1	9014
      2	9024
      1	9046
      1	9133
      1	9152
      2	9182
      1	9211
      1	9232
      2	9304
      1	9334
      6	9345
      1	9372
      1	9374
      1	9377
      5	9556
     12	9653
      2	9690
      6	9729
      3	9764
      1	9777
      1	9793
      1	9928
      2	10031
      1	10045
      1	10088
      1	10119
      2	10137
      1	10202
      1	10207
      3	10240
      1	10245
      2	10263
      1	10324
      1	10385
      1	10413
      5	10423
      1	10456
      1	10606
      1	10610
      1	10617
      2	10673
      1	10685
      5	10810
      1	10827
      1	10872
      2	10875
      1	10895
      2	10950
      2	10987
      2	11077
      1	11086
      2	11137
      2	11307
      1	11382
      1	11395
      1	11398
      1	11445
      2	11453
      2	11461
      3	11498
      1	11509
      9	11548
      1	11650
      1	11676
      1	11718
      1	11749
      1	11875
      1	11969
      1	11986
      2	12029
      1	12098
      1	12230
      1	12301
      1	12363
      1	12386
      1	12418
      1	12450
      1	12502
      1	12593
      3	12684
      1	12751
      8	12860
      1	12935
      1	12941
      1	13025
      1	13064
      1	13153
      6	13335
      2	13419
      1	13422
      1	13481
      1	13495
      1	13515
      1	13540
      1	13581
      2	13633
      1	13662
      1	13699
      2	13724
      2	13737
      1	13762
      1	13763
      2	13787
      1	13846
      1	13933
      1	13940
      5	13986
      4	14025
      1	14062
      1	14095
      1	14127
      1	14128
      1	14155
      2	14160
      1	14164
      1	14188
      2	14213
      1	14292
      1	14340
      3	14343
      1	14352
      3	14385
      1	14408
      2	14435
      1	14580
      1	14626
      1	14643
      1	14648
      1	14664
      1	14732
      1	14812
      1	14854
      3	14872
      3	14883
      1	15006
      2	15029
      1	15034
      1	15083
      1	15090
      2	15198
      1	15252
      1	15291
      1	15328
      2	15355
      1	15443
      1	15458
      1	15501
      1	15505
      3	15509
      1	15535
      1	15646
      1	15702
      6	15779
      2	15784
      1	15885
      1	15911
      1	15982
      2	15985
      1	16060
      1	16182
      2	16219
      2	16276
      1	16277
      1	16284
      4	16368
     10	16437
      2	16442
      2	16503
      1	16529
      6	16548
      1	16638
      2	16787
      1	16827
      2	16862
      4	16875
      1	16916
      1	16934
      1	16974
      1	16976
      1	17080
      2	17107
      3	17178
      1	17210
      1	17214
      7	17225
      1	17267
      1	17291
      2	17352
      5	17408
      1	17454
      1	17495
      1	17540
      2	17554
      3	17572
      2	17625
      1	17644
      1	17771
      1	17802
      1	17829
      3	17840
      1	17845
      6	17864
      2	17867
      2	17912
      1	17921
      2	17957
      1	18003
      1	18073
      5	18076
      3	18114
      2	18135
      1	18192
      1	18207
      1	18244
      1	18279
      1	18315
      1	18354
      1	18355
      1	18422
      2	18436
      1	18441
      1	18472
      2	18498
      1	18510
      7	18539
      1	18553
      1	18644
      2	18660
      1	18677
      1	18691
      1	18888
      1	18992
      1	19104
      1	19111
      1	19124
      3	19132
      2	19138
      4	19179
      2	19237
      5	19255
      7	19277
      1	19313
      4	19326
      1	19340
      2	19417
      1	19441
      1	19481
      1	19496
      7	19578
      1	19622
      2	19625
      1	19641
      1	19692
      1	19728
      1	19732
      1	19777
      1	19912
      2	19989
      1	20023
      2	20084
      1	20162
      1	20268
      1	20323
      2	20329
      2	20382
      1	20390
      2	20483
      1	20506
      2	20599
      2	20643
      4	20647
      2	20668
      1	20690
      1	20693
      1	20768
      2	20799
      1	20805
      3	20837
      1	21082
      2	21124
      1	21134
      7	21180
      1	21198
      2	21262
      3	21284
      2	21303
      1	21319
      1	21374
      3	21389
      5	21396
      1	21420
      2	21591
      2	21623
      1	21699
      1	21743
      3	21883
      2	21896
      2	22047
      2	22164
     12	22185
      2	22241
      2	22292
      3	22305
     15	22351
      1	22551
      1	22678
      1	22699
      1	22701
      1	22713
      1	22731
      1	22743
      1	22813
      2	22902
      1	22923
      3	23029
      3	23033
      1	23055
      1	23066
      1	23079
      3	23092
      5	23118
      1	23138
      4	23191
      2	23235
      2	23240
      1	23253
      1	23306
      1	23412
      2	23435
      1	23443
      2	23444
      2	23449
      2	23526
      3	23577
      3	23726
      1	23797
     16	23932
      2	23939
      3	23967
      5	23990
      1	24049
      1	24121
      1	24182
      1	24384
      1	24469
      1	24560
      1	24570
      1	24670
      1	24728
      1	24770
      2	24794
      1	24806
      1	24809
      2	24826
      1	24897
      1	24934
      1	25123
      1	25124
      1	25129
      1	25182
      1	25347
      1	25439
      1	25449
      1	25488
      1	25515
      2	25621
      1	25666
      2	25689
      6	25694
      2	25768
      1	25810
      1	25818
      1	25899
      1	25979
      1	26041
      1	26070
      1	26108
      1	26127
      1	26179
      3	26267
      1	26290
      2	26355
      1	26435
      1	26633
      1	26636
      1	26679
      1	26705
      1	26756
      1	26777
      1	26821
      1	26897
      1	27015
      1	27142
      1	27150
      1	27171
      1	27178
      1	27221
      1	27238
      1	27246
      4	27286
      1	27312
      2	27317
      1	27323
      1	27339
      2	27350
      1	27361
      1	27382
      1	27415
      1	27469
      2	27560
      1	27677
      1	27854
      1	27896
      1	27954
      4	27991
      2	28013
      1	28015
      1	28082
      1	28113
      1	28153
      1	28234
      2	28242
      1	28279
      2	28305
      2	28390
      1	28427
      1	28457
      1	28495
      1	28506
      1	28552
      1	28584
      1	28609
      1	28613
      1	28615
      1	28623
      2	28655
      3	28658
      1	28661
      8	28749
      3	28963
      2	29164
      1	29185
      1	29206
      1	29226
      2	29245
      1	29311
      2	29326
      3	29374
      1	29396
      1	29435
      1	29478
      1	29555
      4	29593
      1	29624
      1	29639
      1	29692
      2	29714
      1	29826
      1	29916
      4	29934
      1	29945
      1	29948
      1	30097
      3	30102
     10	30153
      1	30211
      1	30236
      1	30352
      1	30396
      3	30460
      1	30512
      1	30525
      1	30533
      1	30549
      2	30556
      1	30565
      1	30613
      2	30637
      1	30660
      1	30693
      1	30719
      1	30817
      2	30857
      1	30955
      2	30980
      1	31039
      3	31093
      1	31111
      2	31185
      1	31203
      1	31304
      2	31313
      2	31370
      2	31407
      1	31416
      1	31535
      2	31606
      3	31620
      1	31762
      1	31797
      1	31818
      2	31907
      2	31947
      6	32038
      2	32114
      1	32147
      1	32148
      3	32224
      1	32329
      3	32345
      1	32377
      1	32512
      1	32515
      1	32517
      1	32551
      1	32611
      3	32735
      1	32755
      2	32814
      3	32851
      1	32916
      1	32967
      3	32993
      1	33035
      1	33051
      2	33126
      1	33178
      1	33203
      1	33230
      1	33260
      1	33292
      1	33306
      1	33329
      2	33332
      1	33349
      1	33367
      5	33449
      1	33484
      1	33495
      1	33538
      1	33549
      1	33630
      1	33662
      1	33664
      1	33675
      2	33684
      2	33731
      1	33755
      1	33803
      2	33817
      1	33888
      3	34011
      2	34098
      2	34123
      1	34160
      2	34190
      1	34345
      1	34399
      1	34443
      5	34479
      1	34483
      1	34495
      2	34516
      6	34590
      3	34591
      1	34592
      1	34714
      1	34749
      1	34778
      1	34786
      1	34806
      1	34844
      2	34905
      2	34963
      1	34974
      1	34984
      1	34989
      1	35038
      1	35086
      2	35120
      1	35140
      1	35155
      1	35157
      1	35168
      2	35193
      2	35212
      1	35298
      1	35319
      1	35336
      1	35420
      1	35432
      1	35451
      1	35496
      1	35539
      2	35622
      1	35649
      1	35659
      1	35667
      2	35669
      1	35708
      2	35720
      5	35731
      2	35797
      1	35834
      1	35856
      1	35907
      1	35940
      1	36062
      1	36090
      1	36145
      2	36213
      1	36232
     15	36234
      2	36332
      1	36334
      4	36345
      1	36350
      1	36351
      1	36435
      3	36438
      3	36529
      1	36566
      3	36571
      1	36600
      3	36611
      1	36654
      1	36717
      1	36733
      1	36747
      2	36777
      2	36810
      1	36887
      1	36896
      1	36932
      1	36967
      7	37006
      1	37031
      1	37111
      2	37117
      1	37281
      1	37291
      2	37308
      1	37331
      7	37393
      1	37545
      1	37553
      1	37593
      4	37640
      1	37672
      1	37731
      1	37758
      2	37825
      4	37885
      1	38047
      1	38054
      1	38127
      1	38141
      1	38199
      1	38226
      2	38265
      3	38305
      1	38392
      3	38398
      1	38428
      5	38468
      1	38480
      1	38540
      9	38568
      2	38571
      1	38614
      8	38654
      1	38703
      2	38716
      1	38738
      1	38743
      5	38785
      3	38863
      1	38874
      3	38916
      1	38997
      1	39000
      1	39051
      1	39075
      7	39119
      5	39176
      1	39200
      3	39227
      2	39348
      1	39379
      1	39519
      1	39525
      1	39589
      1	39775
      3	39804
      1	39809
      1	39903
      2	39920
      2	39940
      1	39946
      3	40063
      1	40080
      1	40104
      4	40105
      1	40145
      1	40170
     12	40230
      1	40309
      1	40373
      1	40374
      1	40412
      1	40522
      3	40537
      1	40588
      2	40594
      1	40597
      3	40629
      1	40659
      1	40661
      2	40757
      1	40810
      1	40817
      1	40845
      1	40931
      3	40933
      1	41051
      1	41095
      1	41126
      5	41299
      1	41315
      2	41319
      1	41363
      1	41379
      1	41394
      1	41515
      1	41602
      1	41637
      2	41640
      1	41669
      1	41692
      1	41774
      1	41923
      1	41995
      1	42096
      1	42112
      1	42131
      1	42166
      2	42185
      2	42215
      1	42248
      1	42282
      1	42323
      1	42369
      2	42380
      2	42419
      2	42470
      2	42479
      1	42493
      2	42517
      5	42540
      1	42575
      1	42579
      2	42626
      1	42653
      1	42723
      1	42735
      1	42842
      1	42876
      1	42910
      2	42923
      1	43057
      1	43102
      1	43153
      1	43160
      5	43187
      1	43231
     15	43234
      1	43354
      1	43360
      1	43385
      5	43397
      1	43623
      1	43651
      1	43668
      2	43693
      1	43700
      1	43718
      2	43832
      1	44032
      4	44047
      1	44112
      1	44153
      2	44183
      1	44272
      2	44329
      1	44356
      1	44569
      2	44587
      1	44657
      2	44682
      1	44907
      8	44909
      1	44930
      3	44968
      1	44983
      1	45017
      1	45296
      1	45390
      1	45393
      3	45464
      1	45465
      1	45490
      1	45506
      1	45517
      2	45520
      1	45590
      2	45603
      1	45643
      1	45692
      1	45776
      1	45875
      1	45916
      1	46008
      1	46117
      3	46150
      1	46180
      1	46236
      2	46263
      4	46302
      4	46352
      1	46380
      3	46417
      8	46453
      5	46485
      1	46492
      4	46499
      1	46574
      1	46615
      2	46637
      1	46680
      1	46724
      2	46849
      8	46853
      1	46868
      1	46902
      8	46921
      1	46955
      2	47038
      1	47072
      2	47124
      4	47311
      1	47318
      1	47323
      1	47360
      1	47429
      1	47432
      3	47486
      1	47491
      1	47499
      1	47634
      1	47640
      1	47771
      1	47858
      1	47883
      1	47913
      4	47981
      1	47995
      1	48004
      2	48013
      1	48017
      1	48266
      1	48301
      1	48339
      1	48615
      1	48651
      1	48660
      1	48666
      3	48884
      1	48924
      1	48995
      1	49003
      1	49082
      3	49119
      1	49180
      1	49200
      1	49214
      4	49305
      1	49342
      1	49367
      1	49439
      1	49452
      1	49521
      2	49551
      2	49567
      1	49568
      2	49627
      2	49650
      2	49844
      1	49885
      2	49926
      2	49962
      3	49966
      1	50124
      1	50432
      1	50442
      1	50445
      1	50466
      1	50477
      1	50584
      2	50604
      5	50660
      1	50731
      1	50771
      2	50792
      1	50899
      1	50943
      1	50955
      3	50983
      1	51078
      1	51083
      1	51088
      5	51100
      1	51106
      1	51144
      2	51206
      2	51216
      1	51228
      5	51321
      4	51373
      1	51394
      1	51419
      3	51475
      1	51511
      3	51534
      1	51609
      1	51639
      2	51662
      1	51793
      4	51822
      1	51863
      1	51890
      1	51920
      1	51948
      1	52076
      4	52121
      1	52315
      2	52317
      1	52334
      1	52370
      2	52394
      1	52407
      4	52434
      1	52498
      1	52532
      2	52591
      2	52603
      2	52791
      1	52792
      3	52797
      3	52801
      1	52832
      1	52850
      1	52851
      1	52861
      2	52954
      1	52958
      2	52966
      1	53076
      1	53112
      1	53151
      1	53209
      2	53234
      1	53276
      1	53283
      1	53324
      1	53338
      5	53357
      1	53398
      3	53423
      1	53477
      1	53479
      1	53482
      1	53564
      1	53584
      1	53622
      1	53659
      1	53689
      1	53794
      3	53810
      2	53846
      3	53855
      2	53883
      1	53918
      5	53925
      2	53945
      1	54102
      1	54227
      1	54245
      1	54345
      1	54380
      1	54395
      1	54407
      1	54460
      4	54495
      1	54584
      1	54636
      1	54683
      2	54743
      1	54777
      1	54814
      1	54820
      1	54848
      1	54877
      1	54889
      1	54916
      4	54984
      2	55007
      1	55054
      1	55084
      1	55093
      1	55099
      2	55158
      1	55217
      1	55223
      4	55332
      1	55401
      1	55444
      1	55452
      1	55478
      1	55486
      1	55520
      1	55574
      1	55592
      1	55614
      1	55678
      1	55716
      1	55808
      1	55814
      1	55853
      1	55872
      1	55910
      4	55970
      1	55973
      1	55983
      6	56027
      1	56052
      3	56113
      1	56122
      1	56190
      1	56264
      1	56266
      2	56392
      4	56399
      1	56494
      2	56533
      7	56553
      2	56556
      1	56583
      1	56608
     16	56720
      5	56807
      1	56907
      3	56921
      2	56943
      1	57041
      1	57118
      1	57332
      2	57349
      1	57362
      1	57384
      1	57428
      1	57451
      2	57481
      1	57526
      1	57574
     50	57595
      1	57609
      1	57629
      1	57630
      1	57635
      1	57663
      1	57679
      1	57695
      2	57708
      1	57720
      1	57730
      1	57737
      1	57772
      1	57823
      1	57843
      3	57877
      1	57922
      2	57981
      3	57994
      1	58188
      1	58217
      1	58223
      1	58308
      1	58324
      1	58370
      1	58396
      2	58470
      1	58545
      1	58679
      1	58732
      1	58750
      1	58757
      1	58783
      1	58787
      1	58800
      1	58872
      1	58887
      1	58895
      2	58953
      2	59002
      1	59010
      1	59014
      1	59049
      1	59050
      3	59069
      2	59086
      2	59135
      1	59145
      3	59163
      2	59183
      2	59222
      3	59304
      3	59370
      1	59423
      1	59463
      1	59520
      1	59582
      1	59593
      1	59634
      2	59659
      8	59715
      1	59720
      3	59726
      1	59759
      1	59836
      1	59839
      1	59864
      1	59970
      1	59983
      1	60127
      1	60191
      1	60312
      1	60364
     10	60427
      1	60448
      1	60490
      1	60499
      1	60529
      1	60555
      1	60581
      1	60642
      2	60653
      3	60669
      3	60796
      1	60862
      1	60882
      1	60910
      1	60912
      2	60915
      3	60935
      9	61019
      1	61054
      1	61066
      1	61107
      1	61110
      1	61116
      1	61121
      1	61132
      2	61227
      2	61244
      2	61249
     35	61261
      1	61277
      2	61464
      1	61539
      1	61572
      1	61584
      1	61591
      1	61607
      1	61664
      1	61667
      1	61687
      3	61753
      1	61772
      1	61787
      1	61836
      1	61839
      1	61863
      1	61927
      1	61928
      1	61973
      1	62007
      1	62024
      1	62107
      1	62159
      1	62171
     13	62189
      2	62225
      1	62243
      2	62252
      1	62336
      1	62471
      1	62495
      3	62527
      1	62533
      2	62631
      1	62654
      2	62730
      1	62800
      2	62846
      2	62862
      4	62893
      3	62930
      1	63105
      1	63152
      1	63197
      1	63347
      1	63368
      1	63372
      1	63449
      2	63519
      1	63565
      5	63585
      1	63615
      1	63771
     13	63807
      1	63884
      1	63950
      1	64032
      6	64065
      2	64086
      2	64129
      1	64140
      1	64271
      1	64440
      1	64447
      1	64504
      1	64530
      1	64569
      1	64633
      3	64637
      1	64788
      1	64790
      1	64809
      1	64816
      1	64829
      1	64927
     20	64942
      1	64980
      2	65010
      1	65041
      1	65109
     10	65137
      1	65249
      1	65256
      1	65324
      1	65381
      1	65443
      1	65461
      1	65489
