      4	11
      1	45
      1	48
      2	87
      2	90
      1	91
      1	150
      1	162
      3	175
      1	207
      1	363
      2	436
      1	464
      2	512
      1	515
      5	538
      1	558
      1	620
      1	633
      1	645
      2	664
      1	708
      1	712
      4	722
     19	739
      2	758
      2	767
      2	779
      1	797
      3	808
      1	813
      1	837
      2	851
      1	853
      3	865
      3	867
      3	880
      1	960
      1	977
      2	1070
      1	1091
      1	1138
      1	1142
      4	1190
      1	1248
      1	1307
      1	1330
      1	1398
      1	1427
     16	1456
      4	1497
      1	1505
      2	1532
      1	1544
      1	1554
      1	1555
      1	1616
      1	1620
      2	1656
      1	1715
      1	1841
      1	1848
      1	1853
      2	1886
      1	1900
      7	1918
      1	1968
      1	1976
      1	1984
      7	2020
      1	2050
      8	2051
      8	2057
      2	2077
      9	2087
      1	2093
      3	2169
      2	2188
      1	2276
      1	2280
      1	2442
      1	2475
      1	2505
      1	2515
      1	2532
      1	2566
      2	2589
      4	2659
      4	2688
      3	2695
      2	2743
      1	2745
      1	2766
      1	2792
      1	2817
      3	2835
      8	2836
      2	2849
      1	2855
      3	2889
      2	3004
      1	3005
      1	3013
      1	3078
      1	3083
      1	3093
      2	3114
      1	3166
      2	3204
      2	3236
      2	3239
      2	3328
      1	3337
      1	3339
      2	3351
      2	3367
      1	3448
      3	3486
      1	3499
      1	3518
      1	3552
      1	3564
      3	3583
      1	3607
      1	3632
      1	3661
      1	3688
      1	3690
      1	3692
      1	3745
      1	3808
      1	3830
      1	3872
      2	3894
      1	3932
      2	3971
      2	3991
      1	3995
      1	4022
      5	4070
      4	4071
      4	4106
     22	4109
      2	4155
      3	4218
      1	4224
      1	4233
      2	4286
      1	4293
      1	4308
      1	4312
      1	4318
      3	4336
      1	4352
      1	4388
      1	4391
      1	4430
      1	4469
      1	4497
      1	4506
      2	4524
      1	4539
      1	4552
      1	4602
      2	4634
      1	4647
      3	4664
      1	4713
      5	4732
      6	4763
      1	4780
      2	4790
      1	4801
      3	4846
      5	4926
      2	4930
      1	4936
      1	4939
      1	4966
      1	4969
      1	5009
      6	5021
      1	5069
      3	5161
      1	5187
      1	5234
      1	5260
      4	5261
      3	5287
      1	5314
      1	5320
      1	5330
      1	5335
      1	5375
      1	5430
      1	5449
      1	5452
      1	5457
      5	5475
      1	5486
      3	5510
      1	5540
      1	5565
      1	5596
      2	5613
      1	5658
      1	5697
      9	5731
      1	5736
      3	5758
      1	5783
      2	5790
      4	5792
      2	5876
      9	5891
      2	5893
      1	5896
      2	5905
      2	5957
      1	6012
      1	6031
      1	6032
      1	6045
      3	6055
      3	6084
      1	6087
      2	6101
      2	6226
      1	6366
      1	6396
      2	6464
      1	6502
      1	6518
      2	6575
      1	6678
      3	6691
      1	6695
      1	6746
      1	6748
      1	6767
      1	6805
      1	6806
      1	6828
      3	6869
      1	6898
      1	6917
      6	6980
      1	6990
     10	7013
      1	7057
      2	7069
      1	7091
      1	7109
      2	7113
      1	7182
     29	7198
      1	7214
      1	7240
      1	7252
      1	7271
      1	7289
      1	7335
      1	7346
      1	7356
      2	7377
      1	7386
      4	7403
      1	7417
      2	7423
      1	7466
      1	7520
      1	7533
      1	7572
      1	7601
      2	7612
      3	7621
      1	7641
      1	7654
      1	7703
      1	7778
      1	7793
      2	7825
      1	7835
      1	7861
      4	7876
      1	7883
      1	7908
      1	7914
      1	7955
      7	7970
      1	7976
     10	8011
      1	8014
      1	8017
      2	8077
      1	8080
      1	8114
      3	8121
      5	8172
      1	8232
      1	8245
      2	8313
      1	8363
      1	8407
      2	8492
      3	8515
      1	8550
      1	8579
      1	8599
      5	8657
      1	8659
      1	8692
      1	8731
      6	8736
      1	8743
      1	8760
      1	8777
      1	8782
      2	8853
      1	8873
      6	8891
      1	8950
      2	8976
      1	8983
      1	8991
      1	9032
      1	9041
      1	9104
      1	9109
      1	9143
      1	9152
      1	9157
      2	9200
      2	9214
      2	9240
      1	9287
      1	9304
      3	9317
      2	9327
      1	9337
      1	9343
      2	9345
      3	9411
      1	9414
      2	9452
      3	9486
      1	9498
      1	9545
      3	9546
      8	9586
      1	9606
      1	9613
      1	9653
      1	9667
      1	9684
      1	9690
      2	9713
      2	9716
      1	9730
      1	9738
      1	9853
      1	9867
      2	9873
      4	9933
      1	9941
      1	9960
      2	9966
      3	10026
      1	10028
      1	10051
      1	10059
      1	10062
      1	10077
      1	10098
      1	10177
      2	10214
      3	10216
      1	10220
      1	10317
      1	10324
      1	10339
      2	10346
      2	10361
      1	10366
     13	10368
      1	10374
      3	10385
      1	10431
      2	10447
      3	10465
      1	10476
      1	10505
      1	10576
      1	10606
      2	10632
      3	10645
      1	10710
      1	10722
     11	10724
      2	10732
      4	10744
      1	10750
      1	10827
      1	10834
      2	10849
      1	10875
      1	10893
      1	10900
      1	10908
      1	10950
      2	10974
      1	10976
      2	11059
      1	11065
      3	11090
      1	11100
      1	11124
      1	11137
      1	11230
      5	11232
      1	11295
      1	11297
      1	11300
      1	11321
      2	11382
      1	11439
      1	11492
      2	11524
      2	11535
      1	11625
      2	11654
      1	11741
      1	11748
      1	11751
      2	11759
      5	11837
      2	11868
     26	11900
      1	11921
      1	11924
      5	11964
      2	11967
      1	11979
      1	12005
      1	12006
      1	12021
      1	12195
      2	12245
      1	12284
      4	12397
      1	12420
      1	12422
      1	12435
      1	12444
      1	12447
      1	12471
      4	12505
      1	12507
      2	12510
      1	12524
      1	12545
      1	12550
      1	12703
      1	12708
      1	12711
      1	12762
      1	12880
      2	12915
      1	12945
      3	12952
      1	12961
      1	12967
      1	12989
      1	13024
      1	13026
      1	13064
      2	13074
      1	13075
      1	13092
      4	13118
      1	13136
      1	13153
      1	13154
      1	13194
      1	13203
      1	13230
      1	13248
      1	13252
      2	13273
      1	13300
      1	13342
      1	13344
      1	13390
      2	13421
      1	13423
      1	13450
      1	13460
      1	13487
      3	13499
      1	13503
      1	13554
      1	13567
      4	13572
      2	13594
      1	13678
      1	13724
      1	13734
      4	13738
      1	13745
      2	13771
      1	13805
      1	13891
      3	13945
      5	14029
      1	14110
      1	14111
      1	14128
      1	14177
      3	14191
      1	14211
     15	14279
      1	14315
      1	14343
      1	14376
      1	14384
      1	14385
      1	14389
      5	14392
      1	14475
      1	14494
      1	14506
      1	14540
      1	14552
      1	14565
      1	14569
      1	14606
      1	14747
      1	14790
      4	14793
      2	14870
     28	14876
      1	14882
      1	14883
      1	14898
      1	14908
      1	14938
      1	14939
      1	14957
      1	15020
      1	15135
      5	15159
      1	15168
      3	15183
      1	15261
      4	15293
      3	15303
      2	15314
      1	15334
      1	15341
      3	15355
      1	15399
      1	15404
      7	15458
      2	15467
     14	15515
      1	15530
      1	15536
      1	15558
      3	15561
      1	15593
      2	15639
      1	15650
      1	15661
      1	15699
      3	15702
      1	15715
      1	15724
      2	15748
      1	15769
      1	15791
      1	15923
      3	15985
      6	16007
      1	16032
      1	16036
      1	16112
      1	16126
      1	16145
      2	16148
      1	16211
      2	16247
      1	16254
      1	16276
      1	16285
      1	16332
      1	16363
      4	16368
      1	16377
      1	16383
      1	16414
      2	16418
      1	16435
      1	16438
      1	16442
      1	16465
      1	16490
      8	16503
      1	16508
      1	16522
      1	16532
      1	16554
      1	16588
      1	16605
      3	16614
      3	16620
      6	16628
      1	16672
      2	16689
      1	16704
      1	16715
      2	16718
      1	16738
      2	16754
      1	16785
      1	16802
      1	16839
      2	16887
      1	16894
      1	16950
      1	16951
      1	16990
      4	16995
     15	17019
      4	17057
      1	17066
      1	17072
      1	17077
      1	17105
      5	17164
      2	17210
      4	17225
      1	17244
      3	17267
      1	17282
      2	17338
      2	17341
      1	17349
      1	17352
      1	17408
      1	17474
      3	17540
      1	17560
      1	17699
      6	17736
      1	17807
      1	17833
      1	17859
      1	17864
      1	17884
      3	17895
      1	17901
      3	17916
      1	17928
     17	17975
      2	17990
      1	17993
      1	18003
      2	18022
      1	18081
      1	18094
      4	18166
      1	18207
      1	18217
      1	18219
      2	18228
      1	18255
      2	18297
     15	18348
      3	18349
      2	18353
      1	18354
     12	18387
      1	18442
      1	18444
      1	18487
      1	18498
      6	18590
      1	18644
      1	18660
      1	18688
      4	18826
      1	18876
      1	18919
      1	18932
      1	18988
      1	18990
      9	18992
      1	19004
      1	19058
      1	19076
      2	19083
      2	19127
      1	19150
      2	19205
      1	19212
      1	19226
      2	19228
      2	19248
      1	19277
      1	19304
      2	19305
      2	19321
      2	19339
      1	19405
      1	19417
      1	19431
      1	19471
      2	19539
      1	19553
      2	19582
      2	19585
      2	19588
      1	19616
      1	19622
      1	19629
      1	19633
      1	19641
      1	19678
      4	19707
      1	19803
      1	19811
      1	19844
      4	19904
      1	19955
      2	19976
      2	20003
      1	20024
      1	20051
      4	20152
      1	20159
      1	20162
      1	20172
      1	20213
     17	20268
      1	20281
      1	20284
      1	20288
      1	20323
      3	20375
      1	20422
      1	20432
      1	20539
      1	20551
      5	20599
      1	20602
      2	20609
      1	20649
      4	20736
      2	20777
      1	20779
      1	20780
      1	20827
      1	20883
      1	20960
      1	20994
      1	21034
      1	21052
      1	21134
      1	21163
      3	21180
      1	21258
      1	21266
      1	21276
      1	21289
      1	21376
      1	21463
      1	21623
      1	21625
      1	21628
      1	21647
      1	21655
      4	21661
      1	21775
      1	21783
      1	21800
      1	21814
      7	21892
      1	21911
      1	21920
      1	21933
      1	21939
      2	21989
      3	22010
      1	22012
      1	22047
      1	22097
      1	22098
      1	22118
      1	22164
      3	22204
      3	22206
      1	22227
      1	22229
      2	22235
      1	22292
      1	22303
      2	22336
      2	22365
      1	22384
      2	22392
      1	22417
      6	22447
      1	22495
      1	22550
      5	22576
      1	22586
      1	22643
      1	22653
      1	22669
      3	22675
      2	22699
      2	22713
      1	22742
      2	22785
      2	22812
      1	22829
      1	22841
      1	22859
      1	22874
      1	22902
      1	22905
      1	22923
      2	22958
      1	22995
      1	23013
      2	23023
      2	23029
      1	23033
      2	23092
      2	23114
      9	23129
      2	23166
      2	23176
      3	23210
      3	23219
      1	23330
      1	23352
      1	23385
      1	23412
      1	23449
      2	23453
      2	23468
      1	23522
      3	23526
      1	23535
      5	23577
      1	23578
      1	23594
      2	23611
      1	23637
      1	23643
      1	23652
      1	23653
      1	23680
      1	23695
      1	23729
      6	23775
      1	23780
      1	23815
      1	23828
      1	23851
      3	23923
      1	23967
      1	23973
      1	23986
      5	23999
      1	24014
     29	24033
      4	24058
      1	24094
      2	24097
      1	24106
      1	24126
      1	24136
      4	24150
      1	24208
      1	24284
      2	24303
      1	24333
      2	24334
      1	24337
      1	24338
      1	24384
      1	24401
      2	24412
      2	24458
      3	24469
      4	24472
      1	24479
      1	24492
      4	24506
      1	24574
      1	24622
      1	24685
      1	24794
      4	24817
      1	24818
      4	24839
      1	24840
      2	24963
      5	24990
      3	25024
      1	25055
      1	25100
      1	25116
      1	25125
      1	25144
      1	25198
      1	25233
      1	25267
      1	25317
      2	25338
      1	25367
      2	25375
      1	25380
      1	25411
      1	25446
      1	25448
      1	25455
      1	25491
      3	25533
      1	25563
      3	25642
      1	25647
      3	25653
      1	25663
      3	25689
      1	25695
      1	25780
      2	25781
      1	25801
      1	25816
      2	25895
      1	25899
      1	25942
      1	25960
      1	25985
      1	26002
      2	26111
      1	26144
      1	26222
      1	26234
      1	26253
      3	26290
      1	26359
      1	26391
      1	26397
      1	26433
      1	26442
      1	26444
      2	26458
      1	26488
      1	26525
      1	26533
      1	26564
      1	26583
      1	26633
      1	26666
      1	26685
      2	26686
      1	26709
      1	26726
      3	26739
      3	26748
      5	26777
      1	26798
      1	26799
      4	26857
      1	26899
      1	26947
      2	26993
      1	26994
      1	27011
      6	27039
      1	27043
      1	27077
      1	27087
      1	27091
      2	27157
      2	27275
      1	27286
      1	27310
      1	27316
      1	27324
      1	27342
      1	27448
      2	27469
      1	27481
      1	27487
      3	27519
      1	27601
      4	27615
      1	27620
      1	27673
      1	27726
      1	27773
      9	27780
      1	27782
      1	27790
      4	27867
      2	27873
      1	27880
      1	27943
      1	27954
      1	27966
      1	28012
      2	28106
      1	28141
      1	28153
      1	28155
      1	28231
      2	28349
      2	28365
     69	28386
      1	28405
      1	28406
      1	28429
      2	28520
      3	28521
      6	28531
      2	28556
      1	28560
      1	28562
      2	28605
      5	28615
      1	28688
      1	28817
      1	28824
      1	28867
      4	28879
      1	28905
      1	28906
      1	28907
      1	28937
      1	28948
      5	28960
      2	28978
      1	29025
      1	29028
      1	29040
      1	29046
      1	29110
      1	29138
      1	29188
      1	29224
      1	29270
      1	29357
      1	29395
      2	29439
      1	29455
      3	29499
      1	29588
     10	29596
      1	29653
      1	29753
      1	29781
      2	29826
      1	29879
      1	29939
      3	29946
      1	29996
      2	30097
      1	30119
      1	30143
      4	30203
      4	30211
      2	30257
      1	30288
      1	30301
      2	30313
      1	30319
      1	30425
      2	30427
      1	30437
    150	30474
      1	30535
      1	30541
      1	30555
      8	30565
      4	30573
      1	30578
      2	30590
      1	30595
      4	30613
      2	30624
      1	30724
      1	30733
      2	30742
      2	30754
      1	30771
      1	30920
      2	30983
      1	30999
      1	31022
      2	31038
      2	31078
      1	31147
      1	31156
      2	31205
      2	31238
      1	31256
      1	31260
      1	31333
      2	31360
      3	31378
      1	31386
      1	31395
      1	31404
      1	31453
      1	31473
      3	31511
      2	31557
      1	31571
      3	31585
      1	31588
      1	31597
      1	31615
      1	31623
      1	31625
      1	31654
      1	31786
      1	31823
      1	31860
      1	31879
      1	31905
      5	31943
      1	31953
      1	31958
      2	31982
      1	31983
      2	32018
      2	32032
      1	32043
      1	32117
      1	32128
      1	32137
      1	32148
      1	32204
      2	32224
      1	32235
      2	32249
      1	32266
      2	32295
      5	32345
      2	32364
      3	32372
      1	32384
      1	32490
      3	32497
      1	32509
      1	32551
      1	32568
      1	32588
      1	32605
      1	32614
      4	32646
      1	32696
      9	32718
      1	32719
      1	32788
      6	32802
      1	32857
      6	32863
      1	32866
      3	32871
      2	32918
      1	33052
      1	33057
      4	33074
      1	33092
      2	33097
      1	33177
      1	33194
      1	33226
      1	33274
      7	33292
      1	33293
      1	33317
      2	33348
      1	33356
      2	33360
      1	33392
      5	33400
      1	33464
      1	33465
      1	33475
      1	33476
      1	33480
      1	33482
      4	33484
      2	33549
      1	33570
      1	33584
      5	33682
      1	33718
      1	33731
      1	33821
      1	33887
      1	33890
      1	33892
      2	33917
      1	33957
      1	33992
      1	34035
      1	34054
      2	34063
      1	34094
      2	34110
      2	34158
      1	34159
      1	34170
      1	34181
      3	34219
      2	34227
      4	34241
      2	34303
      1	34332
      1	34416
      1	34428
      3	34440
     10	34452
      2	34457
      3	34477
      4	34479
      1	34520
      1	34521
      2	34576
      1	34627
      1	34674
      1	34679
      2	34708
      1	34723
      1	34730
      1	34737
      1	34775
      1	34786
      1	34816
      1	34848
      3	34925
      1	34984
      2	35000
      1	35002
      1	35024
      1	35086
      2	35102
      1	35130
      3	35166
      1	35205
      1	35212
      1	35223
      1	35310
      1	35320
      1	35452
      1	35496
      4	35591
      1	35625
      1	35630
      1	35635
      1	35659
      1	35667
      2	35671
      1	35696
      1	35708
      2	35717
      2	35748
      1	35754
      1	35782
      1	35797
      1	35821
      2	35824
      2	35856
      1	35886
      1	35928
      1	35961
      1	35985
      1	35993
      1	35996
      1	36062
      1	36113
      1	36172
      3	36181
      1	36232
      1	36233
      1	36293
      2	36301
      1	36359
      1	36420
      1	36430
      2	36437
      1	36468
      1	36509
      1	36549
      6	36559
      1	36566
      1	36571
      3	36574
      1	36600
      1	36674
      5	36690
      1	36778
      1	36878
     10	36932
      1	36935
      1	37009
      2	37010
      1	37020
      2	37062
      1	37074
      1	37111
      1	37124
      1	37158
      1	37161
      1	37243
      1	37247
      3	37308
      3	37312
     36	37318
      1	37355
      2	37393
      1	37433
      4	37439
      1	37471
      1	37490
      4	37493
      1	37552
      1	37598
      5	37640
      1	37670
      1	37672
      1	37703
      1	37743
      1	37744
      1	37782
      1	37795
      1	37808
      1	37846
      2	37863
      1	37871
      2	37873
      1	37904
      4	37905
      1	37916
      1	37980
      2	37997
      1	38007
      1	38171
      1	38206
      1	38224
      7	38238
      1	38239
      1	38247
      2	38311
      2	38392
      3	38395
      1	38427
      2	38464
      1	38468
      2	38479
      7	38480
      1	38531
      1	38599
      2	38647
      2	38652
      1	38665
      2	38687
      1	38688
      1	38709
      1	38712
      1	38722
      3	38756
     12	38839
      1	38853
      1	38926
      4	38957
      1	39000
      1	39012
      1	39035
      1	39043
      1	39049
      1	39051
      1	39064
      1	39071
      2	39075
      2	39093
      1	39098
      1	39109
      2	39159
      2	39182
      1	39184
      1	39202
      2	39225
      1	39243
      1	39263
      1	39265
      1	39275
      1	39294
      6	39325
      1	39330
      2	39340
      1	39366
      2	39379
      1	39414
      2	39471
      1	39513
      3	39574
      1	39619
      1	39648
      1	39689
      1	39785
      1	39789
      1	39827
      3	39856
      1	39875
      1	39886
      1	39904
      1	39905
      1	39960
      1	39977
      1	40009
      3	40063
      1	40082
      2	40093
      3	40100
      1	40130
      1	40156
      2	40170
      2	40205
      1	40212
      2	40220
      2	40260
      1	40284
      2	40291
      4	40339
      1	40340
      1	40345
      1	40382
      1	40387
      3	40408
      1	40460
      1	40479
     10	40483
      2	40537
      1	40541
      1	40543
      1	40546
      1	40565
      9	40574
      1	40619
      3	40641
      1	40661
      1	40667
      4	40712
      1	40721
     28	40727
      1	40770
      1	40779
      1	40910
      2	40930
      1	41070
      1	41119
      1	41122
      2	41124
      1	41159
      1	41165
      3	41185
      1	41316
      1	41348
      2	41355
      2	41361
      1	41377
      1	41463
      6	41466
      1	41495
      1	41524
      7	41582
      1	41592
      1	41620
      1	41632
      1	41637
      2	41640
      1	41646
      2	41654
      5	41760
      1	41768
      3	41791
      2	41827
      1	41838
      2	41862
      1	41986
     10	42018
      1	42052
      1	42123
      1	42187
      1	42248
      1	42399
      1	42414
      2	42419
      1	42517
      3	42555
      3	42578
      3	42691
      1	42715
      2	42723
      1	42735
      1	42748
      1	42763
      1	42795
      6	42797
      1	42822
      4	42884
      1	42914
      2	42971
      1	43080
      2	43104
      3	43148
      1	43213
      1	43225
      2	43247
      4	43271
      1	43272
      1	43441
      1	43510
      6	43531
      1	43668
      1	43748
      2	43757
      2	43811
      3	43832
      2	43953
      2	43965
      1	43977
      1	44016
      1	44022
      1	44034
      1	44112
      7	44117
      1	44153
      1	44169
      1	44214
      5	44217
      1	44252
      1	44291
      1	44300
      6	44329
      1	44345
      1	44355
      4	44389
      1	44396
      1	44453
      1	44489
      1	44682
      2	44687
      1	44752
      1	44758
      1	44787
      1	44803
      2	44828
     11	44833
      1	44843
      1	44896
      1	44911
     16	44912
      1	44929
      1	44958
      5	44961
      1	44968
      6	45018
      1	45033
      2	45042
      2	45070
      1	45135
      1	45180
      1	45247
      1	45324
      1	45331
      1	45383
      2	45464
      5	45466
      1	45472
      1	45506
      1	45586
      1	45645
      5	45706
      1	45748
      2	45778
      1	45835
      4	45847
      1	45855
      1	45921
      1	45934
      1	45935
      6	45943
      1	45955
      1	45986
      1	45998
      1	46075
      2	46100
      1	46132
      1	46136
      2	46177
      1	46185
      1	46225
      1	46251
      1	46252
      5	46261
      1	46262
      1	46263
      1	46302
      2	46380
      1	46383
      1	46430
      1	46498
      1	46509
      1	46529
      4	46544
      2	46554
      1	46558
      2	46576
      4	46595
      1	46636
      4	46645
      3	46692
      1	46743
      1	46765
      2	46827
      1	46880
      6	46884
      2	46887
      1	46975
      1	46978
      1	46981
      3	47025
      1	47102
      1	47104
      1	47266
      2	47272
      1	47295
      1	47311
      1	47351
      1	47366
      1	47367
      1	47413
      1	47428
      2	47429
      1	47475
      1	47478
      3	47486
      9	47497
      1	47526
      1	47547
      1	47564
      3	47621
      2	47634
      1	47650
      1	47672
      1	47689
      4	47692
      1	47697
      3	47748
      1	47753
     13	47883
      1	47893
      1	47905
      2	47962
      1	47994
      1	48007
      1	48040
      1	48064
      1	48110
     27	48128
      1	48135
      1	48166
      2	48214
      2	48218
      1	48224
      6	48235
      1	48289
      3	48316
      1	48348
      1	48355
      2	48368
      2	48369
      1	48434
      1	48455
      1	48527
      1	48543
      1	48577
      2	48599
      1	48608
      2	48630
      1	48658
      1	48708
      4	48714
      1	48718
      1	48721
      1	48776
      1	48794
      1	48834
      1	48902
      1	48950
      2	49014
      1	49020
     13	49073
      1	49100
      1	49120
      4	49131
      1	49134
      1	49180
      2	49200
      1	49267
      1	49272
      1	49295
      6	49330
      1	49358
      3	49361
      2	49362
      4	49387
      4	49447
      3	49458
      1	49481
      2	49491
      1	49519
      1	49536
      1	49560
      1	49606
      1	49693
      3	49746
      1	49773
      3	49804
      1	49842
      2	49844
      1	49884
      1	49885
      4	49966
      2	50001
      1	50015
      2	50044
      2	50049
      1	50087
      2	50209
      1	50214
      1	50216
      1	50244
      1	50267
      2	50312
      1	50342
      1	50388
      2	50394
      2	50401
      2	50419
      1	50508
      4	50537
      1	50565
      1	50596
      2	50604
      1	50607
      2	50648
      1	50720
      1	50771
      1	50773
      1	50777
      2	50794
      1	50811
      2	50859
      1	50901
      1	50927
      1	50940
      1	50948
      1	50952
      1	51028
      1	51044
      1	51060
      1	51065
      1	51101
      1	51144
      1	51196
      1	51205
      7	51210
      2	51216
      3	51263
      1	51326
      2	51334
      1	51354
      2	51392
      1	51419
      1	51427
      2	51433
      1	51434
      1	51474
      2	51493
      2	51608
      1	51669
      8	51673
      1	51686
      1	51710
      1	51720
      1	51766
      1	51808
      4	51822
      1	51846
      1	51898
      1	51946
      2	51948
      3	51949
      1	51958
      9	51959
      2	51988
      1	52072
      1	52090
      1	52092
      1	52121
      3	52178
      5	52181
      4	52224
      2	52323
      1	52344
     11	52370
      1	52382
      1	52393
      1	52398
      1	52457
      2	52477
      1	52512
      1	52526
      4	52541
     20	52549
      1	52564
      1	52603
      1	52620
      1	52635
      1	52641
      1	52655
      1	52673
      1	52687
      1	52735
      1	52736
      3	52767
      3	52794
      2	52796
      1	52800
      1	52801
      1	52821
      2	52848
      6	53014
      1	53045
      1	53107
      1	53121
      1	53133
      1	53147
      1	53162
      1	53182
      2	53199
      1	53204
      1	53215
      2	53222
      1	53243
      1	53301
      3	53349
      2	53357
      3	53401
      1	53470
      1	53494
      1	53514
      1	53583
      1	53596
      2	53607
      4	53614
      6	53779
      1	53784
      3	53846
      1	53882
      1	53918
      4	53925
      1	53996
      1	54004
      1	54091
      2	54097
      2	54103
      1	54136
      2	54146
      1	54188
      1	54251
      1	54345
      2	54356
      1	54366
      1	54395
      1	54414
      8	54509
      1	54521
      1	54525
      1	54573
      1	54635
      1	54642
      1	54726
      1	54738
      3	54745
      2	54751
      1	54786
      1	54787
      1	54804
      1	54834
      1	54855
      1	54866
      1	54968
      1	54995
      1	55023
      1	55049
      1	55135
      2	55176
      1	55182
      1	55198
      2	55207
      1	55217
      1	55238
      7	55239
      1	55275
      1	55380
      1	55394
      2	55398
      1	55401
      1	55457
      1	55459
      3	55460
      2	55475
      1	55514
      6	55565
      5	55587
      2	55667
      1	55674
      4	55676
      1	55728
      1	55746
      5	55814
      1	55885
      1	55894
     42	55905
      3	55908
      1	55910
      2	55920
      1	55979
      1	55996
      2	56027
      2	56084
      1	56105
      1	56133
      1	56164
      9	56187
      1	56194
      1	56200
      1	56255
      1	56266
      1	56271
      5	56273
      1	56292
      1	56301
      1	56304
      6	56321
      1	56371
      1	56385
      2	56404
      1	56418
      2	56430
      4	56434
      3	56447
      1	56454
      1	56484
      1	56504
      1	56559
      1	56603
      1	56604
      3	56614
      1	56629
      1	56647
      1	56702
      1	56704
      1	56718
      1	56762
      1	56807
      1	56810
      1	56813
      1	56814
      1	56878
      1	56939
      2	56947
     26	57009
      1	57056
      1	57101
      3	57119
      2	57144
      1	57147
      1	57165
      6	57177
      1	57178
      1	57345
      1	57349
      1	57350
      1	57359
      1	57373
      1	57394
      2	57420
      2	57449
      1	57455
      1	57489
      3	57525
      2	57557
     12	57566
      3	57617
      2	57649
      3	57654
      1	57671
      1	57677
      1	57734
      1	57751
      1	57762
      1	57802
      4	57843
      1	57913
      1	57919
      3	57951
      4	57981
      1	57994
      1	58041
      1	58095
     12	58140
      4	58168
      5	58216
     10	58244
      1	58303
      1	58335
      1	58349
      1	58452
      1	58468
      2	58472
      1	58478
      4	58492
      1	58502
      1	58543
      1	58566
      2	58594
      1	58606
      1	58616
      1	58678
      1	58682
      1	58712
      1	58721
      1	58750
      1	58766
      1	58800
      4	58815
      1	58829
      1	58876
      2	58887
      1	58895
      1	58897
      3	58953
      1	58960
      7	59003
      1	59036
      2	59107
      1	59108
      1	59112
      1	59134
      2	59176
      1	59177
      1	59178
      1	59193
      1	59249
      1	59286
      1	59294
      1	59304
      2	59308
      1	59401
      1	59456
      1	59466
      1	59517
      1	59535
      1	59571
      1	59587
      1	59608
      1	59671
      2	59689
      1	59701
      6	59720
      9	59758
      1	59843
      1	59948
      1	60002
      2	60015
      2	60020
      1	60026
      1	60054
      1	60123
      1	60131
      1	60156
      1	60162
      1	60172
      1	60205
      1	60210
      2	60246
      1	60267
      2	60312
      1	60324
      2	60344
      1	60352
      1	60367
      1	60384
      1	60396
      1	60461
      1	60470
      2	60523
      6	60557
      1	60572
      2	60620
      1	60640
      2	60714
      1	60734
      1	60745
      1	60786
      1	60796
      1	60826
      2	60863
      4	60909
      1	60922
      1	60932
      1	60995
      3	61066
      1	61140
      1	61152
     13	61230
      2	61254
      5	61261
      1	61268
      1	61277
      2	61310
      1	61312
      3	61367
      1	61382
      1	61395
      1	61440
      2	61445
      1	61466
      3	61469
      1	61489
      4	61492
      1	61509
      3	61592
      1	61637
      1	61700
      1	61709
      1	61724
      2	61772
      1	61792
      1	61829
      1	61832
      1	61888
      1	61931
      2	61941
      1	61946
      1	61959
      2	62018
      1	62021
      1	62041
      1	62043
      1	62051
      1	62056
      2	62063
      1	62067
      1	62082
      2	62106
      2	62108
      1	62155
      1	62183
      1	62242
      1	62311
      1	62317
      1	62323
      1	62495
      2	62501
      1	62531
      3	62534
      1	62568
      1	62575
      6	62593
      1	62607
      1	62615
      1	62624
      1	62641
      1	62664
      1	62665
      3	62761
      1	62780
      1	62846
      1	62879
      2	62882
      1	62899
      1	62901
      1	62907
      1	62920
      3	62948
      1	63002
      1	63019
      2	63022
      4	63050
      1	63060
      2	63083
      1	63092
      1	63145
      4	63177
      1	63253
      1	63254
      1	63264
      1	63306
      2	63338
      1	63363
      1	63368
      1	63381
      1	63390
      1	63409
      1	63443
      1	63461
      1	63471
      1	63509
      2	63555
      1	63581
      1	63607
      2	63611
     35	63615
      1	63661
      6	63696
      1	63697
      2	63710
      1	63737
      1	63743
      1	63791
      6	63792
      1	63807
      2	63830
      1	63872
      1	63889
      1	63942
      1	63950
     10	63987
      2	64000
      2	64032
      1	64071
      1	64146
      1	64155
      2	64208
      1	64221
      1	64254
      1	64283
      1	64286
      1	64295
      1	64333
      4	64339
      1	64398
      2	64402
      1	64447
      2	64485
      2	64528
      1	64530
      2	64539
      2	64581
      1	64593
      2	64637
      1	64691
      2	64699
      1	64704
      2	64790
      1	64794
      1	64806
      1	64883
      1	64896
      1	64938
      1	65014
      1	65041
      1	65121
      1	65137
      1	65195
      2	65221
      1	65249
      1	65251
      1	65322
      2	65353
      1	65381
      1	65401
      3	65408
      5	65451
      1	65484
      6	65526
