      1	2022
      1	2213
      1	3079
      1	3519
      1	3783
      1	3810
      2	4856
      1	5390
      1	5888
      1	6085
      1	7656
      2	10255
      1	11358
      1	12545
      1	13691
      1	14211
      2	16565
      1	17035
      1	18315
      1	19738
      1	20368
      1	22977
      4	23513
      1	26139
      1	26156
      1	27409
      2	28102
      3	28493
      1	28642
      1	28824
      1	29094
      1	29105
      1	29670
      1	30055
      1	31247
      1	32096
      1	32663
      1	34018
      1	34063
      1	34115
      1	34322
      1	35229
      1	36985
      1	37695
      1	37803
      2	39978
      1	41784
      1	41983
      2	42474
      1	42847
      1	43711
      1	44480
      1	44613
      1	46077
      1	47266
      2	47350
      1	48491
      1	49757
      1	53718
      1	54789
      1	55607
      1	56896
      1	57708
      1	58466
      1	58778
      1	59069
      1	59734
      1	60232
      1	60523
      1	60661
      5	60852
      3	61383
      2	62374
      1	62543
      1	62808
      2	62893
      1	63091
      1	63140
      2	63807
      1	64196
      2	64412
      1	65326
