      2	11
      1	18
      1	24
      2	45
      2	67
      1	91
      1	113
      1	121
      2	157
      1	162
      1	250
      1	340
      2	366
      1	392
      1	429
      1	446
      2	538
      1	546
      1	648
      1	704
      1	708
      1	709
      1	719
      1	767
      1	779
      1	792
      1	808
      2	823
      1	841
      1	843
      1	907
      1	959
      1	1016
      1	1046
      1	1089
      1	1105
      1	1121
      2	1158
      1	1162
      1	1232
      2	1248
      1	1330
      1	1391
      1	1402
      2	1421
      1	1427
      1	1459
      1	1468
      1	1486
      1	1508
      1	1588
      5	1656
      1	1663
      1	1800
      1	1802
      1	1821
      6	1841
      2	1844
      1	1858
      1	1882
      1	1981
      4	1991
      2	2002
      1	2046
      1	2068
      1	2090
      1	2095
      1	2110
      2	2147
      1	2186
      3	2206
      1	2247
      1	2253
      1	2270
      1	2340
      1	2365
      1	2372
      1	2434
      2	2475
      1	2504
      1	2509
      1	2532
      5	2547
      1	2549
      2	2559
      1	2560
      1	2566
      1	2631
      2	2634
      1	2674
      1	2683
      1	2701
      1	2725
      2	2766
      3	2795
      1	2806
      1	2827
      1	2875
      1	2934
      1	2949
      1	3000
      1	3001
      1	3013
      2	3026
      1	3063
      1	3073
      1	3078
      1	3079
      1	3102
      1	3126
      1	3141
      3	3243
      1	3245
      2	3358
      1	3375
      1	3451
      1	3486
      1	3493
      2	3532
      1	3594
      4	3607
      1	3630
      1	3671
      1	3764
      1	3794
      1	3807
      1	3830
      2	3910
      1	3919
      1	3920
      1	3925
      1	4001
      1	4106
      1	4244
      2	4318
      1	4329
      1	4379
      1	4538
      1	4557
      1	4561
      1	4581
      1	4604
      1	4626
      1	4652
      2	4700
      2	4732
      1	4787
      1	4801
      1	4824
      1	4849
      1	4856
      2	4869
      2	4878
      1	4923
      1	4926
      1	4938
      1	4939
      2	4969
      1	4993
      1	5049
      1	5059
      1	5075
      2	5161
      1	5211
      1	5271
      1	5277
      2	5329
      1	5366
      1	5413
      1	5424
      1	5432
      2	5441
      1	5475
      1	5482
      1	5521
      2	5522
      2	5562
      2	5587
      1	5595
      1	5621
      1	5658
      1	5686
      1	5763
      1	5770
      1	5790
      1	5818
      1	5837
      1	5852
      1	5869
      1	5876
      2	5885
      1	5887
      1	5888
      1	5891
      1	5933
      1	6020
      1	6029
      1	6035
      1	6108
      1	6148
      1	6155
      1	6183
      1	6191
      3	6197
      1	6219
      2	6220
      1	6257
      1	6302
      1	6339
      2	6358
      1	6423
      2	6429
      1	6455
      1	6480
      1	6491
      1	6497
      1	6691
      1	6736
      1	6764
      5	6791
      1	6806
      1	6828
      1	6918
      1	6945
      1	6946
      1	7044
      1	7047
      2	7109
      1	7114
      1	7115
      1	7141
      1	7199
      3	7206
      1	7233
      1	7252
      1	7300
      1	7346
      2	7403
      2	7462
      1	7497
      1	7502
      1	7544
      2	7572
      1	7586
      1	7611
      1	7615
      1	7625
      1	7650
      1	7781
      1	7803
      1	7832
      2	7881
      1	7955
      1	7970
      1	7974
      1	8011
      1	8051
      2	8054
      1	8076
      1	8096
      1	8123
      2	8141
      1	8151
      2	8172
      1	8201
      2	8218
      1	8242
      1	8281
      1	8312
      1	8313
      1	8365
      1	8370
      1	8386
      1	8415
      1	8435
      1	8451
      1	8473
      1	8478
      1	8506
      1	8550
      1	8599
      2	8617
      1	8628
      1	8631
      2	8639
      3	8652
      2	8667
      1	8677
      2	8700
      1	8707
      1	8709
      5	8717
      1	8718
      1	8733
      1	8760
      1	8846
      1	8849
      2	8917
      1	9011
      1	9108
      1	9135
      2	9142
      1	9148
      2	9182
      1	9236
      2	9304
      1	9317
      1	9378
      1	9423
      1	9440
      1	9441
      1	9462
      1	9486
      2	9496
      1	9512
      2	9546
      1	9562
      1	9606
      1	9617
      2	9690
      3	9705
      3	9765
      1	9813
      2	9830
      1	9868
      1	9888
      2	9900
      1	10007
      1	10014
      2	10030
      2	10035
      1	10097
      1	10148
      1	10167
      1	10175
      3	10241
      2	10282
      1	10324
      1	10346
      1	10362
      2	10374
      1	10453
      1	10454
      1	10643
      1	10680
      2	10724
      1	10730
      1	10732
      1	10752
      1	10762
      1	10790
      1	10822
      1	10824
      1	10860
      1	10919
      1	10933
      1	10941
      6	10950
      1	10955
      1	10967
      1	11032
      1	11067
      1	11240
      1	11267
      1	11298
      1	11337
      1	11382
      1	11402
      2	11490
      1	11524
      1	11557
      1	11561
      1	11611
      2	11729
      2	11736
      1	11760
      1	11795
      1	11876
      1	11904
      1	11921
      1	11943
      3	11967
      2	11969
      1	12007
      1	12013
      2	12058
      2	12108
      1	12114
      1	12205
      1	12245
      2	12253
      1	12290
      1	12322
      1	12358
      1	12386
      1	12397
      2	12419
      1	12426
      1	12535
      1	12572
      1	12573
      2	12638
      1	12674
      3	12680
      1	12704
      1	12768
      2	12814
      1	12819
      1	12956
      1	12982
      2	13001
      1	13034
      1	13053
      1	13067
      1	13217
      1	13238
      2	13257
      1	13261
      1	13388
      1	13421
      1	13422
      1	13440
      1	13461
      2	13487
      3	13490
      1	13555
      1	13556
      1	13567
      1	13571
      1	13585
      1	13589
      1	13600
      1	13601
      1	13638
      1	13653
      1	13673
      1	13681
      1	13749
      1	13764
      1	13800
      1	13823
      1	13846
      3	13947
      1	14000
      1	14025
      5	14073
      1	14081
      1	14095
      1	14111
      1	14127
      2	14156
      1	14177
      1	14184
      1	14191
      3	14249
      1	14256
      1	14258
      6	14312
      1	14326
      1	14349
      1	14352
      1	14353
      1	14364
      1	14381
      1	14395
      2	14430
      3	14540
      1	14543
      1	14554
      1	14592
      1	14626
      1	14670
      1	14711
      4	14768
      1	14775
      1	14829
      1	14883
      1	14908
      1	14952
      1	14954
      1	14957
      1	14960
      1	15039
      1	15044
      1	15067
      1	15070
      1	15103
      1	15125
      2	15147
      1	15148
      1	15166
      1	15171
      3	15197
      1	15257
      1	15260
      2	15268
      1	15302
      1	15379
      1	15414
      1	15423
      2	15640
      1	15663
      1	15684
      1	15704
      1	15708
      1	15719
      2	15724
      1	15725
      1	15751
      1	15772
      1	15773
      1	15894
      1	16017
      1	16018
      1	16049
      1	16099
      1	16137
      1	16153
      1	16182
      2	16195
      2	16254
      1	16266
      1	16278
      1	16284
      1	16299
      1	16317
      2	16383
      1	16414
      2	16440
      5	16453
      1	16488
      1	16503
      1	16515
      1	16528
      1	16529
      1	16620
      1	16628
      1	16632
      1	16635
      1	16696
      1	16703
      3	16704
      1	16714
      1	16788
      2	16823
      1	16852
      1	16903
      1	16920
      1	16935
      2	16944
      1	17019
      1	17048
      1	17078
      1	17125
      1	17136
      1	17164
      1	17175
      1	17181
      3	17225
      1	17255
      1	17259
      1	17276
      1	17316
      1	17362
      1	17393
      1	17424
      1	17434
      1	17466
      1	17478
      1	17485
      1	17648
      1	17667
      1	17738
      1	17739
      1	17763
      1	17778
      1	17781
      1	17825
      3	17950
      1	17975
      3	17987
      1	17990
      3	18056
      1	18109
      1	18168
      5	18179
      1	18180
      1	18244
      2	18251
      1	18259
      1	18279
      1	18295
      1	18329
      2	18341
      1	18436
      3	18590
      1	18611
      1	18641
      1	18666
      1	18687
      2	18719
      2	18735
      1	18761
      1	18787
      1	18827
      1	18907
      1	18915
      1	18939
      1	18951
      3	18992
      1	19066
      1	19092
      1	19119
      1	19127
      1	19152
      1	19192
      1	19245
      1	19248
      8	19268
      1	19277
      2	19280
      1	19324
      1	19343
      1	19359
      1	19385
      1	19425
      1	19462
      1	19497
      1	19572
      1	19580
      1	19616
      1	19644
      1	19657
      1	19664
      1	19785
      1	19831
      1	19836
      2	19950
      1	19991
      1	20034
      1	20051
      1	20188
      1	20226
      1	20252
      1	20270
      1	20279
      4	20333
      1	20406
      2	20480
      1	20506
      1	20541
      1	20576
      1	20652
      1	20686
      1	20728
      1	20750
      1	20827
      7	20865
      1	20928
      1	20960
      1	20980
      1	21062
      2	21089
      4	21096
      1	21110
      1	21142
      2	21162
      2	21180
      2	21224
      1	21235
      2	21256
      1	21271
      1	21293
      1	21318
      2	21342
      1	21352
      1	21369
      2	21463
      1	21466
      1	21490
      1	21552
      4	21599
      1	21606
      1	21607
      2	21612
      1	21623
      1	21625
      1	21643
      1	21733
      1	21808
      1	21810
      1	21831
      2	21856
      1	21867
      2	21911
      2	21915
      2	21931
      1	21985
      2	22039
      1	22062
      3	22194
      1	22206
      2	22236
      2	22265
      1	22285
      2	22292
      1	22325
      1	22335
      2	22391
      1	22392
      1	22416
      1	22495
      1	22511
      3	22547
      1	22623
      1	22625
      1	22689
      3	22699
      1	22761
      1	22798
      1	22906
      1	22960
      1	23065
      1	23091
      1	23134
      1	23137
      1	23138
      1	23183
      2	23219
      1	23222
      2	23247
      1	23255
      3	23288
      3	23304
      2	23333
      1	23354
      1	23483
      1	23518
      1	23526
      1	23539
      1	23577
      1	23623
      2	23720
      1	23735
      1	23754
      1	23807
      1	23808
      1	23828
      1	23847
      1	23900
      1	23945
      1	23968
      1	24023
      1	24061
      1	24076
      1	24088
      1	24111
      1	24130
      1	24141
      1	24227
      1	24238
      1	24265
      1	24279
      2	24283
      1	24338
      4	24345
      1	24356
      1	24376
      1	24409
      1	24514
      1	24519
      1	24582
      4	24589
      1	24596
      1	24698
      1	24734
     12	24789
      3	24794
      1	24813
      1	24828
      1	24893
      1	24896
      1	24941
      1	24957
      1	24990
      1	25003
      1	25060
      1	25096
      1	25100
      2	25204
      2	25211
      1	25294
      1	25346
      1	25437
      1	25454
      1	25476
      2	25515
      1	25520
      2	25538
      1	25563
      1	25573
      1	25647
      1	25686
      1	25693
      1	25730
      1	25753
      1	25781
      1	25808
      1	25813
      1	25857
      1	25875
      3	25960
      1	25981
      2	26001
      2	26002
      1	26023
      1	26135
      1	26158
      2	26207
      2	26327
      1	26328
      1	26332
      1	26420
      1	26445
      1	26458
      1	26472
      2	26477
      1	26512
      1	26533
      1	26543
      1	26556
      1	26581
      2	26636
      1	26648
      1	26661
      3	26666
      2	26682
      1	26705
      1	26718
      1	26726
      1	26772
      1	26777
      1	26790
      1	26791
      1	26840
      1	26850
      2	26864
      1	26888
      1	26892
      1	26895
      1	27003
      1	27009
      1	27023
      1	27156
      1	27158
      1	27178
      1	27197
      1	27198
      1	27209
      1	27238
      1	27246
      2	27250
      1	27266
      1	27354
      1	27357
      1	27431
      1	27432
      1	27467
      3	27469
      3	27485
      1	27519
      1	27579
      1	27654
      1	27680
      1	27800
      1	27816
      1	27834
      1	27844
      2	27893
      2	27954
      1	27965
      1	27967
      3	28008
      2	28012
      1	28015
      1	28025
      1	28096
      2	28109
      3	28125
      1	28244
      1	28272
      1	28296
      1	28300
      1	28324
      1	28365
      3	28466
      1	28486
      1	28487
      1	28488
      3	28520
      2	28567
      1	28589
      1	28601
      1	28614
      2	28679
      1	28731
      7	28824
      1	28885
      1	28967
      1	28984
      1	28999
      1	29028
      1	29098
      1	29139
      1	29166
      1	29257
      1	29261
      1	29270
      1	29272
      1	29311
      2	29329
      2	29368
      1	29457
      1	29478
      1	29514
      3	29524
      1	29575
      1	29576
      1	29596
      1	29677
      1	29714
      1	29760
      1	29772
      3	29789
      1	29826
      1	29875
      1	29879
      1	29990
      1	30081
      1	30103
      1	30209
      2	30211
      1	30245
      1	30248
      1	30284
      1	30390
      1	30414
      1	30422
      1	30443
      1	30462
      1	30476
      1	30613
      1	30647
      1	30653
      1	30659
      1	30769
      1	30824
      3	30857
      1	30913
      1	30951
      3	30979
      3	31006
      1	31130
      1	31166
      1	31185
      1	31226
      1	31240
      1	31241
      1	31308
      1	31387
      2	31395
      2	31481
      1	31522
      1	31562
      3	31606
      1	31615
      1	31636
      1	31653
      1	31758
      1	31854
      3	31873
      7	31915
      2	31943
      1	31966
      1	31995
      1	32004
      1	32046
      1	32055
      1	32079
      1	32131
      1	32177
      3	32224
      1	32269
      2	32288
      1	32289
      1	32345
      1	32377
      1	32441
      1	32466
      2	32541
      2	32568
      1	32580
      1	32647
      1	32657
      1	32713
      1	32716
      1	32776
      1	32863
      1	32876
      1	32941
      1	32999
      1	33012
      1	33013
      1	33037
      1	33052
      1	33078
      1	33129
      1	33205
      1	33254
      1	33271
      1	33284
      1	33289
      1	33482
      1	33560
      1	33586
      1	33682
      1	33705
      1	33718
      1	33741
      1	33758
      1	33814
      1	33819
      2	33973
      1	34005
      1	34035
      1	34072
      1	34117
      1	34118
      1	34150
      2	34241
      3	34264
      1	34279
      2	34284
      1	34286
      1	34395
      1	34398
      1	34417
      1	34451
      1	34460
      1	34473
      1	34514
      1	34516
      1	34543
      1	34598
      1	34608
      1	34708
      1	34737
      1	34743
      1	34770
      1	34781
      1	34803
      1	34972
      1	34990
      1	34992
      2	35004
      1	35068
      1	35093
      1	35124
      1	35162
      3	35217
      2	35223
      1	35337
      1	35376
      1	35390
      3	35496
      1	35522
      1	35539
      1	35553
      1	35591
      1	35606
      2	35625
      1	35645
      1	35684
      2	35782
      1	35810
      1	35814
      1	35815
      1	35851
      1	35874
      1	35878
      1	35880
      1	35982
      2	36005
      2	36007
      1	36029
      1	36056
      1	36084
      1	36096
      1	36100
      1	36111
      1	36112
      2	36128
      1	36135
      1	36151
      1	36243
      1	36247
      1	36252
      1	36337
      1	36390
      1	36435
      1	36450
      1	36466
      2	36484
      1	36487
      1	36606
      1	36618
      1	36648
      1	36652
      1	36812
      1	36855
      1	36860
      1	36930
      1	37035
      1	37052
      1	37243
      1	37252
      1	37268
      1	37271
      2	37321
      1	37341
      1	37350
      1	37358
      1	37407
      1	37410
      1	37442
      1	37464
      1	37465
      1	37469
      1	37515
      1	37586
      2	37596
      1	37609
      1	37610
      2	37640
      1	37667
      2	37672
      1	37699
      3	37782
      2	37819
      2	37846
      1	37873
      1	37908
      1	37943
      1	38019
      1	38125
      1	38131
      1	38162
      1	38266
      2	38269
      1	38270
      1	38294
      1	38319
      1	38330
      1	38346
      1	38365
      1	38390
      2	38398
      2	38401
      1	38412
      1	38444
      1	38447
      3	38479
      1	38492
      1	38520
     11	38544
      1	38595
      1	38605
      1	38614
      1	38654
      2	38659
      1	38673
      1	38713
      4	38716
      1	38736
      4	38756
      1	38781
      1	38784
      1	38854
      1	38877
      1	38913
      1	38926
      1	38939
      1	39064
      1	39089
      1	39102
      1	39127
      2	39171
      5	39199
      1	39201
      2	39216
      1	39233
      1	39239
      1	39319
      1	39352
      1	39390
      1	39392
      1	39400
      1	39404
      2	39416
      1	39447
      2	39465
      1	39500
      2	39537
      2	39578
      1	39659
      1	39698
      1	39734
      1	39756
      1	39783
      1	39795
      1	39868
      1	39882
      1	39886
      2	39930
      1	39956
      1	40047
      1	40093
      4	40184
      1	40212
      1	40284
      1	40302
      1	40354
      1	40414
      1	40424
      2	40432
      1	40460
      1	40502
      1	40537
      1	40575
      1	40616
      1	40661
      1	40682
      1	40693
      1	40707
      1	40711
      1	40813
      1	40817
      2	40869
      1	40874
      1	40889
      1	40938
      1	40961
      1	40981
      1	41022
      1	41027
      3	41032
      1	41047
      1	41048
      1	41088
      1	41138
      1	41142
      1	41143
      3	41171
      1	41188
      2	41198
      1	41216
      1	41262
      1	41297
      1	41299
      1	41315
      3	41316
      2	41318
      1	41347
      1	41460
      1	41473
      3	41478
      1	41491
      1	41517
      1	41547
      1	41586
      1	41622
      2	41637
      1	41707
      2	41718
      1	41751
      2	41768
      3	41771
      1	41782
      1	41904
      1	41992
      1	42010
      2	42021
      2	42041
      1	42043
      1	42077
      1	42096
      1	42112
      2	42144
      1	42262
      1	42277
      1	42322
      1	42369
      1	42372
     30	42388
      1	42399
      1	42418
      1	42420
      1	42429
      1	42456
      1	42474
      1	42479
      1	42554
      1	42555
      1	42579
      2	42723
      2	42751
      1	42803
      1	42855
      1	42888
      1	42890
      1	42915
      1	42919
      1	42965
      4	42969
      1	42987
      2	43080
      1	43105
      2	43113
      1	43136
      1	43146
      2	43168
      1	43179
      1	43196
      1	43207
      1	43238
      1	43252
      1	43261
      1	43294
      1	43336
      1	43347
      1	43379
      1	43412
      1	43429
      1	43447
      1	43486
      1	43503
      3	43538
      2	43583
      1	43589
      3	43603
      1	43669
      1	43711
      1	43730
      1	43811
      2	43832
      1	43856
      1	43861
      1	43932
      1	43995
      1	43996
      1	44000
      2	44004
      1	44007
      1	44016
      1	44051
      3	44078
      1	44094
      3	44103
      1	44112
      1	44137
      1	44169
      1	44197
      1	44248
      1	44256
      1	44267
      1	44297
      1	44335
      1	44345
      2	44349
      1	44380
      1	44409
      1	44473
      1	44481
      1	44482
      1	44579
      1	44655
      1	44666
      4	44674
      1	44716
      2	44777
      1	44802
      1	44817
      1	44833
      1	44912
      1	44915
      1	44999
      2	45015
      1	45061
      1	45106
      1	45108
      1	45145
      1	45148
      1	45156
      5	45162
      2	45252
      1	45255
      1	45284
      1	45292
      1	45308
      2	45358
      1	45383
      1	45390
      1	45464
      1	45506
      1	45537
      1	45603
      1	45733
      1	45767
      1	45777
      1	45778
      1	45815
      2	45835
      1	45845
      1	45944
      1	45969
      1	45977
      1	45998
      1	46019
      1	46023
      2	46033
      1	46040
      1	46048
      1	46060
      1	46075
      1	46081
      3	46091
      1	46249
      1	46312
      1	46356
      1	46397
      1	46402
      1	46418
      1	46452
      1	46479
      1	46499
      1	46541
      2	46554
      1	46593
      1	46623
      1	46639
      1	46645
      1	46680
      1	46708
      1	46724
      1	46873
      1	47044
      1	47102
      1	47135
      1	47226
      1	47247
      5	47260
      1	47270
      1	47351
      1	47356
      1	47360
      1	47369
      1	47493
      1	47584
      1	47593
      1	47634
      2	47650
      1	47661
      1	47707
      2	47711
      1	47753
      1	47784
      1	47811
      1	47868
      1	47904
      1	47905
      1	47975
      1	47985
      2	47987
      1	48019
      1	48040
      1	48047
      1	48101
      1	48121
      1	48138
      1	48206
      2	48292
      1	48318
      1	48329
      1	48349
      3	48355
      1	48386
      1	48390
      1	48427
      1	48478
      1	48514
      1	48590
      1	48634
      3	48639
      1	48741
      2	48742
      2	48812
      1	48874
      1	48906
      1	48995
      1	49136
      1	49191
      1	49305
      1	49358
      1	49387
      1	49408
      1	49433
      8	49458
      7	49538
      1	49566
      3	49598
      1	49600
      1	49606
      2	49607
      1	49623
      1	49650
      2	49658
      1	49663
      2	49684
      1	49698
      1	49708
      2	49761
      1	49786
      1	49833
      1	49834
      1	49885
      1	49908
      2	49938
      1	49957
      1	50038
      1	50040
      2	50063
      1	50068
      1	50188
      1	50255
      3	50327
      1	50352
      1	50385
      1	50442
      1	50484
      1	50522
      2	50557
      2	50578
      1	50598
      2	50607
      1	50609
      1	50635
      2	50680
      1	50686
      1	50721
      2	50777
      1	50785
      1	50835
      1	50910
      1	50955
      1	51042
      1	51071
      1	51095
      1	51102
      1	51106
      1	51114
      2	51116
      1	51124
      2	51223
      3	51243
      1	51272
      1	51288
      2	51321
      1	51352
      1	51409
      1	51433
      2	51440
      1	51465
      1	51516
      1	51571
      2	51599
      1	51637
      1	51655
      2	51669
      1	51703
      1	51708
      2	51720
      1	51739
      1	51765
      1	51787
      1	51830
      1	51888
      1	51935
      1	51959
      2	51988
      1	52022
      1	52045
      2	52058
      1	52079
      2	52133
      3	52181
      1	52186
      2	52243
      1	52268
      1	52278
      1	52323
      1	52344
      1	52370
      1	52397
      1	52398
      1	52477
      1	52534
      3	52541
      1	52551
      1	52607
      1	52648
      1	52679
      1	52708
      2	52720
      1	52769
      1	52794
      3	52801
      1	52821
      1	52822
      1	52851
      1	52913
      1	52925
      1	52949
      1	52988
      2	53015
      1	53054
      2	53071
      1	53107
      1	53133
      1	53146
      1	53194
      2	53214
      2	53243
      2	53282
      1	53330
      2	53344
      2	53375
      1	53398
      1	53401
      1	53423
      2	53434
      2	53441
      2	53455
      1	53462
      2	53502
      1	53589
      1	53596
      1	53660
      1	53681
     10	53692
      1	53720
      1	53771
      2	53778
      1	53800
      1	53854
      1	53865
      1	54025
      1	54075
      2	54100
      1	54165
      1	54205
      1	54208
      1	54215
      1	54230
      2	54235
      2	54240
      2	54248
      1	54263
      1	54267
      1	54321
      2	54356
      1	54370
      1	54395
      2	54407
      1	54416
      2	54420
      3	54439
      1	54449
      1	54548
      3	54607
      1	54622
      1	54636
      1	54662
      1	54712
      2	54733
      1	54777
      1	54786
      1	54801
      1	54813
      1	54834
      1	54845
      1	54874
      1	54894
      1	54916
      2	54950
      1	54968
      1	55085
      1	55147
      1	55198
      2	55217
      1	55251
      1	55275
      2	55303
      2	55315
      1	55332
      1	55365
      1	55378
      1	55382
      1	55410
      1	55411
      1	55418
      1	55421
      4	55460
      2	55475
      1	55487
      1	55517
      5	55565
      1	55587
      1	55592
      1	55607
      1	55635
      2	55736
      1	55795
      3	55818
      1	55822
      1	55828
      3	55837
      1	55842
      1	55849
      3	55864
      1	55910
      1	55941
      1	55972
      1	55973
      1	56009
      1	56014
      1	56028
      2	56039
      2	56084
      6	56113
      2	56133
      1	56144
      1	56187
      2	56239
      1	56245
      1	56246
      1	56254
      1	56301
      1	56365
      1	56386
      1	56389
      2	56396
      1	56399
      1	56473
      1	56496
      1	56502
      1	56518
      1	56553
      1	56575
      1	56642
      1	56670
      1	56693
      1	56723
      1	56741
      1	56772
      1	56806
      1	56810
      1	56823
      1	56896
      1	56930
      1	56943
      1	56950
      1	57036
      1	57039
      9	57074
      2	57092
      1	57101
      1	57144
      1	57147
      1	57181
      1	57332
      1	57361
      1	57395
      1	57415
      1	57464
      1	57468
      1	57527
      2	57534
      1	57557
      1	57579
      1	57582
      1	57624
      1	57643
      1	57736
      1	57740
      1	57800
      1	57808
      3	57944
      1	57953
      1	57981
      1	58038
      1	58041
      1	58155
      1	58195
      1	58222
      1	58335
      1	58351
      1	58416
      1	58466
      7	58488
      1	58527
      1	58552
      1	58567
      1	58617
      1	58636
      1	58637
      1	58666
      1	58677
      1	58695
      1	58712
      1	58732
      1	58750
      1	58760
      1	58786
      1	58845
      1	58882
      1	58887
      5	58895
      2	58915
      1	58924
      1	58989
      1	59001
      1	59002
      1	59008
      1	59013
      5	59036
      1	59040
      1	59062
      1	59108
      1	59140
      1	59165
      1	59448
      2	59507
      1	59524
      1	59532
      1	59544
      1	59571
      1	59590
      1	59644
      1	59647
      3	59660
      1	59669
      1	59800
      1	59817
      1	59878
      1	59926
      1	59960
      1	59986
      1	59987
      1	60002
      1	60020
      7	60071
      1	60123
      3	60155
      1	60214
      2	60215
      3	60232
      1	60242
      1	60244
      2	60278
      2	60367
      1	60403
      6	60416
      1	60427
      1	60434
      2	60488
      2	60501
      1	60531
      1	60543
      1	60637
      1	60669
      1	60706
      1	60774
      2	60793
      1	60799
      1	60817
      1	60829
      1	60873
      3	60910
      1	60977
      1	60983
      1	60984
      2	60997
      1	61009
      2	61091
      1	61102
      1	61107
      1	61131
      1	61147
      1	61148
      1	61153
      1	61203
      1	61207
      1	61234
      1	61258
      1	61339
      3	61340
      1	61355
      3	61363
      2	61366
      1	61392
      1	61398
      1	61406
      1	61409
      1	61446
      1	61522
      1	61530
      1	61549
      1	61567
      2	61591
      1	61623
      3	61662
      1	61776
      3	61779
      1	61787
      1	61832
      1	61849
      1	61904
      1	61941
      1	61999
      2	62026
      1	62053
      1	62083
      1	62095
      1	62189
      1	62223
      4	62252
      1	62343
      1	62349
      1	62353
      1	62357
      1	62410
      1	62414
      1	62461
      2	62525
      1	62537
      1	62577
      1	62595
      1	62706
      1	62731
      1	62754
      1	62790
      1	62811
      1	62812
      1	62839
      1	62846
      1	62859
      1	62907
      1	62944
      1	63002
      1	63083
      2	63139
      2	63341
      1	63376
      1	63384
      1	63398
      1	63421
      1	63514
      1	63549
      6	63606
      1	63620
      1	63649
      1	63663
      3	63684
      2	63693
      1	63737
      3	63743
      1	63803
      1	63873
      1	63889
      1	63898
      1	63984
      1	64002
      1	64042
      1	64065
      1	64084
      1	64086
      1	64091
      1	64162
      1	64174
      4	64196
      1	64204
      2	64205
      1	64283
      1	64313
      2	64340
      3	64402
      1	64424
      1	64485
      1	64530
      1	64552
      1	64582
      1	64583
      1	64585
      1	64586
      1	64633
      1	64680
      1	64775
      3	64794
      1	64826
      2	64926
      1	65002
      1	65095
      1	65099
      1	65110
      1	65112
      1	65129
      1	65198
      1	65215
      1	65217
      1	65230
      2	65258
      2	65271
      2	65294
      1	65408
      1	65410
      1	65462
      1	65478
