      2	67
      1	214
      1	239
      1	262
      1	322
      1	340
      1	362
      1	474
      1	545
      1	679
      1	763
      1	904
      1	1029
      1	1052
      2	1070
      2	1168
      1	1253
      1	1254
      1	1402
      1	1456
      1	1497
      1	1552
      1	1728
      1	1739
      1	1777
      2	1792
      1	1918
      1	1928
     21	2007
      1	2020
      2	2057
      1	2093
      3	2121
      1	2163
      1	2166
      1	2195
      2	2251
      3	2414
      1	2475
      1	2633
      1	2849
      1	2872
      1	2937
      2	2954
      1	3020
      3	3072
      1	3101
      3	3151
      2	3255
      2	3374
      1	3410
      1	3433
      2	3486
      1	3589
      4	3608
      1	3695
      1	3732
      1	3790
      1	3792
      1	3872
      1	3880
      1	3881
      1	4086
      1	4245
      1	4336
      1	4352
      3	4499
      1	4553
      1	4604
      1	4660
      1	4732
      1	4878
      1	4907
      2	4935
      2	4937
      2	4993
      1	5113
      1	5185
      1	5212
      1	5287
      1	5389
      1	5571
      1	5598
      1	5807
      1	5823
      2	5830
      1	5876
      1	6032
      1	6235
      1	6239
      2	6274
      2	6285
      1	6308
      1	6334
      1	6403
      1	6422
      2	6614
      1	6654
      1	6754
      1	6805
      1	6836
      3	6848
      7	6980
      1	6993
      1	7013
      5	7066
      2	7080
      1	7167
      1	7181
      1	7246
      1	7302
      1	7370
      2	7372
      1	7532
      1	7649
      1	7725
      1	7745
      1	7846
      1	7855
      1	7902
      1	7969
      2	8007
      4	8067
      1	8074
      1	8123
      1	8139
      1	8175
      1	8281
      1	8381
      3	8462
      1	8526
      3	8672
      3	8760
      1	8782
      1	8886
      1	8906
      6	9028
      1	9148
      3	9312
      1	9317
      1	9345
      1	9445
      2	9610
      2	9661
      1	9744
      1	9748
      1	9846
      1	9900
      1	9937
     22	9949
      1	10008
      1	10026
      2	10030
      3	10114
      1	10137
      3	10245
      1	10248
      1	10302
      1	10645
      1	10662
      2	10695
      1	10724
      1	10811
      1	10818
      1	10822
      1	10947
      2	10950
      1	11071
      4	11082
      1	11119
      1	11307
      1	11378
      1	11382
      3	11444
      1	11458
      1	11497
      1	11525
      1	11608
      1	11736
      1	11751
      1	11760
      7	11795
      1	11901
      2	11933
      1	11995
      1	12088
      1	12281
      1	12342
      2	12397
      1	12455
      1	12462
      1	12500
      1	12532
      2	12621
      1	12689
      2	12708
      3	12814
      1	12849
      1	12853
      1	12880
      2	12997
      1	13005
      1	13057
      2	13098
      1	13118
      1	13153
      1	13252
      3	13457
      1	13545
      2	13633
      7	13720
      1	13747
      1	13886
      1	13945
      1	14026
      1	14058
      2	14072
      1	14111
      1	14113
      1	14153
      1	14201
      1	14275
      2	14289
      1	14435
      1	14463
      4	14543
      1	14576
      1	14869
      2	14958
      1	14969
      1	14980
      1	15177
      1	15310
      1	15491
      1	15496
      1	15530
      1	15548
      1	15561
      1	15590
      1	15773
      1	15789
      1	15895
      1	15979
      1	16047
      1	16143
     11	16148
      1	16153
      1	16165
      1	16226
      1	16228
      1	16230
      1	16237
      2	16247
      3	16503
      1	16529
      1	16554
      3	16561
      1	16617
      1	16755
      2	16788
      1	16822
      2	16859
      2	16902
     23	17005
      1	17042
      2	17267
      6	17287
      1	17338
      2	17449
      1	17472
      1	17489
      1	17625
      1	17662
      1	17736
      1	17773
      2	17947
      1	17975
      1	18064
      1	18219
      1	18315
      1	18348
      1	18354
      1	18396
      2	18405
      1	18442
      1	18451
      1	18462
      1	18511
      3	18603
      1	18613
      1	18643
      2	18711
      2	18773
      1	18777
      1	18790
      1	18842
      1	18877
      1	18922
      1	18962
      1	19002
      1	19074
      3	19227
      3	19481
      1	19512
      1	19678
      1	19991
      1	20065
      3	20138
      2	20153
      1	20160
      1	20195
      1	20261
      3	20322
      1	20406
      1	20480
      1	20528
      1	20663
      1	20694
      1	20788
      1	21089
      3	21095
      1	21111
      1	21125
      1	21157
      1	21382
      1	21430
      2	21450
      1	21483
      1	21775
      1	21805
      1	21882
      1	21960
      1	22059
      1	22125
      3	22134
      1	22206
      6	22330
      1	22348
      2	22478
      1	22532
      1	22548
      1	22625
      2	22713
      1	22803
      1	22902
      2	23095
      2	23309
      1	23315
      1	23383
      2	23440
      1	23537
      1	23572
      1	23612
      1	23653
      1	23720
      1	23741
      2	23856
      1	23857
      1	23932
      2	23961
      1	24017
      1	24067
      2	24075
      1	24170
      1	24271
      1	24275
      3	24334
      1	24338
      1	24506
      2	24560
      1	24637
      2	24687
      1	24703
      1	24806
      3	24817
      1	24862
      1	24955
      2	24990
      2	25046
      1	25123
      1	25145
      1	25248
      1	25325
      1	25341
      1	25347
      1	25445
      1	25455
      2	25475
      1	25571
      1	25620
      1	25663
      1	25780
      1	25965
      1	25969
      1	26014
      5	26111
      4	26135
      1	26290
      1	26302
      3	26332
      1	26359
      1	26503
      1	26563
      1	26635
      1	26703
      1	26772
      1	26849
      1	26850
      2	26946
      2	27039
      1	27076
      2	27118
      2	27171
      1	27208
      1	27603
      2	27797
      1	27845
      1	27860
      1	27880
      1	27939
      1	28084
      2	28209
      1	28231
      1	28364
      2	28430
      1	28454
      3	28486
      2	28523
      4	28538
      1	28545
      1	28563
      1	28716
      1	28742
      1	28762
      1	28795
      1	28907
      1	28913
      1	28960
      1	28995
      1	29156
      1	29207
      4	29257
      1	29270
      1	29364
      1	29514
      1	29714
      1	29735
      1	29742
      1	29756
      1	29945
      4	30045
      4	30209
      1	30298
      1	30472
      1	30555
      1	30570
      2	30589
      1	30590
      1	30661
      1	30710
      1	30824
      1	30857
      1	30957
      1	31050
      2	31063
      6	31104
      1	31261
      1	31331
      1	31381
      1	31404
      1	31467
      1	31473
      2	31513
      1	31538
      2	31750
      1	32113
      1	32212
      5	32217
      2	32426
      1	32497
      1	32520
      6	32675
      1	32700
      2	32746
      5	32770
      1	32781
      1	32831
      5	32857
      1	32893
      2	32914
      8	33073
      1	33292
      1	33375
      1	33454
      1	33509
      1	33575
      1	33664
      1	33682
      1	33700
      1	33718
      1	33768
      1	33972
      1	34123
      1	34158
      1	34261
      1	34301
      1	34538
      1	34546
      2	34576
      2	34667
      1	34670
      1	34698
      1	34743
      2	34757
      1	34773
      3	34776
      1	34795
      1	34835
      1	34846
      1	34848
      1	34949
      1	35014
      1	35071
      1	35106
      1	35190
      1	35192
      1	35197
      1	35219
      1	35223
      1	35307
     14	35313
      1	35391
      1	35401
      1	35591
      1	35717
      1	35762
      1	35797
      2	35814
      1	35918
      3	35949
      1	36028
      1	36031
      1	36056
      2	36112
      2	36437
      1	36456
      1	36500
      1	36519
      1	36587
      1	36680
      1	36690
      1	36703
     11	36803
      1	36870
      1	36945
      3	36959
      2	36975
      1	37034
      1	37149
      1	37312
      3	37324
      1	37387
      1	37541
      3	37553
     17	37625
      4	37709
      1	37716
      1	37793
      1	37907
      1	38045
      1	38047
      1	38171
      1	38210
      1	38213
      3	38224
      1	38266
     11	38271
      1	38447
      1	38480
      1	38518
      1	38592
      2	38636
      1	38704
      4	38736
      1	38784
      1	38839
      3	38938
      1	39172
      1	39312
      3	39384
      1	39561
      1	39591
      2	39660
      2	39749
      1	39790
      1	39868
      1	40009
      1	40010
      1	40129
      1	40412
      1	40439
      4	40475
      1	40490
      1	40614
      1	40616
     16	40640
      1	40648
      4	40652
      1	40674
      1	40781
      2	40868
      1	40961
      1	41152
      2	41188
      1	41206
      1	41309
      1	41315
      1	41341
      4	41359
      1	41396
      2	41438
      1	41669
      1	41723
      1	41986
      1	42372
      5	42459
      6	42500
      1	42523
      1	42715
      1	43312
      1	43385
      1	43386
      1	43417
      8	43458
      1	43611
      1	43764
      1	43832
      1	43873
      5	44063
      1	44169
      1	44226
      1	44239
      1	44389
      1	44489
      4	44572
      1	44655
      1	44725
      2	44726
      2	44907
      2	44927
      1	44980
      1	45092
      1	45103
      1	45127
      1	45160
      1	45465
      3	45547
      1	45817
      4	45847
      1	45940
      2	45942
      1	45985
      1	45998
      1	46113
      1	46149
      1	46153
      1	46184
      4	46198
      1	46252
      1	46262
      3	46285
      2	46451
      1	46456
      1	46499
      1	46733
      1	46901
      2	47178
      2	47222
      1	47226
      1	47320
      1	47351
      2	47396
      2	47559
      2	47597
      1	47602
      1	47611
      1	47634
      1	47707
      1	47829
      1	47894
      1	47989
      1	48064
      1	48261
      1	48279
      3	48333
      1	48359
      2	48377
      1	48401
      1	48432
      1	48495
      1	48513
      1	48708
      1	48719
      2	48950
      1	48951
      1	49210
      1	49330
      1	49361
      1	49684
      1	49779
      1	50312
      1	50315
      2	50497
      2	50539
      1	50544
      4	50564
     14	50660
      1	50686
      1	50721
      5	50834
      1	50862
      1	50910
      1	51042
      3	51101
      2	51111
      1	51369
      1	51449
      1	51548
      1	51757
      1	52020
      2	52023
      1	52044
      1	52074
      1	52079
      5	52183
      1	52258
      1	52343
      1	52409
      2	52498
      1	52635
      1	52755
      1	52894
      1	52912
      1	52928
      1	52993
      1	53066
      2	53474
      1	53494
      1	53514
      1	53666
      1	53748
      3	53792
      1	53807
      1	53816
      8	53820
      2	53898
      2	54245
      1	54265
      2	54509
      1	54554
      2	54690
      1	54778
      1	54813
      2	55135
      1	55136
      1	55195
      1	55198
      1	55217
      1	55303
      1	55359
      2	55418
      1	55547
      1	55597
      3	55780
      1	55908
      1	56055
      1	56056
      1	56066
      1	56091
      1	56094
      1	56179
      2	56186
      2	56441
      7	56607
      1	56622
      7	56693
      1	56720
      2	56771
      1	56874
      4	56903
      1	56975
     27	57133
      1	57162
      1	57525
      2	57553
      1	57566
      1	57612
      1	57622
      2	57654
      1	57761
      1	57808
      2	57858
      2	57890
      1	57992
      3	58068
      1	58145
      1	58155
      1	58191
      1	58235
      1	58403
      1	58426
      1	58446
      1	58538
      1	58586
      1	58730
      1	58750
      1	58771
      1	58808
      1	58820
      1	58968
      1	59048
      2	59110
      2	59215
      1	59231
      3	59293
      1	59463
      2	59512
      2	59559
      3	59619
      1	60002
      2	60020
      1	60127
      1	60244
      1	60287
      2	60312
      1	60441
      4	60501
      1	60660
      1	60750
      1	60762
      2	60841
      1	60901
      1	60995
      1	61024
      3	61064
      1	61105
      1	61168
      1	61182
      1	61230
      1	61396
      3	62014
      4	62132
      1	62183
      1	62189
      1	62207
      1	62230
      1	62248
      4	62534
      1	62604
      2	62765
      1	62766
      1	62799
      1	62821
      1	62950
      2	63050
      1	63247
      2	63338
      1	63419
      1	63503
      1	63555
      1	63641
      1	63642
      1	63722
      2	63834
      1	63888
      1	63936
      1	64068
      1	64102
      2	64126
      1	64410
      2	64448
      1	64485
      1	64637
      1	64913
      1	64964
      1	65008
      1	65049
      1	65138
      1	65156
      1	65158
      1	65205
     28	65214
      1	65304
      1	65307
      1	65353
      1	65375
      1	65408
